# IncludedObjects
# Cgfs: 17, Materials: 0, Palettes: 2, Placements: 34

[CGFs]
      0: objects/buildingsets/human/lowtech/alpha/ext/prop/trash_deposit_a.cgf
      1: objects/buildingsets/human/universal/prop/storage/box_cardboard/box_cardboard_open_005x005x008_a.cgf
      2: objects/buildingsets/human/universal/prop/dressing/debris/debris_clothes_pile_1_a.cgf
      3: objects/buildingsets/human/lowtech/prop/furniture/bed/bed_module_1_matress_a_broken.cgf
      4: objects/buildingsets/human/lowtech/alpha/int/prop/cables_a_12x01x01_a.cgf
      5: objects/buildingsets/human/lowtech/alpha/int/prop/cables_a_08x01x03_a.cgf
      6: objects/buildingsets/human/lowtech/alpha/int/prop/cables_a_08x01x01_a.cgf
      7: objects/buildingsets/human/lowtech/alpha/int/prop/cables_a_04x01x01_b.cgf
      8: objects/buildingsets/human/lowtech/alpha/int/prop/cables_a_04x01x03_a.cgf
      9: objects/buildingsets/human/lowtech/alpha/int/prop/cables_a_02x01x03_a.cgf
     10: objects/buildingsets/human/lowtech/prop/utilitarian/structure/structure_post_1_a.cgf
     11: objects/buildingsets/human/lowtech/alpha/ext/prop/trash_bag_d.cgf
     12: objects/buildingsets/human/lowtech/alpha/ext/prop/trash_pile_b.cgf
     13: objects/buildingsets/human/lowtech/alpha/ext/prop/trash_bag_a.cgf
     14: objects/buildingsets/human/lowtech/alpha/ext/prop/trash_bag_c.cgf
     15: objects/buildingsets/human/lowtech/bravo/int/prop/light/light_warm_floor_c_100.cgf
     16: objects/buildingsets/human/lowtech/bravo/int/prop/light/light_f.cgf

[Palettes]
      0: Libs/Foundry/Records/TintPalettes/default
      1: Libs/Foundry/Records/TintPalettes/Generic/gen_matte_dark_a

[Placements]
  #0 objects/buildingsets/human/lowtech/alpha/ext/prop/trash_deposit_a.cgf
    [0.27563739590204528, 0.96126207011953468, 0, -2.5376860000000079]
    [-0.96126207011953468, 0.27563739590204528, -0, -1.5270940000000337]
    [-0, 0, 1.0000003707350085, 0.25041199999999719]
  #1 objects/buildingsets/human/universal/prop/storage/box_cardboard/box_cardboard_open_005x005x008_a.cgf
    [0.85716767964432206, -0.51503759187273657, 0, 2.1891160000000127]
    [0.51503759187273657, 0.85716767964432206, 0, 15.402164999999968]
    [0, 0, 1.0000000760344465, 0.23897100000000648]
  #2 objects/buildingsets/human/universal/prop/dressing/debris/debris_clothes_pile_1_a.cgf
    [0.49134826737194737, -0.29523112450416256, 0, 1.9724599999999555]
    [0.29523112450416256, 0.49134826737194737, 0, 16.828389999999899]
    [0, 0, 0.57322293806633995, 0.40034500000000151]
  #3 objects/buildingsets/human/lowtech/prop/furniture/bed/bed_module_1_matress_a_broken.cgf
    [-0.92718331392145781, -0.37460661342906121, 0, 1.9256520000000137]
    [0.37460661342906121, -0.92718331392145781, 0, 16.81254100000001]
    [0, 0, 0.99999950621946176, 0.19941300000000695]
  #4 objects/buildingsets/human/lowtech/alpha/int/prop/cables_a_12x01x01_a.cgf
    [1.0849436768486997, -0.13423665565842266, 0.0083043343138791605, 14.057123000000047]
    [0.13423665511292521, 1.0766393381596819, -0.13423665511292521, 22.166658999999981]
    [0.0083043431316495095, 0.13423665456742775, 1.0849436769161924, 5.9287280000000067]
  #5 objects/buildingsets/human/lowtech/alpha/int/prop/cables_a_08x01x03_a.cgf
    [1.3443419933319092, 0, 0, 9.0571230000000469]
    [0, 1.3443419933319092, 0, 21.695619000000079]
    [0, 0, 1.3443419933319092, 11.406726000000006]
  #6 objects/buildingsets/human/lowtech/alpha/int/prop/cables_a_12x01x01_a.cgf
    [-5.7640976887493068E-07, 0.90047040265999945, 0, -9.1652540000000045]
    [-0.90047040265999945, -5.7640976887493068E-07, -0, 15.813282000000072]
    [-0, 0, 0.90047040266018386, 2.8154600000000016]
  #7 objects/buildingsets/human/lowtech/alpha/int/prop/cables_a_08x01x01_a.cgf
    [-5.223118658994769E-07, 0.81595837127918103, 0, -6.4920000000000186]
    [-0.81595837127918103, -5.223118658994769E-07, -0, 15.772697999999991]
    [-0, 0, 0.81595837127934812, 10.850061999999994]
  #8 objects/buildingsets/human/lowtech/alpha/int/prop/cables_a_08x01x01_a.cgf
    [1.2161427210075009, 0, 1.2161408508867622, 22.057123000000047]
    [0, 1.7198842074555794, 0, 14.166658999999981]
    [-1.2161408508867622, 0, 1.2161427210075009, -2.0712719999999933]
  #9 objects/buildingsets/human/lowtech/alpha/int/prop/cables_a_08x01x01_a.cgf
    [-6.4012100026111661E-07, 1.0000004267473106, 0, 14.379867999999988]
    [-1.0000004267473106, -6.4012100026111661E-07, -0, 14.949652000000015]
    [-0, 0, 1.0000004267475153, 2.9285899999999998]
  #10 objects/buildingsets/human/lowtech/alpha/int/prop/cables_a_08x01x01_a.cgf
    [-0.052334830414700766, 0.99862963675619565, 0, 0.16001400000004651]
    [-0.99862963675619565, -0.052334830414700766, -0, 14]
    [-0, 0, 1.0000000429411724, 5]
  #11 objects/buildingsets/human/lowtech/alpha/int/prop/cables_a_04x01x01_b.cgf
    [-7.4318621297741895E-07, 1.1610094495056054, 0, -9.1652540000000045]
    [-1.1610094495056054, -7.4318621297741895E-07, -0, 10.816837999999962]
    [-0, 0, 1.1610094495058432, 2.8154600000000016]
  #12 objects/buildingsets/human/lowtech/alpha/int/prop/cables_a_12x01x01_a.cgf
    [-6.4012100026111661E-07, 1.0000004267473106, 0, -0.553449999999998]
    [-1.0000004267473106, -6.4012100026111661E-07, -0, 11.698104999999941]
    [-0, 0, 1.0000004267475153, 5.1587370000000021]
  #13 objects/buildingsets/human/lowtech/alpha/int/prop/cables_a_04x01x01_b.cgf
    [-1.1009351116533573E-06, 1.7198866792768308, 0, 1.8880249999999705]
    [-1.7198866792768308, -1.1009351116533573E-06, -0, 8.4425420000000031]
    [-0, 0, 1.7198866792771832, -0.10487399999999525]
  #14 objects/buildingsets/human/lowtech/alpha/int/prop/cables_a_04x01x03_a.cgf
    [-7.4318621297741895E-07, 1.1610094495056054, 0, -9.1652540000000045]
    [-1.1610094495056054, -7.4318621297741895E-07, -0, 6.5713310000001002]
    [-0, 0, 1.1610094495058432, 2.8154600000000016]
  #15 objects/buildingsets/human/lowtech/alpha/int/prop/cables_a_04x01x03_a.cgf
    [-1.1009351116533573E-06, 1.7198866792768308, 0, -10.740052999999989]
    [-1.7198866792768308, -1.1009351116533573E-06, -0, 7.7726990000001024]
    [-0, 0, 1.7198866792771832, 11.918338000000006]
  #16 objects/buildingsets/human/lowtech/alpha/int/prop/cables_a_08x01x01_a.cgf
    [1.7033907065565788, -0.45816556259922364, 0.1490267955144588, 18.510530000000017]
    [0.45642225929372648, 1.7098973317021613, 0.039929988423886904, 6.3990189999999529]
    [-0.15428347207131998, 1.5678933561735849E-06, 1.763479849037026, -1.2249979999999994]
  #17 objects/buildingsets/human/lowtech/alpha/int/prop/cables_a_12x01x01_a.cgf
    [1.3906502768174602, -0.21118053105016399, 0.9896950415678164, 17.057123000000047]
    [0.29411729863964686, 1.6937553484338643, -0.051860569835129794, 6.1666589999999815]
    [-0.96829154010528651, 0.21118069837955911, 1.4056371830609355, -0.071271999999993341]
  #18 objects/buildingsets/human/lowtech/alpha/int/prop/cables_a_04x01x03_a.cgf
    [-1.1009351116533573E-06, 1.7198866792768308, 0, 10.090950000000021]
    [-1.7198866792768308, -1.1009351116533573E-06, -0, 7.7726990000001024]
    [-0, 0, 1.7198866792771832, 9.9183380000000056]
  #19 objects/buildingsets/human/lowtech/alpha/int/prop/cables_a_02x01x03_a.cgf
    [-6.4012100026111661E-07, 1.0000004267473106, 0, 14.379867999999988]
    [-1.0000004267473106, -6.4012100026111661E-07, -0, 6.234128999999939]
    [-0, 0, 1.0000004267475153, 2.9285899999999998]
  #20 objects/buildingsets/human/lowtech/alpha/int/prop/cables_a_08x01x03_a.cgf
    [0.72977230345895827, 0.72977118125323714, 0, -2.9288849999999798]
    [-0.72977118125323714, 0.72977230345895827, -0, 0.91954299999997602]
    [-0, 0, 1.0320530954769425, 10.850061999999994]
  #21 objects/buildingsets/human/lowtech/prop/utilitarian/structure/structure_post_1_a.cgf
    [-0.8386713825122144, -0.54463842106712479, 0, 0.093461000000047534]
    [0.54463842106712479, -0.8386713825122144, 0, 25.351460000000088]
    [0, 0, 1.0000003487736593, 0.062573000000000434]
  #22 objects/buildingsets/human/lowtech/alpha/int/prop/cables_a_08x01x01_a.cgf
    [1.0266110448366361, 0, 1.0266094661678069, 16.391202000000021]
    [0, 1.4518461466029791, 0, 25.571531999999934]
    [-1.0266094661678069, 0, 1.0266110448366361, 2.9285899999999998]
  #23 objects/buildingsets/human/lowtech/alpha/ext/prop/trash_deposit_a.cgf
    [-1, 0, 0, 2.5140099999999848]
    [0, -1, 0, 17.821576999999934]
    [0, 0, 1, 0.25313099999999622]
  #24 objects/buildingsets/human/lowtech/alpha/ext/prop/trash_bag_d.cgf
    [-0.71934006187055644, -0.69465899955931698, 0, 2.3340940000000501]
    [0.69465899955931698, -0.71934006187055644, 0, 17.664731999999958]
    [0, 0, 1.0000006251401476, 0.23730199999999968]
  #25 objects/buildingsets/human/lowtech/alpha/ext/prop/trash_deposit_a.cgf
    [0.27563739590204528, 0.96126207011953468, 0, -2.1362649999999803]
    [-0.96126207011953468, 0.27563739590204528, -0, 16.175662000000102]
    [-0, 0, 1.0000003707350085, 0.25601299999999583]
  #26 objects/buildingsets/human/lowtech/alpha/ext/prop/trash_pile_b.cgf
    [-1, 0, 0, 2.3245739999999842]
    [0, -1, 0, 8.5613479999999527]
    [0, 0, 1, 0.16923500000000047]
  #27 objects/buildingsets/human/lowtech/alpha/ext/prop/trash_deposit_a.cgf
    [-1, 0, 0, 2.2203250000000025]
    [0, -1, 0, 8.543760999999904]
    [0, 0, 1, 0.16923500000000047]
  #28 objects/buildingsets/human/lowtech/alpha/ext/prop/trash_bag_a.cgf
    [0.1908107261322772, -0.88228012995364458, -0.43031650763383811, -2.3451350000000275]
    [0.98162646890388205, 0.17149924941216593, 0.083646522095598669, 7.3332989999998972]
    [-7.0631606953667592E-07, -0.43837089022923686, 0.89879375846712306, 0.24739900000000148]
  #29 objects/buildingsets/human/lowtech/alpha/ext/prop/trash_bag_c.cgf
    [-1, 0, 0, -1.9469250000000216]
    [0, -1, 0, 6.2187950000000001]
    [0, 0, 1, 0.21055800000000602]
  #30 objects/buildingsets/human/lowtech/alpha/ext/prop/trash_deposit_a.cgf
    [-1, 0, 0, -2.504271000000017]
    [0, -1, 0, 3.7558469999999033]
    [0, 0, 1, 0.27548799999999574]
  #31 objects/buildingsets/human/lowtech/alpha/ext/prop/trash_deposit_a.cgf
    [-1, 0, 0, 3.1798919999999953]
    [0, -1, 0, 0.50734899999997651]
    [0, 0, 1, 0.25041199999999719]
  #32 objects/buildingsets/human/lowtech/bravo/int/prop/light/light_warm_floor_c_100.cgf
    [-0.86602560476977775, -0.50000167248475469, -3.8637020046195631E-06, -2.1519400000000246]
    [0.50000167248475469, -0.86602560477777768, 1.0352794636526927E-06, 18.568054000000075]
    [-3.8637024250132872E-06, -1.0352778947261875E-06, 1.0000010103011592, 0.23600600000000327]
  #33 objects/buildingsets/human/lowtech/bravo/int/prop/light/light_f.cgf
    [1.121382593573753E-06, -0.50379672838658718, -1.4249528932354284E-06, -2.7907900000000154]
    [0.50379672838860234, 1.121382593573753E-06, 2.1507744308580009E-12, 10.349060999999892]
    [1.0209757633356402E-12, -1.4249528932366858E-06, 0.50379672838783529, 1.3002900000000039]
