# IncludedObjects
# Cgfs: 6, Materials: 18, Palettes: 2, Placements: 22

[CGFs]
      0: objects/spaceships/derelicts/wreckage/wreckage_internals_02.cgf
      1: objects/spaceships/derelicts/wreckage/wreckage_internals_03.cgf
      2: objects/spaceships/derelicts/orig/600i/ext/orig_600i_derelict_rear_01_wing_left_a_dmg.cgf
      3: objects/spaceships/derelicts/orig/600i/ext/orig_600i_derelict_rear_01_wing_left_a.cgf
      4: objects/spaceships/derelicts/wreckage/wreckage_internals_01.cgf
      5: objects/spaceships/derelicts/wreckage/wreckage_internals_04.cgf

[Materials]
      0: objects/spaceships/derelicts/materials/decals/dirty_rust_c
      1: materials/decals/scratches/metal_scratches_01
      2: materials/decals/chipped_paint/chipped_paint002a
      3: objects/spaceships/derelicts/materials/decals/dirty_rust_g
      4: materials/decals/chipped_paint/chipped_paint002c
      5: materials/decals/damage_decals/crumpled_metal_a
      6: materials/decals/chipped_paint/chipped_paint002b
      7: materials/decals/damage_decals/ballistic_v1
      8: materials/decals/metal/metal_dented_01
      9: materials/decals/metal/metal_dented_02
     10: materials/decals/chipped_paint/chipped_paint001f
     11: materials/decals/metal/metal_dented_06
     12: objects/spaceships/derelicts/materials/decals/crumpled_metal_c
     13: objects/spaceships/derelicts/materials/decals/crumpled_metal_b
     14: objects/spaceships/derelicts/materials/decals/rust_leakings_a
     15: objects/spaceships/derelicts/materials/decals/dirty_rust_f
     16: objects/spaceships/derelicts/materials/decals/dirty_rust_d
     17: objects/spaceships/derelicts/materials/decals/dirty_rust_e

[Palettes]
      0: Libs/Foundry/Records/TintPalettes/default
      1: Libs/Foundry/Records/TintPalettes/Brand/ORIG/600i/600i_default

[Placements]
  #0 objects/spaceships/derelicts/wreckage/wreckage_internals_02.cgf
    [0.30101499707363549, -0.37798497625551336, -1.2272880164840911, 5.9858609999999999]
    [-0.74164565749083933, 0.97791145899764353, -0.48308326738736951, -33.125687999999968]
    [1.0483655070657925, 0.80033435652219453, 0.010640841529935836, 5.4653549999999997]
  #1 objects/spaceships/derelicts/wreckage/wreckage_internals_02.cgf
    [-0.032649723975070752, -0.26059201166821733, 0.49977737382932919, 3.7924150000000054]
    [0.50948726100553943, 0.20045877793774275, 0.13780650795030613, -25.918398000000025]
    [-0.24105673774052178, 0.45897680356974047, 0.22357005029180202, 1.751169]
  #2 objects/spaceships/derelicts/wreckage/wreckage_internals_02.cgf
    [-0.11346812038042434, -0.15334673693282372, -0.53137706888659364, -2.2305810000000292]
    [-0.082677206727497426, 0.54105300073227314, -0.13848449478356933, -8.0692699999999604]
    [0.5468466792019413, 0.049982537748469148, -0.13119558214799254, 2.7472099999999999]
  #3 objects/spaceships/derelicts/wreckage/wreckage_internals_02.cgf
    [0.4615218589972972, 0.20689274022909193, -0.56352933077199963, -2.0573409999999512]
    [0.18414211872488662, -0.72534519558709998, -0.11549184509039026, -6.2894000000000005]
    [-0.57136817614507551, -0.066648932559872517, -0.49241107421486846, 1.7451340000000002]
  #4 objects/spaceships/derelicts/wreckage/wreckage_internals_02.cgf
    [-0.36209786834472324, 0.064455081113823809, 0.42834798554445347, 3.0922880000000532]
    [0.11929040424205718, -0.52186990833164837, 0.17936810947004186, -23.576195999999982]
    [0.41642076516084964, 0.20554479258230002, 0.32108628909737841, 1.4744809999999999]
  #5 objects/spaceships/derelicts/wreckage/wreckage_internals_03.cgf
    [0.44299288247749002, 0.29883344325391692, 0.1822294458668621, 4.6980200000000423]
    [-0.3332085447976304, 0.45004388238498289, 0.072001814389278718, -25.705358000000047]
    [-0.10714972431966939, -0.16404502063308912, 0.5294901882540971, 0.28914799999999996]
  #6 objects/spaceships/derelicts/orig/600i/ext/orig_600i_derelict_rear_01_wing_left_a_dmg.cgf
    [1, 0, 0, 0]
    [0, 1, 0, 0]
    [0, 0, 1, 0]
  #7 objects/spaceships/derelicts/wreckage/wreckage_internals_02.cgf
    [-0.094579256937744022, 0.11250473707167426, 0.54511441691662377, -1.9176330000000235]
    [0.12802081654971156, -0.53370697318697835, 0.13236244383643031, -9.5593860000000177]
    [0.54168045370297635, 0.14578007458099515, 0.063896284462480246, 3.450755]
  #8 objects/spaceships/derelicts/orig/600i/ext/orig_600i_derelict_rear_01_wing_left_a.cgf
    [1, 0, 0, 0]
    [0, 1, 0, 0]
    [0, 0, 1, 0]
  #9 objects/spaceships/derelicts/wreckage/wreckage_internals_01.cgf
    [0.036033063274128099, 0.20544900839187538, 0.77360721537168031, -2.4057380000000421]
    [-0.46343170434751518, -0.62603635464550733, 0.18784392042589348, -7.8740269999999555]
    [0.65261663641826317, -0.45590019520308089, 0.090677109885311177, 3.8254640000000002]
  #10 objects/spaceships/derelicts/wreckage/wreckage_internals_02.cgf
    [0.078832442143230819, -0.07077274333451343, 0.55455224503051948, -1.5494869999999992]
    [-0.55659950304149353, -0.062315818194138978, 0.071170637333842976, -10.287776000000008]
    [0.05228734915296978, -0.55665023596999408, -0.078473406418055586, 4.28979]
  #11 objects/spaceships/derelicts/wreckage/wreckage_internals_02.cgf
    [-0.13148601718815006, 0.3019232209679335, -0.8364239072386308, 5.5527610000000323]
    [0.31573305480229191, -0.77457742186525746, -0.32923185191863796, -32.283636999999999]
    [-0.83130934198119177, -0.34194055456016248, 0.0072520175039810465, 3.2751160000000001]
  #12 objects/spaceships/derelicts/wreckage/wreckage_internals_04.cgf
    [-0.35648839734201065, -0.36060524310659847, -0.74224774582235609, 5.4069980000000442]
    [-0.59319932241759921, 0.67405778294394247, -0.042573514182071351, -30.94548199999997]
    [0.57365705906720876, 0.47292895753013575, -0.50527973904128909, 1.914663]
  #13 objects/spaceships/derelicts/wreckage/wreckage_internals_04.cgf
    [0.35729988062061702, -0.28843961916257499, 0.54994053940194376, 4.6693020000000161]
    [0.17872580808214059, 0.65539119557024261, 0.22762838523842582, -27.613311999999951]
    [-0.59471766100035905, 0.023668171416821399, 0.39880563790887569, 1.24763]
  #14 objects/spaceships/derelicts/wreckage/wreckage_internals_02.cgf
    [-0.48676478056941946, 0.064454535678958202, 0.27867053368065203, 3.8011910000000171]
    [0.050749248524461409, -0.5218701406259173, 0.20935060356142354, -23.584010000000035]
    [0.28148919568191599, 0.20554506626951613, 0.44414711927564365, 0.59652899999999986]
  #15 objects/spaceships/derelicts/wreckage/wreckage_internals_02.cgf
    [-0.032650141462949367, -0.36633837635807637, 0.4283477574797267, 2.5441240000000107]
    [0.50948740902054146, 0.16432086152639458, 0.17936798372310445, -22.033166000000051]
    [-0.24105639875373105, 0.39692126113712384, 0.32108715973288365, 1.4744799999999998]
  #16 objects/spaceships/derelicts/wreckage/wreckage_internals_02.cgf
    [0.051930445878076874, -0.32468388930601849, 0.39378821513546458, 3.8395709999999781]
    [0.40912688520912754, 0.26312242676370318, 0.16299490144360551, -24.71553700000004]
    [-0.30512944491401539, 0.29754414483005787, 0.28556796264176415, 0.93671799999999994]
  #17 objects/spaceships/derelicts/wreckage/wreckage_internals_03.cgf
    [-0.53975879781046454, -0.11509149727546024, 0.11902088291025593, 4.979767000000038]
    [0.1296072985205389, -0.5462684275864278, 0.059534328921233219, -27.887202000000002]
    [0.10302413059110006, 0.084239749553203194, 0.54867228491951692, 0.42675600000000014]
  #18 objects/spaceships/derelicts/wreckage/wreckage_internals_03.cgf
    [0.022986763434856717, 0.090914958984449165, -0.2573678715752748, -1.3943789999999581]
    [-0.16799782150951351, -0.19885062090475772, -0.085248489214714201, -10.092619000000013]
    [-0.21512899166404531, 0.16500013084294671, 0.039071935541548156, 6.0146519999999999]
  #19 objects/spaceships/derelicts/wreckage/wreckage_internals_03.cgf
    [0.10086701084124455, 0.32412567380209162, -0.88891678658829087, -1.4248159999999643]
    [0.070304526152612193, -0.89404996469628728, -0.31801980127216101, -10.649081000000024]
    [-0.94355062370737142, -0.03196666984639205, -0.11872241697557726, 5.4036660000000003]
  #20 objects/spaceships/derelicts/wreckage/wreckage_internals_02.cgf
    [-0.14557667310092723, -0.28484539691362898, -0.27807395618697067, -0.95790999999996984]
    [0.39450221892620335, -0.14280307222052482, -0.060248442553910465, -9.569974000000002]
    [-0.053197974723273513, -0.27950845322635071, 0.31416491380140654, 6.8679730000000001]
  #21 objects/spaceships/derelicts/wreckage/wreckage_internals_03.cgf
    [-0.0763817425837615, -0.18636930647196395, -0.5274315871888946, -1.9025589999999966]
    [0.0046783317851102936, 0.53209426841670449, -0.18869438489093873, -9.5213179999999511]
    [0.55937081687476853, -0.029898817415083073, -0.070442303380874094, 5.3999930000000003]
