# IncludedObjects
# Cgfs: 5, Materials: 1, Palettes: 0, Placements: 7

[CGFs]
      0: objects/buildingsets/human/hightech/delta/ext/outpost/pipe_a/pipe_a_xjunction_04x04x03_b.cgf
      1: objects/buildingsets/human/hightech/delta/ext/outpost/pipe_a/pipe_a_end_04x02x03_a.cgf
      2: objects/buildingsets/human/hightech/delta/ext/outpost/pipe_a/pipe_a_end_07x03x03_a.cgf
      3: objects/buildingsets/human/hightech/delta/ext/outpost/pipe_a/pipe_a_end_base_07x04x03_a.cgf
      4: Objects/buildingsets/human/lowtech/prop/light/light_floor_01_b.cgf

[Materials]
      0: objects/buildingsets/human/hightech/delta/ext/hightech_delta_ext_op_a

[Placements]
  #0 objects/buildingsets/human/hightech/delta/ext/outpost/pipe_a/pipe_a_xjunction_04x04x03_b.cgf
    [1.00000000000020650, 0.00000000000000000, 0.00000000000000000, -1.99999980319125825]
    [0.00000000000000000, 1.00000000000020650, 0.00000000000000000, -0.25000157446675075]
    [0.00000000000000000, 0.00000000000000000, 1.00000000000020650, 0.50000000000000000]
  #1 objects/buildingsets/human/hightech/delta/ext/outpost/pipe_a/pipe_a_end_04x02x03_a.cgf
    [0.00000002147511940, -1.00000003337689214, -0.00000000000000000, -0.00000137765857744]
    [1.00000003337689214, 0.00000002147511940, 0.00000000000000000, 1.75000000000000000]
    [0.00000000000000000, -0.00000000000000000, 1.00000003337689214, 0.50000000000000000]
  #2 objects/buildingsets/human/hightech/delta/ext/outpost/pipe_a/pipe_a_end_07x03x03_a.cgf
    [-0.99999999999999822, 0.00000007065921181, 0.00000000000000000, -1.99999980319125825]
    [-0.00000007065921181, -0.99999999999999822, -0.00000000000000000, -0.25000157446675075]
    [-0.00000000000000000, 0.00000000000000000, 1.00000000000000000, 0.50000000000000000]
  #3 objects/buildingsets/human/hightech/delta/ext/outpost/pipe_a/pipe_a_end_base_07x04x03_a.cgf
    [-0.99999999999999822, 0.00000007065921181, 0.00000000000000000, -1.99999980319125825]
    [-0.00000007065921181, -0.99999999999999822, -0.00000000000000000, -0.25000157446675075]
    [-0.00000000000000000, 0.00000000000000000, 1.00000000000000000, 0.50000000000000000]
  #4 Objects/buildingsets/human/lowtech/prop/light/light_floor_01_b.cgf
    [-1.00000008635226889, -0.00000043358860396, 0.00000048925866055, 3.13996293909588076]
    [-0.00000065255155740, 0.70710686631541286, -0.70710681817823173, -1.67661101312091887]
    [-0.00000003936469674, -0.70710681817839982, -0.70710686631554520, 1.55561116349417716]
  #5 Objects/buildingsets/human/lowtech/prop/light/light_floor_01_b.cgf
    [-1.00000008635226889, -0.00000043358860396, 0.00000048925866055, -3.13896993033642957]
    [-0.00000065255155740, 0.70710686631541286, -0.70710681817823173, -1.67661595610684344]
    [-0.00000003936469674, -0.70710681817839982, -0.70710686631554520, 1.55561116349417716]
  #6 Objects/buildingsets/human/lowtech/prop/light/light_floor_01_b.cgf
    [1.00000007075506248, 0.00000043012169639, -0.00000049762856470, -3.13078098876678723]
    [0.00000065601849738, -0.70710688282028278, 0.70710677961557944, 1.19182436462597252]
    [-0.00000004773461223, -0.70710677961575286, -0.70710688282041201, 1.55561116349417716]
