# IncludedObjects
# Cgfs: 6, Materials: 7, Palettes: 1, Placements: 24

[CGFs]
      0: objects/buildingsets/human/hightech/delta/ext/outpost/comms/dish/comms_dish_a.cgf
      1: objects/buildingsets/human/brand/decal/ident/primary_ident_arrow_b.cgf
      2: objects/buildingsets/human/brand/decal/logo/primary_logo_large.cgf
      3: objects/buildingsets/human/station/alpha/location/crusader/2d/pad_decal_warning_tri_02x02_a.cgf
      4: objects/buildingsets/human/hightech/prop/tech/sensor/sensor_perimeter_1_a.cgf
      5: objects/buildingsets/human/brand/decal/ident/primary_ident_line_thick_a_2m.cgf

[Materials]
      0: materials/decals/frost/frost_square_a
      1: materials/decals/frost/frost_streak_b
      2: materials/decals/weathered/weathered_big_c
      3: materials/decals/weathered/gloss_wear_dark_c
      4: objects/buildingsets/human/hightech/delta/ext/hightech_delta_ext_op_a
      5: objects/buildingsets/human/brand/platbay/platbay_brand_a
      6: objects/buildingsets/human/hightech/prop/tech/sensor/sensor_perimeter_1_a1

[Palettes]
      0: Libs/Foundry/Records/TintPalettes/default

[Placements]
  #0 objects/buildingsets/human/hightech/delta/ext/outpost/comms/dish/comms_dish_a.cgf
    [0.00000054828081736, 1.00000096498406710, 0.00000029633184000, -12.00000179337803274]
    [-1.00000096498373559, 0.00000054828107416, -0.00000086660002363, 8.25001581365359016]
    [-0.00000086660018611, -0.00000029633136486, 1.00000096498384172, -0.09551771695259959]
  #1 objects/buildingsets/human/brand/decal/ident/primary_ident_arrow_b.cgf
    [-0.93306403934846016, -0.93306459963130672, -0.00000119746174858, -18.62501897843321785]
    [0.93306459963174837, -0.93306403934878235, -0.00000009289951377, 7.38662641760311089]
    [-0.00000078104317253, -0.00000091242343329, 1.31955221518907151, 1.44834325285046361]
  #2 objects/buildingsets/human/brand/decal/ident/primary_ident_arrow_b.cgf
    [-0.93306466309201141, 0.93306387841497018, -0.00000073630060319, -4.37499927806493361]
    [-0.93306387841519456, -0.93306466309204672, 0.00000023963678244, 7.38663842403911985]
    [-0.00000035119464579, 0.00000069009179572, 1.31955214626544293, 1.29319581206073053]
  #3 objects/buildingsets/human/brand/decal/ident/primary_ident_arrow_b.cgf
    [-0.93306403934846016, -0.93306459963130672, -0.00000119746174858, 4.37499951208883431]
    [0.93306459963174837, -0.93306403934878235, -0.00000009289951377, 7.38663860372616909]
    [-0.00000078104317253, -0.00000091242343329, 1.31955221518907151, 1.29319599090376869]
  #4 objects/buildingsets/human/brand/decal/logo/primary_logo_large.cgf
    [2.54534449629555404, 0.00000034219549852, -0.00000026860179929, -0.12500001451553544]
    [-0.00000034219545429, 2.54534449629553361, 0.00000041913615055, 2.13663875445490703]
    [0.00000026860185564, -0.00000041913611444, 2.54534449629554249, 1.29319633112754673]
  #5 objects/buildingsets/human/brand/decal/logo/primary_logo_large.cgf
    [2.54534449629555404, 0.00000034219549852, -0.00000026860179929, -23.12501850505213952]
    [-0.00000034219545429, 2.54534449629553361, 0.00000041913615055, 2.13662656830274500]
    [0.00000026860185564, -0.00000041913611444, 2.54534449629554249, 1.44834359316155314]
  #6 objects/buildingsets/human/station/alpha/location/crusader/2d/pad_decal_warning_tri_02x02_a.cgf
    [0.40000000258233520, 0.00000031279855495, -0.00000001378088097, -28.62501668133336352]
    [-0.00000031279854966, 0.40000000258230600, 0.00000015338770769, 5.37498718101414852]
    [0.00000001378100092, -0.00000015338769692, 0.40000000258242807, 1.41115528161753900]
  #7 objects/buildingsets/human/hightech/delta/ext/outpost/comms/dish/comms_dish_a.cgf
    [0.00000029634379815, 1.00000085225151292, 0.00000039291113107, -12.00000269115116680]
    [-1.00000085225119006, 0.00000029634414965, -0.00000089442073269, 6.75001649139449000]
    [-0.00000089442084912, -0.00000039291086601, 1.00000085225115720, -0.09551839120103978]
  #8 objects/buildingsets/human/hightech/prop/tech/sensor/sensor_perimeter_1_a.cgf
    [-1.00000001080137535, 0.00000291837640250, 0.00009519698704134, 22.37847352802054957]
    [0.00000004956213941, -0.99951436466216270, 0.03116192400550087, -17.88114743502228521]
    [0.00009524169678334, 0.03116192386888440, 0.99951436012872907, 0.57502589229261503]
  #9 objects/buildingsets/human/brand/decal/ident/primary_ident_line_thick_a_2m.cgf
    [-0.00000018820266137, 2.54534458878318581, -0.00000023760746655, -2.62499967875919538]
    [-2.54534458878317604, -0.00000018820263141, 0.00000032331730805, -8.38666861198726110]
    [0.00000032331729048, 0.00000023760749046, 2.54534458878317249, 1.28042291788733564]
  #10 objects/buildingsets/human/brand/decal/ident/primary_ident_arrow_b.cgf
    [0.93306437829014455, -0.93306394047458374, -0.00000063644015212, 4.37499966379255056]
    [0.93306394047479346, 0.93306437829003230, 0.00000047181992073, -3.36336089845281094]
    [0.00000011640426580, -0.00000078365818552, 1.31955198876274227, 1.29319687600946054]
  #11 objects/buildingsets/human/brand/decal/ident/primary_ident_arrow_b.cgf
    [0.93306427003850234, 0.93306441062901835, -0.00000077840371723, -4.37499960319837555]
    [-0.93306441062894041, 0.93306427003879766, 0.00000044761616928, -3.36336107811075635]
    [0.00000086692695800, 0.00000023390218359, 1.31955224466663701, 1.29319669713731855]
  #12 objects/buildingsets/human/station/alpha/location/crusader/2d/pad_decal_warning_tri_02x02_a.cgf
    [0.39999999863624919, 0.00000031557503786, -0.00000001722101599, -5.62499819080403540]
    [-0.00000031557503404, 0.39999999863623970, 0.00000008871679221, 5.37499936716631055]
    [0.00000001722108598, -0.00000008871677862, 0.39999999863636382, 1.25600801964174025]
  #13 objects/buildingsets/human/hightech/prop/tech/sensor/sensor_perimeter_1_a.cgf
    [-0.99890626798382720, 0.00072950791906450, -0.04675178376215496, 15.37844625971774803]
    [0.00000360435312577, -0.99987707461916908, -0.01567894518601165, -17.88113821428851224]
    [-0.04675747484366444, -0.01566196518107934, 0.99878347757511299, 0.45057615186669864]
  #14 objects/buildingsets/human/hightech/delta/ext/outpost/comms/dish/comms_dish_a.cgf
    [0.00000029634379815, 1.00000085225151292, 0.00000039291113107, -11.99998115229391260]
    [-1.00000085225119006, 0.00000029634414965, -0.00000089442073269, -2.24999587927595712]
    [-0.00000089442084912, -0.00000039291086601, 1.00000085225115720, -0.42358637461438775]
  #15 objects/buildingsets/human/hightech/delta/ext/outpost/comms/dish/comms_dish_a.cgf
    [0.00000029634379815, 1.00000085225151292, 0.00000039291113107, -11.99998073843744351]
    [-1.00000085225119006, 0.00000029634414965, -0.00000089442073269, -3.74999690018012188]
    [-0.00000089442084912, -0.00000039291086601, 1.00000085225115720, -0.42358625674387440]
  #16 objects/buildingsets/human/hightech/delta/ext/outpost/comms/dish/comms_dish_a.cgf
    [0.00000054828081736, 1.00000096498406710, 0.00000029633184000, -11.99998152967600618]
    [-1.00000096498373559, 0.00000054828107416, -0.00000086660002363, -5.24999634869163856]
    [-0.00000086660018611, -0.00000029633136486, 1.00000096498384172, -0.42358677776064724]
  #17 objects/buildingsets/human/brand/decal/ident/primary_ident_arrow_b.cgf
    [0.93306408151420928, 0.93306445664061277, -0.00000074795234021, -27.37501809374225559]
    [-0.93306445664044280, 0.93306408151450104, 0.00000057616598404, -3.36337326429202221]
    [0.00000093629302175, 0.00000012147148558, 1.31955214389491426, 1.44834395920042880]
  #18 objects/buildingsets/human/hightech/delta/ext/outpost/comms/dish/comms_dish_a.cgf
    [0.00000054828081736, 1.00000096498406710, 0.00000029633184000, -12.00000306856236421]
    [-1.00000096498373559, 0.00000054828107416, -0.00000086660002363, 3.75001602203701623]
    [-0.00000086660018611, -0.00000029633136486, 1.00000096498384172, -0.09551879425998777]
  #19 objects/buildingsets/human/hightech/delta/ext/outpost/comms/dish/comms_dish_a.cgf
    [0.00000029634379815, 1.00000085225151292, 0.00000039291113107, -12.00000227730924962]
    [-1.00000085225119006, 0.00000029634414965, -0.00000089442073269, 5.25001547049032524]
    [-0.00000089442084912, -0.00000039291086601, 1.00000085225115720, -0.09551827344694175]
  #20 objects/buildingsets/human/hightech/delta/ext/outpost/comms/dish/comms_dish_a.cgf
    [0.00000054828081736, 1.00000096498406710, 0.00000029633184000, -11.99998025449167471]
    [-1.00000096498373559, 0.00000054828107416, -0.00000086660002363, -0.74999655710416846]
    [-0.00000086660018611, -0.00000029633136486, 1.00000096498384172, -0.42358570042415522]
  #21 objects/buildingsets/human/brand/decal/ident/primary_ident_line_thick_a_2m.cgf
    [-0.00000008027989658, 2.54534451565449205, -0.00000072998196013, -25.62501816929579945]
    [-2.54534451565445430, -0.00000008027965242, 0.00000085158665285, -8.38668079808121547]
    [0.00000085158662983, 0.00000072998198699, 2.54534451565435083, 1.43557017986313440]
  #22 objects/buildingsets/human/brand/decal/ident/primary_ident_arrow_b.cgf
    [0.93306437829014455, -0.93306394047458374, -0.00000063644015212, -18.62501882676588139]
    [0.93306394047479346, 0.93306437829003230, 0.00000047181992073, -3.36337308460497297]
    [0.00000011640426580, -0.00000078365818552, 1.31955198876274227, 1.44834413798525929]
  #23 objects/buildingsets/human/brand/decal/ident/primary_ident_arrow_b.cgf
    [-0.93306466309201141, 0.93306387841497018, -0.00000073630060319, -27.37501776859426172]
    [-0.93306387841519456, -0.93306466309204672, 0.00000023963678244, 7.38662623785785399]
    [-0.00000035119464579, 0.00000069009179572, 1.31955214626544293, 1.44834307415294461]
