# IncludedObjects
# Cgfs: 11, Materials: 0, Palettes: 1, Placements: 22

[CGFs]
      0: objects/planets/geology/scree/angular_01/angular_01_bld_i.cgf
      1: objects/planets/geology/scree/angular_01/angular_01_bld_h.cgf
      2: objects/planets/geology/scree/angular_01/angular_01_plt_e.cgf
      3: objects/planets/geology/scree/angular_01/angular_01_bld_d.cgf
      4: objects/planets/geology/scree/angular_01/angular_01_plt_c.cgf
      5: objects/planets/geology/scree/angular_01/angular_01_grdc_a.cgf
      6: objects/planets/geology/scree/angular_01/angular_01_grdc_b.cgf
      7: objects/planets/geology/scree/angular_01/angular_01_bld_f.cgf
      8: objects/planets/geology/scree/angular_01/angular_01_grdc_c.cgf
      9: objects/planets/geology/scree/angular_01/angular_01_plt_d.cgf
     10: objects/planets/geology/scree/angular_01/angular_01_plt_b.cgf

[Palettes]
      0: Libs/Foundry/Records/TintPalettes/default

[Placements]
  #0 objects/planets/geology/scree/angular_01/angular_01_bld_i.cgf
    [0.35477809538336907, -0.57832714768648485, -0.73462306619849005, 1.84601899999961461]
    [0.65425686813009321, -0.40773064231433154, 0.63694937783818539, -2.47314199999982520]
    [-0.66789317233121803, -0.70660757827288001, 0.23372050998272434, -0.52116300000000049]
  #1 objects/planets/geology/scree/angular_01/angular_01_bld_h.cgf
    [-0.30612314758755699, 0.94434321360788909, -0.12043408668901778, -2.10590600000068662]
    [-0.88487719411964905, -0.32891410020571615, -0.32986015495298504, -1.99019200000020646]
    [-0.35111369333996362, 0.00559154821092837, 0.93631606028657954, 0.23706799999999983]
  #2 objects/planets/geology/scree/angular_01/angular_01_bld_h.cgf
    [0.48076562280489027, -0.12315570773163904, 0.86815725938413169, 2.88159699999960139]
    [0.18886321600656533, 0.98139254080144422, 0.03463099678271488, -2.77442100000007486]
    [-0.85626808944857025, 0.14731358373084971, 0.49507939411743901, 0.11187799999999992]
  #3 objects/planets/geology/scree/angular_01/angular_01_bld_i.cgf
    [0.34960339635985094, 0.90261182707273224, -0.25113923114826670, 2.23690999999962514]
    [0.32533725549805753, -0.36833052516499420, -0.87091322929229431, -2.63623000000006869]
    [-0.87859814134694714, 0.22276910108847023, -0.42242252799961588, 3.87347699999999939]
  #4 objects/planets/geology/scree/angular_01/angular_01_plt_e.cgf
    [-0.41564767395907604, 0.57368450730939791, 0.70577828946045618, -0.79837399999996705]
    [0.17933182112743098, 0.81244407050334522, -0.55477439279694540, -2.39914300000009462]
    [-0.89167090663073290, -0.10402218535136533, -0.44057039833742517, 4.02170800000000028]
  #5 objects/planets/geology/scree/angular_01/angular_01_bld_i.cgf
    [0.35477638623585794, 0.11051829886103028, -0.92839587298586923, 2.04557599999952799]
    [0.65425674252629074, -0.73869984307650727, 0.16208063514354529, -2.58649900000000343]
    [-0.66789318473781212, -0.66491181599255123, -0.33438069071819243, 5.08505800000000008]
  #6 objects/planets/geology/scree/angular_01/angular_01_bld_i.cgf
    [-0.31313407577950414, 0.86897170311185512, -0.38319191931478069, -1.16196800000034273]
    [0.94080609787762748, 0.22870881595211365, -0.25015391452784008, -2.36568699999997989]
    [-0.12973724998447989, -0.43884082985544071, -0.88915003754698252, 4.91944400000000037]
  #7 objects/planets/geology/scree/angular_01/angular_01_bld_d.cgf
    [-0.23771422748159957, 0.66241103977037874, 0.71042561266392079, 3.14911499999925582]
    [0.47166687167450289, 0.71809275891023194, -0.51173639938080850, 3.55358399999977337]
    [-0.84913090798967472, 0.21343709770508953, -0.48313796901673306, 4.98303999999999903]
  #8 objects/planets/geology/scree/angular_01/angular_01_plt_c.cgf
    [0.27175373892759175, -0.42680354354510563, -0.86254782936713481, -0.44828200000029028]
    [-0.95340796634935598, -0.24141090332264406, -0.18092579365107370, -0.29170900000008260]
    [-0.13100867311060038, 0.87152718163234977, -0.47252218635267679, 5.42097199999999901]
  #9 objects/planets/geology/scree/angular_01/angular_01_grdc_a.cgf
    [0.82939894840466288, -0.23076035267042169, 0.50876994137059595, -1.32188900000073772]
    [-0.06369300380387145, 0.86570464510103007, 0.49648613066078395, 1.93242400000008274]
    [-0.55501386908189698, -0.44419020284952221, 0.70331676934424137, 0.10067399999999971]
  #10 objects/planets/geology/scree/angular_01/angular_01_grdc_b.cgf
    [0.99636729016385928, 0.00521813126905341, -0.08499982972188695, 1.05136299999958283]
    [0.01049864385034537, 0.98298041452073304, 0.18341008696665093, 1.18310500000006869]
    [0.08451022674206038, -0.18363619640438475, 0.97935475993191490, 0.12710599999999950]
  #11 objects/planets/geology/scree/angular_01/angular_01_plt_c.cgf
    [0.48076562280489027, -0.12315570773163904, 0.86815725938413169, 1.59572099999968486]
    [0.18886321600656533, 0.98139254080144422, 0.03463099678271488, -0.39702399999987392]
    [-0.85626808944857025, 0.14731358373084971, 0.49507939411743901, 3.65563700000000047]
  #12 objects/planets/geology/scree/angular_01/angular_01_plt_c.cgf
    [-0.20240835256043763, -0.36733594242494616, 0.90779687806937004, -1.83092300000043906]
    [-0.63591018067850458, 0.75426219777311465, 0.16342211213863087, 0.98554500000000189]
    [-0.74474768112371426, -0.54419927419025127, -0.38626163289615301, 2.64015299999999975]
  #13 objects/planets/geology/scree/angular_01/angular_01_grdc_a.cgf
    [0.99968194207319849, 0.01670822726041132, 0.01888971568996067, 1.00692999999955646]
    [-0.01156296382250792, 0.96933818499209456, -0.24545825003072591, -2.33886699999993652]
    [-0.02241169526547404, 0.24516176248004384, 0.96922308972562199, -0.25305599999999995]
  #14 objects/planets/geology/scree/angular_01/angular_01_bld_f.cgf
    [0.72426693663221164, 0.68951588742655012, 0.00229054374259273, 2.02287199999955192]
    [-0.58530209217521578, 0.61655012965580291, -0.52658085762738804, -1.77384200000005876]
    [-0.36449810218926354, 0.38004444438862328, 0.85012196471602564, -0.00896900000000045]
  #15 objects/planets/geology/scree/angular_01/angular_01_plt_c.cgf
    [-0.18365249840872744, -0.03464424649646067, 0.98238031592359498, 3.05592499999966094]
    [0.81060185863280421, -0.57066139754522471, 0.13141440268856303, -0.44577799999979106]
    [0.55605389640797698, 0.82045407832348605, 0.13288611196465713, 0.07240799999999936]
  #16 objects/planets/geology/scree/angular_01/angular_01_grdc_c.cgf
    [0.90512740318146279, -0.25206269283810279, 0.34235751329862180, -0.88418400000045949]
    [0.33653086787619474, 0.91687802089103287, -0.21466614496996889, -1.71777299999985189]
    [-0.25979076773301041, 0.30951409937024960, 0.91471835190650141, 0.10450899999999930]
  #17 objects/planets/geology/scree/angular_01/angular_01_plt_e.cgf
    [-0.41055485512537288, 0.00173925588554663, -0.91183432015967869, 1.52019599999948696]
    [0.58608237942559116, 0.76657817898786706, -0.26242233427358602, -1.13090499999998428]
    [0.69853582367616351, -0.64214874599871719, -0.31574171810588103, 0.35855699999999935]
  #18 objects/planets/geology/scree/angular_01/angular_01_bld_f.cgf
    [0.16708405073785643, 0.96181407790972939, 0.21678742688608771, -1.03568500000073982]
    [-0.49322891586534384, 0.27192715282328062, -0.82630566320455900, 0.69849699999986115]
    [-0.85370272664173408, 0.03113666687822651, 0.51982915600453539, 0.01220700000000008]
  #19 objects/planets/geology/scree/angular_01/angular_01_plt_d.cgf
    [-0.35532536453668617, -0.01757824830346991, -0.93457786982097635, -3.26365500000065367]
    [-0.44413010029361449, -0.87658230380272573, 0.18534514541457808, 1.80450599999994665]
    [-0.82249209332717377, 0.48093177697273104, 0.30366476016784716, 4.22883599999999937]
  #20 objects/planets/geology/scree/angular_01/angular_01_bld_f.cgf
    [0.16708405073785643, 0.96181407790972939, 0.21678742688608771, 1.54509599999983038]
    [-0.49322891586534384, 0.27192715282328062, -0.82630566320455900, 0.93598500000007334]
    [-0.85370272664173408, 0.03113666687822651, 0.51982915600453539, -0.14222300000000043]
  #21 objects/planets/geology/scree/angular_01/angular_01_plt_b.cgf
    [-0.17334976260436316, 0.26979823905613903, -0.94718475552109449, -3.32267600000068342]
    [0.39886130885916971, -0.86011037594933770, -0.31799369264779054, -0.40632800000003044]
    [-0.90047748843849451, -0.43291944108671521, 0.04148784676269726, 1.65513499999999958]
