# IncludedObjects
# Cgfs: 23, Materials: 1, Palettes: 3, Placements: 54

[CGFs]
      0: data/objects/spaceships/ships/mrai/guardian_mx/interior/mrai_guardian_mx_cockpit_wall_back.cgf
      1: data/objects/spaceships/ships/mrai/guardian/interior/mrai_guardian_engineering_central_wall_back.cgf
      2: data/objects/spaceships/ships/mrai/guardian/interior/mrai_guardian_engineering_central_floor.cgf
      3: objects/spaceships/ships/misc/hull_a/interior/modular/misc_hull_a_addon_light_round_small.cgf
      4: objects/spaceships/ships/misc/hull_a/interior/modular/misc_hull_a_addon_light_bar_small.cgf
      5: data/objects/spaceships/ships/mrai/guardian_mx/interior/mrai_guardian_engineering_front_wall_b_right.cgf
      6: data/objects/spaceships/ships/mrai/guardian/interior/mrai_guardian_engineering_central_ceiling.cgf
      7: data/objects/spaceships/ships/mrai/guardian_mx/interior/mrai_guardian_mx_engineering_front_wall_front.cgf
      8: data/objects/spaceships/ships/mrai/guardian_mx/interior/mrai_guardian_engineering_front_bulkhead.cgf
      9: data/objects/spaceships/ships/mrai/guardian_mx/interior/mrai_guardian_mx_engineering_front_wall_a_left.cgf
     10: data/objects/spaceships/ships/mrai/guardian_mx/interior/mrai_guardian_mx_engineering_front_wall_b_left.cgf
     11: data/objects/spaceships/ships/mrai/guardian_mx/interior/mrai_guardian_mx_engineering_front_wall_right.cgf
     12: data/objects/spaceships/ships/mrai/guardian/interior/mrai_guardian_engineering_rear_ceiling.cgf
     13: data/objects/spaceships/ships/mrai/guardian/interior/mrai_guardian_engineering_rear_wall_front.cgf
     14: data/objects/spaceships/ships/mrai/guardian/interior/mrai_guardian_engineering_rear_wall_left.cgf
     15: data/objects/spaceships/ships/mrai/guardian/interior/mrai_guardian_engineering_rear_floor.cgf
     16: data/objects/spaceships/ships/mrai/guardian/interior/mrai_guardian_engineering_rear_wall_right.cgf
     17: data/objects/spaceships/ships/mrai/guardian/interior/mrai_guardian_neck_wall_front.cgf
     18: data/objects/spaceships/ships/mrai/guardian/interior/mrai_guardian_neck_wall_right.cgf
     19: data/objects/spaceships/ships/mrai/guardian/interior/mrai_guardian_neck_floor.cgf
     20: data/objects/spaceships/ships/mrai/guardian/interior/mrai_guardian_neck_wall_left.cgf
     21: data/objects/spaceships/ships/mrai/guardian/interior/mrai_guardian_neck_ceiling.cgf
     22: objects/spaceships/ships/mrai/guardian/interior/mrai_guardian_neck_wall_back.cgf

[Materials]
      0: objects/spaceships/ships/misc/hull_a/interior/misc_hull_a_int

[Palettes]
      0: Libs/Foundry/Records/TintPalettes/Brand/MRAI/mrai_guardian_mx_black_white_red
      1: Libs/Foundry/Records/TintPalettes/Brand/MRAI/mrai_guardian_white_black_red
      2: Libs/Foundry/Records/TintPalettes/default

[Placements]
  #0 data/objects/spaceships/ships/mrai/guardian_mx/interior/mrai_guardian_mx_cockpit_wall_back.cgf
    [1.00000000000000000, 0.00000000000000000, 0.00000000000000000, 0.00000000000000000]
    [0.00000000000000000, 1.00000000000000000, 0.00000000000000000, 3.50000000000000000]
    [0.00000000000000000, 0.00000000000000000, 1.00000000000000000, 0.00000000000000000]
  #1 data/objects/spaceships/ships/mrai/guardian/interior/mrai_guardian_engineering_central_wall_back.cgf
    [1.00000000000000000, 0.00000000000000000, 0.00000000000000000, 0.00000000000000000]
    [0.00000000000000000, 1.00000000000000000, 0.00000000000000000, -7.00000000000000000]
    [0.00000000000000000, 0.00000000000000000, 1.00000000000000000, -0.18750000000000000]
  #2 data/objects/spaceships/ships/mrai/guardian/interior/mrai_guardian_engineering_central_floor.cgf
    [1.00000000000000000, 0.00000000000000000, 0.00000000000000000, 0.00000000000000000]
    [0.00000000000000000, 1.00000000000000000, 0.00000000000000000, -4.50000000000000000]
    [0.00000000000000000, 0.00000000000000000, 1.00000000000000000, -0.18750000000000000]
  #3 objects/spaceships/ships/misc/hull_a/interior/modular/misc_hull_a_addon_light_round_small.cgf
    [0.99999358519317383, -0.00000000247442607, -0.00345350159724151, 0.63162300000000005]
    [-0.00345350159724240, -0.00000075582270490, -0.99999358519288817, -1.61476299999999995]
    [-0.00000000013582478, 0.99999954855000217, -0.00000075582674309, -0.10958900000000001]
  #4 objects/spaceships/ships/misc/hull_a/interior/modular/misc_hull_a_addon_light_round_small.cgf
    [0.99998061454396603, -0.00000000451517311, 0.00630170945152803, -0.61422900000000002]
    [0.00630170945152965, 0.00000072725210649, -0.99998061454370157, -1.61197499999999994]
    [-0.00000000006784586, 1.00000047050249452, 0.00000072726611951, -0.10958900000000001]
  #5 objects/spaceships/ships/misc/hull_a/interior/modular/misc_hull_a_addon_light_round_small.cgf
    [-0.99999922126212826, 0.00000000000000000, 0.00000000000000000, 1.53885600000000000]
    [0.00000000000000000, 0.99996844137673269, 0.00784594006165866, -3.87125800000000009]
    [0.00000000000000000, 0.00784594006165866, -0.99996844137673258, 1.75886300000000007]
  #6 objects/spaceships/ships/misc/hull_a/interior/modular/misc_hull_a_addon_light_bar_small.cgf
    [0.00000000000000000, 0.60000002384185791, 0.00000000000000000, 1.24822499999999992]
    [0.00000000000000000, 0.00000000000000000, -0.60000002384185791, -4.53342299999999998]
    [-0.60000002384185791, 0.00000000000000000, 0.00000000000000000, -0.10004000000000000]
  #7 objects/spaceships/ships/misc/hull_a/interior/modular/misc_hull_a_addon_light_bar_small.cgf
    [0.00000082989007955, -0.59999659871437694, -0.00196019120894081, 1.24838699999999991]
    [0.00000083187511323, -0.00196019120779013, 0.59999659871437794, -4.29859900000000028]
    [-0.59999980068138747, -0.00000083260337534, 0.00000082915943425, -0.10004000000000000]
  #8 objects/spaceships/ships/misc/hull_a/interior/modular/misc_hull_a_addon_light_bar_small.cgf
    [0.00000000000000000, -0.60000002384185791, 0.00000000000000000, 1.24490499999999993]
    [0.00000000000000000, 0.00000000000000000, 0.60000002384185791, -7.14810600000000029]
    [-0.60000002384185791, 0.00000000000000000, 0.00000000000000000, -0.10004000000000000]
  #9 objects/spaceships/ships/misc/hull_a/interior/modular/misc_hull_a_addon_light_bar_small.cgf
    [0.00000000000000000, 0.60000002384185791, 0.00000000000000000, -1.42496800000000001]
    [0.00000000000000000, 0.00000000000000000, -0.60000002384185791, -1.69639099999999998]
    [-0.60000002384185791, 0.00000000000000000, 0.00000000000000000, -0.10004000000000000]
  #10 objects/spaceships/ships/misc/hull_a/interior/modular/misc_hull_a_addon_light_round_small.cgf
    [-1.00000085349466716, 0.00000000000000000, 0.00000000000000000, -0.81561899999999998]
    [0.00000000000000000, 0.00000064012127265, 1.00000085349446199, -7.22061400000000031]
    [0.00000000000000000, 1.00000085349446199, -0.00000064012127299, -0.10959300000000000]
  #11 objects/spaceships/ships/misc/hull_a/interior/modular/misc_hull_a_addon_light_bar_small.cgf
    [0.00000000000000000, -0.60000002384185791, 0.00000000000000000, -1.41663300000000003]
    [0.00000000000000000, 0.00000000000000000, 0.60000002384185791, -7.14482600000000012]
    [-0.60000002384185791, 0.00000000000000000, 0.00000000000000000, -0.03847200000000000]
  #12 objects/spaceships/ships/misc/hull_a/interior/modular/misc_hull_a_addon_light_round_small.cgf
    [-1.00000085349466716, 0.00000000000000000, 0.00000000000000000, 0.81224300000000005]
    [0.00000000000000000, 0.00000064012127265, 1.00000085349446199, -7.22061400000000031]
    [0.00000000000000000, 1.00000085349446199, -0.00000064012127299, -0.10959300000000000]
  #13 data/objects/spaceships/ships/mrai/guardian_mx/interior/mrai_guardian_engineering_front_wall_b_right.cgf
    [1.00000000000000000, 0.00000000000000000, 0.00000000000000000, 1.30000000000000004]
    [0.00000000000000000, 1.00000000000000000, 0.00000000000000000, -1.61410000000000009]
    [0.00000000000000000, 0.00000000000000000, 1.00000000000000000, -0.16500000000000001]
  #14 data/objects/spaceships/ships/mrai/guardian/interior/mrai_guardian_engineering_central_ceiling.cgf
    [1.00000000000000000, 0.00000000000000000, 0.00000000000000000, 0.00000000000000000]
    [0.00000000000000000, 1.00000000000000000, 0.00000000000000000, -1.62500000000000000]
    [0.00000000000000000, 0.00000000000000000, 1.00000000000000000, -0.16500000000000001]
  #15 data/objects/spaceships/ships/mrai/guardian_mx/interior/mrai_guardian_mx_engineering_front_wall_front.cgf
    [1.00000000000000000, 0.00000000000000000, 0.00000000000000000, 0.00000000000000000]
    [0.00000000000000000, 1.00000000000000000, 0.00000000000000000, -1.50000000000000000]
    [0.00000000000000000, 0.00000000000000000, 1.00000000000000000, -0.18750000000000000]
  #16 objects/spaceships/ships/misc/hull_a/interior/modular/misc_hull_a_addon_light_bar_small.cgf
    [0.00000000000000000, 0.60000002384185791, 0.00000000000000000, 1.24822499999999992]
    [0.00000000000000000, 0.00000000000000000, -0.60000002384185791, -1.69531999999999994]
    [-0.60000002384185791, 0.00000000000000000, 0.00000000000000000, -0.10004000000000000]
  #17 objects/spaceships/ships/misc/hull_a/interior/modular/misc_hull_a_addon_light_bar_small.cgf
    [-0.00000005839543703, -0.59999996545856327, -0.00037436486778871, -1.42491199999999996]
    [-0.00000005839542561, -0.00037436486778305, 0.59999996545856327, -4.29923199999999994]
    [-0.60000008224943424, 0.00000005843186093, -0.00000005835897889, -0.10004000000000000]
  #18 data/objects/spaceships/ships/mrai/guardian_mx/interior/mrai_guardian_engineering_front_bulkhead.cgf
    [1.00000000000000000, 0.00000000000000000, 0.00000000000000000, 0.00000000000000000]
    [0.00000000000000000, 1.00000000000000000, 0.00000000000000000, -4.71199999999999974]
    [0.00000000000000000, 0.00000000000000000, 1.00000000000000000, -0.18700000000000000]
  #19 data/objects/spaceships/ships/mrai/guardian/interior/mrai_guardian_engineering_central_floor.cgf
    [1.00000000000000000, 0.00000000000000000, 0.00000000000000000, 0.00000000000000000]
    [0.00000000000000000, 1.00000000000000000, 0.00000000000000000, -1.62500000000000000]
    [0.00000000000000000, 0.00000000000000000, 1.00000000000000000, -0.18750000000000000]
  #20 data/objects/spaceships/ships/mrai/guardian_mx/interior/mrai_guardian_mx_engineering_front_wall_a_left.cgf
    [1.00000000000000000, 0.00000000000000000, 0.00000000000000000, -1.50000000000000000]
    [0.00000000000000000, 1.00000000000000000, 0.00000000000000000, -4.48912300000000020]
    [0.00000000000000000, 0.00000000000000000, 1.00000000000000000, -0.16500000000000001]
  #21 objects/spaceships/ships/misc/hull_a/interior/modular/misc_hull_a_addon_light_bar_small.cgf
    [0.00000000000000000, 0.60000002384185791, 0.00000000000000000, -1.42496800000000001]
    [0.00000000000000000, 0.00000000000000000, -0.60000002384185791, -4.53462000000000032]
    [-0.60000002384185791, 0.00000000000000000, 0.00000000000000000, -0.10004000000000000]
  #22 data/objects/spaceships/ships/mrai/guardian_mx/interior/mrai_guardian_mx_engineering_front_wall_b_left.cgf
    [1.00000000000000000, 0.00000000000000000, 0.00000000000000000, -1.50000000000000000]
    [0.00000000000000000, 1.00000000000000000, 0.00000000000000000, -1.61412299999999997]
    [0.00000000000000000, 0.00000000000000000, 1.00000000000000000, -0.16500000000000001]
  #23 data/objects/spaceships/ships/mrai/guardian_mx/interior/mrai_guardian_mx_engineering_front_wall_right.cgf
    [1.00000000000000000, 0.00000000000000000, 0.00000000000000000, 1.30000000000000004]
    [0.00000000000000000, 1.00000000000000000, 0.00000000000000000, -4.49000000000000021]
    [0.00000000000000000, 0.00000000000000000, 1.00000000000000000, -0.16500000000000001]
  #24 data/objects/spaceships/ships/mrai/guardian/interior/mrai_guardian_engineering_central_ceiling.cgf
    [1.00000000000000000, 0.00000000000000000, 0.00000000000000000, 0.00000000000000000]
    [0.00000000000000000, 1.00000000000000000, 0.00000000000000000, -4.50000000000000000]
    [0.00000000000000000, 0.00000000000000000, 1.00000000000000000, -0.16500000000000001]
  #25 data/objects/spaceships/ships/mrai/guardian/interior/mrai_guardian_engineering_rear_ceiling.cgf
    [1.00000000000000000, 0.00000000000000000, 0.00000000000000000, 0.00000000000000000]
    [0.00000000000000000, 1.00000000000000000, 0.00000000000000000, -7.50000000000000000]
    [0.00000000000000000, 0.00000000000000000, 1.00000000000000000, 2.25000000000000000]
  #26 data/objects/spaceships/ships/mrai/guardian/interior/mrai_guardian_engineering_rear_wall_front.cgf
    [1.00000000000000000, 0.00000000000000000, 0.00000000000000000, 0.00000000000000000]
    [0.00000000000000000, 1.00000000000000000, 0.00000000000000000, -7.50000000000000000]
    [0.00000000000000000, 0.00000000000000000, 1.00000000000000000, -0.16500000000000001]
  #27 data/objects/spaceships/ships/mrai/guardian/interior/mrai_guardian_engineering_rear_wall_left.cgf
    [1.00000000000000000, 0.00000000000000000, 0.00000000000000000, -0.50000000000000000]
    [0.00000000000000000, 1.00000000000000000, 0.00000000000000000, -10.25000000000000000]
    [0.00000000000000000, 0.00000000000000000, 1.00000000000000000, -0.18750000000000000]
  #28 data/objects/spaceships/ships/mrai/guardian/interior/mrai_guardian_engineering_rear_floor.cgf
    [1.00000000000000000, 0.00000000000000000, 0.00000000000000000, 0.00000000000000000]
    [0.00000000000000000, 1.00000000000000000, 0.00000000000000000, -7.50000000000000000]
    [0.00000000000000000, 0.00000000000000000, 1.00000000000000000, -0.18750000000000000]
  #29 objects/spaceships/ships/misc/hull_a/interior/modular/misc_hull_a_addon_light_bar_small.cgf
    [0.61102574115810693, 0.00000000000000000, -0.79161082634375568, 0.74334699999999998]
    [0.79161082634375424, -0.00000006013480160, 0.61102574115810593, -10.35135599999999911]
    [-0.00000004760335621, -1.00000007837122395, -0.00000003674390888, -0.01169000000000000]
  #30 objects/spaceships/ships/misc/hull_a/interior/modular/misc_hull_a_addon_light_round_small.cgf
    [0.99999840018887409, 0.00000000000000000, 0.00000000000000000, -0.71196800000000005]
    [0.00000000000000000, 0.00000222585844031, -0.99999840018639685, -7.57629500000000000]
    [0.00000000000000000, 0.99999840018639685, 0.00000222585844031, -0.12250700000000000]
  #31 objects/spaceships/ships/misc/hull_a/interior/modular/misc_hull_a_addon_light_bar_small.cgf
    [0.61119298989641535, 0.00000000000000000, 0.79148193530463939, -0.74634299999999998]
    [-0.79148193530462330, -0.00000020141516874, 0.61119298989640292, -10.34675799999999946]
    [0.00000015941642576, -1.00000026240599382, -0.00000012310350688, -0.01169000000000000]
  #32 data/objects/spaceships/ships/mrai/guardian/interior/mrai_guardian_engineering_rear_wall_right.cgf
    [1.00000000000000000, 0.00000000000000000, 0.00000000000000000, 0.50000000000000000]
    [0.00000000000000000, 1.00000000000000000, 0.00000000000000000, -10.25000000000000000]
    [0.00000000000000000, 0.00000000000000000, 1.00000000000000000, -0.18750000000000000]
  #33 objects/spaceships/ships/misc/hull_a/interior/modular/misc_hull_a_addon_light_round_small.cgf
    [0.99999840018887409, 0.00000000000000000, 0.00000000000000000, 0.70628899999999994]
    [0.00000000000000000, 0.00000222585844031, -0.99999840018639685, -7.57690600000000014]
    [0.00000000000000000, 0.99999840018639685, 0.00000222585844031, -0.12283600000000000]
  #34 objects/spaceships/ships/misc/hull_a/interior/modular/misc_hull_a_addon_light_round_small.cgf
    [0.99999797344341101, 0.00000000000000000, 0.00000000000000000, 0.31609399999999999]
    [0.00000000000000000, -0.99999797344141084, -0.00000199999594183, -7.83830399999999994]
    [0.00000000000000000, 0.00000199999594183, -0.99999797344141084, -0.30080400000000002]
  #35 objects/spaceships/ships/misc/hull_a/interior/modular/misc_hull_a_addon_light_round_small.cgf
    [0.99999797344341101, 0.00000000000000000, 0.00000000000000000, -0.31587500000000002]
    [0.00000000000000000, -0.99999797344141084, -0.00000199999594183, -7.83830399999999994]
    [0.00000000000000000, 0.00000199999594183, -0.99999797344141084, -0.30080400000000002]
  #36 data/objects/spaceships/ships/mrai/guardian/interior/mrai_guardian_neck_wall_front.cgf
    [1.00000000000000000, 0.00000000000000000, 0.00000000000000000, 0.00000000000000000]
    [0.00000000000000000, 1.00000000000000000, 0.00000000000000000, 1.25000000000000000]
    [0.00000000000000000, 0.00000000000000000, 1.00000000000000000, -0.75000000000000000]
  #37 data/objects/spaceships/ships/mrai/guardian/interior/mrai_guardian_neck_wall_right.cgf
    [1.00000000000000000, 0.00000000000000000, 0.00000000000000000, 1.25000000000000000]
    [0.00000000000000000, 1.00000000000000000, 0.00000000000000000, 1.00000000000000000]
    [0.00000000000000000, 0.00000000000000000, 1.00000000000000000, -0.16500000000000001]
  #38 data/objects/spaceships/ships/mrai/guardian/interior/mrai_guardian_neck_floor.cgf
    [1.00000000000000000, 0.00000000000000000, 0.00000000000000000, 0.00000000000000000]
    [0.00000000000000000, 1.00000000000000000, 0.00000000000000000, -1.25000000000000000]
    [0.00000000000000000, 0.00000000000000000, 1.00000000000000000, 0.00000000000000000]
  #39 objects/spaceships/ships/misc/hull_a/interior/modular/misc_hull_a_addon_light_round_small.cgf
    [0.00000000000000000, 0.00000000000000000, -1.00000000000000000, 0.91359500000000005]
    [-1.00000000000000000, 0.00000000000000000, 0.00000000000000000, 1.46484799999999993]
    [0.00000000000000000, 1.00000000000000000, 0.00000000000000000, -0.55704399999999998]
  #40 objects/spaceships/ships/misc/hull_a/interior/modular/misc_hull_a_addon_light_bar_small.cgf
    [0.00000047431564997, 0.23293534516820663, -0.97249177374244078, 1.09999000000000002]
    [-0.99999956251257938, 0.00000011048514099, -0.00000046126821833, -0.33013700000000001]
    [0.00000000000021888, 0.97249177374255025, 0.23293534516823300, -0.37695400000000001]
  #41 data/objects/spaceships/ships/mrai/guardian/interior/mrai_guardian_neck_wall_left.cgf
    [1.00000000000000000, 0.00000000000000000, 0.00000000000000000, -1.25000000000000000]
    [0.00000000000000000, 1.00000000000000000, 0.00000000000000000, 1.00000000000000000]
    [0.00000000000000000, 0.00000000000000000, 1.00000000000000000, -0.16500000000000001]
  #42 objects/spaceships/ships/misc/hull_a/interior/modular/misc_hull_a_addon_light_bar_small.cgf
    [0.00000047431564997, 0.23293534516820663, -0.97249177374244078, 1.09999000000000002]
    [-0.99999956251257938, 0.00000011048514099, -0.00000046126821833, 0.53282600000000002]
    [0.00000000000021888, 0.97249177374255025, 0.23293534516823300, -0.37695400000000001]
  #43 objects/spaceships/ships/misc/hull_a/interior/modular/misc_hull_a_addon_light_bar_small.cgf
    [0.00000047431560818, -0.23293644993950027, 0.97249257623728647, -1.10002399999999989]
    [1.00000060027295201, 0.00000097352510049, -0.00000025454838229, 0.53046599999999999]
    [-0.00000088745180374, 0.97249257623691487, 0.23293644993984405, -0.37695400000000001]
  #44 objects/spaceships/ships/misc/hull_a/interior/modular/misc_hull_a_addon_light_round_small.cgf
    [0.00000202655586890, -0.00000202655792237, 0.99999999999794653, -0.91527400000000003]
    [1.00000000000000000, 0.00000000000205347, -0.00000202655586890, 1.46248099999999992]
    [0.00000000000205347, 1.00000000000000000, 0.00000202655792237, -0.55704500000000001]
  #45 data/objects/spaceships/ships/mrai/guardian/interior/mrai_guardian_neck_ceiling.cgf
    [1.00000000000000000, 0.00000000000000000, 0.00000000000000000, 0.00000000000000000]
    [0.00000000000000000, 1.00000000000000000, 0.00000000000000000, -1.25000000000000000]
    [0.00000000000000000, 0.00000000000000000, 1.00000000000000000, 2.25000000000000000]
  #46 objects/spaceships/ships/misc/hull_a/interior/modular/misc_hull_a_addon_light_bar_small.cgf
    [0.00000047431560818, -0.23293644993950027, 0.97249257623728647, -1.10002399999999989]
    [1.00000060027295201, 0.00000097352510049, -0.00000025454838229, -0.33249899999999999]
    [-0.00000088745180374, 0.97249257623691487, 0.23293644993984405, -0.37695400000000001]
  #47 objects/spaceships/ships/misc/hull_a/interior/modular/misc_hull_a_addon_light_round_small.cgf
    [0.00000000000000000, 0.00000000000000000, -1.00000000000000000, 0.73480000000000001]
    [-1.00000000000000000, 0.00000000000000000, 0.00000000000000000, 1.80610000000000004]
    [0.00000000000000000, 1.00000000000000000, 0.00000000000000000, 0.62490000000000001]
  #48 objects/spaceships/ships/misc/hull_a/interior/modular/misc_hull_a_addon_light_round_small.cgf
    [0.00000000000000000, 0.00000000000000000, -1.00000000000000000, 0.73480000000000001]
    [-1.00000000000000000, 0.00000000000000000, 0.00000000000000000, 1.80610000000000004]
    [0.00000000000000000, 1.00000000000000000, 0.00000000000000000, -0.01160000000000000]
  #49 objects/spaceships/ships/misc/hull_a/interior/modular/misc_hull_a_addon_light_round_small.cgf
    [0.00000000000000000, 0.00000000000000000, 1.00000000000000000, -0.73476900000000001]
    [1.00000000000000000, 0.00000000000000000, 0.00000000000000000, 1.80612900000000010]
    [0.00000000000000000, 1.00000000000000000, 0.00000000000000000, -0.01155100000000000]
  #50 objects/spaceships/ships/misc/hull_a/interior/modular/misc_hull_a_addon_light_round_small.cgf
    [0.00000000000000000, 0.00000000000000000, 1.00000000000000000, -0.73476900000000001]
    [1.00000000000000000, 0.00000000000000000, 0.00000000000000000, 1.80612900000000010]
    [0.00000000000000000, 1.00000000000000000, 0.00000000000000000, 0.62493600000000005]
  #51 objects/spaceships/ships/misc/hull_a/interior/modular/misc_hull_a_addon_light_round_small.cgf
    [-1.00000085349466716, 0.00000000000000000, 0.00000000000000000, 0.69514500000000001]
    [0.00000000000000000, 0.00000064012127265, 1.00000085349446199, -1.32737900000000009]
    [0.00000000000000000, 1.00000085349446199, -0.00000064012127299, -0.13452800000000001]
  #52 objects/spaceships/ships/misc/hull_a/interior/modular/misc_hull_a_addon_light_round_small.cgf
    [-1.00000085349466716, 0.00000000000000000, 0.00000000000000000, -0.70782800000000001]
    [0.00000000000000000, 0.00000064012127265, 1.00000085349446199, -1.32737900000000009]
    [0.00000000000000000, 1.00000085349446199, -0.00000064012127299, -0.13452800000000001]
  #53 objects/spaceships/ships/mrai/guardian/interior/mrai_guardian_neck_wall_back.cgf
    [1.00000000000000000, 0.00000000000000000, 0.00000000000000000, 0.00000000000000000]
    [0.00000000000000000, 1.00000000000000000, 0.00000000000000000, -1.25000000000000000]
    [0.00000000000000000, 0.00000000000000000, 1.00000000000000000, -0.18750000000000000]
