# IncludedObjects
# Cgfs: 46, Materials: 23, Palettes: 10, Placements: 58

[CGFs]
      0: objects/buildingsets/human/colonialism/col_a/ext/addons/wall/col_a_addn_ext_wall_stght_4m_a.cgf
      1: objects/landscape/terrain/sand/pile/sand_pile_single_centre_2x003_a.cgf
      2: objects/buildingsets/human/colonialism/props/dressing/sacks/sack_upright_1_b.cgf
      3: objects/buildingsets/human/universal/prop/junk/scrap/scrap_pile_rusted_2_heaped_e.cgf
      4: objects/buildingsets/human/universal/prop/junk/scrap/scrap_pile_3_medium_a.cgf
      5: objects/landscape/terrain/sand/pile/sand_pile_single_edge_4m_a.cgf
      6: objects/buildingsets/human/colonialism/col_a/ext/addons/wall/col_a_addn_ext_wall_end_1m_a.cgf
      7: objects/buildingsets/human/lowtech/prop/storage/tarp/tarp_bundle_1_b.cgf
      8: objects/buildingsets/human/universal/prop/junk/scrap/scrap_pile_rusted_2_heaped_a.cgf
      9: objects/buildingsets/human/colonialism/props/dressing/sacks/sack_stack_1_a.cgf
     10: objects/buildingsets/human/lowtech/prop/storage/tank/tank_water_3_0125x0125x0125_a.cgf
     11: objects/buildingsets/human/universal/prop/junk/scrap/scrap_pile_2_large_a.cgf
     12: objects/landscape/terrain/sand/pile/sand_pile_single_centre_1x002_a.cgf
     13: objects/landscape/terrain/sand/pile/sand_pile_single_edge_2m_a.cgf
     14: Data/ObjectContainers/PU/loc/mod/outpost/col/module/hq_a/corr/corr_strgt/corr_ext/corr_strgt_8m_a_ext_ovrly_indy_b//Brush/designer_5.cgf
     15: objects/buildingsets/human/colonialism/col_a/ext/addons/col_a_ext_addon_light_a.cgf
     16: objects/buildingsets/human/colonialism/col_a/ext/tradingpost/col_a_trdpst_tarp_pole_b.cgf
     17: objects/buildingsets/human/colonialism/col_a/int/addons/pipes/col_a_pipe_a_addon_cap_a.cgf
     18: objects/buildingsets/human/colonialism/col_a/ext/corridor/corridor_a_ext_8m_addon_c.cgf
     19: objects/buildingsets/human/colonialism/col_a/ext/habitation/col_a_ext_hab_addon_c.cgf
     20: objects/buildingsets/human/colonialism/col_a/ext/addons/col_a_ext_addon_vent_roof_a_roofcover_a.cgf
     21: objects/buildingsets/human/colonialism/col_a/ext/corridor/corridor_a_ext_cap_8m.cgf
     22: objects/buildingsets/human/colonialism/col_a/int/addons/col_a_int_addn_gen_e.cgf
     23: objects/buildingsets/human/colonialism/col_a/int/addons/pipes/col_a_pipe_a_cnr_1m_b.cgf
     24: objects/buildingsets/human/colonialism/col_a/int/addons/col_a_light_addn_g.cgf
     25: objects/buildingsets/human/universal/prop/tool/construction/construction_cablespool_2_b.cgf
     26: objects/buildingsets/human/colonialism/col_a/ext/corridor/corridor_a_ext_glass_8m.cgf
     27: objects/buildingsets/human/colonialism/col_a/ext/tradingpost/col_a_trdpst_tarp_pole_a.cgf
     28: objects/buildingsets/human/colonialism/col_a/int/addons/decal/col_decal_stuc_panel_a.cgf
     29: objects/buildingsets/human/colonialism/col_a/int/addons/pipes/col_a_pipe_a_str_support_a.cgf
     30: objects/buildingsets/human/lowtech/prop/storage/crate/crate_weapon_1_01x005x0025_a.cgf
     31: objects/buildingsets/human/universal/prop/junk/scrap/scrap_pile_2_small_a.cgf
     32: objects/buildingsets/human/colonialism/col_a/int/addons/col_a_int_addn_airlock_b.cgf
     33: objects/buildingsets/human/colonialism/col_a/int/addons/decal/col_decal_gen_panel_d.cgf
     34: objects/buildingsets/human/colonialism/col_a/ext/garage/col_garage_sml_a_ext_tarp_a.cgf
     35: objects/buildingsets/human/universal/prop/storage/ammo-box/ammo-box_1_pallet_250x125x025_a.cgf
     36: objects/buildingsets/human/colonialism/col_a/ext/addons/col_a_ext_addon_vent_roof_a_tarp_a.cgf
     37: objects/buildingsets/human/colonialism/col_a/int/addons/col_a_int_addn_gen_g.cgf
     38: objects/buildingsets/human/colonialism/col_a/ext/garage/col_garage_sml_a_ext_addon_b.cgf
     39: Data/ObjectContainers/PU/loc/mod/outpost/col/module/hq_a/corr/corr_strgt/corr_ext/corr_strgt_8m_a_ext_ovrly_indy_b//Brush/designer_6.cgf
     40: objects/buildingsets/human/colonialism/props/dressing/sacks/sack_opened_1_a.cgf
     41: objects/buildingsets/human/colonialism/col_a/ext/corridor/corridor_a_ext_window_8m.cgf
     42: objects/buildingsets/human/colonialism/col_a/ext/addons/col_a_ext_adn_fluff_b.cgf
     43: objects/buildingsets/human/colonialism/col_a/ext/corridor/corridor_a_ext_8m_addon_a.cgf
     44: objects/buildingsets/human/colonialism/col_a/int/addons/pipes/col_a_pipe_a_str_addon_c.cgf
     45: objects/buildingsets/human/colonialism/col_a/int/addons/pipes/col_a_pipe_a_cnr_1m_c.cgf

[Materials]
      0: objects/planets/terrain_extension/biome_embed_piles/biome_embed_sand_piles_02
      1: materials/decals/stucco/decal_stucco_surface_a
      2: materials/decals/stucco/decal_stucco_surface_b
      3: materials/decals/streaks/dirt_streak001g
      4: materials/decals/debris/debris
      5: materials/decals/debris/fs_debris_a
      6: materials/pu/decal/stains/leaking/decal_leaking_c
      7: materials/decals/leakings/window_leakings_c
      8: materials/decals/dirty_rust/dirty_rust_c
      9: materials/pu/decal/spice/spice_3_c
     10: materials/decals/weathered/gloss_wear_light_a
     11: materials/pu/decal/stains/leaking/decal_leaking_d
     12: materials/decals/weathered/gloss_wear_dark_c
     13: materials/bhvr/special/proxy_nodraw
     14: materials/decals/streaks/dirt_leaking_streak_big_dark_a
     15: materials/pu/decal/markings/electric_a
     16: materials/decals/oil/oil_line_a
     17: materials/pu/decal/markings/safety_gear_a
     18: materials/decals/leakings/rust_leakings_b
     19: materials/decals/oil/oil_dirt
     20: materials/decals/liquid/decal_wet_water_puddle_b
     21: materials/decals/puddles/puddle_water_b
     22: objects/buildingsets/human/colonialism/col_a/col_a_default

[Palettes]
      0: Libs/Foundry/Records/TintPalettes/Brand/Colonialism/col_default|walls_ext<131>
      1: Libs/Foundry/Records/TintPalettes/Generic/gen_grey_darkgrey_blue_a<222>
      2: Libs/Foundry/Records/TintPalettes/default
      3: Libs/Foundry/Records/TintPalettes/Generic/gen_grey_darkgrey_blue_a<131>
      4: Libs/Foundry/Records/TintPalettes/Generic/gen_brown_silver_darkgrey
      5: Libs/Foundry/Records/TintPalettes/Generic/gen_glossy_lightgrey_darkgrey_red_a<232>
      6: Libs/Foundry/Records/TintPalettes/Generic/gen_grey_darkgrey_blue_a<232>
      7: Libs/Foundry/Records/TintPalettes/generic/gen_glossy_dark_a<133>
      8: Libs/Foundry/Records/TintPalettes/Generic/gen_grey_darkgrey_blue_a<221>
      9: Libs/Foundry/Records/TintPalettes/Brand/Colonialism/col_default|walls_ext

[Placements]
  #0 objects/buildingsets/human/colonialism/col_a/ext/addons/wall/col_a_addn_ext_wall_stght_4m_a.cgf
    [-1.00000000000000000, 0.00000000000000000, 0.00000000000000000, -4.97755100000000539]
    [0.00000000000000000, -1.00000000000000000, 0.00000000000000000, -9.51961399999999713]
    [0.00000000000000000, 0.00000000000000000, 1.00000000000000000, 0.17418200000000000]
  #1 objects/landscape/terrain/sand/pile/sand_pile_single_centre_2x003_a.cgf
    [0.80901693493212368, -0.58778554144700645, 0.00000000000000000, -11.47365800000000036]
    [0.58778554144700645, 0.80901693493212368, 0.00000000000000000, -5.81718000000000046]
    [0.00000000000000000, 0.00000000000000000, 1.00000012187055187, -0.36604900000000001]
  #2 objects/buildingsets/human/colonialism/props/dressing/sacks/sack_upright_1_b.cgf
    [-0.00000082801489194, -0.99999959688881801, 0.00000007499684462, -4.67499599999999305]
    [0.99452153009832289, -0.00000083131824875, -0.10452808210566890, -9.15157099999999701]
    [0.10452808210569513, -0.00000001196483677, 0.99452153009866751, 0.00545400000000000]
  #3 objects/buildingsets/human/universal/prop/junk/scrap/scrap_pile_rusted_2_heaped_e.cgf
    [0.04754735609146415, -0.45238695003716195, 0.00000000000000000, -3.51321799999999484]
    [0.45238695003716195, 0.04754735609146415, 0.00000000000000000, 6.98889399999999839]
    [0.00000000000000000, 0.00000000000000000, 0.45487877905571078, -0.05573400000000000]
  #4 objects/buildingsets/human/universal/prop/junk/scrap/scrap_pile_3_medium_a.cgf
    [0.99677516550858725, -0.02012213839663754, 0.07768115483585278, -3.04908699999998589]
    [0.01468475399720529, 0.99744286527428638, 0.06994341540431140, 5.61464000000000141]
    [-0.07888992502421796, -0.06857713106222123, 0.99452176932931180, -0.14183499999999999]
  #5 objects/landscape/terrain/sand/pile/sand_pile_single_centre_2x003_a.cgf
    [0.80901693493212368, -0.58778554144700645, 0.00000000000000000, -8.69240800000000036]
    [0.58778554144700645, 0.80901693493212368, 0.00000000000000000, -6.03593000000000046]
    [0.00000000000000000, 0.00000000000000000, 1.00000012187055187, -0.36604900000000001]
  #6 objects/buildingsets/human/colonialism/props/dressing/sacks/sack_upright_1_b.cgf
    [0.00000055764256232, -0.99999961589213160, 0.00000000000000000, -4.70441800000000399]
    [0.93358008088603606, 0.00000052060418841, -0.35836777806782982, -8.75215399999999732]
    [0.35836777806777409, 0.00000019984120279, 0.93358008088618116, 0.00545400000000000]
  #7 objects/landscape/terrain/sand/pile/sand_pile_single_edge_4m_a.cgf
    [-1.00000000000000000, 0.00000000000000000, 0.00000000000000000, -4.89490000000000691]
    [0.00000000000000000, -1.00000000000000000, 0.00000000000000000, 4.91771500000000117]
    [0.00000000000000000, 0.00000000000000000, 1.00000000000000000, -0.09646800000000000]
  #8 objects/buildingsets/human/colonialism/col_a/ext/addons/wall/col_a_addn_ext_wall_end_1m_a.cgf
    [1.00000000000000000, 0.00000000000000000, 0.00000000000000000, -4.97755100000000539]
    [0.00000000000000000, 1.00000000000000000, 0.00000000000000000, -9.51961399999999713]
    [0.00000000000000000, 0.00000000000000000, 1.00000000000000000, 0.17418200000000000]
  #9 objects/buildingsets/human/lowtech/prop/storage/tarp/tarp_bundle_1_b.cgf
    [-0.89879232150336574, -0.43836834218528614, 0.00000000000000000, -5.57094100000000481]
    [0.43836834218528614, -0.89879232150336574, 0.00000000000000000, -6.08078199999999924]
    [0.00000000000000000, 0.00000000000000000, 0.99999722030797922, -0.07773900000000000]
  #10 objects/buildingsets/human/universal/prop/junk/scrap/scrap_pile_rusted_2_heaped_a.cgf
    [-0.93969362245519283, 0.34201789259402177, 0.00000000000000000, -7.04071600000000331]
    [-0.34201789259402177, -0.93969362245519283, 0.00000000000000000, -5.99793600000000282]
    [0.00000000000000000, 0.00000000000000000, 1.00000017146869480, -0.13788700000000001]
  #11 objects/buildingsets/human/colonialism/props/dressing/sacks/sack_stack_1_a.cgf
    [-0.06975438048335603, 0.99756409822742198, 0.00000000000000000, -9.55122299999999314]
    [-0.99756409822742198, -0.06975438048335603, -0.00000000000000000, -5.60244600000000048]
    [-0.00000000000000000, 0.00000000000000000, 0.99999990183444831, 0.00000000000000000]
  #12 objects/buildingsets/human/lowtech/prop/storage/tank/tank_water_3_0125x0125x0125_a.cgf
    [1.29999995231628418, 0.00000000000000000, 0.00000000000000000, -4.27951300000000856]
    [0.00000000000000000, 1.29999995231628418, 0.00000000000000000, -6.08154600000000300]
    [0.00000000000000000, 0.00000000000000000, 1.29999995231628418, -0.06124100000000000]
  #13 objects/buildingsets/human/lowtech/prop/storage/tank/tank_water_3_0125x0125x0125_a.cgf
    [-0.00000083215726982, -1.30000050708776738, 0.00000000000000000, -2.58621299999998655]
    [1.30000050708776738, -0.00000083215726982, 0.00000000000000000, -6.08154700000000048]
    [0.00000000000000000, 0.00000000000000000, 1.30000050708803361, -0.09156700000000000]
  #14 objects/buildingsets/human/universal/prop/junk/scrap/scrap_pile_2_large_a.cgf
    [1.00000000000000000, 0.00000000000000000, 0.00000000000000000, -5.83564799999999195]
    [0.00000000000000000, 1.00000000000000000, 0.00000000000000000, 5.73540900000000065]
    [0.00000000000000000, 0.00000000000000000, 1.00000000000000000, -0.57137899999999997]
  #15 objects/landscape/terrain/sand/pile/sand_pile_single_centre_2x003_a.cgf
    [0.80901693493212368, -0.58778554144700645, 0.00000000000000000, -10.25490800000000036]
    [0.58778554144700645, 0.80901693493212368, 0.00000000000000000, -6.03593000000000046]
    [0.00000000000000000, 0.00000000000000000, 1.00000012187055187, -0.36604900000000001]
  #16 objects/buildingsets/human/colonialism/col_a/ext/addons/wall/col_a_addn_ext_wall_end_1m_a.cgf
    [-1.00000000000000000, 0.00000000000000000, 0.00000000000000000, -8.97755100000000539]
    [0.00000000000000000, -1.00000000000000000, 0.00000000000000000, -9.51961399999999713]
    [0.00000000000000000, 0.00000000000000000, 1.00000000000000000, 0.17418200000000000]
  #17 objects/landscape/terrain/sand/pile/sand_pile_single_centre_1x002_a.cgf
    [1.41103102890252585, -0.02462812718282609, 0.00000000000000000, -3.10677300000000400]
    [0.02462812718282609, 1.41103102890252585, 0.00000000000000000, -6.25669099999999645]
    [0.00000000000000000, 0.00000000000000000, 1.41124594212853416, -0.29050900000000002]
  #18 objects/landscape/terrain/sand/pile/sand_pile_single_edge_4m_a.cgf
    [1.00000000000000000, 0.00000000000000000, 0.00000000000000000, -10.72646599999998784]
    [0.00000000000000000, 1.00000000000000000, 0.00000000000000000, -5.08962799999999760]
    [0.00000000000000000, 0.00000000000000000, 1.00000000000000000, -0.09646800000000000]
  #19 objects/landscape/terrain/sand/pile/sand_pile_single_edge_2m_a.cgf
    [1.49947905540466309, 0.00000000000000000, 0.00000000000000000, -7.53877199999999448]
    [0.00000000000000000, 1.49947905540466309, 0.00000000000000000, -4.99560199999999810]
    [0.00000000000000000, 0.00000000000000000, 1.49947905540466309, -0.09586300000000000]
  #20 objects/landscape/terrain/sand/pile/sand_pile_single_centre_2x003_a.cgf
    [-0.80901843164246001, 0.58778523800186211, 0.00000000000000000, -5.36645799999999440]
    [-0.58778523800186211, -0.80901843164246001, 0.00000000000000000, 5.86401700000000048]
    [0.00000000000000000, 0.00000000000000000, 1.00000115437439918, -0.36604900000000001]
  #21 Data/ObjectContainers/PU/loc/mod/outpost/col/module/hq_a/corr/corr_strgt/corr_ext/corr_strgt_8m_a_ext_ovrly_indy_b//Brush/designer_5.cgf
    [1.00000000000000000, 0.00000000000000000, 0.00000000000000000, -14.28287399999999252]
    [0.00000000000000000, 1.00000000000000000, 0.00000000000000000, -0.48269899999999666]
    [0.00000000000000000, 0.00000000000000000, 1.00000000000000000, 6.71695900000000012]
  #22 objects/buildingsets/human/colonialism/col_a/ext/addons/col_a_ext_addon_light_a.cgf
    [1.70181798934936501, 0.00000000000000000, 0.00000000000000000, -6.25000000000000000]
    [0.00000000000000000, 1.70181798934936501, 0.00000000000000000, 1.59375000000000000]
    [0.00000000000000000, 0.00000000000000000, 1.70181798934936501, 4.23646499999999993]
  #23 objects/buildingsets/human/colonialism/col_a/ext/tradingpost/col_a_trdpst_tarp_pole_b.cgf
    [0.00000000000000000, 0.00000000000000000, -0.83123668034857690, -5.82287199999998961]
    [0.83123668034857690, 0.00000000000000000, 0.00000000000000000, 4.42050599999999960]
    [0.00000000000000000, -0.83123668034857690, 0.00000000000000000, 3.84262699999999979]
  #24 objects/buildingsets/human/colonialism/col_a/int/addons/pipes/col_a_pipe_a_addon_cap_a.cgf
    [-0.00000064012100026, -1.00000042674731060, 0.00000000000000000, -11.29050599999999349]
    [1.00000042674731060, -0.00000064012100026, 0.00000000000000000, 1.51877100000000098]
    [0.00000000000000000, 0.00000000000000000, 1.00000042674751533, 4.25493300000000030]
  #25 objects/buildingsets/human/colonialism/col_a/ext/corridor/corridor_a_ext_8m_addon_c.cgf
    [-0.00000064012100026, -1.00000042674731060, 0.00000000000000000, -4.00000000000000000]
    [1.00000042674731060, -0.00000064012100026, 0.00000000000000000, 0.00000000000000000]
    [0.00000000000000000, 0.00000000000000000, 1.00000042674751533, 0.00000000000000000]
  #26 objects/buildingsets/human/colonialism/col_a/ext/habitation/col_a_ext_hab_addon_c.cgf
    [-0.00000050768252127, 0.79310433139399150, 0.00000000000000000, -3.96542600000000789]
    [-0.79310433139399150, -0.00000050768252127, -0.00000000000000000, -4.65866900000000328]
    [-0.00000000000000000, 0.00000000000000000, 0.79310433139415393, 3.80369000000000002]
  #27 objects/buildingsets/human/colonialism/col_a/ext/addons/col_a_ext_addon_vent_roof_a_roofcover_a.cgf
    [1.00000000000000000, 0.00000000000000000, 0.00000000000000000, -12.38735500000001366]
    [0.00000000000000000, 1.00000000000000000, 0.00000000000000000, -0.79715199999999697]
    [0.00000000000000000, 0.00000000000000000, 1.00000000000000000, 4.56011100000000003]
  #28 objects/buildingsets/human/colonialism/col_a/ext/corridor/corridor_a_ext_cap_8m.cgf
    [-0.00000064012100026, 1.00000042674731060, 0.00000000000000000, -8.00000000000000000]
    [-1.00000042674731060, -0.00000064012100026, -0.00000000000000000, 0.00000000000000000]
    [-0.00000000000000000, 0.00000000000000000, 1.00000042674751533, 0.00000000000000000]
  #29 objects/buildingsets/human/colonialism/col_a/int/addons/col_a_int_addn_gen_e.cgf
    [-0.00000064012100026, 1.00000042674731060, 0.00000000000000000, -4.28125000000000000]
    [-1.00000042674731060, -0.00000064012100026, -0.00000000000000000, 3.21875000000000000]
    [-0.00000000000000000, 0.00000000000000000, 1.00000042674751533, 4.25000000000000000]
  #30 objects/buildingsets/human/colonialism/col_a/int/addons/pipes/col_a_pipe_a_cnr_1m_b.cgf
    [0.00000000000000000, 0.00000000000000000, -1.00000000000000000, -11.28282400000000507]
    [-1.00000000000000000, 0.00000000000000000, 0.00000000000000000, 2.27250599999999991]
    [0.00000000000000000, 1.00000000000000000, 0.00000000000000000, 4.83275599999999983]
  #31 objects/buildingsets/human/colonialism/col_a/ext/tradingpost/col_a_trdpst_tarp_pole_b.cgf
    [0.79775551975429182, -0.00000000000000000, 0.00000000000000000, -5.92588299999999890]
    [0.00000000000000000, -0.07729295798700546, 0.79400230978509090, 4.42050599999999960]
    [-0.00000000000000000, -0.79400230978509090, -0.07729295798700546, 3.84262699999999979]
  #32 objects/buildingsets/human/colonialism/col_a/int/addons/col_a_light_addn_g.cgf
    [-0.00934425119485011, 0.14458285336057958, 0.54097133946196707, -11.36301800000001094]
    [-0.55995165012160408, 0.00037787977901987, -0.00977309411186797, -0.74682099999999707]
    [-0.00288810166967191, -0.54105190356983290, 0.14455449888453795, 4.64904299999999981]
  #33 objects/buildingsets/human/universal/prop/tool/construction/construction_cablespool_2_b.cgf
    [-0.10068291087630549, -0.82001123331117176, 0.00000000000000000, -3.00553800000000138]
    [0.82001123331117176, -0.10068291087630549, 0.00000000000000000, 1.74399599999999921]
    [0.00000000000000000, 0.00000000000000000, 0.82616915416822168, 4.50172400000000028]
  #34 objects/buildingsets/human/colonialism/col_a/ext/corridor/corridor_a_ext_glass_8m.cgf
    [-0.00000064012100026, -1.00000042674731060, 0.00000000000000000, -4.00000000000000000]
    [1.00000042674731060, -0.00000064012100026, 0.00000000000000000, 0.00000000000000000]
    [0.00000000000000000, 0.00000000000000000, 1.00000042674751533, 0.00000000000000000]
  #35 objects/buildingsets/human/colonialism/col_a/ext/tradingpost/col_a_trdpst_tarp_pole_a.cgf
    [-0.00000044422413767, 0.69396930745617202, 0.00000000000000000, -5.92069100000000503]
    [-0.69396930745617202, -0.00000044422413767, -0.00000000000000000, 8.35840800000000073]
    [-0.00000000000000000, 0.00000000000000000, 0.69396930745631413, 0.00000000000000000]
  #36 objects/buildingsets/human/colonialism/col_a/int/addons/decal/col_decal_stuc_panel_a.cgf
    [-1.00000000000000000, 0.00000000000000000, 0.00000000000000000, -7.69136100000000056]
    [0.00000000000000000, -1.00000000000000000, 0.00000000000000000, 1.57630500000000140]
    [0.00000000000000000, 0.00000000000000000, 1.00000000000000000, 4.34120300000000015]
  #37 objects/buildingsets/human/lowtech/prop/storage/tarp/tarp_bundle_1_b.cgf
    [0.10068475151225578, 0.82001106188216200, 0.00000000000000000, -2.99469899999999711]
    [-0.82001106188216200, 0.10068475151225578, -0.00000000000000000, 1.79322300000000112]
    [-0.00000000000000000, 0.00000000000000000, 0.82616920833216467, 5.21667699999999979]
  #38 objects/buildingsets/human/colonialism/col_a/int/addons/pipes/col_a_pipe_a_str_support_a.cgf
    [-0.00000064012100026, -1.00000042674731060, 0.00000000000000000, -11.28435500000000502]
    [1.00000042674731060, -0.00000064012100026, 0.00000000000000000, 2.05750000000000099]
    [0.00000000000000000, 0.00000000000000000, 1.00000042674751533, 4.83275599999999983]
  #39 objects/buildingsets/human/lowtech/prop/storage/crate/crate_weapon_1_01x005x0025_a.cgf
    [-1.00000066635638762, -0.00000000000000000, 0.00000000000000000, -3.35007300000000896]
    [0.00000000000000000, -0.25882013578294272, -0.96592622390455807, -5.07556499999999744]
    [0.00000000000000000, -0.96592622390455807, 0.25882013578294283, 1.04168499999999997]
  #40 objects/buildingsets/human/universal/prop/junk/scrap/scrap_pile_2_small_a.cgf
    [-0.62216325547386442, -0.50381897017901744, 0.00000000000000000, -12.40692100000001119]
    [0.50381897017901744, -0.62216325547386442, 0.00000000000000000, 2.68998399999999904]
    [0.00000000000000000, 0.00000000000000000, 0.80057521269027743, 4.23926599999999976]
  #41 objects/buildingsets/human/colonialism/col_a/int/addons/col_a_int_addn_airlock_b.cgf
    [0.00000003689067594, -0.99999997537626062, -0.00000000000000001, -3.02393299999999954]
    [0.99756396092460486, 0.00000003680080971, -0.06975739829534548, -5.44853599999999716]
    [0.06975739829534543, 0.00000000257339763, 0.99756396092460564, 1.59187799999999990]
  #42 objects/buildingsets/human/colonialism/col_a/int/addons/decal/col_decal_gen_panel_d.cgf
    [0.62881201505661011, 0.00000000000000000, 0.00000000000000000, -5.81229099999998766]
    [0.00000000000000000, 0.62881201505661011, 0.00000000000000000, 1.58138399999999990]
    [0.00000000000000000, 0.00000000000000000, 0.62881201505661011, 4.35083000000000020]
  #43 objects/buildingsets/human/colonialism/col_a/ext/garage/col_garage_sml_a_ext_tarp_a.cgf
    [-0.00000045256555817, 0.70700031887649373, 0.00000000000000000, -8.23281000000000063]
    [-0.70700031887649373, -0.00000045256555817, -0.00000000000000000, -3.00017600000000328]
    [-0.00000000000000000, 0.00000000000000000, 0.70700031887663850, 4.94201300000000021]
  #44 objects/buildingsets/human/universal/prop/storage/ammo-box/ammo-box_1_pallet_250x125x025_a.cgf
    [0.12186943568311163, 0.99254637732629858, 0.00000000000000000, -3.04477800000000798]
    [-0.99254637732629858, 0.12186943568311163, -0.00000000000000000, 2.15068600000000032]
    [-0.00000000000000000, 0.00000000000000000, 1.00000023524861192, 4.25172300000000014]
  #45 objects/buildingsets/human/colonialism/col_a/ext/addons/col_a_ext_addon_vent_roof_a_tarp_a.cgf
    [1.00000000000000000, 0.00000000000000000, 0.00000000000000000, -12.36978099999998904]
    [0.00000000000000000, 1.00000000000000000, 0.00000000000000000, -0.78802699999999959]
    [0.00000000000000000, 0.00000000000000000, 1.00000000000000000, 4.22921999999999976]
  #46 objects/buildingsets/human/colonialism/col_a/int/addons/col_a_int_addn_gen_g.cgf
    [1.65498197077190112, 0.00000000000000000, 0.00000000000000000, -9.70339699999999539]
    [0.00000000000000000, 1.65498197077190112, 0.00000000000000000, 1.55971399999999960]
    [0.00000000000000000, 0.00000000000000000, 1.65498197077190112, 4.34018200000000043]
  #47 objects/buildingsets/human/colonialism/props/dressing/sacks/sack_stack_1_a.cgf
    [0.99756411930375677, 0.06975549450516991, 0.00000000000000000, -10.44278199999999401]
    [-0.06975549450516991, 0.99756411930375677, -0.00000000000000000, -5.65498500000000348]
    [-0.00000000000000000, 0.00000000000000000, 1.00000000056797034, 0.12500000000000000]
  #48 objects/buildingsets/human/colonialism/col_a/ext/garage/col_garage_sml_a_ext_addon_b.cgf
    [-0.00000044808469255, 0.70000028680218329, 0.00000000000000000, -7.92735099999998738]
    [-0.70000028680218329, -0.00000044808469255, -0.00000000000000000, -2.99912400000000190]
    [-0.00000000000000000, 0.00000000000000000, 0.70000028680232673, 4.23942599999999992]
  #49 objects/buildingsets/human/colonialism/col_a/ext/tradingpost/col_a_trdpst_tarp_pole_b.cgf
    [0.79775551975429182, -0.00000000000000000, 0.00000000000000000, -9.93558899999999312]
    [0.00000000000000000, -0.07729295798700546, 0.79400230978509090, 4.42050599999999960]
    [-0.00000000000000000, -0.79400230978509090, -0.07729295798700546, 3.84262699999999979]
  #50 Data/ObjectContainers/PU/loc/mod/outpost/col/module/hq_a/corr/corr_strgt/corr_ext/corr_strgt_8m_a_ext_ovrly_indy_b//Brush/designer_6.cgf
    [0.70710739454380356, 0.00000000000000000, 0.70710630719099521, -13.71810199999998758]
    [0.00000000000000000, 1.00000009854390126, 0.00000000000000000, -0.48269899999999666]
    [-0.70710630719099521, 0.00000000000000000, 0.70710739454380356, 6.65844199999999997]
  #51 objects/buildingsets/human/colonialism/col_a/ext/tradingpost/col_a_trdpst_tarp_pole_a.cgf
    [-0.00000044422413767, 0.69396930745617202, 0.00000000000000000, -9.93506700000000365]
    [-0.69396930745617202, -0.00000044422413767, -0.00000000000000000, 8.34947899999999876]
    [-0.00000000000000000, 0.00000000000000000, 0.69396930745631413, 0.00000000000000000]
  #52 objects/buildingsets/human/colonialism/props/dressing/sacks/sack_opened_1_a.cgf
    [-0.75470829956629315, 0.65605775802144795, 0.00000000000000000, -9.00585499999999683]
    [-0.65605775802144795, -0.75470829956629315, 0.00000000000000000, -5.51003099999999790]
    [0.00000000000000000, 0.00000000000000000, 0.99999819964556647, 0.00000000000000000]
  #53 objects/buildingsets/human/colonialism/col_a/ext/corridor/corridor_a_ext_window_8m.cgf
    [-0.00000064012100026, -1.00000042674731060, 0.00000000000000000, -4.00000000000000000]
    [1.00000042674731060, -0.00000064012100026, 0.00000000000000000, 0.00000000000000000]
    [0.00000000000000000, 0.00000000000000000, 1.00000042674751533, 0.00000000000000000]
  #54 objects/buildingsets/human/colonialism/col_a/ext/addons/col_a_ext_adn_fluff_b.cgf
    [-1.06151998043060303, 0.00000000000000000, 0.00000000000000000, -4.37626199999999699]
    [0.00000000000000000, -1.06151998043060303, 0.00000000000000000, -3.32434200000000146]
    [0.00000000000000000, 0.00000000000000000, 1.06151998043060303, 4.25472599999999979]
  #55 objects/buildingsets/human/colonialism/col_a/ext/corridor/corridor_a_ext_8m_addon_a.cgf
    [-0.00000064012100026, -1.00000042674731060, 0.00000000000000000, -4.00000000000000000]
    [1.00000042674731060, -0.00000064012100026, 0.00000000000000000, 0.00000000000000000]
    [0.00000000000000000, 0.00000000000000000, 1.00000042674751533, 0.00000000000000000]
  #56 objects/buildingsets/human/colonialism/col_a/int/addons/pipes/col_a_pipe_a_str_addon_c.cgf
    [-0.00000064012100026, -1.00000042674731060, 0.00000000000000000, -11.28282400000000507]
    [1.00000042674731060, -0.00000064012100026, 0.00000000000000000, 2.27250599999999991]
    [0.00000000000000000, 0.00000000000000000, 1.00000042674751533, 4.83275599999999983]
  #57 objects/buildingsets/human/colonialism/col_a/int/addons/pipes/col_a_pipe_a_cnr_1m_c.cgf
    [0.00000000000000000, 0.00000000000000000, 1.00000000000000000, -11.28725499999998760]
    [1.00000000000000000, 0.00000000000000000, 0.00000000000000000, 3.30750000000000099]
    [0.00000000000000000, 1.00000000000000000, 0.00000000000000000, 4.83332699999999971]
