# IncludedObjects
# Cgfs: 20, Materials: 10, Palettes: 4, Placements: 44

[CGFs]
      0: objects/buildingsets/human/colonialism/col_a/ext/addons/wall/col_a_addn_ext_wall_stght_4m_broken_a.cgf
      1: objects/buildingsets/human/colonialism/col_a/ext/addons/wall/addn_wall_arch_b.cgf
      2: objects/buildingsets/human/lowtech/prop/storage/canister/canister_liquid_1_a.cgf
      3: objects/planets/terrain_extension/biome_embed_piles/pile_mound_10x5x04_b.cgf
      4: objects/buildingsets/human/colonialism/col_a/ext/addons/foundations/col_a_ext_brick_foundation_sngl_sml_001.cgf
      5: objects/buildingsets/human/colonialism/col_a/ext/addons/foundations/col_a_ext_brick_foundation_2m_001.cgf
      6: objects/buildingsets/human/lowtech/prop/storage/crate/crate_weapon_2_015x0075x0075_a.cgf
      7: objects/buildingsets/human/colonialism/col_a/ext/addons/wall/col_a_addn_ext_wall_stght_4m_broken_b.cgf
      8: objects/buildingsets/human/colonialism/col_a/int/addons/col_a_int_addn_gen_e.cgf
      9: objects/buildingsets/human/colonialism/col_a/int/addons/col_a_int_addn_gen_c.cgf
     10: objects/buildingsets/human/lowtech/prop/storage/crate/crate_weapon_1_015x0075x0075_a.cgf
     11: objects/buildingsets/human/universal/prop/junk/aurora/aurora_door_frame_1_a.cgf
     12: objects/buildingsets/human/colonialism/col_a/ext/addons/col_a_ext_addon_light_b_base.cgf
     13: objects/buildingsets/human/colonialism/col_a/ext/addons/col_a_ext_addon_light_b.cgf
     14: objects/buildingsets/human/lowtech/prop/light/lamp/lamp_lantern_1_a.cgf
     15: objects/buildingsets/human/colonialism/col_a/int/addons/col_a_int_addn_gen_a.cgf
     16: objects/buildingsets/human/colonialism/col_a/ext/nongp/col_a_ext_adn_fluff_a.cgf
     17: objects/buildingsets/human/colonialism/col_a/ext/addons/wall/addn_wall_arch_b_cable_addon.cgf
     18: objects/buildingsets/human/lowtech/alpha/int/universal/prop/cable_hanging_i.cgf
     19: objects/buildingsets/human/colonialism/col_a/ext/addons/col_a_ext_adn_pole_a.cgf

[Materials]
      0: materials/decals/weathered/gloss_wear_dark_a
      1: materials/decals/debris/debris
      2: materials/decals/tracks/tyretracks
      3: materials/decals/paths/outpost_path_lg_1
      4: materials/decals/weathered/weathered001i
      5: materials/decals/leakings/rust_leakings_c
      6: materials/decals/weathered/weathered_big_c
      7: materials/decals/tracks/tyre_track_a
      8: materials/decals/tracks/tyre_track_c
      9: objects/planets/terrain_extension/biome_embed_piles/biome_embed_sand_piles_02

[Palettes]
      0: Libs/Foundry/Records/TintPalettes/Brand/Colonialism/col_default|walls_ext
      1: Libs/Foundry/Records/TintPalettes/default
      2: Libs/Foundry/Records/TintPalettes/Brand/AEGS/Hammerhead/aegs_hammerhead_navy
      3: Libs/Foundry/Records/TintPalettes/Brand/DRAK/drak_cutlass_black_default

[Placements]
  #0 objects/buildingsets/human/colonialism/col_a/ext/addons/wall/col_a_addn_ext_wall_stght_4m_broken_a.cgf
    [-1.5111774527670392, -1.6948051445971639E-05, -0.0058180431691126962, -8.7817959999999999]
    [-1.6948056567871529E-05, -1.5111630060091119, 0.0088041267198935708, 0.19776799999999639]
    [-0.0058180431690977759, 0.0088041267199034309, 1.5111518062032725, -9.9999999999999995E-07]
  #1 objects/buildingsets/human/colonialism/col_a/ext/addons/wall/addn_wall_arch_b.cgf
    [0.99999258875141661, 1.1215050178361022E-05, 0.0038499768018775238, -0.65570000000000128]
    [1.1215053567335568E-05, 0.99998302886116819, -0.0058259650512789488, 0.2967999999999904]
    [-0.0038499768018676515, 0.0058259650512854731, 0.99997561761012865, 0]
  #2 objects/buildingsets/human/lowtech/prop/storage/canister/canister_liquid_1_a.cgf
    [0.70710945136619652, -0.70710725549250097, -1.3010013963033414E-06, 6.9004759999999976]
    [0.70710295088326169, 0.70710515316115186, -0.0034880092260138216, 2.8290229999999923]
    [0.0024673110896913275, 0.0024654788662749403, 0.99999614037914153, -0.0053480000000000003]
  #3 objects/planets/terrain_extension/biome_embed_piles/pile_mound_10x5x04_b.cgf
    [0.35178088589719081, -0.049439236254709903, 0, 8.0769359999999999]
    [0.049439236254709903, 0.35178088589719081, 0, -0.50572500000001241]
    [0, 0, 0.3552379903164376, -0.42322399999999999]
  #4 objects/planets/terrain_extension/biome_embed_piles/pile_mound_10x5x04_b.cgf
    [0.21365525621098014, -0.030027517882221976, 0, 17.244053999999998]
    [0.030027517882221976, 0.21365525621098014, 0, -0.15007300000000612]
    [0, 0, 0.21575500072245538, -0.27830199999999999]
  #5 objects/buildingsets/human/colonialism/col_a/ext/addons/foundations/col_a_ext_brick_foundation_sngl_sml_001.cgf
    [0.72120340923274906, -0.59351025728549966, -0.35722729083480625, 12.502087]
    [-0.18240085913531048, 0.33478539503904037, -0.92447216624648543, 1.0240259999999921]
    [0.66827815272308266, 0.73189099876598362, 0.13319157941690735, -0.028868999999999999]
  #6 objects/planets/terrain_extension/biome_embed_piles/pile_mound_10x5x04_b.cgf
    [0.3013375353467323, -0.042350552903194581, 0, 13.083055999999999]
    [0.042350552903194581, 0.3013375353467323, 0, -0.15007300000000612]
    [0, 0, 0.3042989969422335, -0.27830199999999999]
  #7 objects/buildingsets/human/colonialism/col_a/ext/addons/foundations/col_a_ext_brick_foundation_2m_001.cgf
    [0.66767740219456928, 0.040091300363430775, 0.74337162469699203, 12.094736000000001]
    [-0.45808870707686289, -0.76499559231428527, 0.45270109162573091, 1.4465639999999951]
    [0.58682486417850799, -0.64278785734147892, -0.49240445510473463, -0.5]
  #8 objects/planets/terrain_extension/biome_embed_piles/pile_mound_10x5x04_b.cgf
    [0.17060064576749312, -0.22639481621079438, 0, -14.115425]
    [0.22639481621079438, 0.17060064576749312, 0, -0.13189800000000673]
    [0, 0, 0.28347697109889725, -0.27830199999999999]
  #9 objects/buildingsets/human/lowtech/prop/storage/crate/crate_weapon_2_015x0075x0075_a.cgf
    [0.017450076016769372, -0.99984215776043006, -0.0034591532785459627, 6.7578209999999999]
    [0.99984814057520854, 0.017450124940802839, 1.6039838945522024E-05, 1.8169419999999974]
    [4.4325331737374638E-05, -0.0034589064667716954, 0.9999944226498203, -0.0056239999999999997]
  #10 objects/buildingsets/human/colonialism/col_a/ext/addons/wall/col_a_addn_ext_wall_stght_4m_broken_b.cgf
    [0.99999258875141661, 1.1215050178361022E-05, 0.0038499768018775238, 13.588100000000001]
    [1.1215053567335568E-05, 0.99998302886116819, -0.0058259650512789488, 0.19780000000000086]
    [-0.0038499768018676515, 0.0058259650512854731, 0.99997561761012865, 0]
  #11 objects/buildingsets/human/colonialism/col_a/ext/addons/foundations/col_a_ext_brick_foundation_sngl_sml_001.cgf
    [-0.64887258166765271, 0.36692095580098588, 0.66658322438993323, 13.228445000000001]
    [0.63380941159681681, -0.22408641245407773, 0.74031798546894134, 1.4426999999999879]
    [0.42101046615884263, 0.90285884945077965, -0.087154434409054196, -0.27886899999999998]
  #12 objects/buildingsets/human/colonialism/col_a/ext/addons/wall/col_a_addn_ext_wall_stght_4m_broken_b.cgf
    [-1, 0, 0, -14.647377000000001]
    [0, -1, 0, 0.24056999999999107]
    [0, 0, 1, 0]
  #13 objects/buildingsets/human/colonialism/col_a/ext/addons/wall/col_a_addn_ext_wall_stght_4m_broken_a.cgf
    [1.5111638367247413, 1.0926512393540004E-05, 0.0058180064662253757, 7.5602330000000002]
    [2.3015845795461665E-05, 1.5111493195751553, -0.0088161307321199863, 0.19776600000000144]
    [-0.0058179712014202753, 0.0088161540042308185, 1.511138119889424, -3.0000000000000001E-06]
  #14 objects/buildingsets/human/colonialism/col_a/int/addons/col_a_int_addn_gen_e.cgf
    [0.2763083056134305, 4.9700838450592777E-06, -0.44564574859599176, 3.2161059999999999]
    [-8.3774381642549677E-05, -0.52435331853586764, -5.7789482978713513E-05, 0.34070599999999729]
    [-0.44564574074957414, 0.00010165170745792547, -0.27630829961483649, 6.8840709999999996]
  #15 objects/buildingsets/human/colonialism/col_a/int/addons/col_a_int_addn_gen_c.cgf
    [-7.6236174319120607E-07, -1.1909655646605075, 0, 5.8692080000000004]
    [1.1909655646605075, -7.6236174319120607E-07, 0, 0.028630999999990081]
    [0, 0, 1.1909655646607513, 8.7773090000000007]
  #16 objects/buildingsets/human/lowtech/prop/storage/crate/crate_weapon_1_015x0075x0075_a.cgf
    [-0.12187023539556469, 0.99254634492109051, 0, -9.6050140000000006]
    [-0.99254634492109051, -0.12187023539556469, -0, -0.9096839999999986]
    [-0, 0, 1.0000003005457478, 0.75051500000000004]
  #17 objects/buildingsets/human/universal/prop/junk/aurora/aurora_door_frame_1_a.cgf
    [0.043088410348728325, -0.13260315909624934, 0.0024099642903493671, -2.9932020000000001]
    [-0.13262438388771564, -0.043089150229438412, 0.00033877348640477508, 0.27477399999999363]
    [0.00042252643681304548, -0.0023966991396593869, -0.13942773806244768, 5.885554]
  #18 objects/buildingsets/human/universal/prop/junk/aurora/aurora_door_frame_1_a.cgf
    [-0.061581842414825672, -0.32095643368013704, 0.0052738267750281871, 2.7758909999999979]
    [-0.32073768727946705, 0.061306310972593481, -0.014214115458939936, 0.32813899999999308]
    [0.012968482106399228, -0.0078532031037712585, -0.32650163025258633, 7.0976470000000003]
  #19 objects/buildingsets/human/universal/prop/junk/aurora/aurora_door_frame_1_a.cgf
    [-0.049606120651892294, 0.23063189513087282, -0.0038070290664782343, 2.3302489999999985]
    [0.23040882685274036, 0.049727511699020517, 0.01026054660672272, 0.32813899999999308]
    [0.010832221854949893, -0.0015605308926404393, -0.23568317598233285, 7.1108279999999997]
  #20 objects/buildingsets/human/colonialism/col_a/ext/addons/col_a_ext_addon_light_b_base.cgf
    [1.1147176590612642, -0.052530794892470624, -1.0023204830306918, 5.8470949999999995]
    [1.0036960870277973, 0.058341298437297309, 1.1131898994869103, 0.54373099999999397]
    [-4.7903990982448052E-08, -1.4979446261536351, 0.078505996684217122, 10.716258]
  #21 objects/buildingsets/human/colonialism/col_a/ext/addons/col_a_ext_addon_light_b.cgf
    [1.0606601873250383, 0.5462818219524167, -0.90916302789800807, 5.6478110000000008]
    [1.0606607564587089, -0.54628046809547393, 0.90916317740796193, 0.75080899999998962]
    [8.7503391744549252E-07, -1.2857507901807603, -0.77255820416166476, 10.736528]
  #22 objects/buildingsets/human/lowtech/prop/light/lamp/lamp_lantern_1_a.cgf
    [0.99237061994386233, -0.00093582375058820337, 0.1232869175219807, -5.5301090000000013]
    [-0.010662390286663721, 0.99557329507148262, 0.09338155438744386, 0.21587199999999029]
    [-0.12282855218367876, -0.093983644855624271, 0.98796771627115576, 7.5615550000000002]
  #23 objects/buildingsets/human/lowtech/prop/light/lamp/lamp_lantern_1_a.cgf
    [0.99831936591439674, 0.0045056697393768101, -0.057776688047399535, 0.2426870000000001]
    [-2.9029966106428475E-05, 0.99701178791285416, 0.077249576188642685, 0.26730399999999577]
    [0.057952100037771924, -0.077118070542924674, 0.99533630517438598, 7.1638219999999997]
  #24 objects/buildingsets/human/colonialism/col_a/int/addons/col_a_int_addn_gen_a.cgf
    [0.0043988643658948905, -1.2845103421287442E-05, -1.2545057860989544, 5.3611819999999994]
    [0.0002430800269908565, 1.254513474737013, -1.19928336914167E-05, 0.38513299999999617]
    [1.254505762614446, -0.00024303648059483159, 0.0043988667720405222, 8.4057340000000007]
  #25 objects/buildingsets/human/colonialism/col_a/ext/nongp/col_a_ext_adn_fluff_a.cgf
    [-0.31824909726628031, 0.014729060540154442, 0.43958517913189227, -5.8179470000000002]
    [0.024985375270478411, 0.54231935891874572, -8.2535869372582979E-05, 0.19129699999999161]
    [-0.43912163002909194, 0.02018243209280865, -0.3185897461046544, 7.8104120000000004]
  #26 objects/buildingsets/human/colonialism/col_a/int/addons/col_a_int_addn_gen_e.cgf
    [-0.27630859429254506, -4.9700809144690361E-06, 0.44564548582274405, -5.2832670000000004]
    [8.3774332245295432E-05, 0.52435324732573607, 5.7789536451652236E-05, 0.21233099999999183]
    [-0.44564547797633097, 0.00010165169729102225, -0.27630858829394622, 7.3380549999999998]
  #27 objects/buildingsets/human/lowtech/prop/storage/crate/crate_weapon_2_015x0075x0075_a.cgf
    [0.069759709965432889, 0.99755794132115772, 0.0034604282263075866, 6.8246719999999996]
    [-0.99756390993674993, 0.069760184296758815, -1.6415334940999331E-05, 1.9052229999999923]
    [-0.00025777532786867721, -0.0034508527718507044, 0.99999413156173311, 0.72480999999999995]
  #28 objects/buildingsets/human/colonialism/col_a/int/addons/col_a_int_addn_gen_a.cgf
    [-0.0039852938230082674, 1.1641267149017427E-05, 1.1369341699315176, -6.6542380000000003]
    [-0.00022029869592978072, -1.1369411333972352, 1.0869125725390458E-05, 0.16002799999999695]
    [1.1369341486479649, -0.00022025924321481159, 0.0039852960036762947, 8.3668139999999998]
  #29 objects/buildingsets/human/colonialism/col_a/int/addons/col_a_int_addn_gen_e.cgf
    [-0.00020254302246642888, -0.99998351028692678, -0.005827998670999532, -6.9985180000000007]
    [-9.8799786636735619E-06, 0.0058280007913436328, -0.99998353073793744, -0.66812400000000594]
    [1.000000493158208, -0.00020248200221093031, -1.10602309590391E-05, 7.869904]
  #30 objects/buildingsets/human/universal/prop/junk/aurora/aurora_door_frame_1_a.cgf
    [-0.082605377564445234, -0.16951018214894556, -0.013056844275179641, -3.3177820000000011]
    [-0.16985235385723352, 0.08291346305431109, -0.0018349306957087484, 0.27845200000000148]
    [0.0073729860811016703, 0.010931021422183135, -0.18855763915597587, 7.1488649999999998]
  #31 objects/buildingsets/human/lowtech/prop/storage/crate/crate_weapon_1_015x0075x0075_a.cgf
    [-0.017453960263591629, -0.99984796222583483, 0, -9.5769839999999995]
    [0.99984796222583483, -0.017453960263591629, 0, -0.89933400000001029]
    [0, 0, 1.0000002941479755, 0.00049799999999999996]
  #32 objects/buildingsets/human/lowtech/prop/light/lamp/lamp_lantern_1_a.cgf
    [0.99831936591439674, 0.0045056697393768101, -0.057776688047399535, 3.3213529999999984]
    [-2.9029966106428475E-05, 0.99701178791285416, 0.077249576188642685, 0.35192099999999016]
    [0.057952100037771924, -0.077118070542924674, 0.99533630517438598, 7.9136129999999998]
  #33 objects/buildingsets/human/lowtech/prop/light/lamp/lamp_lantern_1_a.cgf
    [0.99959296485529858, 0.009961258118813111, 0.026733462035057502, -2.8066010000000006]
    [-0.008953501979224612, 0.99925445221922338, -0.037554953951021833, 0.26107999999999265]
    [-0.027087625551116545, 0.037300309658845052, 0.99893690866102869, 7.3046470000000001]
  #34 objects/buildingsets/human/colonialism/col_a/int/addons/col_a_int_addn_gen_e.cgf
    [0.00020354589643188184, 0.9999824998910295, 0.0058269823361327229, -6.9985180000000007]
    [9.874296234670863E-06, -0.005826984466396839, 0.99998252054569292, 1.0410009999999943]
    [0.99999947685684165, -0.00020348490343739294, -1.1060187766512312E-05, 7.8464359999999997]
  #35 objects/buildingsets/human/universal/prop/junk/aurora/aurora_door_frame_1_a.cgf
    [0.045489437310110764, -0.32322936037602656, -0.01693992424087367, -3.3749520000000004]
    [-0.32367295290516257, -0.045427103990759443, -0.0023805734261865678, 0.27477399999999363]
    [-1.8501909274556747E-07, 0.017106377848328178, -0.32640594539016649, 5.8490989999999998]
  #36 objects/buildingsets/human/colonialism/col_a/int/addons/col_a_int_addn_gen_e.cgf
    [-0.00020254302246642888, -0.99998351028692678, -0.005827998670999532, -6.9985180000000007]
    [-9.8799786636735619E-06, 0.0058280007913436328, -0.99998353073793744, -0.66812400000000594]
    [1.000000493158208, -0.00020248200221093031, -1.10602309590391E-05, 7.2959769999999997]
  #37 objects/buildingsets/human/colonialism/col_a/ext/addons/wall/addn_wall_arch_b_cable_addon.cgf
    [0.99999258875141661, 1.1215050178361022E-05, 0.0038499768018775238, -0.65570000000000128]
    [1.1215053567335568E-05, 0.99998302886116819, -0.0058259650512789488, 0.2967999999999904]
    [-0.0038499768018676515, 0.0058259650512854731, 0.99997561761012865, 0.033216000000000002]
  #38 objects/buildingsets/human/universal/prop/junk/aurora/aurora_door_frame_1_a.cgf
    [-0.055882522060552629, 0.15219430448393592, 0.0080169219845541879, 2.1837049999999998]
    [0.15221920550902399, 0.05531516269691477, 0.010944399358527805, 0.32813899999999308]
    [0.0075293312888295143, 0.011285392583708595, -0.16175964488053937, 6.1898540000000004]
  #39 objects/buildingsets/human/lowtech/alpha/int/universal/prop/cable_hanging_i.cgf
    [1.3186131560690877, -0.023017705145913416, 0, 5.1481220000000008]
    [0.023017705145913416, 1.3186131560690877, 0, 0.38501799999998809]
    [0, 0, 1.3188140392446026, 8.4659739999999992]
  #40 objects/buildingsets/human/universal/prop/junk/aurora/aurora_door_frame_1_a.cgf
    [-0.045489323560462445, 0.32125999801120264, -0.039445471161195046, -4.1752510000000012]
    [0.32367256837305486, 0.045150223997683016, -0.0055439905324779007, 0.27477399999999363]
    [-2.7697061845341477E-07, -0.039833164901576193, -0.32441721447716387, 7.1032640000000002]
  #41 objects/buildingsets/human/colonialism/col_a/int/addons/col_a_int_addn_gen_e.cgf
    [0.00020354589643188184, 0.9999824998910295, 0.0058269823361327229, -6.9985180000000007]
    [9.874296234670863E-06, -0.005826984466396839, 0.99998252054569292, 1.0410009999999943]
    [0.99999947685684165, -0.00020348490343739294, -1.1060187766512312E-05, 7.2725090000000003]
  #42 objects/buildingsets/human/universal/prop/junk/aurora/aurora_door_frame_1_a.cgf
    [0.045489153736913396, -0.32052278369608522, 0.045046275542985882, 4.3396529999999984]
    [-0.32367270785239877, -0.045046422343588424, 0.0063311090514496645, 0.27477399999999363]
    [-2.7885247477874961E-07, -0.045489008365078673, -0.32367272828300897, 7.5926169999999997]
  #43 objects/buildingsets/human/colonialism/col_a/ext/addons/col_a_ext_adn_pole_a.cgf
    [2.2623067712950064E-05, -1.0783670545358557, 0.004151136726129055, 5.8734389999999976]
    [1.0783567752771366, -1.5406224554179789E-06, -0.0062770986754347681, 0.52001299999999162]
    [0.0062770580968690834, 0.004151198085937678, 1.0783487853437586, 8.7770270000000004]
