# IncludedObjects
# Cgfs: 14, Materials: 1, Palettes: 3, Placements: 32

[CGFs]
      0: objects/buildingsets/human/station/utilitarian/space_clinics/medroom/rs_medroom_screen_04_a.cgf
      1: objects/buildingsets/human/station/utilitarian/space_clinics/props/rs_clinic_planter_01x01_soil_a.cgf
      2: objects/buildingsets/human/lowtech/prop/furniture/couch/couch_leather_table_2_a.cgf
      3: objects/buildingsets/human/universal/prop/dressing/literature/literature_magazine_1_a.cgf
      4: objects/buildingsets/human/hightech/prop/medical/trolley/trolley_hospital_2_a.cgf
      5: objects/buildingsets/human/universal/prop/dressing/literature/literature_magazine_2_page_down_a.cgf
      6: objects/buildingsets/human/hightech/prop/sign/sign_infoscreen_1_16x9_a.cgf
      7: objects/buildingsets/human/station/utilitarian/space_clinics/ceiling/rs_clinic_ceiling_concave_straight_04x01x05_a_light.cgf
      8: objects/buildingsets/human/station/utilitarian/space_clinics/props/rs_clinic_planter_01x01_a.cgf
      9: objects/buildingsets/human/hightech/prop/dressing/cup/cup_coffee_1_a.cgf
     10: data/objects/planets/flora/giant_leaf/elephant_ear_01/elephant_ear_01_b.cgf
     11: objects/buildingsets/human/universal/prop/dressing/literature/literature_magazine_2_closed_a.cgf
     12: objects/buildingsets/human/universal/prop/dressing/literature/literature_magazine_2_closed_b.cgf
     13: objects/buildingsets/human/station/utilitarian/space_clinics/medroom/rs_medroom_screen_03_a.cgf

[Materials]
      0: objects/planets/flora/giant_leaf/elephant_ear_01/elephant_ear_01_static

[Palettes]
      0: Libs/Foundry/Records/TintPalettes/default
      1: Libs/Foundry/Records/TintPalettes/Brand/SpaceClinics/space_clinics_a
      2: Libs/Foundry/Records/TintPalettes/brand/microtech/microtech_default

[Placements]
  #0 objects/buildingsets/human/station/utilitarian/space_clinics/medroom/rs_medroom_screen_04_a.cgf
    [-0.00000059087394404, -0.92306641392784328, 0.00000000000000000, 7.96817399999997633]
    [0.92306641392784328, -0.00000059087394404, 0.00000000000000000, 3.17576800000006187]
    [0.00000000000000000, 0.00000000000000000, 0.92306641392803235, 3.09270000000000067]
  #1 objects/buildingsets/human/station/utilitarian/space_clinics/props/rs_clinic_planter_01x01_soil_a.cgf
    [-0.00000064012100026, 1.00000042674731060, 0.00000000000000000, -20.56397999999998660]
    [-1.00000042674731060, -0.00000064012100026, -0.00000000000000000, -2.50000000000000000]
    [-0.00000000000000000, 0.00000000000000000, 1.00000042674751533, 1.25000000000000000]
  #2 objects/buildingsets/human/lowtech/prop/furniture/couch/couch_leather_table_2_a.cgf
    [-0.80000001192092896, 0.00000000000000000, 0.00000000000000000, -17.00000000000000000]
    [0.00000000000000000, -0.80000001192092896, 0.00000000000000000, -2.56250000000000000]
    [0.00000000000000000, 0.00000000000000000, 0.80000001192092896, 1.25000000000000000]
  #3 objects/buildingsets/human/universal/prop/dressing/literature/literature_magazine_1_a.cgf
    [0.70710595878995841, -0.70710746419526960, 0.00000000000000000, -16.68573599999999146]
    [0.70710746419526960, 0.70710595878995841, 0.00000000000000000, -2.35301899999990383]
    [0.00000000000000000, 0.00000000000000000, 0.99999990143846051, 1.67096400000000145]
  #4 objects/buildingsets/human/hightech/prop/medical/trolley/trolley_hospital_2_a.cgf
    [-0.95105569047781924, -0.30901613233639130, 0.00000000000000000, 17.46348299999999654]
    [0.30901613233639130, -0.95105569047781924, 0.00000000000000000, 2.31528499999990345]
    [0.00000000000000000, 0.00000000000000000, 0.99999894821663882, 1.25000000000000000]
  #5 objects/buildingsets/human/universal/prop/dressing/literature/literature_magazine_2_page_down_a.cgf
    [-0.25882100444653178, 0.96592573548938299, 0.00000000000000000, -17.20856800000001385]
    [-0.96592573548938299, -0.25882100444653178, -0.00000000000000000, -2.63864800000010291]
    [-0.00000000000000000, 0.00000000000000000, 1.00000041941162077, 1.65401299999999907]
  #6 objects/buildingsets/human/hightech/prop/sign/sign_infoscreen_1_16x9_a.cgf
    [-0.79206997156090375, -0.00000158413993912, 0.00000000000000000, -8.09909300000001053]
    [0.00000158413993912, -0.79206997156090375, 0.00000000000000000, 3.21475299999997333]
    [0.00000000000000000, 0.00000000000000000, 0.79206997156248804, 3.09378900000000101]
  #7 objects/buildingsets/human/station/utilitarian/space_clinics/ceiling/rs_clinic_ceiling_concave_straight_04x01x05_a_light.cgf
    [-1.00000000000000000, 0.00000000000000000, 0.00000000000000000, 13.00000000000000000]
    [0.00000000000000000, 1.00000000000000000, 0.00000000000000000, 2.00000000000000000]
    [0.00000000000000000, 0.00000000000000000, -1.00000000000000000, 4.75000000000000000]
  #8 objects/buildingsets/human/station/utilitarian/space_clinics/props/rs_clinic_planter_01x01_a.cgf
    [-0.00000064012100026, 1.00000042674731060, 0.00000000000000000, -20.56397999999998660]
    [-1.00000042674731060, -0.00000064012100026, -0.00000000000000000, -2.50000000000000000]
    [-0.00000000000000000, 0.00000000000000000, 1.00000042674751533, 1.25000000000000000]
  #9 objects/buildingsets/human/station/utilitarian/space_clinics/ceiling/rs_clinic_ceiling_concave_straight_04x01x05_a_light.cgf
    [-1.00000000000000000, 0.00000000000000000, 0.00000000000000000, 5.00000000000000000]
    [0.00000000000000000, 1.00000000000000000, 0.00000000000000000, 2.00000000000000000]
    [0.00000000000000000, 0.00000000000000000, -1.00000000000000000, 4.75000000000000000]
  #10 objects/buildingsets/human/station/utilitarian/space_clinics/ceiling/rs_clinic_ceiling_concave_straight_04x01x05_a_light.cgf
    [1.00000000000000000, 0.00000000000000000, 0.00000000000000000, -13.00000000000000000]
    [0.00000000000000000, -1.00000000000000000, 0.00000000000000000, -2.00000000000000000]
    [0.00000000000000000, 0.00000000000000000, -1.00000000000000000, 4.75000000000000000]
  #11 objects/buildingsets/human/hightech/prop/dressing/cup/cup_coffee_1_a.cgf
    [0.70710595878995841, -0.70710746419526960, 0.00000000000000000, 17.00833000000000084]
    [0.70710746419526960, 0.70710595878995841, 0.00000000000000000, -2.65181000000006861]
    [0.00000000000000000, 0.00000000000000000, 0.99999990143846051, 1.65401299999999907]
  #12 objects/buildingsets/human/hightech/prop/dressing/cup/cup_coffee_1_a.cgf
    [0.96592592080910500, 0.25881871307257659, 0.00000000000000000, 16.94583000000000084]
    [-0.25881871307257659, 0.96592592080910500, -0.00000000000000000, -2.27681000000006861]
    [-0.00000000000000000, 0.00000000000000000, 1.00000000536373101, 1.65401299999999907]
  #13 objects/buildingsets/human/hightech/prop/sign/sign_infoscreen_1_16x9_a.cgf
    [-0.79206997156090375, -0.00000158413993912, 0.00000000000000000, 7.90090700000001789]
    [0.00000158413993912, -0.79206997156090375, 0.00000000000000000, 3.20354599999996026]
    [0.00000000000000000, 0.00000000000000000, 0.79206997156248804, 3.09378900000000101]
  #14 objects/buildingsets/human/station/utilitarian/space_clinics/props/rs_clinic_planter_01x01_soil_a.cgf
    [-0.00000064012100026, 1.00000042674731060, 0.00000000000000000, 20.62500000000000000]
    [-1.00000042674731060, -0.00000064012100026, -0.00000000000000000, -2.50000000000000000]
    [-0.00000000000000000, 0.00000000000000000, 1.00000042674751533, 1.25000000000000000]
  #15 data/objects/planets/flora/giant_leaf/elephant_ear_01/elephant_ear_01_b.cgf
    [0.69282034987237107, 0.40000002065230872, 0.00000000000000000, 20.68379800000002433]
    [-0.40000002065230872, 0.69282034987237107, -0.00000000000000000, -2.52074199999992743]
    [-0.00000000000000000, 0.00000000000000000, 0.80000003357445060, 2.04904799999999909]
  #16 objects/buildingsets/human/hightech/prop/dressing/cup/cup_coffee_1_a.cgf
    [0.70710595878995841, -0.70710746419526960, 0.00000000000000000, -16.92916999999999916]
    [0.70710746419526960, 0.70710595878995841, 0.00000000000000000, -2.65181000000006861]
    [0.00000000000000000, 0.00000000000000000, 0.99999990143846051, 1.65401299999999907]
  #17 data/objects/planets/flora/giant_leaf/elephant_ear_01/elephant_ear_01_b.cgf
    [-0.01372809244693660, -0.79988190344287524, 0.00000000000000000, -20.43848399999998833]
    [0.79988190344287524, -0.01372809244693660, 0.00000000000000000, 2.34436299999993025]
    [0.00000000000000000, 0.00000000000000000, 0.79999969998596177, 2.04812099999999830]
  #18 objects/buildingsets/human/universal/prop/dressing/literature/literature_magazine_2_page_down_a.cgf
    [-0.25882106836099783, 0.96592597401958880, 0.00000000000000000, 16.72893199999998615]
    [0.96592597401958880, 0.25882106836099805, 0.00000000000000000, -2.63864800000010291]
    [0.00000000000000000, 0.00000000000000000, -1.00000066635638762, 1.67003499999999860]
  #19 objects/buildingsets/human/station/utilitarian/space_clinics/ceiling/rs_clinic_ceiling_concave_straight_04x01x05_a_light.cgf
    [1.00000000000000000, 0.00000000000000000, 0.00000000000000000, -5.00000000000000000]
    [0.00000000000000000, -1.00000000000000000, 0.00000000000000000, -2.00000000000000000]
    [0.00000000000000000, 0.00000000000000000, -1.00000000000000000, 4.75000000000000000]
  #20 objects/buildingsets/human/station/utilitarian/space_clinics/props/rs_clinic_planter_01x01_a.cgf
    [-0.00000064012100026, 1.00000042674731060, 0.00000000000000000, 20.62500000000000000]
    [-1.00000042674731060, -0.00000064012100026, -0.00000000000000000, -2.50000000000000000]
    [-0.00000000000000000, 0.00000000000000000, 1.00000042674751533, 1.25000000000000000]
  #21 objects/buildingsets/human/universal/prop/dressing/literature/literature_magazine_2_closed_a.cgf
    [-0.99254649497839165, -0.12187224069426027, 0.00000000000000000, 17.17100799999997207]
    [0.12187224069426027, -0.99254649497839165, 0.00000000000000000, -2.41351400000007743]
    [0.00000000000000000, 0.00000000000000000, 1.00000069387262469, 1.65401299999999907]
  #22 objects/buildingsets/human/station/utilitarian/space_clinics/props/rs_clinic_planter_01x01_soil_a.cgf
    [-0.00000064012100026, 1.00000042674731060, 0.00000000000000000, 20.46875000000000000]
    [-1.00000042674731060, -0.00000064012100026, -0.00000000000000000, 2.34375000000000000]
    [-0.00000000000000000, 0.00000000000000000, 1.00000042674751533, 1.25000000000000000]
  #23 objects/buildingsets/human/station/utilitarian/space_clinics/props/rs_clinic_planter_01x01_soil_a.cgf
    [-0.00000064012100026, 1.00000042674731060, 0.00000000000000000, -20.47022999999998660]
    [-1.00000042674731060, -0.00000064012100026, -0.00000000000000000, 2.37500000000000000]
    [-0.00000000000000000, 0.00000000000000000, 1.00000042674751533, 1.25000000000000000]
  #24 objects/buildingsets/human/universal/prop/dressing/literature/literature_magazine_2_closed_b.cgf
    [0.70710595878995841, -0.70710746419526960, 0.00000000000000000, 17.25176399999998011]
    [0.70710746419526960, 0.70710595878995841, 0.00000000000000000, -2.35301899999990383]
    [0.00000000000000000, 0.00000000000000000, 0.99999990143846051, 1.67096400000000145]
  #25 objects/buildingsets/human/universal/prop/dressing/literature/literature_magazine_2_closed_a.cgf
    [-0.92050605979676547, 0.39072751144197121, 0.00000000000000000, -16.76649199999999951]
    [-0.39072751144197121, -0.92050605979676547, 0.00000000000000000, -2.41351400000007743]
    [0.00000000000000000, 0.00000000000000000, 0.99999969716005521, 1.65401299999999907]
  #26 data/objects/planets/flora/giant_leaf/elephant_ear_01/elephant_ear_01_b.cgf
    [0.13357955991968826, -0.78876941205914730, 0.00000000000000000, 20.40670899999997800]
    [0.78876941205914730, 0.13357955991968826, 0.00000000000000000, 2.44213199999990138]
    [0.00000000000000000, 0.00000000000000000, 0.80000042764267987, 2.04181099999999915]
  #27 data/objects/planets/flora/giant_leaf/elephant_ear_01/elephant_ear_01_b.cgf
    [-0.65532169517064998, -0.45886142502691446, 0.00000000000000000, -20.62413300000000049]
    [0.45886142502691446, -0.65532169517064998, 0.00000000000000000, -2.53393800000003466]
    [0.00000000000000000, 0.00000000000000000, 0.80000020721188914, 2.01005899999999826]
  #28 objects/buildingsets/human/station/utilitarian/space_clinics/props/rs_clinic_planter_01x01_a.cgf
    [-0.00000064012100026, 1.00000042674731060, 0.00000000000000000, -20.40832399999999325]
    [-1.00000042674731060, -0.00000064012100026, -0.00000000000000000, 2.34095000000002074]
    [-0.00000000000000000, 0.00000000000000000, 1.00000042674751533, 1.25000000000000000]
  #29 objects/buildingsets/human/lowtech/prop/furniture/couch/couch_leather_table_2_a.cgf
    [-0.80000001192092896, 0.00000000000000000, 0.00000000000000000, 16.93750000000000000]
    [0.00000000000000000, -0.80000001192092896, 0.00000000000000000, -2.56250000000000000]
    [0.00000000000000000, 0.00000000000000000, 0.80000001192092896, 1.25000000000000000]
  #30 objects/buildingsets/human/station/utilitarian/space_clinics/medroom/rs_medroom_screen_03_a.cgf
    [-0.00000059087394404, -0.92306641392784328, 0.00000000000000000, -8.03182499999999777]
    [0.92306641392784328, -0.00000059087394404, 0.00000000000000000, 3.18697500000007494]
    [0.00000000000000000, 0.00000000000000000, 0.92306641392803235, 3.09270000000000067]
  #31 objects/buildingsets/human/station/utilitarian/space_clinics/props/rs_clinic_planter_01x01_a.cgf
    [-0.00000064012100026, 1.00000042674731060, 0.00000000000000000, 20.38479000000000951]
    [-1.00000042674731060, -0.00000064012100026, -0.00000000000000000, 2.45930799999996452]
    [-0.00000000000000000, 0.00000000000000000, 1.00000042674751533, 1.25000000000000000]
