# IncludedObjects
# Cgfs: 33, Materials: 4, Palettes: 9, Placements: 59

[CGFs]
      0: objects/buildingsets/human/universal/prop/tool/construction/construction_cablespool_1_a.cgf
      1: data/objects/buildingsets/human/colonialism/col_a/int/addons/col_a_int_addon_matt_rubber_b.cgf
      2: objects/buildingsets/human/universal/prop/storage/ammo-box/ammo-box_1_pallet_250x125x025_a.cgf
      3: objects/buildingsets/human/colonialism/col_a/ext/addons/col_a_ext_addon_light_b.cgf
      4: data/objects/buildingsets/human/colonialism/col_a/int/garage/col_garage_sml_a_int_greeble_b.cgf
      5: objects/buildingsets/human/lowtech/bravo/int/walkway/addon/walkway_addon_railing_panel_c.cgf
      6: data/objects/buildingsets/human/colonialism/col_a/int/garage/col_garage_sml_a_int_greeble_d.cgf
      7: objects/buildingsets/human/colonialism/col_a/ext/tradingpost/col_a_trdpst_tarp_pole_a.cgf
      8: data/objects/buildingsets/human/colonialism/col_a/int/addons/col_a_int_addn_airlock_c.cgf
      9: objects/buildingsets/human/colonialism/col_a/ext/addons/wall/col_a_addn_ext_wall_addn_b.cgf
     10: objects/buildingsets/human/colonialism/col_a/ext/addons/well/col_a_ext_adn_well_ladder_plate.cgf
     11: objects/buildingsets/human/colonialism/col_a/ext/addons/wall/col_a_addn_ext_wall_cnr_b_4m_a.cgf
     12: objects/buildingsets/human/lowtech/prop/storage/crate/crate_weapon_1_005x0025x0025_b.cgf
     13: objects/buildingsets/human/colonialism/props/dressing/basket/basket_woven_1_large_b.cgf
     14: objects/buildingsets/human/colonialism/ruin/structure/col_a_ruin_struct_addon_bar_2m_c.cgf
     15: objects/landscape/terrain/sand/pile/sand_pile_single_centre_1x002_a.cgf
     16: objects/buildingsets/human/colonialism/props/dressing/sacks/sack_upright_1_a.cgf
     17: objects/buildingsets/human/colonialism/col_a/ext/addons/col_a_ext_addon_light_b_base.cgf
     18: data/objects/buildingsets/human/colonialism/col_a/ext/addons/col_a_ext_adn_cover_b.cgf
     19: data/objects/buildingsets/human/colonialism/col_a/int/cellar/cellar_a_int_cable_hanging_01.cgf
     20: objects/buildingsets/human/colonialism/col_a/ext/addons/wall/col_a_addn_ext_wall_end_1m_a.cgf
     21: data/objects/buildingsets/human/colonialism/col_a/ext/addons/wall/col_a_addn_ext_wall_addn_b.cgf
     22: data/objects/buildingsets/human/colonialism/col_a/ext/addons/col_a_ext_addon_vent_roof_a.cgf
     23: data/objects/buildingsets/human/colonialism/col_a/int/garage/col_garage_sml_a_int_greeble_c.cgf
     24: objects/buildingsets/human/colonialism/props/dressing/sacks/sack_slumped_1_a.cgf
     25: objects/buildingsets/human/universal/prop/dressing/bottle/bottle_cleaning_3_a.cgf
     26: objects/buildingsets/human/universal/prop/storage/crate/crate_mining_1_01235x0125x0125_a.cgf
     27: objects/buildingsets/human/colonialism/props/furniture/table/table_simple_1_a.cgf
     28: objects/buildingsets/human/colonialism/col_a/ext/addons/col_a_ext_adn_anten_c.cgf
     29: data/objects/buildingsets/human/colonialism/col_a/ext/addons/wall/col_a_addn_ext_wall_stght_4m_b.cgf
     30: objects/buildingsets/human/universal/prop/metal_crate/universal_metal_crate_b.cgf
     31: objects/buildingsets/human/colonialism/props/dressing/basket/basket_woven_1_large_a.cgf
     32: objects/buildingsets/human/lowtech/prop/light/lamp/lamp_lantern_1_a.cgf

[Materials]
      0: objects/buildingsets/human/colonialism/props/dressing/basket/basket_woven_1_spice_d
      1: objects/buildingsets/human/colonialism/col_a/col_a_derelict_a
      2: objects/planets/terrain_extension/biome_embed_piles/biome_embed_sand_piles_02
      3: objects/buildingsets/human/colonialism/props/dressing/basket/basket_woven_1_spice_b

[Palettes]
      0: Libs/Foundry/Records/TintPalettes/Generic/gen_grey_darkgrey_blue_a<222>
      1: Libs/Foundry/Records/TintPalettes/Generic/gen_darkgrey_red_white_a<222>
      2: Libs/Foundry/Records/TintPalettes/default
      3: Libs/Foundry/Records/TintPalettes/generic/gen_grey_darkgrey_blue_a<131>
      4: Libs/Foundry/Records/TintPalettes/Brand/Colonialism/col_default|walls_ext_c
      5: Libs/Foundry/Records/TintPalettes/Brand/AEGS/Hammerhead/aegs_hammerhead_navy
      6: Libs/Foundry/Records/TintPalettes/Brand/Colonialism/col_default|tradepost_a
      7: Libs/Foundry/Records/TintPalettes/Generic/gen_grey_darkgrey_rust<321>
      8: Libs/Foundry/Records/TintPalettes/generic/gen_darkgreen_grey_red_a<131>

[Placements]
  #0 objects/buildingsets/human/universal/prop/tool/construction/construction_cablespool_1_a.cgf
    [-0.68492656477193792, -0.46198880260845165, 0.00000000000000000, -0.74371700000000018]
    [0.46198880260845165, -0.68492656477193792, 0.00000000000000000, 5.38031599999999344]
    [0.00000000000000000, 0.00000000000000000, 0.82617071653858443, 0.63454400000000000]
  #1 data/objects/buildingsets/human/colonialism/col_a/int/addons/col_a_int_addon_matt_rubber_b.cgf
    [-0.96592427980590223, 0.25881863311213593, 0.00000263408098810, -1.12403199999999970]
    [0.00000306959254392, 0.00000127856789468, 0.99999839957895265, 5.77556099999999617]
    [0.25881863310733716, 0.96592427980864770, -0.00000202947076706, 0.75000000000000000]
  #2 objects/buildingsets/human/universal/prop/storage/ammo-box/ammo-box_1_pallet_250x125x025_a.cgf
    [0.78559965695211653, 0.12442494649966306, 0.00000000000000000, -0.41809800000000052]
    [-0.12442494649966306, 0.78559965695211653, -0.00000000000000000, 5.15436400000000106]
    [-0.00000000000000000, 0.00000000000000000, 0.79539197149250085, -0.02170600000000000]
  #3 objects/buildingsets/human/colonialism/col_a/ext/addons/col_a_ext_addon_light_b.cgf
    [-0.01535423060374848, -0.82449681214392445, 0.56565822756760842, -1.42285800000000151]
    [-0.99865669231871768, -0.01535424786134551, -0.04948771572325389, 1.89497000000000071]
    [0.04948772107765858, -0.56565822709916769, -0.82315351643871471, 6.48902200000000029]
  #4 data/objects/buildingsets/human/colonialism/col_a/int/garage/col_garage_sml_a_int_greeble_b.cgf
    [0.99999999898541347, -0.00000000000000000, 0.00000000000000000, 1.16444800000000015]
    [0.00000000000000000, 0.99619459143933553, 0.08715695014077934, 5.79886500000000638]
    [-0.00000000000000000, -0.08715695014077934, 0.99619459143933553, 1.30669600000000008]
  #5 objects/buildingsets/human/lowtech/bravo/int/walkway/addon/walkway_addon_railing_panel_c.cgf
    [0.62058457118464927, -0.00004591894586034, -0.00851738101267008, -0.28125000000000000]
    [-0.00004591895466178, 0.62060694433250108, -0.00669151836469470, 0.31250000000000000]
    [0.00851738101262263, 0.00669151836475510, 0.62054849583490213, 0.00000000000000000]
  #6 data/objects/buildingsets/human/colonialism/col_a/int/garage/col_garage_sml_a_int_greeble_d.cgf
    [1.00000000000000000, 0.00000000000000000, 0.00000000000000000, 0.32069800000000015]
    [0.00000000000000000, 1.00000000000000000, 0.00000000000000000, 5.78255500000000211]
    [0.00000000000000000, 0.00000000000000000, 1.00000000000000000, 1.77913000000000010]
  #7 objects/buildingsets/human/colonialism/col_a/ext/tradingpost/col_a_trdpst_tarp_pole_a.cgf
    [0.99254612130633069, 0.01273872060648431, 0.12120200077161671, 0.78015200000000107]
    [0.00000004024460046, 0.99452196747402188, -0.10452779116375416, -0.24136000000000024]
    [-0.12186960241886173, 0.10374865841486797, 0.98710891941941148, -1.25442800000000010]
  #8 data/objects/buildingsets/human/colonialism/col_a/int/addons/col_a_int_addn_airlock_c.cgf
    [0.00000000000000000, 0.00000000000000000, 1.00000000000000000, -1.18750000000000000]
    [-1.00000000000000000, 0.00000000000000000, 0.00000000000000000, 1.28125000000000000]
    [0.00000000000000000, -1.00000000000000000, 0.00000000000000000, 0.53125000000000000]
  #9 objects/buildingsets/human/colonialism/col_a/ext/addons/wall/col_a_addn_ext_wall_addn_b.cgf
    [-0.00000064012100026, -1.00000042674731060, 0.00000000000000000, -2.37500000000000000]
    [1.00000042674731060, -0.00000064012100026, 0.00000000000000000, 0.87498999999999683]
    [0.00000000000000000, 0.00000000000000000, 1.00000042674751533, 0.00000000000000000]
  #10 objects/buildingsets/human/colonialism/col_a/ext/addons/well/col_a_ext_adn_well_ladder_plate.cgf
    [1.00000000000000000, 0.00000000000000000, 0.00000000000000000, -0.68750000000000000]
    [0.00000000000000000, 1.00000000000000000, 0.00000000000000000, 1.78125000000000000]
    [0.00000000000000000, 0.00000000000000000, 1.00000000000000000, 0.03125000000000000]
  #11 objects/buildingsets/human/colonialism/col_a/ext/addons/wall/col_a_addn_ext_wall_cnr_b_4m_a.cgf
    [-1.00000000000000000, 0.00000000000000000, 0.00000000000000000, -0.37500000000000000]
    [0.00000000000000000, -1.00000000000000000, 0.00000000000000000, -0.62501000000000317]
    [0.00000000000000000, 0.00000000000000000, 1.00000000000000000, 0.00000000000000000]
  #12 objects/buildingsets/human/lowtech/prop/storage/crate/crate_weapon_1_005x0025x0025_b.cgf
    [0.70710595878995841, 0.70710746419526960, 0.00000000000000000, -0.63325000000000031]
    [-0.70710746419526960, 0.70710595878995841, -0.00000000000000000, 5.49919699999999523]
    [-0.00000000000000000, 0.00000000000000000, 0.99999990143846051, 1.10329400000000000]
  #13 objects/buildingsets/human/colonialism/props/dressing/basket/basket_woven_1_large_b.cgf
    [-0.55919019401090997, -0.82097194718117361, 0.11538110214371503, 0.50000000000000000]
    [0.82904025040414220, -0.55374802682981361, 0.07782541911374818, 0.03125000000000000]
    [-0.00000042822417154, 0.13917469091737042, 0.99026855714809836, 0.00000000000000000]
  #14 objects/buildingsets/human/colonialism/ruin/structure/col_a_ruin_struct_addon_bar_2m_c.cgf
    [0.91366678651800948, -0.15865469722912248, -0.89978412086210280, 4.25000000000000000]
    [-0.91366447731516209, -0.15865380415523980, -0.89978662315800162, 6.40625000000000000]
    [0.00000092915228448, 1.27248867632242724, -0.22437099305598829, 0.75000000000000000]
  #15 objects/landscape/terrain/sand/pile/sand_pile_single_centre_1x002_a.cgf
    [0.97437016122011166, -0.22495065418664062, 0.00000000000000000, 0.03962699999999941]
    [0.22495065418664062, 0.97437016122011166, 0.00000000000000000, 6.52181400000000622]
    [0.00000000000000000, 0.00000000000000000, 1.00000000394755206, -0.06250000000000000]
  #16 data/objects/buildingsets/human/colonialism/col_a/int/addons/col_a_int_addon_matt_rubber_b.cgf
    [0.68826365673094392, -0.18407913866409645, -0.70171329268779026, -0.01044399999999968]
    [-0.69769552080336150, 0.09705977115747386, -0.70978440154492806, 5.69466300000000558]
    [0.19876527532992827, 0.97810419032649576, -0.06162867669741681, 0.84375000000000000]
  #17 objects/buildingsets/human/colonialism/props/dressing/sacks/sack_upright_1_a.cgf
    [-0.51036787645533954, 0.85669044867622945, 0.07489985661041670, 3.13945800000000119]
    [-0.80485769753546887, -0.50652678700827980, 0.30925488428130848, 5.16484099999999557]
    [0.30287390130422942, 0.09754984305913757, 0.94802706222911515, 0.01651100000000000]
  #18 objects/buildingsets/human/colonialism/col_a/ext/addons/col_a_ext_addon_light_b_base.cgf
    [-0.08715632979841467, -0.37318239850713525, 0.92365565743390032, -1.67352699999999999]
    [-0.99619519978023674, 0.03264948551779334, -0.08080988132250089, 1.95355399999999690]
    [-0.00000005667577682, -0.92718391402623257, -0.37460791697468371, 6.56625000000000014]
  #19 data/objects/buildingsets/human/colonialism/col_a/ext/addons/col_a_ext_adn_cover_b.cgf
    [-0.00000064012100026, 0.00000000000000000, 1.00000042674731060, -1.25000000000000000]
    [0.00000000000000000, 1.00000042674751533, 0.00000000000000000, 2.50000000000000000]
    [-1.00000042674731060, 0.00000000000000000, -0.00000064012100026, 2.62500000000000000]
  #20 data/objects/buildingsets/human/colonialism/col_a/int/addons/col_a_int_addn_airlock_c.cgf
    [0.00000000000000000, 0.00000000000000000, 1.00000000000000000, -1.18750000000000000]
    [-1.00000000000000000, 0.00000000000000000, 0.00000000000000000, 2.28125000000000000]
    [0.00000000000000000, -1.00000000000000000, 0.00000000000000000, 0.53125000000000000]
  #21 objects/buildingsets/human/universal/prop/storage/ammo-box/ammo-box_1_pallet_250x125x025_a.cgf
    [0.03365492987861365, -0.79453485392361545, -0.01518304739841613, 3.47122500000000045]
    [0.13554086902616508, -0.00923483578633250, 0.78370415589333786, 6.27855800000000386]
    [-0.78303565171156508, -0.03574768581931444, 0.13500401638494333, 0.83639900000000000]
  #22 data/objects/buildingsets/human/colonialism/col_a/int/cellar/cellar_a_int_cable_hanging_01.cgf
    [-0.99999946676534812, 0.00000199809651691, -0.00000008724002609, 1.01504699999999914]
    [-0.00000199809651995, -0.99619406124457310, 0.08715690375427558, 5.79292200000000435]
    [0.00000008723995644, 0.08715690375427558, 0.99619406124657295, 1.02936800000000006]
  #23 objects/buildingsets/human/colonialism/col_a/ext/addons/wall/col_a_addn_ext_wall_end_1m_a.cgf
    [1.00000000000000000, 0.00000000000000000, 0.00000000000000000, 3.55272400000000133]
    [0.00000000000000000, 1.00000000000000000, 0.00000000000000000, 5.97692100000000437]
    [0.00000000000000000, 0.00000000000000000, 1.00000000000000000, 0.75000000000000000]
  #24 objects/buildingsets/human/colonialism/col_a/ext/addons/well/col_a_ext_adn_well_ladder_plate.cgf
    [-1.00000000000000000, 0.00000000000000000, 0.00000000000000000, -0.06250000000000000]
    [0.00000000000000000, -1.00000000000000000, 0.00000000000000000, 1.78125000000000000]
    [0.00000000000000000, 0.00000000000000000, 1.00000000000000000, 0.03125000000000000]
  #25 objects/buildingsets/human/colonialism/ruin/structure/col_a_ruin_struct_addon_bar_2m_c.cgf
    [0.00000178274541228, -0.50487173588678991, -1.18940332333105037, -1.43750000000000000]
    [1.29212063494399043, 0.00000025782021304, 0.00000182726578369, 2.43750000000000000]
    [-0.00000047664483723, -1.18940332333235865, 0.50487173588663059, 1.43750000000000000]
  #26 objects/buildingsets/human/colonialism/col_a/ext/tradingpost/col_a_trdpst_tarp_pole_a.cgf
    [0.99254621154842182, -0.00425230238329252, 0.12179466289184558, 1.53015200000000107]
    [-0.00000089665526979, 0.99939082058236295, 0.03489973894643239, 2.88363999999999976]
    [-0.12186887208673619, -0.03463971281310175, 0.99194156700692526, -1.25442800000000010]
  #27 data/objects/buildingsets/human/colonialism/col_a/ext/addons/wall/col_a_addn_ext_wall_addn_b.cgf
    [1.00000000000000000, 0.00000000000000000, 0.00000000000000000, 3.58398199999999889]
    [0.00000000000000000, 1.00000000000000000, 0.00000000000000000, 5.97692399999999679]
    [0.00000000000000000, 0.00000000000000000, 1.00000000000000000, 0.71875000000000000]
  #28 data/objects/buildingsets/human/colonialism/col_a/ext/addons/col_a_ext_addon_vent_roof_a.cgf
    [0.59828926822728523, 0.00000000000000000, 0.00000000000000000, 2.10193100000000044]
    [0.00000000000000000, -0.00000038297736112, -0.59828926822716266, 5.97850999999999999]
    [0.00000000000000000, 0.59828926822716266, -0.00000038297736112, 0.90625000000000000]
  #29 objects/buildingsets/human/colonialism/props/dressing/basket/basket_woven_1_large_b.cgf
    [0.82904047517751023, -0.55374648334564547, 0.07782497101245607, 0.81250000000000000]
    [0.55918860318376451, 0.82097220657264214, -0.11538087154267966, 5.34375000000000000]
    [-0.00000038631643280, 0.13917424916588822, 0.99026790909443940, 0.06250000000000000]
  #30 data/objects/buildingsets/human/colonialism/col_a/int/garage/col_garage_sml_a_int_greeble_c.cgf
    [1.00000000000000000, 0.00000000000000000, 0.00000000000000000, 2.91444800000000015]
    [0.00000000000000000, 1.00000000000000000, 0.00000000000000000, 5.85343100000000049]
    [0.00000000000000000, 0.00000000000000000, 1.00000000000000000, 1.87500000000000000]
  #31 objects/buildingsets/human/colonialism/col_a/ext/addons/wall/col_a_addn_ext_wall_end_1m_a.cgf
    [-1.00000000000000000, 0.00000000000000000, 0.00000000000000000, -0.33555399999999835]
    [0.00000000000000000, -1.00000000000000000, 0.00000000000000000, 5.97844299999999862]
    [0.00000000000000000, 0.00000000000000000, 1.00000000000000000, 0.75000000000000000]
  #32 objects/buildingsets/human/colonialism/props/dressing/sacks/sack_slumped_1_a.cgf
    [-0.42261926743392986, -0.90630537629357710, 0.00000000000000000, 3.56787999999999883]
    [0.90630537629357710, -0.42261926743392986, 0.00000000000000000, 5.52646400000000426]
    [0.00000000000000000, 0.00000000000000000, 0.99999824015096861, 0.03987900000000000]
  #33 data/objects/buildingsets/human/colonialism/col_a/ext/addons/col_a_ext_addon_vent_roof_a.cgf
    [0.59828926822728523, 0.00000000000000000, 0.00000000000000000, 2.10193100000000044]
    [0.00000000000000000, -0.00000038297736112, -0.59828926822716266, 5.97850999999999999]
    [0.00000000000000000, 0.59828926822716266, -0.00000038297736112, 0.90625000000000000]
  #34 objects/buildingsets/human/colonialism/col_a/ext/addons/wall/col_a_addn_ext_wall_end_1m_a.cgf
    [-0.00000064012100026, -1.00000042674731060, 0.00000000000000000, -2.37500000000000000]
    [1.00000042674731060, -0.00000064012100026, 0.00000000000000000, 1.37498999999999683]
    [0.00000000000000000, 0.00000000000000000, 1.00000042674751533, 0.00000000000000000]
  #35 objects/buildingsets/human/universal/prop/dressing/bottle/bottle_cleaning_3_a.cgf
    [0.99756411930375677, 0.06975549450516991, 0.00000000000000000, -0.90625000000000000]
    [-0.06975549450516991, 0.99756411930375677, -0.00000000000000000, 0.46875000000000000]
    [-0.00000000000000000, 0.00000000000000000, 1.00000000056797034, 0.81250000000000000]
  #36 objects/buildingsets/human/universal/prop/storage/crate/crate_mining_1_01235x0125x0125_a.cgf
    [0.27563991629581180, -0.96126073470966589, 0.00000000000000000, -1.36418300000000059]
    [0.96126073470966589, 0.27563991629581180, 0.00000000000000000, 3.06976400000000638]
    [0.00000000000000000, 0.00000000000000000, 0.99999978177504045, 0.00000000000000000]
  #37 objects/buildingsets/human/universal/prop/tool/construction/construction_cablespool_1_a.cgf
    [-0.46198894370928989, 0.68492458659244149, 0.00000000000000000, 4.39421099999999853]
    [-0.68492458659244149, -0.46198894370928989, 0.00000000000000000, 5.38775099999999441]
    [0.00000000000000000, 0.00000000000000000, 0.82616915545695158, 0.00000000000000000]
  #38 objects/buildingsets/human/colonialism/props/furniture/table/table_simple_1_a.cgf
    [0.83867094686910526, 0.54463850771132416, 0.00000000000000000, -1.12500000000000000]
    [-0.54463850771132416, 0.83867094686910526, -0.00000000000000000, 0.40625000000000000]
    [-0.00000000000000000, 0.00000000000000000, 1.00000003060216947, 0.00000000000000000]
  #39 objects/buildingsets/human/colonialism/ruin/structure/col_a_ruin_struct_addon_bar_2m_c.cgf
    [-1.29211971361968359, 0.00000000000000000, 0.00000000000000000, -2.03125000000000000]
    [0.00000000000000000, 0.22437260162874029, 1.27248979955163644, 0.75000000000000000]
    [0.00000000000000000, 1.27248979955163644, -0.22437260162874001, 1.18750000000000000]
  #40 objects/buildingsets/human/lowtech/bravo/int/walkway/addon/walkway_addon_railing_panel_c.cgf
    [-0.62060702364886144, -0.00004591894292653, 0.00669151793726390, 1.57426399999999944]
    [-0.00004591895172797, -0.62058465048432132, -0.00851738210103990, 4.66139599999999632]
    [0.00669151793720350, -0.00851738210108735, 0.62054857514379369, 0.00538000000000000]
  #41 objects/buildingsets/human/colonialism/col_a/ext/addons/col_a_ext_adn_anten_c.cgf
    [1.00000000000000000, 0.00000000000000000, 0.00000000000000000, -1.62500000000000000]
    [0.00000000000000000, 1.00000000000000000, 0.00000000000000000, 1.75000000000000000]
    [0.00000000000000000, 0.00000000000000000, 1.00000000000000000, 0.00000000000000000]
  #42 data/objects/buildingsets/human/colonialism/col_a/ext/addons/wall/col_a_addn_ext_wall_stght_4m_b.cgf
    [-1.00000000000000000, 0.00000000000000000, 0.00000000000000000, 3.53943100000000044]
    [0.00000000000000000, -1.00000000000000000, 0.00000000000000000, 5.97850999999999999]
    [0.00000000000000000, 0.00000000000000000, 1.00000000000000000, 0.00000000000000000]
  #43 objects/buildingsets/human/lowtech/bravo/int/walkway/addon/walkway_addon_railing_panel_c.cgf
    [-0.61882871677008877, -0.04671074041069459, -0.00819005738643970, 0.15793499999999838]
    [0.00069626832301082, -0.11612331675751356, 0.60968257439808760, 6.30864499999999850]
    [-0.04741819819574383, 0.60789097134645953, 0.11583623113840624, 0.80610000000000004]
  #44 objects/buildingsets/human/colonialism/props/dressing/basket/basket_woven_1_large_b.cgf
    [0.98162709146649207, 0.19080944854417806, 0.00000000000000000, 4.32676100000000119]
    [-0.19080944854417806, 0.98162709146649207, -0.00000000000000000, 5.44533900000000415]
    [-0.00000000000000000, 0.00000000000000000, 0.99999999617734914, 0.46875000000000000]
  #45 objects/buildingsets/human/universal/prop/tool/construction/construction_cablespool_1_a.cgf
    [0.46198869986586549, -0.68492462865841108, 0.00000000000000000, -1.53565899999999900]
    [0.68492462865841108, 0.46198869986586549, 0.00000000000000000, 0.04176400000000058]
    [0.00000000000000000, 0.00000000000000000, 0.82616905397540474, 0.50000000000000000]
  #46 objects/buildingsets/human/universal/prop/tool/construction/construction_cablespool_1_a.cgf
    [0.46198869986586549, -0.68492462865841108, 0.00000000000000000, -1.29727799999999860]
    [0.68492462865841108, 0.46198869986586549, 0.00000000000000000, 0.01007599999999798]
    [0.00000000000000000, 0.00000000000000000, 0.82616905397540474, 0.00000000000000000]
  #47 objects/buildingsets/human/universal/prop/metal_crate/universal_metal_crate_b.cgf
    [-0.72872769803498794, 0.20895770575262265, 0.00000000000000000, 0.12356499999999926]
    [-0.20895770575262265, -0.72872769803498794, 0.00000000000000000, 4.93920400000000370]
    [0.00000000000000000, 0.00000000000000000, 0.75809457238313760, 0.18750000000000000]
  #48 objects/buildingsets/human/colonialism/ruin/structure/col_a_ruin_struct_addon_bar_2m_c.cgf
    [0.00000178274541228, -0.50487173588678991, -1.18940332333105037, -1.43750000000000000]
    [1.29212063494399043, 0.00000025782021304, 0.00000182726578369, 1.00000000000000000]
    [-0.00000047664483723, -1.18940332333235865, 0.50487173588663059, 1.43750000000000000]
  #49 objects/buildingsets/human/universal/prop/tool/construction/construction_cablespool_1_a.cgf
    [-0.68492656477193792, -0.46198880260845165, 0.00000000000000000, -0.79553200000000146]
    [0.46198880260845165, -0.68492656477193792, 0.00000000000000000, 5.41526500000000510]
    [0.00000000000000000, 0.00000000000000000, 0.82617071653858443, 0.16579400000000000]
  #50 data/objects/buildingsets/human/colonialism/col_a/ext/addons/col_a_ext_addon_vent_roof_a.cgf
    [0.59828926822728523, 0.00000000000000000, 0.00000000000000000, 2.10193100000000044]
    [0.00000000000000000, -0.00000038297736112, -0.59828926822716266, 5.97850999999999999]
    [0.00000000000000000, 0.59828926822716266, -0.00000038297736112, 0.90625000000000000]
  #51 objects/buildingsets/human/colonialism/col_a/ext/addons/wall/col_a_addn_ext_wall_end_1m_a.cgf
    [1.00000000000000000, 0.00000000000000000, 0.00000000000000000, -0.37500000000000000]
    [0.00000000000000000, 1.00000000000000000, 0.00000000000000000, -0.62501000000000317]
    [0.00000000000000000, 0.00000000000000000, 1.00000000000000000, 0.00000000000000000]
  #52 data/objects/buildingsets/human/colonialism/col_a/ext/addons/wall/col_a_addn_ext_wall_addn_b.cgf
    [-1.00000000000000000, 0.00000000000000000, 0.00000000000000000, -0.33555499999999938]
    [0.00000000000000000, -1.00000000000000000, 0.00000000000000000, 5.97844499999999357]
    [0.00000000000000000, 0.00000000000000000, 1.00000000000000000, 0.75000000000000000]
  #53 data/objects/buildingsets/human/colonialism/col_a/int/addons/col_a_int_addon_matt_rubber_b.cgf
    [0.85448660898094997, 0.01324072285147704, -0.51930504521952947, -1.84375000000000000]
    [0.50230119485843716, -0.27597235180379509, 0.81947128219573284, 0.75000000000000000]
    [-0.13246341523557945, -0.96107458397259815, -0.24246546006776662, 0.93750000000000000]
  #54 objects/landscape/terrain/sand/pile/sand_pile_single_centre_1x002_a.cgf
    [-0.22495045995370155, -0.97437036323603787, 0.00000000000000000, 2.87005100000000013]
    [0.97437036323603787, -0.22495045995370155, 0.00000000000000000, 6.17525700000000199]
    [0.00000000000000000, 0.00000000000000000, 1.00000015709304257, -0.09375000000000000]
  #55 objects/buildingsets/human/colonialism/props/dressing/sacks/sack_upright_1_a.cgf
    [0.50522187320405010, 0.86211257549984510, -0.03893418008652195, 0.02404800000000051]
    [-0.84587798473346165, 0.50363904591107134, 0.17561677241892040, 5.32678400000000352]
    [0.17100993584363358, -0.05579178233938156, 0.98368998329958945, 0.18750000000000000]
  #56 objects/buildingsets/human/universal/prop/tool/construction/construction_cablespool_1_a.cgf
    [0.82164287190056629, 0.00000006196003203, 0.08635786252613108, -1.35179799999999872]
    [0.08635786252615270, -0.00000068680937781, -0.82164287190027907, 1.01783199999999852]
    [0.00000001017028529, 0.82616868093908069, -0.00000068952355457, 0.46875000000000000]
  #57 objects/buildingsets/human/colonialism/props/dressing/basket/basket_woven_1_large_a.cgf
    [-0.55919080407111266, -0.82903943434447291, 0.00000000000000000, -0.61546799999999990]
    [0.82903943434447291, -0.55919080407111266, 0.00000000000000000, -0.08033600000000263]
    [0.00000000000000000, 0.00000000000000000, 1.00000036952788229, 0.05854500000000000]
  #58 objects/buildingsets/human/lowtech/prop/light/lamp/lamp_lantern_1_a.cgf
    [1.00000000000000000, 0.00000000000000000, 0.00000000000000000, -0.03910000000000124]
    [0.00000000000000000, 1.00000000000000000, 0.00000000000000000, 5.99113099999999577]
    [0.00000000000000000, 0.00000000000000000, 1.00000000000000000, 2.32333899999999982]
