# IncludedObjects
# Cgfs: 10, Materials: 2, Palettes: 1, Placements: 17

[CGFs]
      0: Data/ObjectContainers/PU/loc/mod/station/util_a/int/module/maint/base_maint_cap_001/Brush/designer_2775.cgf
      1: Data/ObjectContainers/PU/loc/mod/station/util_a/int/module/maint/base_maint_cap_001/Brush/designer_2770.cgf
      2: Data/ObjectContainers/PU/loc/mod/station/util_a/int/module/maint/base_maint_cap_001/Brush/designer_2771.cgf
      3: Data/ObjectContainers/PU/loc/mod/station/util_a/int/module/maint/base_maint_cap_001/Brush/designer_2772.cgf
      4: objects/buildingsets/human/utilitarian/int/grating/util_grating_str_02m_b.cgf
      5: Data/ObjectContainers/PU/loc/mod/station/util_a/int/module/maint/base_maint_cap_001/Brush/designer_2773.cgf
      6: Data/ObjectContainers/PU/loc/mod/station/util_a/int/module/maint/base_maint_cap_001/Brush/designer_2774.cgf
      7: objects/buildingsets/human/template/int/roomsm/wall/roomsm_wall_straight_01x01x04_a.cgf
      8: objects/buildingsets/human/template/int/roomsm/wall/roomsm_wall_cornerin_01x01x04_a.cgf
      9: objects/buildingsets/human/template/int/roomsm/wall/roomsm_wall_straight_02x01x04_a.cgf

[Materials]
      0: materials/design/whitebox/wb_grey_light_a
      1: materials/design/whitebox/wb_grey_dark_a

[Palettes]
      0: Libs/Foundry/Records/TintPalettes/default

[Placements]
  #0 Data/ObjectContainers/PU/loc/mod/station/util_a/int/module/maint/base_maint_cap_001/Brush/designer_2775.cgf
    [-0.00000000000000022, 1.00000000000000000, 0.00000000000000000, 6.50000000000000000]
    [-1.00000000000000000, -0.00000000000000022, -0.00000000000000000, -0.50000000000000000]
    [-0.00000000000000000, 0.00000000000000000, 1.00000000000000000, -1.00000000000000000]
  #1 Data/ObjectContainers/PU/loc/mod/station/util_a/int/module/maint/base_maint_cap_001/Brush/designer_2770.cgf
    [-0.00000000000000022, 1.00000000000000000, 0.00000000000000000, -0.18750000000000711]
    [-1.00000000000000000, -0.00000000000000022, -0.00000000000000000, -2.62501600000000224]
    [-0.00000000000000000, 0.00000000000000000, 1.00000000000000000, 2.00000000000000000]
  #2 Data/ObjectContainers/PU/loc/mod/station/util_a/int/module/maint/base_maint_cap_001/Brush/designer_2771.cgf
    [-0.00000000000000022, 1.00000000000000000, 0.00000000000000000, -2.87500000000000711]
    [-1.00000000000000000, -0.00000000000000022, -0.00000000000000000, -3.12501499999999410]
    [-0.00000000000000000, 0.00000000000000000, 1.00000000000000000, 2.25000000000000000]
  #3 Data/ObjectContainers/PU/loc/mod/station/util_a/int/module/maint/base_maint_cap_001/Brush/designer_2772.cgf
    [-0.00000000000000022, 1.00000000000000000, 0.00000000000000000, 0.00000000000000000]
    [-1.00000000000000000, -0.00000000000000022, -0.00000000000000000, -1.49999999999999289]
    [-0.00000000000000000, 0.00000000000000000, 1.00000000000000000, 0.00000000000000000]
  #4 objects/buildingsets/human/utilitarian/int/grating/util_grating_str_02m_b.cgf
    [-1.00000042674731104, -0.00000064012100026, -0.00000000000000000, 2.99999999999999289]
    [0.00000064012100026, -1.00000042674731104, 0.00000000000000000, -1.12500000000000000]
    [0.00000000000000000, -0.00000000000000000, 1.00000042674751533, 2.25000000000000000]
  #5 objects/buildingsets/human/utilitarian/int/grating/util_grating_str_02m_b.cgf
    [-1.00000042674731104, -0.00000064012100026, -0.00000000000000000, 1.00000000000000000]
    [0.00000064012100026, -1.00000042674731104, 0.00000000000000000, -1.12500000000000000]
    [0.00000000000000000, -0.00000000000000000, 1.00000042674751533, 2.25000000000000000]
  #6 objects/buildingsets/human/utilitarian/int/grating/util_grating_str_02m_b.cgf
    [-1.00000042674731104, -0.00000064012100026, -0.00000000000000000, -1.00000000000000711]
    [0.00000064012100026, -1.00000042674731104, 0.00000000000000000, -1.12500000000000000]
    [0.00000000000000000, -0.00000000000000000, 1.00000042674751533, 2.25000000000000000]
  #7 Data/ObjectContainers/PU/loc/mod/station/util_a/int/module/maint/base_maint_cap_001/Brush/designer_2773.cgf
    [-0.00000000000000022, 1.00000000000000000, 0.00000000000000000, 0.00000000000000000]
    [-1.00000000000000000, -0.00000000000000022, -0.00000000000000000, -1.49999999999999289]
    [-0.00000000000000000, 0.00000000000000000, 1.00000000000000000, 3.50000000000000000]
  #8 Data/ObjectContainers/PU/loc/mod/station/util_a/int/module/maint/base_maint_cap_001/Brush/designer_2774.cgf
    [-0.00000000000000022, 1.00000000000000000, 0.00000000000000000, 6.50000000000000000]
    [-1.00000000000000000, -0.00000000000000022, -0.00000000000000000, -0.50000000000000000]
    [-0.00000000000000000, 0.00000000000000000, 1.00000000000000000, 4.00000000000000000]
  #9 objects/buildingsets/human/template/int/roomsm/wall/roomsm_wall_straight_01x01x04_a.cgf
    [0.00000000000000022, -1.00000000000000000, 0.00000000000000000, 6.99999999999998579]
    [1.00000000000000000, 0.00000000000000022, 0.00000000000000000, -1.00000000000000000]
    [0.00000000000000000, 0.00000000000000000, 1.00000000000000000, 0.00000000000000000]
  #10 objects/buildingsets/human/template/int/roomsm/wall/roomsm_wall_cornerin_01x01x04_a.cgf
    [0.00000000000000022, -1.00000000000000000, 0.00000000000000000, 6.99999999999999289]
    [1.00000000000000000, 0.00000000000000022, 0.00000000000000000, -2.00000000000000000]
    [0.00000000000000000, 0.00000000000000000, 1.00000000000000000, 0.00000000000000000]
  #11 objects/buildingsets/human/template/int/roomsm/wall/roomsm_wall_straight_01x01x04_a.cgf
    [-0.00000000000000022, 1.00000000000000000, 0.00000000000000000, -7.00000000000000000]
    [-1.00000000000000000, -0.00000000000000022, -0.00000000000000000, 0.00000000000000000]
    [-0.00000000000000000, 0.00000000000000000, 1.00000000000000000, 0.00000000000000000]
  #12 objects/buildingsets/human/template/int/roomsm/wall/roomsm_wall_cornerin_01x01x04_a.cgf
    [1.00000042674731038, -0.00000064012099993, 0.00000000000000000, -7.00000000000000000]
    [0.00000064012099993, 1.00000042674731038, 0.00000000000000000, -2.00000000000000000]
    [0.00000000000000000, 0.00000000000000000, 1.00000042674751533, 0.00000000000000000]
  #13 objects/buildingsets/human/template/int/roomsm/wall/roomsm_wall_straight_02x01x04_a.cgf
    [1.00000042674731038, -0.00000064012099993, 0.00000000000000000, -6.00000000000001421]
    [0.00000064012099993, 1.00000042674731038, 0.00000000000000000, -1.99999999999999645]
    [0.00000000000000000, 0.00000000000000000, 1.00000042674751533, 0.00000000000000000]
  #14 objects/buildingsets/human/template/int/roomsm/wall/roomsm_wall_straight_02x01x04_a.cgf
    [1.00000042674731038, -0.00000064012099993, 0.00000000000000000, 2.99999999999998579]
    [0.00000064012099993, 1.00000042674731038, 0.00000000000000000, -1.99999999999999289]
    [0.00000000000000000, 0.00000000000000000, 1.00000042674751533, 0.00000000000000000]
  #15 objects/buildingsets/human/template/int/roomsm/wall/roomsm_wall_straight_01x01x04_a.cgf
    [1.00000042674731038, -0.00000064012099993, 0.00000000000000000, -4.00000000000001421]
    [0.00000064012099993, 1.00000042674731038, 0.00000000000000000, -2.00000000000000000]
    [0.00000000000000000, 0.00000000000000000, 1.00000042674751533, 0.00000000000000000]
  #16 objects/buildingsets/human/template/int/roomsm/wall/roomsm_wall_straight_01x01x04_a.cgf
    [1.00000042674731038, -0.00000064012099993, 0.00000000000000000, 4.99999999999999289]
    [0.00000064012099993, 1.00000042674731038, 0.00000000000000000, -2.00000000000000000]
    [0.00000000000000000, 0.00000000000000000, 1.00000042674751533, 0.00000000000000000]
