# IncludedObjects
# Cgfs: 21, Materials: 2, Palettes: 4, Placements: 31

[CGFs]
      0: objects/buildingsets/human/lowtech/prop/storage/crate/crate_metal_4_010x010x0075_stackable_a.cgf
      1: objects/buildingsets/human/hightech/prop/storage/crate/crate_dry_1_00625x00625x00625_a.cgf
      2: objects/buildingsets/human/hightech/prop/storage/crate/crate_dry_1_0125x00625x00625_a.cgf
      3: objects/buildingsets/human/lowtech/prop/storage/crate/crate_metal_4_0125x0125x0125_a_yellow.cgf
      4: objects/buildingsets/human/hightech/prop/storage/crate/crate_dry_1_0125x0125x0125_stack_a.cgf
      5: objects/buildingsets/human/lowtech/prop/utilitarian/storage/storage_rack_1_02x0575x03_a.cgf
      6: objects/buildingsets/human/lowtech/prop/storage/crate/crate_metal_4_0125x0125x0125_a.cgf
      7: objects/buildingsets/human/hightech/prop/storage/crate/crate_dry_1_0125x0125x0125_b.cgf
      8: objects/buildingsets/human/hightech/prop/storage/crate/crate_dry_1_0125x0125x0125_stack_b.cgf
      9: objects/buildingsets/human/universal/prop/storage/box_cardboard/box_cardboard_005x01x008_grey.cgf
     10: objects/buildingsets/human/universal/prop/storage/box_cardboard/box_cardboard_005x01x008_a.cgf
     11: objects/buildingsets/human/hightech/prop/storage/rack/rack_shelf_1_end_c.cgf
     12: objects/buildingsets/human/hightech/prop/storage/rack/rack_shelf_1_bevelled_03x01x00125_a.cgf
     13: objects/buildingsets/human/universal/prop/storage/box_cardboard/box_cardboard_005x005x004_a.cgf
     14: objects/buildingsets/human/universal/prop/storage/box_cardboard/box_cardboard_005x005x008_grey.cgf
     15: objects/buildingsets/human/universal/prop/storage/box_cardboard/box_cardboard_005x005x004_red.cgf
     16: objects/buildingsets/human/universal/prop/storage/box_plastic/box_plastic_white_005x01x008_a001.cgf
     17: objects/buildingsets/human/hightech/prop/storage/rack/rack_shelf_1_end_b.cgf
     18: objects/buildingsets/human/lowtech/prop/storage/crate/crate_metal_loot_1_small_a.cgf
     19: objects/buildingsets/human/lowtech/prop/storage/crate/crate_metal_loot_1_small_b.cgf
     20: objects/buildingsets/human/lowtech/prop/storage/crate/crate_metal_2_0625x0625x0625_a.cgf

[Materials]
      0: objects/buildingsets/human/lowtech/prop/utilitarian/utilitarian_cargo_1_a_tintable
      1: objects/buildingsets/human/hightech/prop/storage/rack/rack_storage_1_b_tintable

[Palettes]
      0: Libs/Foundry/Records/TintPalettes/Generic/gen_darkgreen_darkgreen_yellow
      1: Libs/Foundry/Records/TintPalettes/default
      2: Libs/Foundry/Records/TintPalettes/brand/microtech/microtech_newbab<132>
      3: Libs/Foundry/Records/TintPalettes/brand/microtech/microtech_newbab<222>

[Placements]
  #0 objects/buildingsets/human/lowtech/prop/storage/crate/crate_metal_4_010x010x0075_stackable_a.cgf
    [0.99960480154492526, -0.02811121695757770, 0.00000000000000000, 40.54948699999999917]
    [0.02811121695757770, 0.99960480154492526, 0.00000000000000000, -5.06842300000000012]
    [0.00000000000000000, 0.00000000000000000, 0.99999999989525268, 2.82771600000000056]
  #1 objects/buildingsets/human/hightech/prop/storage/crate/crate_dry_1_00625x00625x00625_a.cgf
    [-0.02491673547342358, 0.99968971557755149, 0.00000000000000000, 41.12480199999998831]
    [-0.99968971557755149, -0.02491673547342358, -0.00000000000000000, -13.21011900000000061]
    [-0.00000000000000000, 0.00000000000000000, 1.00000018556907211, 1.06464300000000023]
  #2 objects/buildingsets/human/hightech/prop/storage/crate/crate_dry_1_0125x00625x00625_a.cgf
    [-0.02491673547342358, 0.99968971557755149, 0.00000000000000000, 38.33933200000001307]
    [-0.99968971557755149, -0.02491673547342358, -0.00000000000000000, -1.94152900000000006]
    [-0.00000000000000000, 0.00000000000000000, 1.00000018556907211, 2.88102400000000003]
  #3 objects/buildingsets/human/lowtech/prop/storage/crate/crate_metal_4_0125x0125x0125_a_yellow.cgf
    [-0.99989982434667257, -0.01419364112743104, 0.00000000000000000, 40.84307000000001153]
    [0.01419364112743104, -0.99989982434667257, 0.00000000000000000, -8.43229000000000006]
    [0.00000000000000000, 0.00000000000000000, 1.00000055908832430, 2.26031099999999974]
  #4 objects/buildingsets/human/hightech/prop/storage/crate/crate_dry_1_0125x0125x0125_stack_a.cgf
    [-0.99989982434667257, -0.01419364112743104, 0.00000000000000000, 40.97191500000002407]
    [0.01419364112743104, -0.99989982434667257, 0.00000000000000000, -11.79433299999999996]
    [0.00000000000000000, 0.00000000000000000, 1.00000055908832430, 0.38351199999999963]
  #5 objects/buildingsets/human/lowtech/prop/utilitarian/storage/storage_rack_1_02x0575x03_a.cgf
    [-0.01492770709776728, -0.99988837928068663, 0.00000000000000000, 40.77360199999998258]
    [0.99988837928068663, -0.01492770709776728, 0.00000000000000000, -6.85659300000000016]
    [0.00000000000000000, 0.00000000000000000, 0.99999980372985831, 0.00485299999999977]
  #6 objects/buildingsets/human/hightech/prop/storage/crate/crate_dry_1_0125x00625x00625_a.cgf
    [-0.99967255003518085, -0.02554192111712177, 0.00000000000000000, 40.88800300000002608]
    [0.02554192111712177, -0.99967255003518085, 0.00000000000000000, -13.21270400000000045]
    [0.00000000000000000, 0.00000000000000000, 0.99999879851337570, 0.38351100000000038]
  #7 objects/buildingsets/human/lowtech/prop/utilitarian/storage/storage_rack_1_02x0575x03_a.cgf
    [-0.01492770709776728, -0.99988837928068663, 0.00000000000000000, 40.85939700000000130]
    [0.99988837928068663, -0.01492770709776728, 0.00000000000000000, -12.60319999999999929]
    [0.00000000000000000, 0.00000000000000000, 0.99999980372985831, 0.00485299999999977]
  #8 objects/buildingsets/human/lowtech/prop/storage/crate/crate_metal_4_010x010x0075_stackable_a.cgf
    [0.99960480154492526, -0.02811121695757770, 0.00000000000000000, 40.54948699999999917]
    [0.02811121695757770, 0.99960480154492526, 0.00000000000000000, -5.06842300000000012]
    [0.00000000000000000, 0.00000000000000000, 0.99999999989525268, 2.20657500000000084]
  #9 objects/buildingsets/human/hightech/prop/storage/crate/crate_dry_1_0125x00625x00625_a.cgf
    [-0.02491673547342358, 0.99968971557755149, 0.00000000000000000, 38.33933200000001307]
    [-0.99968971557755149, -0.02491673547342358, -0.00000000000000000, -1.94152900000000006]
    [-0.00000000000000000, 0.00000000000000000, 1.00000018556907211, 2.26029300000000077]
  #10 objects/buildingsets/human/lowtech/prop/storage/crate/crate_metal_4_0125x0125x0125_a.cgf
    [0.99989339082429873, -0.01460160562694736, 0.00000000000000000, 34.74427800000000843]
    [0.01460160562694736, 0.99989339082429873, 0.00000000000000000, -2.18197999999999981]
    [0.00000000000000000, 0.00000000000000000, 0.99999999995049926, 0.38349299999999964]
  #11 objects/buildingsets/human/hightech/prop/storage/crate/crate_dry_1_0125x0125x0125_b.cgf
    [-0.99989982434667257, -0.01419364112743104, 0.00000000000000000, 40.97191500000002407]
    [0.01419364112743104, -0.99989982434667257, 0.00000000000000000, -11.79433299999999996]
    [0.00000000000000000, 0.00000000000000000, 1.00000055908832430, 0.38351199999999963]
  #12 objects/buildingsets/human/hightech/prop/storage/crate/crate_dry_1_0125x0125x0125_stack_a.cgf
    [-0.99996804002550232, 0.00799793592280685, 0.00000000000000000, 40.64121999999997570]
    [-0.00799793592280685, -0.99996804002550232, 0.00000000000000000, -14.29866099999999918]
    [0.00000000000000000, 0.00000000000000000, 1.00000002402573451, 0.38351199999999963]
  #13 objects/buildingsets/human/hightech/prop/storage/crate/crate_dry_1_0125x0125x0125_stack_b.cgf
    [0.99989339082429873, -0.01460160562694736, 0.00000000000000000, 34.72565300000002253]
    [0.01460160562694736, 0.99989339082429873, 0.00000000000000000, -2.19285899999999989]
    [0.00000000000000000, 0.00000000000000000, 0.99999999995049926, 0.38349299999999964]
  #14 objects/buildingsets/human/universal/prop/storage/box_cardboard/box_cardboard_005x01x008_grey.cgf
    [0.02328439841138538, 0.99972914965652415, 0.00000000000000000, 40.70789899999999761]
    [-0.99972914965652415, 0.02328439841138538, -0.00000000000000000, -10.75360900000000086]
    [-0.00000000000000000, 0.00000000000000000, 1.00000026794113261, 0.38351199999999963]
  #15 objects/buildingsets/human/hightech/prop/storage/crate/crate_dry_1_0125x0125x0125_b.cgf
    [-0.99996804002550232, 0.00799793592280685, 0.00000000000000000, 40.64121999999997570]
    [-0.00799793592280685, -0.99996804002550232, 0.00000000000000000, -14.29866099999999918]
    [0.00000000000000000, 0.00000000000000000, 1.00000002402573451, 0.38351199999999963]
  #16 objects/buildingsets/human/lowtech/prop/storage/crate/crate_metal_4_010x010x0075_stackable_a.cgf
    [-0.00316533445581523, 0.00000000000000000, 0.99999517659658854, 35.48917199999999639]
    [0.00000000000000000, 1.00000018627931242, 0.00000000000000000, -2.05629099999999987]
    [-0.99999517659658854, 0.00000000000000000, -0.00316533445581523, 0.88902299999999990]
  #17 objects/buildingsets/human/lowtech/prop/utilitarian/storage/storage_rack_1_02x0575x03_a.cgf
    [0.99989339082429873, -0.01460160562694736, 0.00000000000000000, 36.29472299999997631]
    [0.01460160562694736, 0.99989339082429873, 0.00000000000000000, -2.08187100000000003]
    [0.00000000000000000, 0.00000000000000000, 0.99999999995049926, 0.00483399999999978]
  #18 objects/buildingsets/human/universal/prop/storage/box_cardboard/box_cardboard_005x01x008_a.cgf
    [0.99706284920547239, -0.07658767127205050, 0.00000000000000000, 37.43760400000002164]
    [0.07658767127205050, 0.99706284920547239, 0.00000000000000000, -2.00606499999999999]
    [0.00000000000000000, 0.00000000000000000, 0.99999999832830511, 2.26029300000000077]
  #19 objects/buildingsets/human/hightech/prop/storage/rack/rack_shelf_1_end_c.cgf
    [0.01714190962413030, 0.99985341019767893, 0.00000000000000000, 9.68533500000000913]
    [-0.99985341019767893, 0.01714190962413030, -0.00000000000000000, 14.62398800000000065]
    [-0.00000000000000000, 0.00000000000000000, 1.00000034347468603, -0.03414599999999979]
  #20 objects/buildingsets/human/hightech/prop/storage/rack/rack_shelf_1_bevelled_03x01x00125_a.cgf
    [-0.00287070049614306, -0.99999374239248595, 0.00000000000000000, 10.76859500000000480]
    [0.99999374239248595, -0.00287070049614306, 0.00000000000000000, 13.13544699999999921]
    [0.00000000000000000, 0.00000000000000000, 0.99999786287045034, 0.71187399999999990]
  #21 objects/buildingsets/human/universal/prop/storage/box_cardboard/box_cardboard_005x005x004_a.cgf
    [0.97849717916015067, -0.20626023428648327, 0.00000000000000000, 10.09143399999999247]
    [0.20626023428648327, 0.97849717916015067, 0.00000000000000000, 14.20986199999999933]
    [0.00000000000000000, 0.00000000000000000, 1.00000000693614344, 2.15498200000000040]
  #22 objects/buildingsets/human/hightech/prop/storage/rack/rack_shelf_1_bevelled_03x01x00125_a.cgf
    [-0.00287070049614306, -0.99999374239248595, 0.00000000000000000, 10.76859500000000480]
    [0.99999374239248595, -0.00287070049614306, 0.00000000000000000, 13.13544699999999921]
    [0.00000000000000000, 0.00000000000000000, 0.99999786287045034, 1.45020200000000088]
  #23 objects/buildingsets/human/universal/prop/storage/box_cardboard/box_cardboard_005x005x008_grey.cgf
    [-0.99091868805708971, -0.13445574755946874, 0.00000000000000000, 10.25300800000002255]
    [0.13445574755946874, -0.99091868805708971, 0.00000000000000000, 13.29603799999999936]
    [0.00000000000000000, 0.00000000000000000, 0.99999909719587199, 2.15498200000000040]
  #24 objects/buildingsets/human/universal/prop/storage/box_cardboard/box_cardboard_005x005x004_red.cgf
    [-0.07731818306349765, 0.99700663205351880, 0.00000000000000000, 10.13030600000001868]
    [-0.99700663205351880, -0.07731818306349765, -0.00000000000000000, 12.57180499999999945]
    [-0.00000000000000000, 0.00000000000000000, 1.00000016289545735, 0.72905499999999979]
  #25 objects/buildingsets/human/universal/prop/storage/box_plastic/box_plastic_white_005x01x008_a001.cgf
    [0.99960480154492526, -0.02811121695757770, 0.00000000000000000, 9.75121599999999944]
    [0.02811121695757770, 0.99960480154492526, 0.00000000000000000, 13.44403600000000054]
    [0.00000000000000000, 0.00000000000000000, 0.99999999989525268, 0.00000000000000000]
  #26 objects/buildingsets/human/hightech/prop/storage/rack/rack_shelf_1_end_b.cgf
    [0.01714190962413030, 0.99985341019767893, 0.00000000000000000, 9.73620099999999411]
    [-0.99985341019767893, 0.01714190962413030, -0.00000000000000000, 11.65714000000000006]
    [-0.00000000000000000, 0.00000000000000000, 1.00000034347468603, -0.03414599999999979]
  #27 objects/buildingsets/human/lowtech/prop/storage/crate/crate_metal_loot_1_small_a.cgf
    [0.13341124945086971, -0.99106114822222513, 0.00000000000000000, 10.16167000000001508]
    [0.99106114822222513, 0.13341124945086971, 0.00000000000000000, 12.28597199999999923]
    [0.00000000000000000, 0.00000000000000000, 1.00000038049772644, 1.45090800000000009]
  #28 objects/buildingsets/human/lowtech/prop/storage/crate/crate_metal_loot_1_small_b.cgf
    [0.99972621993485744, 0.02339840795512869, 0.00000000000000000, 10.11184700000001158]
    [-0.02339840795512869, 0.99972621993485744, -0.00000000000000000, 13.13213799999999942]
    [-0.00000000000000000, 0.00000000000000000, 1.00000000016003687, 0.72905499999999979]
  #29 objects/buildingsets/human/lowtech/prop/storage/crate/crate_metal_2_0625x0625x0625_a.cgf
    [0.98778609119620375, -0.15581605334680868, 0.00000000000000000, 10.16240499999997837]
    [0.15581605334680868, 0.98778609119620375, 0.00000000000000000, 12.28600699999999968]
    [0.00000000000000000, 0.00000000000000000, 1.00000000222062524, 2.15498200000000040]
  #30 objects/buildingsets/human/hightech/prop/storage/rack/rack_shelf_1_bevelled_03x01x00125_a.cgf
    [-0.00287070049614306, -0.99999374239248595, 0.00000000000000000, 10.76859500000000480]
    [0.99999374239248595, -0.00287070049614306, 0.00000000000000000, 13.13544699999999921]
    [0.00000000000000000, 0.00000000000000000, 0.99999786287045034, 2.15427599999999941]
