# IncludedObjects
# Cgfs: 62, Materials: 15, Palettes: 1, Placements: 181

[CGFs]
      0: objects/spaceships/derelicts/wreckage/wreckage_girder_01.cgf
      1: objects/spaceships/derelicts/wreckage/debris_small_f.cgf
      2: objects/spaceships/derelicts/wreckage/wreckage_pipes_medium_01.cgf
      3: objects/planets/terrain_extension/crashpile_01/crashpile_01_d.cgf
      4: objects/spaceships/derelicts/drak/caterpillar/drak_caterpilllar_der_gear_rear.cgf
      5: objects/spaceships/derelicts/wreckage/wires_hanging_d.cgf
      6: objects/spaceships/derelicts/wreckage/wreckage_internals_01.cgf
      7: objects/spaceships/derelicts/wreckage/debris_glass_b.cgf
      8: objects/spaceships/derelicts/wreckage/wires_floor_bundle_c.cgf
      9: objects/spaceships/derelicts/wreckage/wreckage_panel_small_04.cgf
     10: objects/spaceships/derelicts/wreckage/wreckage_mech_junk_015.cgf
     11: objects/spaceships/derelicts/wreckage/wreckage_internals_02.cgf
     12: objects/spaceships/derelicts/wreckage/debris_large_d.cgf
     13: objects/spaceships/derelicts/wreckage/debris_glass_a.cgf
     14: objects/spaceships/derelicts/wreckage/wreckage_pipes_small_01.cgf
     15: objects/spaceships/derelicts/wreckage/wreckage_mech_junk_03.cgf
     16: objects/planets/terrain_extension/crashpile_01/crashpile_01_a.cgf
     17: objects/spaceships/derelicts/wreckage/wreckage_mech_junk_018.cgf
     18: objects/spaceships/derelicts/wreckage/wreckage_pipes_large_02.cgf
     19: objects/spaceships/derelicts/wreckage/wreckage_mech_junk_02.cgf
     20: objects/spaceships/derelicts/wreckage/wreckage_girder_02.cgf
     21: objects/spaceships/derelicts/wreckage/wreckage_mech_junk_012.cgf
     22: objects/spaceships/derelicts/wreckage/wreckage_girder_03.cgf
     23: objects/spaceships/derelicts/wreckage/wreckage_panel_small_01.cgf
     24: objects/spaceships/derelicts/wreckage/wreckage_panel_small_02.cgf
     25: objects/spaceships/derelicts/wreckage/wreckage_mech_junk_05.cgf
     26: objects/spaceships/derelicts/wreckage/wreckage_pipes_medium_07.cgf
     27: objects/spaceships/derelicts/wreckage/wreckage_mech_junk_01.cgf
     28: objects/spaceships/derelicts/wreckage/wreckage_mech_junk_014.cgf
     29: objects/spaceships/derelicts/wreckage/wreckage_props_chair_seat.cgf
     30: objects/spaceships/derelicts/wreckage/wreckage_pipes_medium_04.cgf
     31: objects/spaceships/derelicts/wreckage/wreckage_pipes_medium_03.cgf
     32: objects/spaceships/derelicts/wreckage/wreckage_mech_junk_019.cgf
     33: objects/spaceships/derelicts/wreckage/debris_junk_huge_a.cgf
     34: objects/spaceships/derelicts/wreckage/debris_small_a.cgf
     35: objects/spaceships/derelicts/wreckage/wires_floor_bundle_b.cgf
     36: objects/spaceships/derelicts/drak/caterpillar/drak_caterpillar_der_hull_module_door_top.cgf
     37: objects/spaceships/derelicts/wreckage/wreckage_mech_junk_013.cgf
     38: objects/spaceships/derelicts/drak/caterpillar/drak_caterpilllar_der_gear_side.cgf
     39: objects/spaceships/derelicts/wreckage/wreckage_pipes_large_01.cgf
     40: objects/spaceships/derelicts/wreckage/wreckage_mech_junk_016.cgf
     41: objects/spaceships/derelicts/drak/caterpillar/drak_caterpilllar_der_gear_side_hydraulics.cgf
     42: objects/spaceships/derelicts/wreckage/wreckage_mech_junk_08.cgf
     43: objects/spaceships/derelicts/wreckage/wreckage_internals_03.cgf
     44: objects/spaceships/derelicts/drak/caterpillar/drak_caterpillar_der_hull_module_railings_double.cgf
     45: objects/spaceships/derelicts/wreckage/debris_large_c.cgf
     46: objects/spaceships/derelicts/wreckage/wreckage_mech_junk_06.cgf
     47: objects/spaceships/derelicts/wreckage/wreckage_pipes_medium_06.cgf
     48: objects/spaceships/derelicts/wreckage/wires_hanging_c.cgf
     49: objects/spaceships/derelicts/drak/caterpillar/drak_caterpillar_der_wing_right_int.cgf
     50: objects/planets/terrain_extension/crashpile_01/crashpile_01_c.cgf
     51: objects/spaceships/derelicts/wreckage/wreckage_pipes_medium_02.cgf
     52: objects/spaceships/derelicts/drak/caterpillar/drak_caterpillar_der_hull_module_door_mid.cgf
     53: objects/spaceships/derelicts/wreckage/wreckage_panel_small_03.cgf
     54: objects/spaceships/derelicts/drak/caterpillar/drak_caterpillar_der_hull_module_door_btm.cgf
     55: objects/spaceships/derelicts/wreckage/wreckage_panel_medium_01.cgf
     56: objects/spaceships/derelicts/wreckage/wires_floor_bundle_a.cgf
     57: objects/spaceships/derelicts/wreckage/wreckage_props_chair_base.cgf
     58: objects/spaceships/derelicts/wreckage/debris_small_b.cgf
     59: objects/spaceships/derelicts/wreckage/wires_floor_bundle_d.cgf
     60: objects/spaceships/derelicts/wreckage/wreckage_internals_04.cgf
     61: objects/spaceships/derelicts/drak/caterpillar/drak_caterpillar_der_wing_right.cgf

[Materials]
      0: objects/spaceships/derelicts/materials/decals/scorch_04
      1: objects/spaceships/derelicts/materials/decals/scorch_02
      2: materials/decals/scratches/scratches_small_a
      3: materials/decals/scratches/metal_scratches_03
      4: objects/spaceships/derelicts/materials/decals/sand_square_a_ext
      5: materials/decals/scratches/scratches_big_e
      6: objects/spaceships/derelicts/materials/decals/scorch_v2
      7: objects/spaceships/derelicts/materials/decals/crumpled_metal_c
      8: objects/spaceships/derelicts/materials/decals/scorch_v1
      9: objects/spaceships/derelicts/materials/decal_burned_01
     10: materials/decals/scratches/scratches001d
     11: objects/spaceships/derelicts/drak/caterpillar/drak_caterpillar_ext_delerict
     12: objects/spaceships/derelicts/materials/wreckage/wreckage_ext_derelict
     13: objects/spaceships/derelicts/materials/wreckage/wreckage
     14: objects/spaceships/derelicts/drak/caterpillar/drak_caterpillar_int_delerict

[Palettes]
      0: Libs/Foundry/Records/TintPalettes/default

[Placements]
  #0 objects/spaceships/derelicts/wreckage/wreckage_girder_01.cgf
    [-0.54188629269872757, -0.84031824661337307, -0.01498455181695854, -44.10177227930398658]
    [0.78690831056013921, -0.51354514539062890, 0.34212094501273244, 7.06767469488841016]
    [-0.29518570960653934, 0.17359917814795112, 0.93953646485367448, 6.35431490535847843]
  #1 objects/spaceships/derelicts/wreckage/debris_small_f.cgf
    [1.77630534837316278, 0.84094057866600769, 0.18402176424000111, 22.26987377979094163]
    [-0.83260384033001134, 1.78551335704367498, -0.12255061854829162, 7.19863262177386787]
    [-0.21866849711112810, 0.03266117254067885, 1.96148492051294010, -2.55521281828987412]
  #2 objects/spaceships/derelicts/wreckage/wreckage_pipes_medium_01.cgf
    [0.77714467970085466, 0.62692712355761870, -0.05484953570808691, -12.55352928885258734]
    [-0.00000031323786982, -0.08715617420496774, -0.99619463173860823, 49.51463748008245602]
    [-0.62932192860214586, 0.77418739724480778, -0.06773276263930261, 1.47303402581019327]
  #3 objects/planets/terrain_extension/crashpile_01/crashpile_01_d.cgf
    [0.69738440700430071, 1.61615655595680718, 0.82044383015385303, -13.09459444601088762]
    [-1.81214812546548143, 0.60486422919723593, 0.34884600978369901, -16.91525984511827119]
    [0.03477446148590413, -0.89084923180519071, 1.72528649387656796, 1.39289402571739629]
  #4 objects/spaceships/derelicts/drak/caterpillar/drak_caterpilllar_der_gear_rear.cgf
    [-0.14556162030592598, 0.90865146325980317, -0.39136211614914557, 11.81307431374443695]
    [-0.11436364871258413, -0.40837727491696441, -0.90562074298877671, -3.27938477763382252]
    [-0.98271702106662584, -0.08706602433910676, 0.16336075678915030, -0.68961952143581584]
  #5 objects/spaceships/derelicts/wreckage/wires_hanging_d.cgf
    [-0.51695329253684252, -1.45991418732127842, 0.14445830597771184, -23.32280267763417214]
    [1.46433595344433143, -0.50418960208464458, 0.14481506749157685, 55.52775246073724702]
    [-0.08909462362106826, 0.18412428949044274, 1.54195289721639717, 6.15230794230592437]
  #6 objects/spaceships/derelicts/wreckage/wreckage_internals_01.cgf
    [0.31155989314551691, 0.90507243840400109, -0.28943802719000938, -73.03030537540325895]
    [0.76955044306576847, -0.41901465968185847, -0.48189095022425005, 33.32318593680975027]
    [-0.55742497783960854, -0.07259926702238192, -0.82704703485798181, 6.80161901266546920]
  #7 objects/spaceships/derelicts/wreckage/wreckage_internals_01.cgf
    [1.62691929869730001, -0.00000022181393240, 0.20324546203573030, -24.98964984883787110]
    [-0.00000709382009448, 1.63956552745864093, 0.00005857326983358, 11.71327690809266642]
    [-0.20324546191205450, -0.00005900085610488, 1.62691929764292142, 2.53917253541294485]
  #8 objects/spaceships/derelicts/wreckage/debris_glass_b.cgf
    [-0.44177286335332533, 0.89235694761999607, 0.09238966047657163, -81.21417489374289289]
    [-0.88417857940558775, -0.45051550431716719, 0.12354778109789699, 16.70213536451046821]
    [0.15187169271779888, -0.02710890127283911, 0.98802840573885287, 9.52779388145427220]
  #9 objects/spaceships/derelicts/wreckage/wires_floor_bundle_c.cgf
    [-4.09216534013193023, -3.27457626749483843, 0.48950975458205492, -56.80204765958478674]
    [3.30626774482824004, -4.08288315836335691, 0.32702510165082266, 6.73131801611452829]
    [0.17624735736967978, 0.56169572364485643, 5.23084328626922090, 7.34703505178913474]
  #10 objects/spaceships/derelicts/wreckage/wreckage_panel_small_04.cgf
    [-0.55522790779190223, 0.35808304476665159, 0.75066543993902068, 14.07018049142789096]
    [0.56806211181623778, 0.82251578476947362, 0.02780863504571373, -24.35920971029554494]
    [-0.60747634257399319, 0.44186470340464373, -0.66009709615875700, -0.97191740333801135]
  #11 objects/spaceships/derelicts/wreckage/wreckage_internals_01.cgf
    [-1.10828587757390395, -0.68540149267239048, -0.99503709912067329, -12.65002080105477944]
    [0.80918970569175075, -1.42375401836293958, 0.07942377862871754, -30.08414638265094254]
    [-0.89726587753381293, -0.43740245798534882, 1.30067853675519629, 2.10163706023013219]
  #12 objects/spaceships/derelicts/wreckage/wreckage_mech_junk_015.cgf
    [-0.64881993194549459, -0.71934762200598668, 0.24813651975686851, -2.86907332093687728]
    [0.75326069758466296, -0.65337935443047523, 0.07545713015187674, 23.29583613999420777]
    [0.10784736991223090, 0.23586957355882618, 0.96578182157496995, 0.13843109953450039]
  #13 objects/spaceships/derelicts/wreckage/wreckage_internals_02.cgf
    [0.77700621369098355, -0.61313228035121980, 0.14258379738804508, -58.81555637583369389]
    [0.61280698128765732, 0.78855654517070528, 0.05144091128888146, 3.10679717408493161]
    [-0.14397547072814454, 0.04740643901871189, 0.98844508293018207, 8.14842296083224937]
  #14 objects/spaceships/derelicts/wreckage/debris_large_d.cgf
    [0.98693951414690861, -0.71705379637714017, 0.08530467710762936, 6.16454824461834505]
    [0.71005468245498393, 0.98995479020457933, 0.10632262550652723, -25.19443188344303053]
    [-0.13139780347881794, -0.03627679522752916, 1.21528237491901625, -0.48678765946533531]
  #15 objects/spaceships/derelicts/wreckage/debris_glass_a.cgf
    [0.98990073068073925, -0.10695549147848218, 0.09305452469630912, -82.39259947888785973]
    [0.10447352578540885, 0.99404042137971349, 0.03116089535504901, 21.26960911205969751]
    [-0.09583268823227903, -0.02112443684359721, 0.99517432259897909, 9.27725696290144697]
  #16 objects/spaceships/derelicts/wreckage/wreckage_pipes_small_01.cgf
    [0.50661858205062915, -0.64742239861878215, 0.56936961963406574, 29.46909712010528892]
    [0.84646017833210818, 0.49899239033893800, -0.18577318040109198, 23.57591776133631356]
    [-0.16383739650493015, 0.57606487987470967, 0.80081613080403835, -2.15024655414163135]
  #17 objects/spaceships/derelicts/wreckage/wreckage_mech_junk_03.cgf
    [-0.19433133634677963, -0.00367259652319894, -0.98092913665818715, 19.45929858996532857]
    [0.01657366712542009, 0.99983801945906470, -0.00702679149500980, 8.12060544472478796]
    [0.98079598932102829, -0.01762311764349202, -0.19423897768685114, -2.27381301246350631]
  #18 objects/planets/terrain_extension/crashpile_01/crashpile_01_a.cgf
    [-1.75187896142236732, 1.41299171174592786, 0.14083168124505147, 34.64741438679629937]
    [-1.41848610952883925, -1.75169199445450596, -0.07022356454240135, 11.45494694470835384]
    [0.06539340164521865, -0.14313844515229199, 2.24959865840997564, -4.74147712215199135]
  #19 objects/spaceships/derelicts/wreckage/wreckage_mech_junk_018.cgf
    [0.29087367388320573, -0.10502651794226486, -0.95097946374979658, -60.92129422596190125]
    [0.17760800616123967, 0.98260790512731633, -0.05419506464593263, -9.40380544845538680]
    [0.94013185569491087, -0.15313764858280565, 0.30446832117219291, 8.87530092522501945]
  #20 objects/spaceships/derelicts/wreckage/wreckage_pipes_large_02.cgf
    [-0.99383590755241891, 0.09484441670764944, -0.05740014923441520, -21.80851094186073169]
    [0.09831765098915379, 0.99328047888112259, -0.06105392232241317, 60.23074979681405239]
    [0.05122382274608499, -0.06632102642723545, -0.99648266070725133, 1.11412213096627966]
  #21 objects/spaceships/derelicts/wreckage/wreckage_mech_junk_02.cgf
    [-0.00097355227907740, -0.99951136556997466, 0.03126942296733116, 16.28616536286426708]
    [0.99951235897208268, 0.00000418215947016, 0.03125282011079546, 10.62637378824001644]
    [-0.03123765321415969, 0.03128457446185734, 0.99902311231658625, -2.13720806987839751]
  #22 objects/spaceships/derelicts/wreckage/wreckage_pipes_medium_01.cgf
    [0.12984219333316230, 0.72429807822223202, -0.67715086192995866, -73.98963991249911487]
    [-0.77705515740234410, 0.49853617246118781, 0.38424856304303562, 32.50153473843238316]
    [0.61589469739828306, 0.47629189551135659, 0.62755059006055214, 6.91499046803801320]
  #23 objects/spaceships/derelicts/wreckage/wreckage_panel_small_04.cgf
    [0.06181468747542232, -0.95038752466314236, -0.30486478310769494, -53.65648695686832070]
    [-0.54279850308054300, 0.22431904948567985, -0.80935207894567351, -1.01148347379057668]
    [0.83758508109215890, 0.21550998957084830, -0.50200270410560044, 7.36876265381579287]
  #24 objects/spaceships/derelicts/wreckage/wreckage_girder_02.cgf
    [0.49327061783720655, -0.59408122685549347, -0.63541454342744630, -5.20133169257314876]
    [0.73072218770612196, 0.67929491100478001, -0.06784951584001898, 43.83719710436707828]
    [0.47194197789052145, -0.43084332222238014, 0.76918453554651167, 0.23013201981666498]
  #25 objects/planets/terrain_extension/crashpile_01/crashpile_01_d.cgf
    [-0.58062313303471813, -1.46764425033491519, 0.36583282967357084, -18.93305038090329617]
    [1.51181478170266348, -0.57534229559245265, 0.09128984692118645, -1.64581516011094209]
    [0.04721621155318104, 0.37408304530469011, 1.57568049807227606, 1.16036640672245994]
  #26 objects/spaceships/derelicts/wreckage/wreckage_mech_junk_012.cgf
    [-0.89901568358944139, -0.32829700577465676, 0.28981325081217829, 21.77125661208992824]
    [0.37335159331831858, -0.92047807500463286, 0.11544931740446304, 19.32124081286019646]
    [0.22886509588314335, 0.21199300253045761, 0.95009451027318303, -2.05565200492856093]
  #27 objects/spaceships/derelicts/wreckage/wreckage_pipes_medium_01.cgf
    [1.00000007093985777, 0.00000010768683540, 0.00000014386661419, -68.59404030995210633]
    [-0.00000010768683235, 1.00000007093986798, -0.00000002121168134, 3.36507074095425196]
    [-0.00000014386661648, 0.00000002121166584, 1.00000007093986332, 8.83638047339627519]
  #28 objects/planets/terrain_extension/crashpile_01/crashpile_01_d.cgf
    [-0.67908785334357080, -1.34679883983009296, 0.59153126794338740, -19.45366323133930564]
    [1.46891718540589866, -0.58641283892315332, 0.35119645961552076, 67.57956719600770157]
    [-0.07783738395918147, 0.68351264498879516, 1.46686348181416992, -1.10485085455002263]
  #29 objects/spaceships/derelicts/wreckage/wreckage_girder_03.cgf
    [-0.96617430776251723, -0.00399304356668066, 0.25785907335577907, -38.97387658932711929]
    [-0.01461675729247072, 0.99912072454796175, -0.03929589385947808, 4.04190828454738948]
    [-0.25747542895406444, -0.04173574572278484, -0.96538312089195411, 5.63623915915377438]
  #30 objects/spaceships/derelicts/wreckage/wreckage_panel_small_01.cgf
    [0.70894918828792763, 0.64483716051040496, -0.28561825780310551, -39.85661192826228216]
    [0.64968474960610967, -0.75470583087247489, -0.09127178817163313, -12.94593110823188908]
    [-0.27441297144058158, -0.12085466317721974, -0.95398814239653151, 6.16800860696821474]
  #31 objects/spaceships/derelicts/wreckage/wreckage_girder_03.cgf
    [-0.17107526786944796, -0.98383698668767772, -0.05289682386607245, 4.17386306991102174]
    [-0.91981396528323733, 0.14024087388715298, 0.36643526602621979, -20.30471153068356216]
    [-0.35309426449566589, 0.11134324650866580, -0.92893872750767903, 0.85661526620970108]
  #32 objects/spaceships/derelicts/wreckage/debris_glass_b.cgf
    [-0.44432403771186152, 0.88251617036185437, 0.15408228286923151, -75.71686951600713655]
    [-0.89057240367658463, -0.45378630215728344, 0.03096412629234089, 35.57867421010450926]
    [0.09724677194672139, -0.12346332393542737, 0.98757271343515585, 7.40261229366296902]
  #33 objects/spaceships/derelicts/wreckage/wreckage_girder_03.cgf
    [0.48259807909173114, -0.57647341781062567, -0.65937655739030299, -5.76897688984172419]
    [0.69644815436870122, 0.70909373458078595, -0.11020887294534915, 39.42456164935720153]
    [0.53109228402847408, -0.40603500582731816, 0.74369113999657743, 0.29316130760707892]
  #34 objects/spaceships/derelicts/wreckage/wreckage_panel_small_02.cgf
    [0.14196251569803039, -0.10213097996126670, 0.44057763406023115, -16.99104612856172025]
    [-0.00614291083224662, 0.46129491725514310, 0.10891284830703336, 51.19632421777350828]
    [-0.45221859022873734, -0.03832762465892105, 0.13682866806634977, 2.00382011357578449]
  #35 objects/spaceships/derelicts/wreckage/wreckage_mech_junk_05.cgf
    [-0.15273129583860198, 0.00194597578549783, 0.98826575311878362, -7.50003720645327121]
    [0.06196537344501853, 0.99804919553790372, 0.00761118372501587, -29.00014826886763331]
    [-0.98632311039689924, 0.06240072757683848, -0.15255394269765807, 2.22552167251706123]
  #36 objects/spaceships/derelicts/wreckage/wreckage_pipes_medium_07.cgf
    [0.12776753178835343, -0.98915804662268614, 0.07240033984230361, -33.07796787348343059]
    [-0.99048044488705089, -0.13102679613209850, -0.04219549239769717, 58.14690495766990352]
    [0.05122439559466451, -0.06631990714654605, -0.99648267611585295, 2.06009774695849046]
  #37 objects/spaceships/derelicts/wreckage/wreckage_mech_junk_02.cgf
    [-0.90668901689536352, -0.42063819440884170, 0.03128248690244665, 36.54538549599237740]
    [0.42179488984869651, -0.90453989451228389, 0.06242361792018559, 25.10608263987523969]
    [0.00203849941335037, 0.06979359985835974, 0.99755939967501028, -4.30728948078467511]
  #38 objects/spaceships/derelicts/wreckage/wreckage_pipes_medium_07.cgf
    [0.12776753178835343, -0.98915804662268614, 0.07240033984230361, -23.22078818659065291]
    [-0.99048044488705089, -0.13102679613209850, -0.04219549239769717, 64.98048738867510110]
    [0.05122439559466451, -0.06631990714654605, -0.99648267611585295, 0.67133310568169691]
  #39 objects/spaceships/derelicts/wreckage/wreckage_panel_small_02.cgf
    [0.91779763893180055, 0.37717660444991780, 0.12403751737965125, 20.83690595964435488]
    [-0.37634572496530122, 0.92596144141493986, -0.03097268157544168, 6.69129144682665356]
    [-0.12653612907948034, -0.01825433535525416, 0.99179402597978172, -2.31837814024765976]
  #40 objects/spaceships/derelicts/wreckage/wires_floor_bundle_c.cgf
    [-0.65440316799280984, -2.71635967726731886, 0.26175680399692358, -7.62623273395001888]
    [2.72883399749595545, -0.64896092633386748, 0.08766274695476847, 47.27728212639340200]
    [-0.02432148911439696, 0.27497244736445486, 2.79269916843171417, 0.45130572869675234]
  #41 objects/spaceships/derelicts/wreckage/wreckage_mech_junk_01.cgf
    [0.41788593686274972, -0.90817177055561338, -0.02440082732068185, 26.99975031224312261]
    [0.80086813665413059, 0.35556476073960963, 0.48185469806574932, 6.49993990409711841]
    [-0.42893075536756781, -0.22090214467445962, 0.87591133741591742, -2.68053967173909768]
  #42 objects/spaceships/derelicts/wreckage/wreckage_pipes_small_01.cgf
    [0.95924308325548213, -0.27902191726513670, 0.04471596101040799, -2.46421372343320400]
    [0.25995600863309687, 0.93336185076129019, 0.24750468556350458, -2.23885063038324006]
    [-0.11079540179513930, -0.22579297040879553, 0.96785430396930483, 0.22682062484091148]
  #43 objects/spaceships/derelicts/wreckage/wires_floor_bundle_c.cgf
    [-0.97676080978925839, -0.18590981236086376, 0.10665740139702019, 5.62901417491957545]
    [0.19017517763857328, -0.98125325220995752, 0.03123133014303356, -21.67356856106198393]
    [0.09885171427422870, 0.05078913112383877, 0.99380518306643761, 0.08782433089800179]
  #44 objects/spaceships/derelicts/wreckage/wreckage_internals_01.cgf
    [-0.41017967024972279, 0.79988863303867752, 0.43809907816532478, -67.54266360274050385]
    [-0.66478155799363725, -0.59109222812333562, 0.45681007808902985, 1.58256805545534007]
    [0.62435415246904846, -0.10386598108942667, 0.77420523099947491, 8.90763930956018157]
  #45 objects/spaceships/derelicts/wreckage/wreckage_mech_junk_014.cgf
    [0.10798848741473036, 0.97511054681942211, 0.19364349728641450, -65.22433360549621284]
    [0.93651928127208972, -0.03442361346719190, -0.34892197783369472, 28.27957922659697942]
    [-0.33357160905178163, 0.21903043690614410, -0.91692723011001065, 6.54375495246495120]
  #46 objects/spaceships/derelicts/wreckage/wreckage_pipes_medium_01.cgf
    [0.76604368742738616, -0.64034261979116414, 0.05602138958071658, -48.93581707216799259]
    [-0.00000055593658800, 0.08715302859090213, 0.99619493447117935, 12.93939512352517340]
    [-0.64278850861792547, -0.76312887296008858, 0.06676267147382023, 6.72456994181266055]
  #47 objects/spaceships/derelicts/wreckage/wreckage_mech_junk_018.cgf
    [-0.26295064170866711, 0.66251448130043500, 0.70137830817331526, -42.72256863192887977]
    [-0.21895112629179916, -0.74897012924515760, 0.62538320962262062, -5.59527299087494612]
    [0.93963683059169145, 0.01087734570350605, 0.34200046641765536, 6.10127403770457022]
  #48 objects/spaceships/derelicts/wreckage/wreckage_girder_01.cgf
    [0.46612111786827448, -0.76328580798948287, 0.44735422533065983, -22.00369457999477163]
    [-0.84110202244381405, -0.53912583113958379, -0.04348160715867556, -4.88518533576279879]
    [0.27436912260726104, -0.35600286184526370, -0.89329920577588495, 3.20157189297606237]
  #49 objects/spaceships/derelicts/wreckage/wreckage_props_chair_seat.cgf
    [0.98048404692983449, 0.12950916901939488, 0.14791333015847713, 28.49972591933328658]
    [-0.13811774576409294, 0.98918054065674765, 0.04944988042089254, 7.49992787549854256]
    [-0.13990877886576755, -0.06891427652163948, 0.98776328159653692, -2.30568198618129827]
  #50 objects/spaceships/derelicts/wreckage/wreckage_panel_small_04.cgf
    [0.22408360655138715, 0.93377279733810836, 0.27902493595401701, -44.81764496583491564]
    [0.53139550290478721, -0.35706967575102866, 0.76819273675912825, 11.43500540356035344]
    [0.81694881811858167, -0.02386680264038665, -0.57621612174967207, 6.03995502897305414]
  #51 objects/spaceships/derelicts/wreckage/wreckage_pipes_medium_04.cgf
    [-0.72886399278998026, 0.65974080560110815, 0.18302841098109959, -34.20174548804061487]
    [-0.63702973522517325, -0.75144351315364721, 0.17183076780794490, -7.64992610314220656]
    [0.25089927508944920, 0.00864671910744466, 0.96797460596623308, 4.77251981856534258]
  #52 objects/spaceships/derelicts/wreckage/wreckage_pipes_medium_03.cgf
    [0.76604368742738616, -0.64034261979116414, 0.05602138958071658, -56.90110419760458171]
    [-0.00000055593658800, 0.08715302859090213, 0.99619493447117935, 27.79527915647486225]
    [-0.64278850861792547, -0.76312887296008858, 0.06676267147382023, 6.75769746408332139]
  #53 objects/spaceships/derelicts/wreckage/wreckage_mech_junk_019.cgf
    [-0.00929204833208069, 0.94671942577078194, -0.32192546703782643, 3.92233310523442924]
    [0.31732490257175711, -0.30250732326999186, -0.89877374527593834, -5.33044150100613479]
    [-0.94827136604829887, -0.11050641545970495, -0.29760673395712645, -0.29711845092242584]
  #54 objects/planets/terrain_extension/crashpile_01/crashpile_01_d.cgf
    [-1.21333533862201226, -0.97483458572537196, 0.44994938977779048, -42.94100385304773226]
    [1.06291579147366799, -1.18645646536196003, 0.29575436239127106, -13.58436533247004263]
    [0.15154848439911742, 0.51667993294805226, 1.52807541391185486, 5.21192207414424047]
  #55 objects/spaceships/derelicts/wreckage/debris_junk_huge_a.cgf
    [-0.27566441678104336, 0.28545909412729786, -0.00000149211776012, -50.18665461742784828]
    [-0.28545909412669024, -0.27566441678458137, -0.00000078911697381, 14.06555939397367183]
    [-0.00000160415512294, 0.00000052517363792, 0.39683468232828106, 6.38957547422614880]
  #56 objects/spaceships/derelicts/wreckage/debris_small_a.cgf
    [-0.61854104387640685, -0.76383751818053058, 0.18428021361056884, -3.00001125555718318]
    [0.77713881544883712, -0.62932919113893382, -0.00007050856557640, -25.00010259691043757]
    [0.11602677635497478, 0.14316769631619899, 0.98287373154869218, 1.38215797292650677]
  #57 objects/spaceships/derelicts/wreckage/wires_floor_bundle_b.cgf
    [0.70881311566923955, 0.70471852420203940, 0.03091522928462188, -62.98883278144057840]
    [-0.70402017117463367, 0.70401432317001467, 0.09337780277272409, 28.20058695254556369]
    [0.04404030352371392, -0.08795235709133468, 0.99515065052863905, 6.68455982636078261]
  #58 objects/planets/terrain_extension/crashpile_01/crashpile_01_d.cgf
    [-0.64253395151084969, -1.38142572196883062, 0.55113594594641546, -1.03793592023430392]
    [1.47722886390366681, -0.66252576080200265, 0.06158112534788442, -51.62290623471199069]
    [0.17286624853116131, 0.52693484040450844, 1.52229913918458970, -1.44525638190680183]
  #59 objects/spaceships/derelicts/drak/caterpillar/drak_caterpillar_der_hull_module_door_top.cgf
    [-0.30040125737211254, -0.16488300434750133, 0.93945339378831438, -30.52000425325240940]
    [-0.02555350039834731, 0.98598283649885798, 0.16487833211445396, 25.24711408537405077]
    [-0.95347055688176929, 0.02552333561261861, -0.30040382180085556, 3.51597371950629167]
  #60 objects/spaceships/derelicts/wreckage/wreckage_mech_junk_013.cgf
    [-0.16586024219685508, -0.98234579660712229, -0.08652806574221698, 0.42727930296678096]
    [-0.95037356065239098, 0.13580716593849806, 0.27990444638665496, -12.30014019280497450]
    [-0.26321182626483025, 0.12865900583496681, -0.95612048662616855, 0.57772338908398524]
  #61 objects/spaceships/derelicts/drak/caterpillar/drak_caterpilllar_der_gear_side.cgf
    [-0.77317311787048604, -0.53241344467276763, -0.34458559379428660, -2.57440282602328807]
    [0.44816420362601694, -0.84312882915510712, 0.29712388283718977, 38.75778165503288619]
    [-0.44872280319495833, 0.07529727150214555, 0.89049320295757595, -0.12175182043574750]
  #62 objects/spaceships/derelicts/wreckage/wreckage_pipes_large_01.cgf
    [0.42558153562353823, -0.35574873572229532, 0.03112316828639174, -52.74291251401882619]
    [-0.00000026834545832, 0.04841855625665278, 0.55344475916376046, 20.77985554300539661]
    [-0.35710756722887088, -0.42396218991543727, 0.03709049724481458, 6.60701261946815066]
  #63 objects/spaceships/derelicts/wreckage/wreckage_internals_01.cgf
    [1.03367743972608039, -1.22483530194773360, 0.34563636666426750, -60.59476240782532841]
    [0.76893261372016597, 0.95588028950044346, 1.08775483081389179, 24.42927408048126381]
    [-1.01411471265125908, -0.52368542036616661, 1.17707263766392156, 7.18638866487890482]
  #64 objects/spaceships/derelicts/wreckage/wreckage_girder_01.cgf
    [0.87538129852468127, 0.36983679837575728, -0.31133313212246699, 18.02552651544101536]
    [-0.10335581529469640, 0.77228993773015908, 0.62680604809006824, -42.38705041985667776]
    [0.47225538857146421, -0.51651620404851750, 0.71427295435099525, -3.02011714930995367]
  #65 objects/spaceships/derelicts/wreckage/wreckage_panel_small_01.cgf
    [-0.33117785008193090, -0.93423211057797162, 0.13240732014207834, -30.02739621052751318]
    [0.92371450658726451, -0.29236675917555033, 0.24753442527555652, 8.43438441539183259]
    [-0.19254309954507431, 0.20428447063172106, 0.95978909825198644, 3.44415757319075055]
  #66 objects/spaceships/derelicts/wreckage/debris_glass_b.cgf
    [-0.45398963564616174, 0.89100696023626313, -0.00017201074246048, -59.13125104526989162]
    [-0.89100697679638530, -0.45398962906944051, 0.00007777437628701, 26.10803290040348656]
    [-0.00000879358246888, 0.00018857153029024, 0.99999999320737354, 6.87549826258327812]
  #67 objects/spaceships/derelicts/wreckage/wreckage_mech_junk_016.cgf
    [0.17140353800467281, -0.98324095218893359, 0.06211484975524873, -79.56850450683850795]
    [0.98432789384138331, 0.17356469449342879, 0.03121044205432183, 12.34325502409774344]
    [-0.04146832559079409, 0.05579179353667703, 0.99758099982341963, 9.74715944228228182]
  #68 objects/spaceships/derelicts/drak/caterpillar/drak_caterpilllar_der_gear_side_hydraulics.cgf
    [0.35341502602868674, 0.54111661689539436, 0.76307885203299308, -25.36015179438982159]
    [-0.52305484229128218, 0.79059814371034898, -0.31838171310638597, 6.20517718825431075]
    [-0.77557086037057199, -0.28661139231474758, 0.56244329355288547, 2.35796985111664981]
  #69 objects/spaceships/derelicts/wreckage/wreckage_mech_junk_013.cgf
    [0.20946595690336070, -1.14030842172749303, 1.29297423154509428, -64.28074799658497795]
    [-0.06849392349761259, -1.30695937921857586, -1.14154606158499350, 1.81124607924721204]
    [1.72261262115026192, 0.08669216581480002, -0.20261261817536544, 8.72076872939942405]
  #70 objects/spaceships/derelicts/wreckage/wreckage_mech_junk_08.cgf
    [-0.37712848195962134, 0.85042404600046662, 0.36681474840184009, 25.99977852345909923]
    [0.91655044257766793, 0.28578709053111889, 0.27975173755048766, 7.49993613638798706]
    [0.13307668417716922, 0.44170656598700464, -0.88723498311239668, -2.43048266129335389]
  #71 objects/planets/terrain_extension/crashpile_01/crashpile_01_d.cgf
    [-0.66010480221772860, -1.42261380455787578, 0.40665466667519812, -35.43617648573126644]
    [1.47936664433254084, -0.62678241983834682, 0.20869723183626876, 60.08795488996838685]
    [-0.02593041618694714, 0.45634435026765641, 1.55435319417866458, 0.61401322262827307]
  #72 objects/spaceships/derelicts/wreckage/wreckage_props_chair_seat.cgf
    [0.97519519098567375, -0.18362912598350847, 0.12359735164987004, 31.70474059839034453]
    [0.17289196564612500, 0.98056941379624685, 0.09270175137621342, 25.14069735532393679]
    [-0.13821841215752695, -0.06903325708476260, 0.98799377615592010, -3.77555848273914307]
  #73 objects/spaceships/derelicts/wreckage/wreckage_internals_03.cgf
    [0.39190561851260580, -0.63520066444374312, 0.66553093212809566, -59.92759546433808282]
    [0.60221323963458018, 0.72400466961850618, 0.33638931601677630, -1.18068465313990600]
    [-0.69552176079392980, 0.26895849830715141, 0.66626730821892088, 8.50896646443288773]
  #74 objects/spaceships/derelicts/wreckage/debris_glass_a.cgf
    [0.98800182568506012, 0.00476597246621075, 0.15436861107290561, 21.71447240520501509]
    [-0.00000658301109970, 0.99952503306012297, -0.03081717667085301, 14.59399631776614115]
    [-0.15444216566336619, 0.03044641075315649, 0.98753259372670743, -2.38621237350162119]
  #75 objects/spaceships/derelicts/drak/caterpillar/drak_caterpillar_der_hull_module_railings_double.cgf
    [-0.09290864757657011, 0.99417403047839037, 0.05465640341196149, -9.38887493556831032]
    [0.14061980057911003, 0.06744538042642716, -0.98776441242348467, 50.86370883825293276]
    [-0.98569538752936747, -0.08408602670820507, -0.14606671496902698, 0.51124468119814992]
  #76 objects/spaceships/derelicts/wreckage/wreckage_mech_junk_014.cgf
    [0.39637812740371220, 0.80803115115196467, -0.43585552050661519, -58.17511550820199773]
    [-0.68501981099612175, -0.05578053249265068, -0.72638583866276540, 17.82241283231996931]
    [-0.61125463968046834, 0.58649312599126191, 0.53140716452286729, 7.92568832484539598]
  #77 objects/spaceships/derelicts/wreckage/wreckage_girder_03.cgf
    [0.08812423935334618, 0.99532012642370005, 0.03964790671379550, -30.35476471681613475]
    [0.85299422170923789, -0.05484767728131470, -0.51903042508120678, -26.73880282102618366]
    [-0.51442683474088680, 0.07955859705422393, -0.85383572978982170, 4.77951053762808442]
  #78 objects/spaceships/derelicts/wreckage/debris_glass_a.cgf
    [0.99951012175115139, 0.00000004982112689, 0.03129727366188091, 20.78241208294639364]
    [-0.00000096914217727, 1.00000000097939989, 0.00002935866870019, 9.53330249601276591]
    [-0.03129727364691548, -0.00002937461799347, 0.99951012131997563, -2.35472543915966526]
  #79 objects/spaceships/derelicts/wreckage/debris_large_c.cgf
    [0.98693951414690861, -0.71705379637714017, 0.08530467710762936, -35.49622466613072902]
    [0.71005468245498393, 0.98995479020457933, 0.10632262550652723, 61.17625054539530538]
    [-0.13139780347881794, -0.03627679522752916, 1.21528237491901625, 1.53811061510350555]
  #80 objects/spaceships/derelicts/wreckage/wreckage_girder_03.cgf
    [0.37938398045671307, -0.48722558061208937, -0.78656064003317760, -18.82652395952027291]
    [-0.72875099748835137, -0.68114649987035392, 0.07042755748616952, 50.80592799466103315]
    [-0.57007753026401797, 0.54648814332146989, -0.61348262418466204, 1.22868384449975565]
  #81 objects/spaceships/derelicts/wreckage/wires_floor_bundle_c.cgf
    [0.16892021983520475, -0.97349554085242174, 0.15417798592889970, -59.20925303490366787]
    [0.98465786076673167, 0.17361844251140118, 0.01743541579698962, -6.15938378065766301]
    [-0.04374147499713185, 0.14886748615524209, 0.98788846283611875, 8.56324648280860856]
  #82 objects/spaceships/derelicts/wreckage/wreckage_mech_junk_08.cgf
    [1.84654258938654015, -1.35315155933608700, -2.24658058589211418, -51.12350217555649579]
    [0.55840205800072440, 2.88742303807632528, -1.28017121771504661, 16.49518012673070189]
    [2.56248524153049395, 0.34587868178276909, 1.89786731103257211, 6.95391044844291173]
  #83 objects/spaceships/derelicts/wreckage/wires_floor_bundle_b.cgf
    [-0.96055276900195263, -0.16427687475594399, 0.22439159835873315, -59.82376497413497418]
    [0.18846485471683713, -0.97786735850094653, 0.09086545408365242, -0.01641567905608099]
    [0.20449811620190683, 0.12957098683612303, 0.97025356627588333, 8.40630472300108522]
  #84 objects/spaceships/derelicts/wreckage/wreckage_pipes_medium_07.cgf
    [0.21828714652703640, -0.97147246595716397, 0.09269334958878676, 22.47715592151507735]
    [0.97066052325878760, 0.20632198651204092, -0.12348876053511873, 4.26310591350193135]
    [0.10084125027913335, 0.11692977926358247, 0.98800736660882704, -2.77527803485281765]
  #85 objects/spaceships/derelicts/wreckage/wreckage_pipes_medium_01.cgf
    [0.58498929926966592, 0.63612735237434659, 0.50311984438174262, -64.55448673176579177]
    [-0.80827747032196151, 0.40609700020528788, 0.42634824252448439, 4.42413013103941921]
    [0.06689631693475834, -0.65606957290746981, 0.75172978176675576, 8.94206812357879244]
  #86 objects/spaceships/derelicts/wreckage/wreckage_pipes_medium_03.cgf
    [-0.88427715146777786, 0.09479985314023315, 0.45723836666938766, -25.08781188260763884]
    [-0.46622770704412558, -0.12433031437703464, -0.87588453281762613, 58.73145207592460793]
    [-0.02618513498678613, -0.98770186670339155, 0.15414077310765542, 1.92664576700190082]
  #87 objects/spaceships/derelicts/wreckage/wreckage_girder_02.cgf
    [-0.65758896899481933, -0.73070612797185985, 0.18342301622681381, -30.27252978150499985]
    [0.75152766985153874, -0.65328084800425734, 0.09180956137241070, 18.79506798918009736]
    [0.05274096875187806, 0.19822055558455554, 0.97873678894782645, 3.54362430932815187]
  #88 objects/spaceships/derelicts/wreckage/wreckage_internals_01.cgf
    [0.91831454305839644, -0.39016049834428801, -0.06689976385972808, -54.85302519932156429]
    [-0.38988602122822880, -0.92069522416189808, 0.01765184187542241, -12.11782415675406810]
    [-0.06848126257285027, 0.00987332783364512, -0.99760474484598316, 8.16331469215219840]
  #89 objects/spaceships/derelicts/wreckage/wreckage_mech_junk_01.cgf
    [0.43477237785432482, -0.89999854683166125, 0.03123353423280109, 19.83675111475167796]
    [0.89953325265898409, 0.43238506191651133, -0.06231391575788099, 11.21550896043481771]
    [0.04257752130551725, 0.05518797366483092, 0.99756773241075003, -2.30517144259647466]
  #90 objects/spaceships/derelicts/wreckage/wires_floor_bundle_b.cgf
    [0.68234605010139526, 0.72046617865901930, 0.12382395498991981, 8.74638082418823615]
    [-0.72995092249422378, 0.68069137339473484, 0.06189445407847810, -1.94378992830752395]
    [-0.03969303680379298, -0.13261884520802938, 0.99037201254621132, -0.86087733163731173]
  #91 objects/spaceships/derelicts/wreckage/wreckage_pipes_small_01.cgf
    [-2.62861705319502503, -0.54486240764910365, 0.85934797209943181, -29.99118435947457328]
    [0.96990308511551193, -2.06142281317742304, 1.65976070069253434, 54.19651161378715187]
    [0.30763937638734756, 1.84354076027919200, 2.10990451728354556, 2.62745991611154750]
  #92 objects/spaceships/derelicts/wreckage/wreckage_internals_02.cgf
    [-0.65478277294291598, -0.75323999209286330, 0.06235019185220075, -9.80952150077791885]
    [0.75471427639000677, -0.65605247678028467, 0.00014345187246933, 48.64976932786521502]
    [0.04079697446099829, 0.04715054482479083, 0.99805357814720097, 0.66687770085991360]
  #93 objects/spaceships/derelicts/wreckage/wreckage_mech_junk_016.cgf
    [0.16719874804548876, -0.98153503661575070, 0.09291690838538982, -83.22341723268618807]
    [0.98290056580237439, 0.17331830085971631, 0.06218718235001387, 27.61739544528245460]
    [-0.07714309893667853, 0.08093046273794947, 0.99372994510763746, 9.21810735869803466]
  #94 objects/spaceships/derelicts/wreckage/wreckage_mech_junk_06.cgf
    [0.52647719787138436, -0.84918491161472109, 0.04131246811726805, -28.00821160146733746]
    [-0.80864911529066308, -0.51516533072185633, -0.28406207838501563, -23.94803777529159561]
    [0.26250398563768462, 0.11614491776520125, -0.95791543970028548, 4.21071978553663939]
  #95 objects/spaceships/derelicts/wreckage/wreckage_girder_03.cgf
    [0.48753922751459311, -0.59914826927809650, -0.63508017709546805, -15.64300608832854778]
    [0.76201104803418795, 0.64706286690162518, -0.02547130218430160, 45.86767303202941548]
    [0.42619789135140956, -0.47151985746327491, 0.77202613926569919, 1.13579475838923827]
  #96 objects/spaceships/derelicts/wreckage/wreckage_mech_junk_03.cgf
    [-0.08808449823962376, -0.99562251825233516, 0.03127597367343197, 18.56392019969644025]
    [0.99570915819062156, -0.08711063733600385, 0.03124537355686159, 8.03196075710002333]
    [-0.02838410956268216, 0.03389398504547216, 0.99902292481831489, -2.24251113511854783]
  #97 objects/spaceships/derelicts/wreckage/wreckage_pipes_medium_06.cgf
    [-0.71503908388494197, -0.65814121290446614, -0.23572782758917971, -25.52291465224698186]
    [-0.67300511784118200, 0.55681189471858161, 0.48685006066115771, 65.22044052813726012]
    [-0.18916018656908895, 0.50676327223155626, -0.84107536287814655, 0.93340757046826184]
  #98 objects/spaceships/derelicts/wreckage/debris_glass_a.cgf
    [0.98286065371439679, 0.00565936536813656, 0.18426316083615377, 20.48793988075340167]
    [-0.00000824128550489, 0.99953002469689423, -0.03065509972417234, 15.24122296989662573]
    [-0.18435004960612719, 0.03012817270674865, 0.98239877743061266, -2.09399497869890183]
  #99 objects/spaceships/derelicts/wreckage/wreckage_pipes_medium_01.cgf
    [-0.28992651189708230, -0.75528233157221347, 0.58778499682107688, -70.02116934588411823]
    [0.93358008541734128, -0.35836881740194726, -0.00000003101217232, 7.90175252527114935]
    [0.21064383918183366, 0.54874436261586523, 0.80901717082270097, 8.65705141919897869]
  #100 objects/planets/terrain_extension/crashpile_01/crashpile_01_d.cgf
    [1.38619843703721268, 1.11148839396509747, 0.78388983735422901, -29.41148824739502743]
    [-1.34902667109846641, 1.26615804415310285, 0.59025984257964015, -25.67980883587733842]
    [-0.17325347815077530, -0.96585360752965055, 1.67587167617374022, 2.79757852142211050]
  #101 objects/spaceships/derelicts/wreckage/wires_hanging_c.cgf
    [0.35767148377161562, 0.93176573338788526, 0.06231967792087861, -20.59454316378105432]
    [-0.93358324503986401, 0.35836060426252569, 0.00012794080451167, 43.10208767178119160]
    [-0.02221370641884966, -0.05822636749917224, 0.99805623882144223, 5.99122701279702596]
  #102 objects/spaceships/derelicts/wreckage/wreckage_pipes_medium_01.cgf
    [-0.16903592182459909, 1.29203523351535998, -1.55258845383536093, -57.04034193244297057]
    [-2.01820968348944207, -0.17124754180108454, 0.07722077046747655, 20.10356436103757005]
    [-0.08194891760977034, 1.55234607265166669, 1.30075560353226738, 7.57876124576432630]
  #103 objects/planets/terrain_extension/crashpile_01/crashpile_01_d.cgf
    [0.90349817365506380, 2.35948098565435282, 0.05668138970289620, 3.98254115873714909]
    [-2.35821154714670556, 0.90495800788889402, -0.08100342130323734, -30.19093038816936314]
    [-0.09592497332305938, -0.02393185522377436, 2.52525205023174726, -1.96390205479110591]
  #104 objects/spaceships/derelicts/wreckage/wreckage_panel_small_01.cgf
    [-0.53449211032658539, 0.34659906056223200, 0.77083558507016081, -8.76644360821228474]
    [0.58848860809836623, 0.80724776217379401, 0.04508250878439474, 42.87326960191421676]
    [-0.60662967791851941, 0.47772415228584136, -0.63543708751196870, 0.80768209829693660]
  #105 objects/spaceships/derelicts/wreckage/wreckage_internals_01.cgf
    [0.68423527751415814, 0.71287177573329863, 0.15373969368026941, 6.69065548002254218]
    [-0.72823650189111389, 0.67909010926247193, 0.09223989299757455, 2.39022409726749174]
    [-0.03864788950826527, -0.17507264752000520, 0.98379666891681405, -0.96755798914819025]
  #106 objects/spaceships/derelicts/wreckage/debris_large_c.cgf
    [0.98693951414690861, -0.71705379637714017, 0.08530467710762936, -55.62919980706647038]
    [0.71005468245498393, 0.98995479020457933, 0.10632262550652723, 18.78117323014885187]
    [-0.13139780347881794, -0.03627679522752916, 1.21528237491901625, 6.60288774358923547]
  #107 objects/spaceships/derelicts/wreckage/wreckage_pipes_medium_01.cgf
    [-0.72079971777180674, 0.65966493122004954, 0.21281431721591981, -40.37114015885163099]
    [-0.63708727970473322, -0.75146485824462339, 0.17152362255782178, -8.11233643579180352]
    [0.27307060100284297, -0.01194711577672228, 0.96191979994493870, 5.84938614116981626]
  #108 objects/spaceships/derelicts/wreckage/wreckage_pipes_medium_01.cgf
    [0.96220766389638746, -0.27191421251051279, 0.01479953868095197, -7.41436854022322223]
    [0.25995329683400775, 0.93335482211203435, 0.24753386288883281, 8.05766128815594129]
    [-0.08112119806506511, -0.23433179649020092, 0.96876618136136849, 0.75791038345778361]
  #109 objects/spaceships/derelicts/wreckage/wreckage_pipes_medium_06.cgf
    [-0.71503832106468557, -0.65814245689976680, -0.23573020226731253, -16.72353014163672924]
    [-0.65565961285055618, 0.74833807862764856, -0.10050181380747539, 55.98983918961312156]
    [0.24255039458163821, 0.08269612401964269, -0.96660782098350173, 1.10949829962919466]
  #110 objects/spaceships/derelicts/wreckage/wreckage_girder_01.cgf
    [-0.17171452904807508, -0.04180470282624375, -0.98425931710220405, -68.92297484999289736]
    [0.87682434757218797, -0.46194861156906813, -0.13335088953999125, 3.48792088766640518]
    [-0.44910254952014522, -0.88592085597874348, 0.11597867443407792, 9.44400594456237741]
  #111 objects/spaceships/derelicts/wreckage/wreckage_internals_02.cgf
    [-0.88318418216270878, 0.45973667274418129, 0.09288680867407866, -17.52196156902937219]
    [-0.45200365419703470, -0.88714247290918158, 0.09311818547989266, 62.08635847187542822]
    [0.12521367371047296, 0.04025533018930279, 0.99131282218139172, 0.44563707793713547]
  #112 objects/spaceships/derelicts/wreckage/wreckage_panel_small_02.cgf
    [-0.65637386698533651, 0.65793192412466905, 0.36918690183783420, -47.74407924228580669]
    [-0.53966137943377568, -0.75141854669728558, 0.37965221158221329, -7.63445579234394245]
    [0.52719918514603392, 0.04995787654856925, 0.84827193062390527, 7.09701716891140677]
  #113 objects/spaceships/derelicts/drak/caterpillar/drak_caterpillar_der_wing_right_int.cgf
    [0.32633244264819083, 0.71934023625576338, -0.61323466038687369, 30.23367010930087417]
    [-0.33792973927004688, 0.69465790992517562, 0.63502272936982462, 13.44618480314966291]
    [0.88278571324709376, 0.00000171048352680, 0.46977587401326915, -6.75489582563750446]
  #114 objects/planets/terrain_extension/crashpile_01/crashpile_01_c.cgf
    [1.44733078531967641, -0.66952256667174515, 0.28619904823694986, -37.83121340436628088]
    [0.65766738094400801, 1.47535073590645438, 0.12550134155084244, 84.36992761690635234]
    [-0.31248036504187976, 0.00406243844146893, 1.58974094829495138, 1.27477194642415270]
  #115 objects/spaceships/derelicts/wreckage/wreckage_panel_small_04.cgf
    [0.71409849569515094, 0.49314522165768526, -0.49686122117437198, -17.68764624634059146]
    [0.04605381232350019, -0.74131212584744255, -0.66957846645989905, -45.87483496702043340]
    [-0.69852868883186714, 0.45526263489606839, -0.55208110676882860, 2.05694588992628269]
  #116 objects/spaceships/derelicts/wreckage/wreckage_mech_junk_02.cgf
    [-0.30490134550678488, -0.91831142016458489, -0.25246917316228207, 32.49965159990824759]
    [0.95059907840829327, -0.27721650442280421, -0.13969173239206342, 10.49988747278985102]
    [0.05829185132800882, -0.28258896575184161, 0.95746901505889448, -3.18111824317020364]
  #117 objects/spaceships/derelicts/wreckage/debris_glass_b.cgf
    [-0.45204634007632727, 0.89145624627517528, 0.03098276263171399, -65.56925290578510612]
    [-0.88927387145495917, -0.45310642094695780, 0.06234273834111467, -1.65984449897950981]
    [0.06961430995727713, 0.00062964540335744, 0.99757381459998240, 9.09406619780929759]
  #118 objects/spaceships/derelicts/wreckage/wreckage_pipes_small_01.cgf
    [-0.21032612357699798, -0.86058331232771379, 0.46385268294850951, 31.49967099790228531]
    [-0.62810324618510660, -0.24463582957328969, -0.73867425176129997, 9.99989558327069972]
    [0.74916571001828525, -0.44670986179672095, -0.48908185971343249, -3.08725955436239019]
  #119 objects/spaceships/derelicts/wreckage/wreckage_pipes_medium_02.cgf
    [-0.73446110613089399, 0.65320214184538161, 0.18410289952664041, -40.80249237536918372]
    [-0.65116906795654528, -0.75470951315036727, 0.07995266000244401, -1.18025278211280238]
    [0.19116945535862798, -0.06115999340637814, 0.97964979798341367, 5.34893608005950227]
  #120 objects/spaceships/derelicts/wreckage/wreckage_panel_small_01.cgf
    [-0.53621549207537611, 0.34426619601990321, 0.77068388302897961, 15.39002439350588247]
    [0.56803586537652206, 0.82253436095612387, 0.02779201174303225, -47.95227008171787020]
    [-0.62434615152861006, 0.45267861286873790, -0.63661124066963137, -3.03697414183989167]
  #121 objects/planets/terrain_extension/crashpile_01/crashpile_01_d.cgf
    [1.80389571863345055, 1.76991594559004972, 0.00591850953418628, -38.88527810265077278]
    [-1.75553140454826306, 1.79029059369428878, -0.31566806092424399, 0.61742609666544013]
    [-0.22527088328016995, 0.22121117193521336, 2.50738826141272764, 3.00398457801202312]
  #122 objects/spaceships/derelicts/drak/caterpillar/drak_caterpillar_der_hull_module_door_mid.cgf
    [-0.15018482506869640, -0.98607772986760600, -0.07136737453362414, -39.03738708666060120]
    [0.02897787905085521, -0.07654558686410876, 0.99664393282000774, 35.89512076711980626]
    [-0.98823219640648641, 0.14761286177148231, 0.04007046536832674, 4.05148917096084915]
  #123 objects/spaceships/derelicts/wreckage/wreckage_panel_small_03.cgf
    [0.88100214980624669, 0.05006436344313270, 0.47045584824746789, -19.17418086907127872]
    [-0.47238706581322804, 0.14811765724128179, 0.86885646298232821, 58.67679587501334026]
    [-0.02618407320451836, -0.98770170230025778, 0.15414173732001446, 1.33328951583825983]
  #124 objects/spaceships/derelicts/wreckage/wreckage_mech_junk_05.cgf
    [-0.27585595841061744, -0.82498514412794788, 0.49325756706066259, 29.49972957081627101]
    [-0.07305023133936686, 0.52967872807323779, 0.84504682356247995, 11.49989464647660498]
    [-0.95841910414790876, 0.19707861954042916, -0.20638038620327770, -2.64962830758304335]
  #125 objects/planets/terrain_extension/crashpile_01/crashpile_01_d.cgf
    [-1.20838671252918339, -0.90857633860232678, 0.58243485910105819, -52.50214591826079413]
    [1.06094289684263199, -1.16035507014268036, 0.39104482609351443, -5.27311010601988528]
    [0.19784210321173842, 0.67305640425400626, 1.46040862571767582, 5.86706410857732408]
  #126 objects/spaceships/derelicts/wreckage/debris_glass_b.cgf
    [0.58535980905615992, 1.10163256730041170, 0.23257265146086492, -81.54892032482894138]
    [-1.12590794504205993, 0.57365299335681008, 0.11655041873212696, 31.56984729650139343]
    [-0.00395611369890170, -0.26011225937770105, 1.24203720527548067, 8.83916202679392882]
  #127 objects/spaceships/derelicts/drak/caterpillar/drak_caterpillar_der_hull_module_door_btm.cgf
    [0.16383855083108886, 0.48967881819542142, 0.85637218846492258, -8.97133976034820080]
    [-0.23172698767297509, 0.86291641025168819, -0.44908753379073679, 60.12961313912819605]
    [-0.95888543285914740, -0.12486658813699031, 0.25485054977662830, 0.27780866512330249]
  #128 objects/spaceships/derelicts/wreckage/wreckage_mech_junk_01.cgf
    [0.49055505062033927, 1.65414326754578478, 0.19779679418420232, -44.16037547081941739]
    [1.66462540027271788, -0.47855453538767323, -0.12635510465548566, 10.67730745195876807]
    [-0.06584677762417232, 0.22528512187572272, -1.72071746512426316, 5.81888537408667617]
  #129 objects/spaceships/derelicts/wreckage/wreckage_panel_small_01.cgf
    [-0.71823095226229594, 0.65180020707110919, 0.24351755386424664, -45.15102470014244318]
    [-0.64709469434584876, -0.75435103212528409, 0.11055761686352732, 3.43154272416722961]
    [0.25575919441423700, -0.07817301426419010, 0.96357471120770000, 5.91250149384723045]
  #130 objects/spaceships/derelicts/wreckage/wreckage_panel_small_04.cgf
    [0.38193008838907633, 0.75487014745435199, 0.53319834310807512, -19.09144589916104451]
    [0.57448267621985383, -0.64584476023531168, 0.50284610511339001, -8.70803051714028697]
    [0.72394686775634742, 0.11426115344541565, -0.68032736716005771, 3.21609254687791690]
  #131 objects/spaceships/derelicts/wreckage/wreckage_mech_junk_02.cgf
    [-0.89868635137232677, -0.42863357580106931, 0.09293067917750272, -2.49999945785384625]
    [0.42077039746889872, -0.90237970099878928, -0.09307609477469976, -48.50003887261846103]
    [0.12375429709819354, -0.04454373694059447, 0.99131263536202741, 0.25463110106647946]
  #132 objects/spaceships/derelicts/wreckage/wreckage_girder_01.cgf
    [0.52271166129442082, -0.84940173387015516, 0.07272673255481439, -46.63553750433493406]
    [-0.78692664573660509, -0.51355334475021219, -0.34206633904624945, -12.90653081223717891]
    [0.32790080414579803, 0.12157146284034820, -0.93685719618642793, 7.44755701909889467]
  #133 objects/spaceships/derelicts/wreckage/wreckage_pipes_medium_02.cgf
    [0.76604368742738616, -0.64034261979116414, 0.05602138958071658, -55.72575744974892586]
    [-0.00000055593658800, 0.08715302859090213, 0.99619493447117935, 28.16106390304048546]
    [-0.64278850861792547, -0.76312887296008858, 0.06676267147382023, 6.30302358910557814]
  #134 objects/spaceships/derelicts/wreckage/wreckage_mech_junk_05.cgf
    [0.01018856073679221, 0.53006915540116961, -0.84789319612237624, -25.99111151113174856]
    [0.03351840479773956, -0.84764174271088644, -0.52950918864745034, 55.69641904968011659]
    [-0.99938616063969099, -0.02302509097825712, -0.02640332205453356, 2.00254701866651885]
  #135 objects/spaceships/derelicts/wreckage/wreckage_props_chair_seat.cgf
    [0.70818417990965277, -0.65722330537943818, 0.25793944535047331, 17.70189719734480605]
    [-0.64895226033039088, -0.74983980366689351, -0.12884601633253176, 12.20093269117933232]
    [0.27809385900026756, -0.07614367326844787, -0.95753120569693140, -2.26964510558173060]
  #136 objects/spaceships/derelicts/wreckage/wreckage_panel_medium_01.cgf
    [0.60685920540699934, -0.77226183385454739, -0.18797242385423577, 20.92956470913486555]
    [0.39543480614488308, 0.49851267384588505, -0.77143794011535671, 5.38316156489599962]
    [0.68945869074744726, 0.39382336311076988, 0.60790619322900352, -1.82129260781221092]
  #137 objects/spaceships/derelicts/wreckage/wreckage_internals_02.cgf
    [-1.25043727987185394, 0.25532632039016612, 0.17778138009394220, 6.07041201554238796]
    [-0.25344126281187884, -1.26300378912290756, 0.03130646659889166, 8.70663897831400391]
    [0.18045851405907298, -0.00458679219123983, 1.27585454732363379, -0.96082726956228726]
  #138 objects/spaceships/derelicts/wreckage/wreckage_internals_02.cgf
    [0.96564305602520850, -0.25987588623573576, -0.00009674115473965, 4.21065486903535202]
    [0.25954887251946823, 0.96440913990484423, 0.05051129474915049, -7.95741111475217622]
    [-0.01303335641855007, -0.04880094134905204, 0.99872448503042000, -0.39828097142162733]
  #139 objects/spaceships/derelicts/wreckage/wreckage_mech_junk_013.cgf
    [0.31584899259617683, 0.91341536170084814, -1.44286851162674257, -62.32976580620743334]
    [-0.01631375598939880, 1.46888759468881003, 0.92631573801481026, 2.39185965791693889]
    [1.70760974060251280, -0.15491727514164771, 0.27573059790525323, 8.45731337982579134]
  #140 objects/spaceships/derelicts/wreckage/wreckage_mech_junk_05.cgf
    [0.12834341685497874, -0.25682216749930031, 0.95789895594970531, -28.99116473860340193]
    [0.06682982078821081, 0.96593119377980108, 0.25002154330203169, 53.69648390714428388]
    [-0.98947552298275154, 0.03192759531620629, 0.14113428447375856, 2.47137555081280880]
  #141 objects/spaceships/derelicts/wreckage/wreckage_mech_junk_01.cgf
    [0.44626701087937487, 1.67547849463451337, 0.09785515651520435, -72.17024059884715825]
    [1.64189865836915017, -0.41485253082796514, -0.38473917911980321, 0.00009964111086447]
    [-0.34781117475569351, 0.19138248175175168, -1.69066797303082783, 9.55529894903884269]
  #142 objects/spaceships/derelicts/wreckage/wreckage_mech_junk_05.cgf
    [0.10840482116009896, -0.94779971537541485, 0.29987360670718738, -8.87341330730123445]
    [0.08102047604375934, -0.29222425451698508, -0.95291172374448330, 14.33427358479821123]
    [0.99079975924852604, 0.12759612189374012, 0.04511266415085923, 1.25766931759426370]
  #143 objects/spaceships/derelicts/wreckage/wires_floor_bundle_a.cgf
    [0.97285739022339879, -0.04874962815367803, -0.22621218916679167, -28.99116475897608325]
    [0.04734031572623316, 0.99881082339366689, -0.01165401491513588, 54.19648681102262344]
    [0.22651131380064612, 0.00062873808519151, 0.97400832229183854, 2.47129648603731766]
  #144 objects/spaceships/derelicts/wreckage/wires_floor_bundle_b.cgf
    [-0.98045453876521493, -0.18173319939955962, 0.07537856530036073, -57.36578922503395006]
    [0.18838656783385421, -0.97765373456977156, 0.09329342312087384, 23.51713430183008313]
    [0.05673962398995509, 0.10567027005657578, 0.99278114181913191, 6.93908434931654483]
  #145 objects/planets/terrain_extension/crashpile_01/crashpile_01_a.cgf
    [1.41981712300822527, -1.74635147658427625, 0.14079404488822614, 28.93817767209839076]
    [1.75168390344125102, 1.41849342260506361, -0.07019272100736819, 15.81676237416104414]
    [-0.03420446270433156, 0.15355792356473844, 2.24959932531840368, -4.17862022452754900]
  #146 objects/spaceships/derelicts/wreckage/wreckage_girder_01.cgf
    [0.44858265944982895, -0.74005866774366336, 0.50108556724317677, -63.73056408599950373]
    [-0.84079141641804178, -0.53955360549649067, -0.04417782967172584, -4.27809014490048867]
    [0.30305671330575307, -0.40149103956904797, -0.86426937549996730, 9.63383211282780394]
  #147 objects/spaceships/derelicts/wreckage/debris_glass_b.cgf
    [0.58535980905615992, 1.10163256730041170, 0.23257265146086492, -81.54892032482894138]
    [-1.12590794504205993, 0.57365299335681008, 0.11655041873212696, 31.56984729650139343]
    [-0.00395611369890170, -0.26011225937770105, 1.24203720527548067, 8.83916202679392882]
  #148 objects/spaceships/derelicts/wreckage/wires_floor_bundle_c.cgf
    [-1.32350065744050172, -2.42902746166896577, 0.47281058092062600, 9.65453380328835919]
    [2.46908211623307938, -1.33205167027899063, 0.06819161402142120, 9.72675970621639863]
    [0.16540180854650693, 0.44815419598938377, 2.76535319689268144, -1.39843697391916066]
  #149 objects/spaceships/derelicts/wreckage/wreckage_props_chair_base.cgf
    [-0.63629559229978494, -0.38812498005562601, 0.66669851660571988, -3.00001167278969660]
    [0.75327888221160022, -0.49903530602125035, 0.42840947926709189, -22.50009440234862268]
    [0.16642967824726942, 0.77480497944236171, 0.60990031890253449, 1.41358196805231273]
  #150 objects/spaceships/derelicts/wreckage/wreckage_pipes_medium_02.cgf
    [-0.18033775386753781, 0.19057110078976036, 0.96496686498910811, -71.24412104807561263]
    [-0.67672150248116592, 0.68791941728956330, -0.26232610211097640, 8.93818031724367756]
    [-0.71381118165994140, -0.70032109158077216, 0.00490571885367376, 8.75052249906002544]
  #151 objects/spaceships/derelicts/wreckage/wreckage_mech_junk_014.cgf
    [0.56536607418248308, 0.33557070366925029, 0.75349433300377910, -21.63265480508562177]
    [-0.82450665100487985, 0.25589296240880582, 0.50468582217530267, -2.19391578171052970]
    [-0.02345611814863871, -0.90659323816967019, 0.42135343346509879, 2.41364153390168212]
  #152 objects/spaceships/derelicts/wreckage/wreckage_mech_junk_016.cgf
    [-0.11273795189958925, -0.98160992641332112, 0.15404748018110526, -12.45160090201534331]
    [0.99262493220363712, -0.10431216113114274, 0.06175140961713636, 40.50610648174188100]
    [-0.04454680404965940, 0.15987321535770971, 0.98613115600409706, 1.04285530571360141]
  #153 objects/spaceships/derelicts/wreckage/wreckage_panel_small_04.cgf
    [0.96564268406696263, -0.25590723411408528, -0.04522944898440259, 2.21048188762506470]
    [0.25954668831751154, 0.94098392883883941, 0.21722055858006634, -4.86885179927048739]
    [-0.01302812767693225, -0.22149659594337398, 0.97507411753883244, -0.24195439348113723]
  #154 objects/spaceships/derelicts/wreckage/wreckage_pipes_medium_01.cgf
    [-0.02089820448123088, 0.87942917358858108, -0.47557082102376502, -68.43060241616331041]
    [-0.17194029111758480, 0.46542615608345356, 0.86822522518194145, 29.66651585196086671]
    [0.98488568547741262, 0.09991413310006761, 0.14148273628609648, 7.09630078321788460]
  #155 objects/spaceships/derelicts/wreckage/wreckage_mech_junk_014.cgf
    [-0.34245489403339807, -0.93945135287816628, -0.01240453716977728, -63.35951488366117701]
    [-0.86766821890558243, 0.31116862448793975, 0.38771641756564440, -1.58676293570897542]
    [-0.36038115775970769, 0.14353854577815048, -0.92169418920925461, 8.62676831459975801]
  #156 objects/spaceships/derelicts/wreckage/wires_floor_bundle_c.cgf
    [-0.97419480998634234, -0.17963578047950440, 0.13665784758361485, -53.95570601813960820]
    [0.18938317903538995, -0.97994870595367589, 0.06192296776769157, -1.62714480452996213]
    [0.12279410585657859, 0.08620573536736666, 0.98868098368262758, 7.21221304300706834]
  #157 objects/spaceships/derelicts/wreckage/wreckage_props_chair_seat.cgf
    [0.72596518641839647, -0.66719778356373682, 0.16679806418107318, -7.00001754605909809]
    [-0.67554945621447970, -0.73726167076937466, -0.00883682754635058, -45.00012681807857007]
    [0.12886973583909089, -0.10626511619718053, -0.98595144138176294, 0.94254740150063299]
  #158 objects/spaceships/derelicts/wreckage/wreckage_pipes_large_02.cgf
    [-0.11305968284010083, 0.95376786032016059, -0.27846791459436748, -67.54960498219588771]
    [-0.14162386164399279, 0.26193381388787940, 0.95463781701613448, 29.54626384555012919]
    [0.98344302969276098, 0.14736875002723507, 0.10546213342366641, 6.52492885757237673]
  #159 objects/spaceships/derelicts/wreckage/wires_floor_bundle_b.cgf
    [-0.98134989915737070, -0.19173934259446621, 0.01372152798310971, -18.09707335970597342]
    [0.19124943198327329, -0.98105455931683760, -0.03091094975331093, -0.62359093462873716]
    [0.01938841393267315, -0.02771022464756108, 0.99942789297682133, 2.11932530871126801]
  #160 objects/spaceships/derelicts/wreckage/wreckage_panel_small_04.cgf
    [-0.51862735994713371, 0.32675919901718459, 0.79009760370551285, -15.51870698807761073]
    [0.52497270524825679, 0.85108709774067681, -0.00738558142314112, 63.41456039984768722]
    [-0.67485513724641133, 0.41094928388583291, -0.61293667357658410, 0.27299103987752460]
  #161 objects/spaceships/derelicts/wreckage/wreckage_internals_01.cgf
    [0.34318793017268240, -0.93708211403169772, 0.06404089575319032, -69.35365378001006320]
    [0.62807833035585081, 0.27964807054215607, 0.72616571646054229, 29.98784789259661920]
    [-0.69838509126727033, -0.20898839294834104, 0.68453210011779042, 6.34771313687087968]
  #162 objects/spaceships/derelicts/wreckage/debris_glass_a.cgf
    [0.95858173561485449, -0.07021986835498165, 0.27602556901236930, -83.82550033397274092]
    [0.01675979629122082, 0.98135908376246017, 0.19145063713647265, 18.69333338644355536]
    [-0.28432385388614512, -0.17889496169510641, 0.94188981696704654, 9.72613168030511588]
  #163 objects/planets/terrain_extension/crashpile_01/crashpile_01_d.cgf
    [0.76218383791870892, 2.40942944476266518, -0.01997184520948883, -0.50418495468329638]
    [-2.40832830144785381, 0.76243974271180204, 0.07289552698036889, -7.79476423398591578]
    [0.07552427646586186, -0.00295230742395425, 2.52605635214657687, -1.41571128772920929]
  #164 objects/spaceships/derelicts/wreckage/wreckage_mech_junk_018.cgf
    [0.37914010239077134, 0.92504203083873304, -0.02345273155252667, -46.11725023592589423]
    [-0.91544419112296460, 0.37126868393591711, -0.15531099106026022, 13.42572946999280248]
    [-0.13496192935322013, 0.08035429165048708, 0.98758719722109189, 6.16601311508566141]
  #165 objects/planets/terrain_extension/crashpile_01/crashpile_01_d.cgf
    [1.79674613184601695, 1.76994612935829476, 0.16022012965365387, -50.92144056630786508]
    [-1.75471355490369829, 1.80292041789469559, -0.23902878499442265, 12.24041606183163822]
    [-0.28170930232043895, 0.05869513598480798, 2.51075112328524641, 4.75217979686567560]
  #166 objects/spaceships/derelicts/wreckage/wires_floor_bundle_b.cgf
    [-0.65354218392927510, -0.75625119302462995, 0.03107163254200542, -9.40298324153991416]
    [0.75140680978777608, -0.65319347273217343, -0.09340659965809900, -38.78622773612732999]
    [0.09093469912282373, -0.03769774136410977, 0.99514243215056097, 1.75174524445901625]
  #167 objects/spaceships/derelicts/wreckage/wreckage_internals_02.cgf
    [-0.65574038998151030, -0.75434173945698979, 0.03117196145629880, -21.62082544004078954]
    [0.75470919979530138, -0.65605840646786651, 0.00003418059061274, 11.29134134888590779]
    [0.02042485770736265, 0.02354819604512714, 0.99951334046714380, 2.45086432131938636]
  #168 objects/spaceships/derelicts/wreckage/wreckage_panel_small_02.cgf
    [0.56232435776191092, 0.00708607213127161, 0.36585592771849562, -15.99104829633142799]
    [0.08457529771315850, 0.65009701977159862, -0.14258449950177848, 46.19632205013476778]
    [-0.35601656040378415, 0.16562942994284705, 0.54399315827721817, 2.09833228337811306]
  #169 objects/spaceships/derelicts/wreckage/wreckage_pipes_medium_03.cgf
    [-0.76641249086103902, 0.48954109011004376, 0.41588608570670837, -71.85782790445955470]
    [-0.28592770236567200, 0.31977050394517237, -0.90332275248935168, 5.29160296471673064]
    [-0.57520175956829733, -0.81123126618672714, -0.10510275871267183, 9.03171981629566289]
  #170 objects/spaceships/derelicts/wreckage/debris_glass_a.cgf
    [0.99239845616473210, -0.10625440337308183, 0.06210846378264891, -81.94405526225455105]
    [0.10447531223868124, 0.99403803658353063, 0.03123213514224784, 19.86683603259734809]
    [-0.06505665717080959, -0.02450589514267929, 0.99758169979644762, 9.27744962583528832]
  #171 objects/spaceships/derelicts/wreckage/debris_small_b.cgf
    [0.20435110419102245, -0.96139499011951723, 0.18428344555337334, -2.01366426324239001]
    [0.97815029049521252, 0.20789923879540989, -0.00006948697892742, -24.63003579691576306]
    [-0.03824558191557531, 0.18027109750984036, 0.98287318407949087, 1.22594225790817291]
  #172 objects/spaceships/derelicts/wreckage/wreckage_panel_small_04.cgf
    [0.64629494384310993, 0.54003306061930811, -0.53913560632864443, -51.14220320933964103]
    [0.00542485662023813, -0.70975221376280606, -0.70443057074478721, -9.58313776442082599]
    [-0.76306846318260468, 0.45234516854645357, -0.46163885451638392, 7.43151614934322424]
  #173 objects/spaceships/derelicts/wreckage/wreckage_pipes_medium_01.cgf
    [-0.38735254658796209, 0.60019500863125108, -0.69980159158970900, -74.96138422581134364]
    [0.15503391697661262, -0.70584458483314727, -0.69119188216742478, 33.16662396882020403]
    [-0.90880184890010329, -0.37622823525273974, 0.18036026657748069, 7.31533523867256008]
  #174 objects/spaceships/derelicts/wreckage/wires_floor_bundle_d.cgf
    [-0.65574043668477877, -0.75434197270901981, 0.03116627850018102, -23.56196153018390760]
    [0.75470938766567652, -0.65605823498819993, 0.00003851101428160, 12.72995573835214600]
    [0.02041785677748513, 0.02354675186226695, 0.99951354698722439, 2.48193487644311972]
  #175 objects/spaceships/derelicts/wreckage/debris_small_a.cgf
    [0.99185000280638880, 0.03259537814352267, 0.12317107760246417, 26.77116318745538592]
    [-0.01732965897680390, 0.99225099238845693, -0.12303516621265238, 19.32119479580433108]
    [-0.12622700168275869, 0.11989791711663753, 0.98472901583043526, -2.86850704968674108]
  #176 objects/spaceships/derelicts/wreckage/wreckage_internals_04.cgf
    [-0.65758602027040869, 0.73743867878899083, 0.15415835045002521, -49.55976035573985428]
    [-0.74278948427135782, -0.66881255964438235, 0.03087908937160194, 5.89640118657553103]
    [0.12587447733125101, -0.09420154526586358, 0.98756349713256730, 6.63963629154022783]
  #177 objects/spaceships/derelicts/wreckage/debris_small_a.cgf
    [0.90371663359376242, 0.42355803208754694, 0.06240881097358391, 20.12833075004164129]
    [-0.42241583501907037, 0.90586724311186040, -0.03113551427411766, 12.80211767824948765]
    [-0.06972179399695318, 0.00177521212725074, 0.99756490522211361, -2.24274434859398752]
  #178 objects/spaceships/derelicts/drak/caterpillar/drak_caterpillar_der_wing_right.cgf
    [0.32633244264819083, 0.71934023625576338, -0.61323466038687369, 31.07685054873581976]
    [-0.33792973927004688, 0.69465790992517562, 0.63502272936982462, 12.57303279485495295]
    [0.88278571324709376, 0.00000171048352680, 0.46977587401326915, -7.49463020247640088]
  #179 objects/spaceships/derelicts/wreckage/wreckage_mech_junk_014.cgf
    [0.53595607359101716, 0.45012562889998436, -0.71423947147733091, 23.29555139335570857]
    [-0.30668796346768462, 0.89201914371867375, 0.33203065751730138, 16.22660851929686032]
    [0.78657078351084686, 0.04109480106681232, 0.61613118496009822, -2.55011622235178947]
  #180 objects/spaceships/derelicts/wreckage/wires_floor_bundle_b.cgf
    [-0.65647492150920639, -0.75370185100318565, 0.03118705895422580, -11.31428931350819767]
    [0.75434010251330930, -0.65573343375880555, 0.03135456925964200, 45.73632420435023960]
    [-0.00318160212043971, 0.04410917214842347, 0.99902086753114916, 0.68023895466467366]
