# IncludedObjects
# Cgfs: 60, Materials: 1, Palettes: 4, Placements: 176

[CGFs]
      0: objects/buildingsets/human/station/utilitarian/addon/addon_light_tiny_001_a.cgf
      1: objects/buildingsets/human/lowtech/prop/light/light_hanging_01.cgf
      2: objects/buildingsets/human/station/utilitarian/addon/tanks/addon_util_rs_tank_mag_004_c.cgf
      3: objects/buildingsets/human/station/utilitarian/addon/antennas/addon_antenna_sml_008_a.cgf
      4: objects/buildingsets/human/station/utilitarian/debris/ext_debris_silo_001_a.cgf
      5: objects/buildingsets/human/station/utilitarian/addon/pipes/addon_pipes_cluster_lge_001_a.cgf
      6: objects/buildingsets/human/station/utilitarian/addon/pipes/addon_pipe_lge_001_20d_d.cgf
      7: objects/buildingsets/human/station/utilitarian/addon/antennas/addon_antenna_sml_001_a.cgf
      8: objects/buildingsets/human/station/utilitarian/util_001/001_armlge_furnace_001_a.cgf
      9: objects/buildingsets/human/station/utilitarian/addon/pipes/addon_lge_pipes_tower_002.cgf
     10: objects/buildingsets/human/station/utilitarian/addon/addon_suspension_fixings_med_003_a.cgf
     11: objects/space/2d/nebula/interplanetary/interplanetary_nebula_3c.cgf
     12: objects/buildingsets/human/station/utilitarian/debris/ext_debris_structure_006_a.cgf
     13: objects/buildingsets/human/station/utilitarian/addon/pipes/addon_lge_pipes_tower_001.cgf
     14: objects/buildingsets/human/station/utilitarian/debris/ext_debris_structure_006_b.cgf
     15: objects/buildingsets/human/station/utilitarian/addon/antennas/addon_antenna_sml_005_a.cgf
     16: objects/buildingsets/human/station/utilitarian/addon/tanks/addon_util_rs_tank_mag_004.cgf
     17: objects/buildingsets/human/station/utilitarian/addon/tanks/addon_tanks_rack_med_003_c.cgf
     18: objects/buildingsets/human/station/utilitarian/addon/antennas/addon_antenna_med_002_a.cgf
     19: objects/buildingsets/human/station/utilitarian/addon/addon_suspension_fixings_med_005_a.cgf
     20: objects/buildingsets/human/station/utilitarian/addon/tanks/addon_tanks_med_001_a.cgf
     21: objects/buildingsets/human/station/utilitarian/addon/tanks/addon_util_rs_tank_mag_004_d.cgf
     22: objects/buildingsets/human/station/utilitarian/util_001/001_armlge_hull_001_a_module_b.cgf
     23: objects/buildingsets/human/station/utilitarian/addon/pipes/addon_pipe_lge_001_straight_b.cgf
     24: objects/buildingsets/human/station/utilitarian/debris/ext_debris_tangled_001_a.cgf
     25: objects/buildingsets/human/station/utilitarian/addon/pipes/addon_pipe_lge_001_60d_a.cgf
     26: objects/buildingsets/human/station/utilitarian/addon/pipes/addon_pipes_cluster_lge_001_b.cgf
     27: objects/buildingsets/human/station/utilitarian/addon/tanks/addon_tanks_med_002_a.cgf
     28: objects/buildingsets/human/station/utilitarian/addon/greebles/addon_greebles_patch_lge_001_a.cgf
     29: objects/buildingsets/human/station/utilitarian/addon/addon_greeble_03.cgf
     30: objects/buildingsets/human/station/utilitarian/addon/antennas/addon_antenna_sml_002_a.cgf
     31: objects/buildingsets/human/station/utilitarian/addon/addon_suspension_fixings_med_003_b.cgf
     32: objects/buildingsets/human/station/utilitarian/debris/ext_debris_beam_001_b.cgf
     33: objects/buildingsets/human/station/utilitarian/debris/ext_debris_tangled_002_a.cgf
     34: objects/buildingsets/human/station/utilitarian/util_001/001_armlge_furnace_001_b.cgf
     35: objects/buildingsets/human/station/utilitarian/util_001/001_tower_neck_002_a.cgf
     36: objects/buildingsets/human/station/utilitarian/addon/addon_suspension_fixings_med_002_a.cgf
     37: objects/buildingsets/human/station/utilitarian/debris/ext_debris_tangled_003_a.cgf
     38: objects/buildingsets/human/station/utilitarian/debris/ext_debris_structure_002_a.cgf
     39: objects/buildingsets/human/station/utilitarian/addon/greebles/addon_greebles_patch_lge_003_a.cgf
     40: objects/buildingsets/human/station/utilitarian/addon/tanks/addon_tanks_deck_med_001_b.cgf
     41: objects/buildingsets/human/station/utilitarian/addon/greebles/addon_greebles_electrical_001_b.cgf
     42: objects/buildingsets/human/station/utilitarian/addon/addon_suspension_fixings_med_004_a.cgf
     43: objects/buildingsets/human/station/utilitarian/addon/antennas/addon_antenna_med_003_a.cgf
     44: objects/buildingsets/human/station/utilitarian/util_001/001_armlge_strut_001_a.cgf
     45: objects/buildingsets/human/station/utilitarian/addon/greebles/addon_greebles_electrical_001_a.cgf
     46: objects/buildingsets/human/station/utilitarian/addon/pipes/addon_pipes_cluster_med_001_a.cgf
     47: objects/buildingsets/human/station/utilitarian/addon/pipes/addon_pipe_lge_001_straight_c.cgf
     48: objects/buildingsets/human/station/utilitarian/util_001/001_tower_neck_001_a.cgf
     49: objects/buildingsets/human/station/utilitarian/addon/antennas/addon_antenna_lge_003_a.cgf
     50: objects/buildingsets/human/station/utilitarian/util_001/001_armlge_hull_001_a_module_a.cgf
     51: objects/buildingsets/human/station/utilitarian/addon/pipes/addon_lge_pipes_tower_003.cgf
     52: objects/buildingsets/human/station/utilitarian/util_001/001_armlge_spine_001_a.cgf
     53: objects/buildingsets/human/station/utilitarian/addon/antennas/addon_antenna_med_001_a.cgf
     54: objects/buildingsets/human/station/utilitarian/debris/ext_debris_beam_001_c.cgf
     55: objects/buildingsets/human/station/utilitarian/addon/tanks/addon_tanks_rack_med_003_b.cgf
     56: objects/buildingsets/human/station/utilitarian/util_001/001_armlge_hull_005_a.cgf
     57: objects/buildingsets/human/station/utilitarian/debris/ext_debris_structure_001_a.cgf
     58: objects/buildingsets/human/station/utilitarian/util_001/001_armlge_keel_001_a.cgf
     59: objects/buildingsets/human/station/utilitarian/debris/ext_debris_pipe_med_001_a.cgf

[Materials]
      0: objects/buildingsets/human/station/utilitarian/station_util_rundown_a

[Palettes]
      0: Libs/Foundry/Records/TintPalettes/Brand/Station/Rund/Station_Rund_Default|ext_main
      1: Libs/Foundry/Records/TintPalettes/Brand/Station/Rund/Station_Rund_Default|ext_main<311>
      2: Libs/Foundry/Records/TintPalettes/Brand/Station/Rund/Station_Rund_Default|ext_main<121>
      3: Libs/Foundry/Records/TintPalettes/Brand/Station/Rund/Station_Rund_Default|ext_main<133>

[Placements]
  #0 objects/buildingsets/human/station/utilitarian/addon/addon_light_tiny_001_a.cgf
    [-1.9999999999973332, 3.9999999898956379E-06, -3.9999999898956379E-06, 2035.924411]
    [-3.9999999898956379E-06, -2.0000000000013332, -3.9999999797966086E-12, 8.3288599999941653]
    [-3.9999999898956379E-06, 3.9999999797806111E-12, 2.0000000000013332, 188.50434100000001]
  #1 objects/buildingsets/human/station/utilitarian/addon/addon_light_tiny_001_a.cgf
    [1.4142110073924605, -1.4142156688705783, -2.9043216794725794E-06, 2715.071609000006]
    [1.4133539502306447, 1.4133494349484979, -0.069804853811779574, 86.211790999994264]
    [0.049361619249416136, 0.049357351723878694, 1.9987811320635811, 25.018357999999999]
  #2 objects/buildingsets/human/station/utilitarian/addon/addon_light_tiny_001_a.cgf
    [1.4142171229830323, 1.4142097540529379, -2.1665216002201569E-06, 2717.254614999998]
    [-1.4133481104043821, 1.413355367902744, -0.069807035737324441, -87.876958000008017]
    [-0.049359368710793661, 0.049362687969739152, 1.9987811979199837, 25.623504999999998]
  #3 objects/buildingsets/human/station/utilitarian/addon/addon_light_tiny_001_a.cgf
    [1.4142110073924605, -1.4142156688705783, -2.9043216794725794E-06, 2698.1010220000026]
    [1.4133539502306447, 1.4133494349484979, -0.069804853811779574, 103.89611799998966]
    [0.049361619249416136, 0.049357351723878694, 1.9987811320635811, 25.135635999999998]
  #4 objects/buildingsets/human/lowtech/prop/light/light_hanging_01.cgf
    [0.54600335328722294, -2.5122615180619086, -1.5461026704115159, 2007.5481180000061]
    [0.80968014551166578, 1.6396069414219028, -2.3782594904666223, 564.0747929999925]
    [2.8366017458488164, 0.015562997642666193, 0.97645245298532501, 66.633953000000005]
  #5 objects/buildingsets/human/lowtech/prop/light/light_hanging_01.cgf
    [0.54600335328722294, -2.5122615180619086, -1.5461026704115159, 1778.3145050000021]
    [0.80968014551166578, 1.6396069414219028, -2.3782594904666223, 565.86420499999076]
    [2.8366017458488164, 0.015562997642666193, 0.97645245298532501, 66.633953000000005]
  #6 objects/buildingsets/human/lowtech/prop/light/light_hanging_01.cgf
    [0.50306811325032474, 2.5477115541711277, -1.5020271650420354, 1548.6125139999931]
    [-0.83702771762972106, 1.5839573696039071, 2.4063376624130637, -565.49535700002161]
    [2.8366008474406224, 0.015562209705762034, 0.97644802436112055, 66.37867700000001]
  #7 objects/buildingsets/human/lowtech/prop/light/light_hanging_01.cgf
    [0.50306917150963626, 2.6228344152922491, -1.3666281095193371, 1318.9613490000047]
    [-0.83702966055480466, 1.4558455188913924, 2.4859417779925148, -565.28839300000982]
    [2.8366025641815495, -0.035564113592785024, 0.97592645101782249, 65.921663000000009]
  #8 objects/buildingsets/human/station/utilitarian/addon/addon_light_tiny_001_a.cgf
    [1.4142171229830323, 1.4142097540529379, -2.1665216002201569E-06, 2726.0934379999962]
    [-1.4133481104043821, 1.413355367902744, -0.069807035737324441, -79.75017200000002]
    [-0.049359368710793661, 0.049362687969739152, 1.9987811979199837, 25.907335]
  #9 objects/buildingsets/human/lowtech/prop/light/light_hanging_01.cgf
    [0.54600335328722294, -2.5122615180619086, -1.5461026704115159, 1318.5769759999966]
    [0.80968014551166578, 1.6396069414219028, -2.3782594904666223, 563.88548199999786]
    [2.8366017458488164, 0.015562997642666193, 0.97645245298532501, 66.633953000000005]
  #10 objects/buildingsets/human/lowtech/prop/light/light_hanging_01.cgf
    [0.54600335328722294, -2.5122615180619086, -1.5461026704115159, 1547.4185109999962]
    [0.80968014551166578, 1.6396069414219028, -2.3782594904666223, 564.11999399999331]
    [2.8366017458488164, 0.015562997642666193, 0.97645245298532501, 66.133953000000005]
  #11 objects/buildingsets/human/lowtech/prop/light/light_hanging_01.cgf
    [1.2678534624668956, -6.6528065440219738E-06, -2.7189242655572112, 3214.3085080000019]
    [-0.094893979434258188, 2.9981724448530813, -0.0442570645231221, 6.909509999997681]
    [2.7172677995639685, 0.10470699617892482, 1.2670807845490166, 116.85708500000001]
  #12 objects/buildingsets/human/station/utilitarian/addon/tanks/addon_util_rs_tank_mag_004_c.cgf
    [-0.49999868821687127, -0.86602529559026242, 0, 1612.056058999995]
    [0.86602529559026242, -0.49999868821687127, 0, -465.24636999999348]
    [0, 0, 0.99999925041011561, -5.8463779999999996]
  #13 objects/buildingsets/human/station/utilitarian/addon/antennas/addon_antenna_sml_008_a.cgf
    [-1.9510540147455406, -1.5131009108174468E-06, -1.9510536398409868, 2661.0786559999979]
    [1.9510536398409133, -3.782725828210084E-06, -1.951054014742533, -74.604443000003812]
    [-1.6048668096555676E-06, -2.7592067834754874, 3.7447151526895359E-06, 55.500852999999999]
  #14 objects/buildingsets/human/lowtech/prop/light/light_hanging_01.cgf
    [1.2678534624668956, -6.6528065440219738E-06, -2.7189242655572112, 3214.3085299999948]
    [-0.094893979434258188, 2.9981724448530813, -0.0442570645231221, -5.8797480000066571]
    [2.7172677995639685, 0.10470699617892482, 1.2670807845490166, 116.523482]
  #15 objects/buildingsets/human/lowtech/prop/light/light_hanging_01.cgf
    [0.50306889147508516, 2.6462814863114907, -1.3206511361815938, 2008.6087019999977]
    [-0.83702729489832417, 1.4122436331726238, 2.5109672769714146, -564.91025500000978]
    [2.8366019170634225, -0.052589482133726072, 0.97515503810608672, 66.40686500000001]
  #16 objects/buildingsets/human/station/utilitarian/debris/ext_debris_silo_001_a.cgf
    [1.1188676272559732, 0.64597853410632999, 0, 1986.0299159999995]
    [-0.64597853410632999, 1.1188676272559732, -0, 349.82586599999922]
    [-0, 0, 1.291957055728856, 42.344551000000003]
  #17 objects/buildingsets/human/station/utilitarian/addon/pipes/addon_pipes_cluster_lge_001_a.cgf
    [1, 0, 0, 520.00016999999934]
    [0, 1, 0, 85.000114999988]
    [0, 0, 1, 105]
  #18 objects/buildingsets/human/station/utilitarian/addon/pipes/addon_pipe_lge_001_20d_d.cgf
    [-0.9999999999993332, -1.9999999949491522E-06, 0, 1016.7127089999994]
    [1.9999999949491522E-06, -0.9999999999993332, 0, 57.326049999988754]
    [0, 0, 1.0000000000013334, 36.999996000000003]
  #19 objects/buildingsets/human/station/utilitarian/addon/antennas/addon_antenna_sml_001_a.cgf
    [-5.4362349348592874E-06, 1.392040987478361, 2.2452085909753611E-06, 1411.117247000002]
    [0.98432180246341383, 5.4316012200757252E-06, -0.98432144141027311, -50.557047000009334]
    [-0.98432144141024769, -2.2563953705456252E-06, -0.98432180247583934, -76.702940999999996]
  #20 objects/buildingsets/human/station/utilitarian/util_001/001_armlge_furnace_001_a.cgf
    [1, 0, 0, 1207.0004659999977]
    [0, 1, 0, -0.002558000007411465]
    [0, 0, 1, 0]
  #21 objects/buildingsets/human/station/utilitarian/addon/pipes/addon_lge_pipes_tower_002.cgf
    [-0.9999999999993332, -1.9999999949491522E-06, 0, 2516.0009629999986]
    [1.9999999949491522E-06, -0.9999999999993332, 0, -0.0076910000061616302]
    [0, 0, 1.0000000000013334, 253]
  #22 objects/buildingsets/human/station/utilitarian/addon/addon_suspension_fixings_med_003_a.cgf
    [0.93358037972874963, -1.3202824538172204E-06, 1.32028245381722E-06, 1197.0005019999953]
    [-1.3202832989584342E-06, -5.9760415105663572E-07, 0.93358037972949193, 64.997515999988536]
    [-1.3202816086754657E-06, -0.93358037972949193, -5.97606018218581E-07, -97.999991999999992]
  #23 objects/buildingsets/human/station/utilitarian/addon/addon_light_tiny_001_a.cgf
    [1.4142110073924605, -1.4142156688705783, -2.9043216794725794E-06, 2724.9711169999937]
    [1.4133539502306447, 1.4133494349484979, -0.069804853811779574, 77.00756499999261]
    [0.049361619249416136, 0.049357351723878694, 1.9987811320635811, 25.197227999999999]
  #24 objects/buildingsets/human/station/utilitarian/util_001/001_armlge_furnace_001_a.cgf
    [1, 0, 0, 1423.0005530000053]
    [0, 1, 0, -0.0030140000017127022]
    [0, 0, 1, 0]
  #25 objects/space/2d/nebula/interplanetary/interplanetary_nebula_3c.cgf
    [0.046140298878909559, -0.19458999452264084, -0.0024146211595262833, 1297.1358979999932]
    [0.19451244172959106, 0.04619132680501397, -0.0055941831115333806, 47.435986999989836]
    [0.0060005313146309055, -0.0010577825729001381, 0.19990722414227838, -54.246704999999999]
  #26 objects/buildingsets/human/station/utilitarian/debris/ext_debris_structure_006_a.cgf
    [-1.30516517228103, -0.67069393949379408, -0.065586551804772769, 1452.7152389999974]
    [0.64028381229881415, -1.2787686145847701, 0.33522463102785349, 532.032131999993]
    [-0.21016326025126775, 0.26927412253307703, 1.4286045408584269, -19.385482]
  #27 objects/buildingsets/human/station/utilitarian/addon/addon_light_tiny_001_a.cgf
    [1.4142110073924605, -1.4142156688705783, -2.9043216794725794E-06, 2706.2327680000017]
    [1.4133539502306447, 1.4133494349484979, -0.069804853811779574, 95.062683999989531]
    [0.049361619249416136, 0.049357351723878694, 1.9987811320635811, 24.827148999999999]
  #28 objects/buildingsets/human/station/utilitarian/addon/pipes/addon_lge_pipes_tower_001.cgf
    [-0.9999999999993332, -1.9999999949491522E-06, 0, 2516.0009629999986]
    [1.9999999949491522E-06, -0.9999999999993332, 0, -0.0076910000061616302]
    [0, 0, 1.0000000000013334, 253]
  #29 objects/buildingsets/human/station/utilitarian/debris/ext_debris_structure_006_b.cgf
    [-1.2416402701271332, 0.78308833258630406, -0.051874977774502271, 1377.4979849999945]
    [0.74253157607535247, 1.1407554908113571, -0.5521889885429403, 380.75756499999261]
    [-0.25409684862854165, -0.49298933447309429, -1.3601416168789568, 97.831554000000011]
  #30 objects/buildingsets/human/station/utilitarian/addon/addon_light_tiny_001_a.cgf
    [-1.9999999999973332, 3.9999999898956379E-06, -3.9999999898956379E-06, 2035.924411]
    [-3.9999999898956379E-06, -2.0000000000013332, -3.9999999797966086E-12, -7.0151350000087405]
    [-3.9999999898956379E-06, 3.9999999797806111E-12, 2.0000000000013332, 188.50434100000001]
  #31 objects/buildingsets/human/station/utilitarian/addon/antennas/addon_antenna_sml_005_a.cgf
    [1, 0, 0, 2603.8945959999983]
    [0, 1, 0, 61.247988999995869]
    [0, 0, 1, 236.5]
  #32 objects/buildingsets/human/station/utilitarian/util_001/001_armlge_furnace_001_a.cgf
    [1, 0, 0, 1639.0006310000026]
    [0, 1, 0, -0.0034700000105658546]
    [0, 0, 1, 0]
  #33 objects/buildingsets/human/station/utilitarian/addon/tanks/addon_util_rs_tank_mag_004.cgf
    [-1.0000008534933331, 2.117584175486655E-22, 2.8284268158458296E-06, 2259.615902000005]
    [-2.8284268158452502E-06, 6.4012327305691665E-07, -1.0000008534931284, 11.661599999992177]
    [-1.8105402859860281E-12, -1.0000008534971283, -6.4012327294589435E-07, -7.0007999999999999]
  #34 objects/buildingsets/human/lowtech/prop/light/light_hanging_01.cgf
    [0.50306889147508516, 2.6462814863114907, -1.3206511361815938, 1779.949695999996]
    [-0.83702729489832417, 1.4122436331726238, 2.5109672769714146, -563.41560399999435]
    [2.8366019170634225, -0.052589482133726072, 0.97515503810608672, 66.682655000000011]
  #35 objects/buildingsets/human/station/utilitarian/addon/tanks/addon_tanks_rack_med_003_c.cgf
    [3.6604515621443638E-06, 1.6445096596491318, 0, 2343.253555999996]
    [-1.6445096596491318, 3.6604515621443638E-06, -0, 0.29115799999271985]
    [-0, 0, 1.6445096596532056, -146.24330499999999]
  #36 objects/buildingsets/human/station/utilitarian/addon/antennas/addon_antenna_med_002_a.cgf
    [-6.4012100026154341E-07, 1.41421370967994E-06, 1.0000004267469773, 2888.2922799999942]
    [1.4142146149485725E-06, 1.0000004267461822, -1.414212804410728E-06, 0.16184499999508262]
    [-1.0000004267469773, 1.41421370967994E-06, -6.4012300021815346E-07, 73.690824000000006]
  #37 objects/buildingsets/human/station/utilitarian/addon/addon_suspension_fixings_med_003_a.cgf
    [0.80000035331787978, -1.1313717088185362E-06, 1.1313717088185362E-06, 1183.0004309999931]
    [-1.131372433033916E-06, -5.1209680748480015E-07, 0.80000035331851582, 64.997464999993099]
    [-1.1313709846026926E-06, -0.80000035331851582, -5.12098407486523E-07, 15.000017]
  #38 objects/buildingsets/human/station/utilitarian/addon/addon_suspension_fixings_med_005_a.cgf
    [-0.50000011412626599, -9.7629589374632402E-07, -2.164399818424081E-07, 2317.8650679999992]
    [9.7629587808720877E-07, -0.45315381949574968, -0.2113095596577198, -37.921231000000262]
    [2.1644005247597267E-07, -0.2113095596577198, 0.4531538194967496, -135.225246]
  #39 objects/buildingsets/human/station/utilitarian/addon/tanks/addon_tanks_med_001_a.cgf
    [-0.86751300096453998, -1.7350259975485611E-06, 0, 1282.5513190000056]
    [-1.7350259975485611E-06, 0.8675130009645402, 0, 0.28819899998779874]
    [-0, 0, -0.86751300096627493, -133.07385499999998]
  #40 objects/buildingsets/human/station/utilitarian/addon/tanks/addon_util_rs_tank_mag_004_d.cgf
    [-0.49999868821687127, -0.86602529559026242, 0, 1373.332116000005]
    [0.86602529559026242, -0.49999868821687127, 0, -465.24636999999348]
    [0, 0, 0.99999925041011561, -5.8463779999999996]
  #41 objects/buildingsets/human/station/utilitarian/util_001/001_armlge_hull_001_a_module_b.cgf
    [1, 0, 0, 1823.4132899999968]
    [0, 1, 0, -422.68089600001986]
    [0, 0, 1, 72.571381000000002]
  #42 objects/space/2d/nebula/interplanetary/interplanetary_nebula_3c.cgf
    [-0.014502671393032207, 0.098935427776552953, -0.0012072709317245713, 1856.7684849999932]
    [-0.098899017002748751, -0.014531468052678973, -0.0027972704714363948, -87.876092000005883]
    [-0.0029429251302275456, 0.00078829998784237573, 0.099953597357841151, 2.753295]
  #43 objects/buildingsets/human/station/utilitarian/addon/addon_light_tiny_001_a.cgf
    [1.4142171229830323, 1.4142097540529379, -2.1665216002201569E-06, 2698.5163100000063]
    [-1.4133481104043821, 1.413355367902744, -0.069807035737324441, -105.89722000001348]
    [-0.049359368710793661, 0.049362687969739152, 1.9987811979199837, 24.994143999999999]
  #44 objects/space/2d/nebula/interplanetary/interplanetary_nebula_3c.cgf
    [-0.014502671393032207, 0.098935427776552953, -0.0012072709317245713, 2409.4125749999948]
    [-0.098899017002748751, -0.014531468052678973, -0.0027972704714363948, 64.916251999995438]
    [-0.0029429251302275456, 0.00078829998784237573, 0.099953597357841151, -4.2467049999999995]
  #45 objects/buildingsets/human/station/utilitarian/addon/pipes/addon_pipe_lge_001_straight_b.cgf
    [-0.9999999999993332, -1.9999999949491522E-06, 0, 867.71236799999315]
    [1.9999999949491522E-06, -0.9999999999993332, 0, -30.673457000011695]
    [0, 0, 1.0000000000013334, 37]
  #46 objects/buildingsets/human/station/utilitarian/debris/ext_debris_tangled_001_a.cgf
    [-3.1332388471694457, -1.8089750491382539, 0, 1981.6794689999952]
    [1.8089750491382539, -3.1332388471694457, 0, 464.95680799998809]
    [0, 0, 3.6179519623422949, 37.604486999999999]
  #47 objects/space/2d/nebula/interplanetary/interplanetary_nebula_3c.cgf
    [-0.014502671393032207, 0.098935427776552953, -0.0012072709317245713, 2149.5472440000012]
    [-0.098899017002748751, -0.014531468052678973, -0.0027972704714363948, 95.016211999987718]
    [-0.0029429251302275456, 0.00078829998784237573, 0.099953597357841151, -16.246705000000002]
  #48 objects/buildingsets/human/station/utilitarian/addon/pipes/addon_pipe_lge_001_60d_a.cgf
    [-0.93969369936489933, -0.34201929647933105, -1.6393051099868545E-06, 2641.7478280000068]
    [9.5310105874035895E-07, 2.1743897043584904E-06, -1.0000007238934165, -18.443888000008883]
    [0.34201929648193163, -0.93969369936381353, -1.7172801082415663E-06, -16.065190000000001]
  #49 objects/buildingsets/human/station/utilitarian/addon/pipes/addon_pipes_cluster_lge_001_b.cgf
    [1, 0, 0, 520.00019700000121]
    [0, 1, 0, -84.999953000005917]
    [0, 0, 1, 105]
  #50 objects/buildingsets/human/station/utilitarian/addon/tanks/addon_tanks_med_002_a.cgf
    [-1.1331799763401252E-06, 1.7702597781659846, 0, 2441.3362329999945]
    [-1.7702597781659846, -1.1331799763401252E-06, -0, -0.0075610000058077276]
    [-0, 0, 1.7702597781663472, 79.162031000000013]
  #51 objects/buildingsets/human/station/utilitarian/addon/addon_light_tiny_001_a.cgf
    [1.4142171229830323, 1.4142097540529379, -2.1665216002201569E-06, 2708.0622379999986]
    [-1.4133481104043821, 1.413355367902744, -0.069807035737324441, -96.357082000002265]
    [-0.049359368710793661, 0.049362687969739152, 1.9987811979199837, 25.327334999999998]
  #52 objects/buildingsets/human/station/utilitarian/addon/greebles/addon_greebles_patch_lge_001_a.cgf
    [1, 0, 0, 2251.476628000004]
    [0, 1, 0, -0.0062480000051436946]
    [0, 0, 1, 190]
  #53 objects/buildingsets/human/station/utilitarian/addon/addon_greeble_03.cgf
    [-1.3112380967092283, 2.7766546740304489E-22, 3.7087378293080164E-06, 2109.9774800000014]
    [-3.7087378293072566E-06, 8.3935330583998233E-07, -1.3112380967089599, 223.68146099998557]
    [-2.374047372378096E-12, -1.3112380967142045, -8.3935330569440564E-07, 115.99999700000001]
  #54 objects/buildingsets/human/station/utilitarian/addon/antennas/addon_antenna_sml_002_a.cgf
    [1.3920409679375716, 5.5681638577365722E-06, 0, 2724.9999070000049]
    [5.5681638577365722E-06, -1.3920409679375714, 0, -1.645873000001302]
    [0, 0, -1.3920409679487078, -155.46316299999998]
  #55 objects/buildingsets/human/station/utilitarian/addon/antennas/addon_antenna_sml_001_a.cgf
    [1, 0, 0, 1682.1662590000051]
    [0, 1, 0, 11.625548999989405]
    [0, 0, 1, 195.41974000000002]
  #56 objects/buildingsets/human/station/utilitarian/addon/addon_suspension_fixings_med_003_b.cgf
    [1.6085199918868788E-06, -1.6298370574864035E-12, 0.79372102022170998, 1442.0004610000033]
    [0.79372102022008006, -1.608521621679876E-06, -1.6085199917546976E-06, 0.99677499999233987]
    [1.608521621812057E-06, 0.79372102022170998, -1.6297929971188144E-12, -64.999739999999989]
  #57 objects/buildingsets/human/station/utilitarian/debris/ext_debris_beam_001_b.cgf
    [2.0845794144002179, 1.2035325015569625, 0, 1900.0095310000033]
    [-1.2035325015569625, 2.0845794144002179, -0, 298.34210499998881]
    [-0, 0, 2.4070649798551584, 73.728456000000008]
  #58 objects/buildingsets/human/station/utilitarian/addon/tanks/addon_tanks_med_001_a.cgf
    [0.76838499307632446, 0, 0, 1214.9859929999948]
    [0, -0.76838499307632446, 0, -56.125846000009915]
    [0, 0, -0.76838499307632446, 35.227691]
  #59 objects/buildingsets/human/station/utilitarian/debris/ext_debris_tangled_002_a.cgf
    [-5.6300222009863701, -3.2504926002942516, 0, 1990.969035999995]
    [3.2504926002942516, -5.6300222009863701, 0, 347.41577399999369]
    [0, 0, 6.5009885500719848, 58.738079999999997]
  #60 objects/buildingsets/human/station/utilitarian/addon/addon_suspension_fixings_med_003_b.cgf
    [1.6085199918868788E-06, 1.6085216215476948E-06, -0.79372102022008029, 1404.0004469999985]
    [0.79372102022171009, -1.6299692385891706E-12, 1.6085199918428185E-06, 0.99680899998929817]
    [1.6297489367512254E-12, -0.79372102022171009, -1.6085216215036345E-06, -64.999764999999996]
  #61 objects/space/2d/nebula/interplanetary/interplanetary_nebula_3c.cgf
    [-0.014502671393032207, 0.098935427776552953, -0.0012072709317245713, 2076.2220499999967]
    [-0.098899017002748751, -0.014531468052678973, -0.0027972704714363948, 96.691609999994398]
    [-0.0029429251302275456, 0.00078829998784237573, 0.099953597357841151, 23.873179]
  #62 objects/buildingsets/human/station/utilitarian/util_001/001_armlge_furnace_001_b.cgf
    [1, 0, 0, 1423.0005530000053]
    [0, 1, 0, -0.0030140000017127022]
    [0, 0, 1, 0]
  #63 objects/buildingsets/human/station/utilitarian/addon/antennas/addon_antenna_sml_005_a.cgf
    [1.1000004932568015, 1.5556361101663559E-06, 4.6669083304990664E-06, 2684.0475770000048]
    [-4.6669073346954148E-06, -7.0414191483085309E-07, 1.1000004932576761, 31.208006999993813]
    [1.5556390975741228E-06, -1.1000004932664762, -7.0413531481806892E-07, -174.93616]
  #64 objects/buildingsets/human/station/utilitarian/addon/tanks/addon_tanks_med_001_a.cgf
    [-7.0413441279118665E-07, -1.1000025198226968, 0, 805.3409149999934]
    [1.1000025198226968, -7.0413441279118665E-07, 0, 51.634464999995544]
    [0, 0, 1.1000025198229222, -32]
  #65 objects/buildingsets/human/station/utilitarian/addon/tanks/addon_tanks_med_001_a.cgf
    [-0.9999999999993332, -1.9999999949491526E-06, 0, 2603.3393309999956]
    [-1.9999999949491526E-06, 0.99999999999933342, 0, 0.29174899999634363]
    [-0, 0, -1.0000000000013332, -209.749133]
  #66 objects/buildingsets/human/station/utilitarian/addon/tanks/addon_tanks_med_001_a.cgf
    [-7.0413441279118665E-07, -1.1000025198226968, 0, 749.34089500000118]
    [1.1000025198226968, -7.0413441279118665E-07, 0, 51.634405999997398]
    [0, 0, 1.1000025198229222, -16]
  #67 objects/buildingsets/human/station/utilitarian/util_001/001_tower_neck_002_a.cgf
    [1, 0, 0, 530.00019399999292]
    [0, 1, 0, -0.0014170000067679211]
    [0, 0, 1, 191]
  #68 objects/buildingsets/human/station/utilitarian/addon/addon_suspension_fixings_med_005_a.cgf
    [0.50000000534543776, 9.7629601560771048E-07, 2.1644000885847612E-07, 2315.6197079999984]
    [-9.7629599994859333E-07, 0.45315372090687656, 0.21130951368487247, 39.515535999991698]
    [2.1644007949204951E-07, -0.21130951368487247, 0.45315372090787653, -135.483149]
  #69 objects/buildingsets/human/station/utilitarian/addon/pipes/addon_pipe_lge_001_60d_a.cgf
    [0.93969324590033265, -0.34201953269592528, 1.6393062421722561E-06, 2641.7478310000006]
    [-1.3301665167849165E-06, 1.1384097508031177E-06, 1.0000003785678606, -18.443888000008883]
    [-0.34201953269726731, -0.93969324590107317, 6.1481279066547805E-07, -16.065191000000002]
  #70 objects/buildingsets/human/station/utilitarian/addon/addon_suspension_fixings_med_002_a.cgf
    [1, 0, 0, 1439.7901859999984]
    [0, -1, 0, 0.87855099998705555]
    [0, 0, -1, -179.30507900000001]
  #71 objects/buildingsets/human/station/utilitarian/debris/ext_debris_tangled_003_a.cgf
    [2.283417187162565, 0.95881461924117983, 0.68606578858960332, 1330.2664570000052]
    [-1.1201878808582877, 2.2307443894000456, 0.6107080904257941, 548.61573199999111]
    [-0.36768308626030288, -0.84170053229322173, 2.4000739890654392, 0.70725300000000002]
  #72 objects/buildingsets/human/station/utilitarian/addon/tanks/addon_tanks_med_002_a.cgf
    [1.9485572049802786, -1.125000041320811, 0, 1073.7941759999958]
    [1.125000041320811, 1.9485572049802786, 0, -351.07367200001318]
    [0, 0, 2.2500000609005286, 13.710930999999999]
  #73 objects/buildingsets/human/station/utilitarian/debris/ext_debris_structure_002_a.cgf
    [1.1933290190462091, 0.66549316244175138, 0.17831949833079744, 1391.877873999998]
    [-0.68896951510306281, 1.1526671171710581, 0.3088570295309323, 487.21902499999851]
    [-5.6660854287321492E-07, -0.35663778287682507, 1.3309855867979337, 47.747036000000001]
  #74 objects/buildingsets/human/station/utilitarian/debris/ext_debris_tangled_001_a.cgf
    [3.41450986921144, 1.4337634710179712, 1.0259088167832977, 1518.8659090000001]
    [-1.6750730300840002, 3.3357456495044646, 0.91322261460104937, 610.05794599998626]
    [-0.54981536452195734, -1.2586371634065432, 3.5889524647101485, -69.733739]
  #75 objects/buildingsets/human/station/utilitarian/addon/greebles/addon_greebles_patch_lge_003_a.cgf
    [1, 0, 0, 2153.7203849999933]
    [0, 1, 0, -0.0062480000051436946]
    [0, 0, 1, 190]
  #76 objects/buildingsets/human/station/utilitarian/addon/tanks/addon_tanks_deck_med_001_b.cgf
    [3.6604515621443638E-06, 1.6445096596491318, 0, 2530.0579330000037]
    [-1.6445096596491318, 3.6604515621443638E-06, -0, 0.29155699998955242]
    [-0, 0, 1.6445096596532056, -195.42078799999999]
  #77 objects/buildingsets/human/station/utilitarian/addon/addon_suspension_fixings_med_005_a.cgf
    [0.50000000534543776, 9.7629601560771048E-07, -2.1644000885847612E-07, 2315.6197419999953]
    [-9.7629599994859333E-07, 0.45315372090687656, -0.21130951368487247, -37.921227000013459]
    [-2.1644007949204951E-07, 0.21130951368487247, 0.45315372090787653, -135.22524300000001]
  #78 objects/buildingsets/human/station/utilitarian/addon/antennas/addon_antenna_med_002_a.cgf
    [-1.2000000476829156, -2.4000000893064139E-06, 0, 2691.1135820000054]
    [-2.4000000893064139E-06, 1.200000047682916, 0, 0.2910929999925429]
    [-0, 0, -1.2000000476853157, -188.16208799999998]
  #79 objects/buildingsets/human/station/utilitarian/addon/addon_suspension_fixings_med_002_a.cgf
    [0.91500002145767201, 0, 0, 834.00030699999479]
    [0, 0.91500002145767201, 0, -1.0022030000109226]
    [0, 0, 0.91500002145767201, 53]
  #80 objects/buildingsets/human/station/utilitarian/addon/greebles/addon_greebles_electrical_001_b.cgf
    [0, 0, 1, 1516.7739460000012]
    [1, 0, 0, 14.54341499999282]
    [0, 1, 0, 192.42913799999999]
  #81 objects/buildingsets/human/station/utilitarian/addon/antennas/addon_antenna_sml_005_a.cgf
    [1.1000004932569623, -1.5556294225224565E-06, -4.6669105597144571E-06, 2684.0473349999957]
    [-4.6669070970942536E-06, 2.4484470997051443E-06, -1.1000004932553373, -30.643646000011358]
    [1.5556398103941477E-06, 1.1000004932641372, 2.4484404997036267E-06, -174.93611999999999]
  #82 objects/buildingsets/human/station/utilitarian/addon/antennas/addon_antenna_sml_008_a.cgf
    [-1.9510540147455406, 1.5131009108174468E-06, -1.9510536398409868, 2664.7614820000017]
    [-1.9510536398409133, -3.782725828210084E-06, 1.951054014742533, 71.268698999992921]
    [-1.6048668096555676E-06, 2.7592067834754874, 3.7447151526895359E-06, 55.500850999999997]
  #83 objects/buildingsets/human/station/utilitarian/addon/tanks/addon_tanks_med_001_a.cgf
    [0.76838499307632446, 0, 0, 1644.4672900000005]
    [0, -0.76838499307632446, 0, -56.125854000012623]
    [0, 0, -0.76838499307632446, 35.227651999999999]
  #84 objects/buildingsets/human/station/utilitarian/addon/tanks/addon_tanks_deck_med_001_b.cgf
    [3.6604515621443638E-06, 1.6445096596491318, 0, 1141.086513000002]
    [-1.6445096596491318, 3.6604515621443638E-06, -0, 0.28803299998980947]
    [-0, 0, 1.6445096596532056, -146.24346800000001]
  #85 objects/buildingsets/human/station/utilitarian/util_001/001_armlge_furnace_001_b.cgf
    [1, 0, 0, 1207.0004659999977]
    [0, 1, 0, -0.002558000007411465]
    [0, 0, 1, 0]
  #86 objects/buildingsets/human/station/utilitarian/addon/addon_suspension_fixings_med_002_a.cgf
    [1, 0, 0, 2860.0010150000016]
    [0, 1, 0, -0.0077320000127656385]
    [0, 0, 1, 61]
  #87 objects/buildingsets/human/station/utilitarian/addon/addon_suspension_fixings_med_003_b.cgf
    [1.6085199918868788E-06, 1.6085216215476948E-06, -0.79372102022008029, 2051.000687000007]
    [0.79372102022171009, -1.6299692385891706E-12, 1.6085199918428185E-06, 0.99618699999700766]
    [1.6297489367512254E-12, -0.79372102022171009, -1.6085216215036345E-06, -64.999320999999995]
  #88 objects/buildingsets/human/station/utilitarian/addon/tanks/addon_util_rs_tank_mag_004_c.cgf
    [-0.49999868821687127, -0.86602529559026242, 0, 1836.6326120000012]
    [0.86602529559026242, -0.49999868821687127, 0, -465.24636999999348]
    [0, 0, 0.99999925041011561, -5.8463779999999996]
  #89 objects/buildingsets/human/station/utilitarian/addon/addon_suspension_fixings_med_004_a.cgf
    [1, 0, 0, 3501.0012909999932]
    [0, 1, 0, -0.0092600000061793253]
    [0, 0, 1, -32]
  #90 objects/buildingsets/human/station/utilitarian/addon/antennas/addon_antenna_med_003_a.cgf
    [-6.4012327294589435E-07, 2.8284286263855361E-06, 1.0000008534931286, 1445.3792320000066]
    [1.8105414451516058E-12, -1.0000008534933336, 2.8284286263872742E-06, 0.28862499998649582]
    [1.0000008534971285, 3.6210828892444191E-12, 6.4012327267705562E-07, -168.760986]
  #91 objects/buildingsets/human/station/utilitarian/addon/tanks/addon_tanks_med_001_a.cgf
    [-0.86751300096453998, -1.7350259975485611E-06, 0, 1504.5179369999969]
    [-1.7350259975485611E-06, 0.8675130009645402, 0, 0.2888049999892246]
    [-0, 0, -0.86751300096627493, -133.07380999999998]
  #92 objects/buildingsets/human/station/utilitarian/addon/pipes/addon_pipe_lge_001_20d_d.cgf
    [-0.9999999999993332, 1.9999999949491526E-06, 0, 1016.7123330000031]
    [1.9999999949491526E-06, 0.99999999999933342, 0, -57.673967000009725]
    [0, 0, -1.0000000000013332, 37]
  #93 objects/buildingsets/human/station/utilitarian/util_001/001_armlge_strut_001_a.cgf
    [1, 0, 0, 1855.000709999993]
    [0, 1, 0, -0.0039270000124815851]
    [0, 0, 1, 0]
  #94 objects/buildingsets/human/station/utilitarian/addon/antennas/addon_antenna_sml_001_a.cgf
    [-5.4362349348592874E-06, 1.392040987478361, 2.2452085909753611E-06, 1843.7664170000062]
    [0.98432180246341383, 5.4316012200757252E-06, -0.98432144141027311, -50.555401000005077]
    [-0.98432144141024769, -2.2563953705456252E-06, -0.98432180247583934, -76.703388999999987]
  #95 objects/buildingsets/human/station/utilitarian/util_001/001_armlge_strut_001_a.cgf
    [1, 0, 0, 1207.0004659999977]
    [0, 1, 0, -0.002558000007411465]
    [0, 0, 1, 0]
  #96 objects/buildingsets/human/station/utilitarian/addon/addon_suspension_fixings_med_003_a.cgf
    [0.93358037972888575, 1.3202843457721224E-06, -1.3202805618627022E-06, 1197.0003620000061]
    [-1.3202835006288677E-06, 2.0780192255233728E-06, -0.9335803797275064, -63.002521000002162]
    [-1.3202814070078381E-06, 0.9335803797275064, 2.078021092685318E-06, -90.999865999999997]
  #97 objects/buildingsets/human/station/utilitarian/util_001/001_armlge_hull_001_a_module_b.cgf
    [1, 0, 0, 1598.5545899999997]
    [0, 1, 0, -422.68089600001986]
    [0, 0, 1, 72.571381000000002]
  #98 objects/buildingsets/human/station/utilitarian/addon/tanks/addon_tanks_med_001_a.cgf
    [-0.86751300096453998, -1.7350259975485611E-06, 0, 1175.6613380000053]
    [-1.7350259975485611E-06, 0.8675130009645402, 0, 0.28789499998674728]
    [-0, 0, -0.86751300096627493, -149.946888]
  #99 objects/buildingsets/human/station/utilitarian/addon/pipes/addon_pipe_lge_001_60d_a.cgf
    [0.93969324590033265, -0.34201953269592528, 1.6393062421722561E-06, 2641.7479000000021]
    [-1.3301665167849165E-06, 1.1384097508031177E-06, 1.0000003785678606, 18.556127999996534]
    [-0.34201953269726731, -0.93969324590107317, 6.1481279066547805E-07, -16.065192]
  #100 objects/buildingsets/human/station/utilitarian/addon/addon_suspension_fixings_med_005_a.cgf
    [0.50000000534543776, 9.7629601560771048E-07, 2.1644000885847612E-07, 1311.8701080000028]
    [-9.7629599994859333E-07, 0.45315372090687656, 0.21130951368487247, 39.517535999999382]
    [2.1644007949204951E-07, -0.21130951368487247, 0.45315372090787653, -135.48407699999998]
  #101 objects/buildingsets/human/station/utilitarian/debris/ext_debris_beam_001_b.cgf
    [1.2035326077110797, -2.0845785834010662, 0, 2105.916870999994]
    [2.0845785834010662, 1.2035326077110797, 0, 360.83742799999891]
    [0, 0, 2.4070643132658978, 14.522307]
  #102 objects/buildingsets/human/station/utilitarian/addon/addon_suspension_fixings_med_003_a.cgf
    [0.80000035331787978, -1.1313717088185362E-06, -1.1313717088185362E-06, 1183.0003259999939]
    [-1.131372433033916E-06, -5.1209680748480015E-07, -0.80000035331851582, -63.002966000000015]
    [1.1313709846026926E-06, 0.80000035331851582, -5.12098407486523E-07, 14.999965]
  #103 objects/buildingsets/human/station/utilitarian/addon/tanks/addon_tanks_med_001_a.cgf
    [-0.86751300096453998, -1.7350259975485611E-06, 0, 1737.0889420000021]
    [-1.7350259975485611E-06, 0.8675130009645402, 0, 0.28943999999319203]
    [-0, 0, -0.86751300096627493, -133.07376199999999]
  #104 objects/space/2d/nebula/interplanetary/interplanetary_nebula_3c.cgf
    [-0.036256677942313915, 0.24733856575575056, -0.0030181772843370825, 1804.1554219999962]
    [-0.24724753882259645, -0.036328669590358069, -0.0069931760743845457, 2.7352809999865713]
    [-0.0073573127159363627, 0.0019707499402394769, 0.24988398967104125, -29.623540999999999]
  #105 objects/buildingsets/human/station/utilitarian/addon/greebles/addon_greebles_electrical_001_a.cgf
    [0, 0, 1, 1503.8569699999935]
    [1, 0, 0, -16.637837000002037]
    [0, 1, 0, 190.920196]
  #106 objects/buildingsets/human/station/utilitarian/addon/pipes/addon_pipes_cluster_med_001_a.cgf
    [1, 0, 0, 1191.0004380000028]
    [0, 1, 0, 0.00018199998885393143]
    [0, 0, 1, 83]
  #107 objects/buildingsets/human/station/utilitarian/addon/tanks/addon_tanks_med_002_a.cgf
    [1.9485572049802786, 1.125000041320811, 0, 1070.985553999999]
    [-1.125000041320811, 1.9485572049802786, -0, 342.13706399999501]
    [-0, 0, 2.2500000609005286, 13.710930999999999]
  #108 objects/buildingsets/human/station/utilitarian/addon/pipes/addon_pipe_lge_001_straight_c.cgf
    [1, 0, 0, 1016.7123330000031]
    [0, 1, 0, -57.673958000013954]
    [0, 0, 1, 37]
  #109 objects/buildingsets/human/station/utilitarian/util_001/001_armlge_hull_001_a_module_b.cgf
    [1, 0, 0, 1365.1172439999937]
    [0, 1, 0, -422.68089600001986]
    [0, 0, 1, 72.571381000000002]
  #110 objects/space/2d/nebula/interplanetary/interplanetary_nebula_3c.cgf
    [0.069210450037224383, -0.29188499903300336, -0.0036219318292410735, 1345.4151399999973]
    [0.29176866984053962, 0.069286991928281944, -0.0083912748756996298, -12.703235000008135]
    [0.0090007971954835682, -0.0015866738987556793, 0.29986084366054189, -54.623541000000003]
  #111 objects/buildingsets/human/station/utilitarian/debris/ext_debris_tangled_001_a.cgf
    [3.1332372025656552, 1.8089753656423651, 0, 2084.896670999995]
    [-1.8089753656423651, 3.1332372025656552, -0, 368.89060999998765]
    [-0, 0, 3.6179506963255292, 37.604486999999999]
  #112 objects/buildingsets/human/station/utilitarian/util_001/001_armlge_strut_001_a.cgf
    [1, 0, 0, 2071.0008119999984]
    [0, 1, 0, -0.0043840000143973157]
    [0, 0, 1, 0]
  #113 objects/buildingsets/human/station/utilitarian/debris/ext_debris_tangled_002_a.cgf
    [-5.6300222009863701, -3.2504926002942516, 0, 2077.1382460000023]
    [3.2504926002942516, -5.6300222009863701, 0, 397.62782999999763]
    [0, 0, 6.5009885500719848, 58.738079999999997]
  #114 objects/buildingsets/human/station/utilitarian/addon/addon_suspension_fixings_med_005_a.cgf
    [-0.50000011412626599, -9.7629589374632402E-07, -2.164399818424081E-07, 1314.1153999999951]
    [9.7629587808720877E-07, -0.45315381949574968, -0.2113095596577198, -37.91923100000713]
    [2.1644005247597267E-07, -0.2113095596577198, 0.4531538194967496, -135.22431799999998]
  #115 objects/buildingsets/human/station/utilitarian/addon/tanks/addon_tanks_med_001_a.cgf
    [0.76838499307632446, 0, 0, 1438.4282130000065]
    [0, -0.76838499307632446, 0, -56.125847000002977]
    [0, 0, -0.76838499307632446, 35.227671000000001]
  #116 objects/buildingsets/human/station/utilitarian/addon/tanks/addon_tanks_med_002_a.cgf
    [1.9485572049802786, -1.125000041320811, 0, 1997.8240769999975]
    [1.125000041320811, 1.9485572049802786, 0, -351.07367200001318]
    [0, 0, 2.2500000609005286, 13.710930999999999]
  #117 objects/buildingsets/human/station/utilitarian/util_001/001_tower_neck_001_a.cgf
    [-0.9999999999993332, -1.9999999949491522E-06, 0, 2516.0009629999986]
    [1.9999999949491522E-06, -0.9999999999993332, 0, -0.0076910000061616302]
    [0, 0, 1.0000000000013334, 253]
  #118 objects/buildingsets/human/station/utilitarian/addon/tanks/addon_tanks_med_001_a.cgf
    [-7.0413311554890225E-07, 1.1000004932639096, 0, 805.3410259999946]
    [-1.1000004932639096, -7.0413311554890225E-07, -0, -52.365562000006321]
    [-0, 0, 1.100000493264135, -32]
  #119 objects/buildingsets/human/station/utilitarian/util_001/001_armlge_strut_001_a.cgf
    [1, 0, 0, 1639.0006310000026]
    [0, 1, 0, -0.0034700000105658546]
    [0, 0, 1, 0]
  #120 objects/buildingsets/human/station/utilitarian/addon/addon_suspension_fixings_med_005_a.cgf
    [-0.50000011412626599, -9.7629589374632402E-07, 2.164399818424081E-07, 2317.8650340000022]
    [9.7629587808720877E-07, -0.45315381949574968, 0.2113095596577198, 39.515531999990344]
    [-2.1644005247597267E-07, 0.2113095596577198, 0.4531538194967496, -135.483146]
  #121 objects/buildingsets/human/station/utilitarian/addon/addon_suspension_fixings_med_002_a.cgf
    [1, 0, 0, 3038.0011119999981]
    [0, 1, 0, -0.0080160000070463866]
    [0, 0, 1, -167.99998600000001]
  #122 objects/buildingsets/human/station/utilitarian/addon/addon_suspension_fixings_med_005_a.cgf
    [0.50000000534543776, 9.7629601560771048E-07, -2.1644000885847612E-07, 1311.8700740000058]
    [-9.7629599994859333E-07, 0.45315372090687656, -0.21130951368487247, -37.919226000012713]
    [-2.1644007949204951E-07, 0.21130951368487247, 0.45315372090787653, -135.22431499999999]
  #123 objects/buildingsets/human/station/utilitarian/addon/addon_suspension_fixings_med_003_b.cgf
    [1.6085199918868788E-06, -1.6298370574864035E-12, 0.79372102022170998, 2089.0007009999972]
    [0.79372102022008006, -1.608521621679876E-06, -1.6085199917546976E-06, 0.99615199999243487]
    [1.608521621812057E-06, 0.79372102022170998, -1.6297929971188144E-12, -64.999295999999987]
  #124 objects/buildingsets/human/station/utilitarian/addon/antennas/addon_antenna_lge_003_a.cgf
    [1, 0, 0, 3380.0011669999949]
    [0, 1, 0, -0.0088230000110343099]
    [0, 0, 1, 1]
  #125 objects/buildingsets/human/station/utilitarian/util_001/001_armlge_hull_001_a_module_a.cgf
    [1, 0, 0, 1824.2529669999931]
    [0, 1, 0, 430.32730299999821]
    [0, 0, 1, 72.571381000000002]
  #126 objects/buildingsets/human/station/utilitarian/addon/antennas/addon_antenna_sml_002_a.cgf
    [-0.9999999999993332, 1.9999999949491522E-06, 0, 1639.5266799999954]
    [-1.9999999949491522E-06, -0.9999999999993332, 0, -0.29766900000686292]
    [0, 0, 1.0000000000013334, 180.04378500000001]
  #127 objects/buildingsets/human/station/utilitarian/addon/addon_suspension_fixings_med_004_a.cgf
    [0.99999999999933342, -1.9999999949531523E-06, 0, 3018.001111000005]
    [-1.9999999949531523E-06, -0.9999999999993332, -0, -0.0079890000051818788]
    [0, 0, -1.0000000000013332, -98.999983999999998]
  #128 objects/buildingsets/human/station/utilitarian/addon/tanks/addon_tanks_med_001_a.cgf
    [0.76838499307632446, 0, 0, 1215.1739050000033]
    [0, -0.76838499307632446, 0, 55.258107999994536]
    [0, 0, -0.76838499307632446, 35]
  #129 objects/buildingsets/human/station/utilitarian/addon/tanks/addon_tanks_med_001_a.cgf
    [-7.0413441279118665E-07, -1.1000025198226968, 0, 861.34093500000017]
    [1.1000025198226968, -7.0413441279118665E-07, 0, 51.634524999986752]
    [0, 0, 1.1000025198229222, -56]
  #130 objects/buildingsets/human/station/utilitarian/addon/greebles/addon_greebles_patch_lge_003_a.cgf
    [-1, 0, 0, 1165.5334290000028]
    [0, -1, 0, -0.0062490000127581879]
    [0, 0, 1, 190]
  #131 objects/space/2d/nebula/interplanetary/interplanetary_nebula_3c.cgf
    [0.014840061477114377, -0.19732840199928592, -0.029005581822876155, 1821.8569419999985]
    [-0.0081063651272755468, 0.028464982358146377, -0.19779808153997244, 8.5924719999893568]
    [0.19928399046812223, 0.015852317839310227, -0.0058859663049266641, -13.246705]
  #132 objects/buildingsets/human/station/utilitarian/addon/tanks/addon_tanks_med_001_a.cgf
    [0.76838499307632446, 0, 0, 1860.4550500000041]
    [0, -0.76838499307632446, 0, -56.125855000005686]
    [0, 0, -0.76838499307632446, 35.227632]
  #133 objects/buildingsets/human/station/utilitarian/addon/pipes/addon_lge_pipes_tower_003.cgf
    [-0.9999999999993332, -1.9999999949491522E-06, 0, 2516.0009629999986]
    [1.9999999949491522E-06, -0.9999999999993332, 0, -0.0076910000061616302]
    [0, 0, 1.0000000000013334, 253]
  #134 objects/buildingsets/human/station/utilitarian/util_001/001_armlge_spine_001_a.cgf
    [1, 0, 0, 0]
    [0, 1, 0, 0]
    [0, 0, 1, 0]
  #135 objects/buildingsets/human/station/utilitarian/util_001/001_armlge_furnace_001_b.cgf
    [1, 0, 0, 1639.0006310000026]
    [0, 1, 0, -0.0034700000105658546]
    [0, 0, 1, 0]
  #136 objects/buildingsets/human/station/utilitarian/addon/addon_suspension_fixings_med_003_a.cgf
    [-0.9999999999993332, -1.9999999949491522E-06, 0, 3188.0011669999949]
    [1.9999999949491522E-06, -0.9999999999993332, 0, -0.0084400000050663948]
    [0, 0, 1.0000000000013334, 65]
  #137 objects/buildingsets/human/station/utilitarian/util_001/001_armlge_strut_001_a.cgf
    [1, 0, 0, 1423.0005530000053]
    [0, 1, 0, -0.0030140000017127022]
    [0, 0, 1, 0]
  #138 objects/buildingsets/human/station/utilitarian/addon/tanks/addon_util_rs_tank_mag_004_c.cgf
    [-0.49999856328520864, -0.86602507920173388, 0, 1593.4258129999944]
    [-0.86602507920173388, 0.4999985632852082, 0, 449.86601499999233]
    [-0, 0, -0.99999900054632174, 5.4169470000000004]
  #139 objects/buildingsets/human/station/utilitarian/addon/antennas/addon_antenna_sml_001_a.cgf
    [-5.4362349348592874E-06, 1.392040987478361, 2.2452085909753611E-06, 1626.0723969999963]
    [0.98432180246341383, 5.4316012200757252E-06, -0.98432144141027311, -50.556271000008564]
    [-0.98432144141024769, -2.2563953705456252E-06, -0.98432180247583934, -76.703056999999987]
  #140 objects/buildingsets/human/station/utilitarian/addon/addon_suspension_fixings_med_002_a.cgf
    [-0.9999999999993332, -1.9999999949491522E-06, 0, 797.00029399999767]
    [1.9999999949491522E-06, -0.9999999999993332, 0, -0.0021420000120997429]
    [0, 0, 1.0000000000013334, 41]
  #141 objects/buildingsets/human/station/utilitarian/debris/ext_debris_structure_006_a.cgf
    [-0.75573509643444536, -0.43890581705448584, -0.023035580621967772, 2145.4699930000061]
    [0.42169444620582525, -0.73701846976986873, 0.2080434076313899, 417.37773999999627]
    [-0.12386584782747555, 0.16873040382649629, 0.84881787962328259, 97.997512]
  #142 objects/space/2d/nebula/interplanetary/interplanetary_nebula_3c.cgf
    [0.014839803498452857, -0.19936727127353415, 0.0057007661138672892, 1602.7954579999932]
    [-0.0081064075885227006, -0.0063147037939603849, -0.19973592072838567, -43.981903000007151]
    [0.19928395255350773, 0.014589140418552946, -0.0085493036974772837, -25.246705000000002]
  #143 objects/buildingsets/human/station/utilitarian/addon/antennas/addon_antenna_sml_005_a.cgf
    [1.1000000238418579, 0, 0, 3220.5837000000029]
    [0, 1.1000000238418579, 0, -35.214784000010695]
    [0, 0, 1.1000000238418579, 63.195799000000001]
  #144 objects/buildingsets/human/station/utilitarian/addon/tanks/addon_tanks_med_001_a.cgf
    [-7.0413311554890225E-07, 1.1000004932639096, 0, 861.34104699999443]
    [-1.1000004932639096, -7.0413311554890225E-07, -0, -52.365502000000561]
    [-0, 0, 1.100000493264135, -56]
  #145 objects/buildingsets/human/station/utilitarian/addon/tanks/addon_util_rs_tank_mag_004_c.cgf
    [-0.49999856328520864, -0.86602507920173388, 0, 1818.4220659999992]
    [-0.86602507920173388, 0.4999985632852082, 0, 449.86601499999233]
    [-0, 0, -0.99999900054632174, 5.4169470000000004]
  #146 objects/buildingsets/human/station/utilitarian/addon/tanks/addon_tanks_med_001_a.cgf
    [-0.86751300096453998, -1.7350259975485611E-06, 0, 1386.6877390000009]
    [-1.7350259975485611E-06, 0.8675130009645402, 0, 0.28848399998969398]
    [-0, 0, -0.86751300096627493, -133.07383400000001]
  #147 objects/space/2d/nebula/interplanetary/interplanetary_nebula_3c.cgf
    [-0.014502671393032207, 0.098935427776552953, -0.0012072709317245713, 1362.3942280000047]
    [-0.098899017002748751, -0.014531468052678973, -0.0027972704714363948, -39.59475500001281]
    [-0.0029429251302275456, 0.00078829998784237573, 0.099953597357841151, 2.753295]
  #148 objects/buildingsets/human/station/utilitarian/addon/tanks/addon_tanks_med_001_a.cgf
    [1, 0, 0, 2927.7116839999944]
    [0, -1, 0, -0.062275000003864989]
    [0, 0, -1, -73.000005999999999]
  #149 objects/buildingsets/human/station/utilitarian/addon/antennas/addon_antenna_med_001_a.cgf
    [1, 0, 0, 2577.1868819999945]
    [0, 1, 0, 45.317901999995229]
    [0, 0, 1, 227.01074800000001]
  #150 objects/buildingsets/human/station/utilitarian/addon/tanks/addon_tanks_med_001_a.cgf
    [0.76838499307632446, 0, 0, 1860.7823479999934]
    [0, -0.76838499307632446, 0, 55.032041999991634]
    [0, 0, -0.76838499307632446, 35]
  #151 objects/buildingsets/human/station/utilitarian/addon/pipes/addon_pipe_lge_001_60d_a.cgf
    [-0.93969369936489933, -0.34201929647933105, -1.6393051099868545E-06, 2641.7478969999938]
    [9.5310105874035895E-07, 2.1743897043584904E-06, -1.0000007238934165, 18.556126999988919]
    [0.34201929648193163, -0.93969369936381353, -1.7172801082415663E-06, -16.065191000000002]
  #152 objects/buildingsets/human/station/utilitarian/addon/antennas/addon_antenna_sml_001_a.cgf
    [1, 0, 0, 1682.1662630000064]
    [0, 1, 0, -9.6217759999999544]
    [0, 0, 1, 195.41974000000002]
  #153 objects/buildingsets/human/station/utilitarian/addon/tanks/addon_tanks_med_001_a.cgf
    [-0.86751300096453998, -1.7350259975485611E-06, 0, 1620.6530280000006]
    [-1.7350259975485611E-06, 0.8675130009645402, 0, 0.28912199998740107]
    [-0, 0, -0.86751300096627493, -133.07378599999998]
  #154 objects/buildingsets/human/station/utilitarian/debris/ext_debris_beam_001_c.cgf
    [2.3250463941821415, 0.62299344350567709, 0, 1957.2842629999941]
    [-0.62299344350567709, 2.3250463941821415, -0, 260.74674699999741]
    [-0, 0, 2.4070649276142175, 73.728456000000008]
  #155 objects/buildingsets/human/station/utilitarian/addon/tanks/addon_tanks_rack_med_003_b.cgf
    [3.6604515621443638E-06, 1.6445096596491318, 0, 2127.094855000003]
    [-1.6445096596491318, 3.6604515621443638E-06, -0, 0.29058199998689815]
    [-0, 0, 1.6445096596532056, -146.243313]
  #156 objects/buildingsets/human/station/utilitarian/util_001/001_armlge_hull_005_a.cgf
    [1, 0, 0, 0]
    [0, 1, 0, 0]
    [0, 0, 1, 0]
  #157 objects/buildingsets/human/station/utilitarian/debris/ext_debris_structure_001_a.cgf
    [0.74253129813331098, 1.2672427422902286, -0.018347595094619272, 1319.1653220000007]
    [1.2416426722942786, -0.73164199052067547, -0.28393133480724037, 404.32734599999094]
    [-0.25409501465187628, 0.1280209383665035, -1.4410551320852987, 76.171863000000002]
  #158 objects/buildingsets/human/station/utilitarian/addon/pipes/addon_pipe_lge_001_straight_b.cgf
    [-0.9999999999993332, 1.9999999949491526E-06, 0, 867.71257099999639]
    [1.9999999949491526E-06, 0.99999999999933342, 0, 31.326537999993889]
    [0, 0, -1.0000000000013332, 36.999997999999998]
  #159 objects/buildingsets/human/station/utilitarian/addon/antennas/addon_antenna_sml_001_a.cgf
    [-5.4362349348592874E-06, 1.392040987478361, 2.2452085909753611E-06, 2058.230779999998]
    [0.98432180246341383, 5.4316012200757252E-06, -0.98432144141027311, -50.554711000004318]
    [-0.98432144141024769, -2.2563953705456252E-06, -0.98432180247583934, -76.703288999999998]
  #160 objects/buildingsets/human/station/utilitarian/addon/addon_suspension_fixings_med_005_a.cgf
    [-0.50000011412626599, -9.7629589374632402E-07, 2.164399818424081E-07, 1314.1154340000066]
    [9.7629587808720877E-07, -0.45315381949574968, 0.2113095596577198, 39.517531999998027]
    [-2.1644005247597267E-07, 0.2113095596577198, 0.4531538194967496, -135.48407399999999]
  #161 objects/buildingsets/human/station/utilitarian/addon/pipes/addon_pipe_lge_001_straight_c.cgf
    [0.99999999999733324, -3.9999999899223042E-06, 0, 1016.7127089999994]
    [-3.9999999899223042E-06, -0.99999999999733347, -0, 57.326058999999077]
    [0, 0, -1.0000000000053335, 36.999996000000003]
  #162 objects/buildingsets/human/station/utilitarian/addon/antennas/addon_antenna_sml_005_a.cgf
    [1.1000000238418579, 0, 0, 3220.5839819999965]
    [0, 1.1000000238418579, 0, 36.269372999988263]
    [0, 0, 1.1000000238418579, 63.195723999999998]
  #163 objects/buildingsets/human/station/utilitarian/addon/addon_suspension_fixings_med_004_a.cgf
    [0.99999999999933342, -1.9999999949531523E-06, 0, 1025.042942]
    [-1.9999999949531523E-06, -0.9999999999993332, -0, 3.5192719999904511]
    [0, 0, -1.0000000000013332, -133.920975]
  #164 objects/buildingsets/human/station/utilitarian/addon/addon_suspension_fixings_med_002_a.cgf
    [1, 0, 0, 1049.0003940000024]
    [0, 1, 0, -0.0026570000045467168]
    [0, 0, 1, -140]
  #165 objects/buildingsets/human/station/utilitarian/debris/ext_debris_structure_006_b.cgf
    [-1.0135438132017318, -0.58863186579052451, -0.030893818842673653, 1743.8440839999967]
    [0.56554908420711658, -0.98844224172577599, 0.27901457107262245, 413.61298299999908]
    [-0.16612084402389052, 0.22629057447077561, 1.1383801666546645, 97.997512]
  #166 objects/buildingsets/human/station/utilitarian/addon/antennas/addon_antenna_sml_002_a.cgf
    [1.3920409679375716, 5.5681638577365722E-06, 0, 2439.614425000007]
    [5.5681638577365722E-06, -1.3920409679375714, 0, -1.6468840000015916]
    [0, 0, -1.3920409679487078, -139.445707]
  #167 objects/buildingsets/human/station/utilitarian/addon/tanks/addon_tanks_med_001_a.cgf
    [0.76838499307632446, 0, 0, 1438.3168920000026]
    [0, -0.76838499307632446, 0, 54.76331099998788]
    [0, 0, -0.76838499307632446, 35]
  #168 objects/buildingsets/human/station/utilitarian/addon/tanks/addon_tanks_med_001_a.cgf
    [0.76838499307632446, 0, 0, 1644.8355160000065]
    [0, -0.76838499307632446, 0, 55.062738999986323]
    [0, 0, -0.76838499307632446, 35]
  #169 objects/buildingsets/human/station/utilitarian/addon/tanks/addon_tanks_med_001_a.cgf
    [-7.0413311554890225E-07, 1.1000004932639096, 0, 749.34100600000238]
    [-1.1000004932639096, -7.0413311554890225E-07, -0, -52.365622000012081]
    [-0, 0, 1.100000493264135, -16]
  #170 objects/buildingsets/human/station/utilitarian/util_001/001_armlge_keel_001_a.cgf
    [1, 0, 0, 0]
    [0, 1, 0, 0]
    [0, 0, 1, 0]
  #171 objects/buildingsets/human/station/utilitarian/addon/tanks/addon_tanks_rack_med_003_b.cgf
    [3.6604515621443638E-06, 1.6445096596491318, 0, 1912.0373980000004]
    [-1.6445096596491318, 3.6604515621443638E-06, -0, 0.29000899998936802]
    [-0, 0, 1.6445096596532056, -146.24332099999998]
  #172 objects/buildingsets/human/station/utilitarian/debris/ext_debris_pipe_med_001_a.cgf
    [0.64028156006036996, -1.2787698630097213, 0.33522558428022414, 1400.3608649999951]
    [1.3051665070573761, 0.67069195480047383, 0.06558751156148121, 397.62166299999808]
    [-0.21016408768761419, 0.26927489722452391, 1.4286046048583263, -8.7512559999999997]
  #173 objects/buildingsets/human/station/utilitarian/util_001/001_armlge_hull_001_a_module_a.cgf
    [1, 0, 0, 1594.5204749999975]
    [0, 1, 0, 430.32730299999821]
    [0, 0, 1, 72.571381000000002]
  #174 objects/space/2d/nebula/interplanetary/interplanetary_nebula_3c.cgf
    [-0.031462011042964658, 0.09491408168415974, -0.0012073732861949513, 1139.4570990000066]
    [-0.094873220865323293, -0.031484051051564481, -0.0027973707457648301, -57.456318000011379]
    [-0.0030352289599219874, 0.00026536484757586846, 0.099953568008979643, 17.753294999999998]
  #175 objects/buildingsets/human/station/utilitarian/debris/ext_debris_pipe_med_001_a.cgf
    [-0.7052269713522995, 1.2787697638731141, -0.1580850257155072, 1384.1669300000067]
    [-1.2776688083310226, -0.6706913739208954, 0.27445138483963982, 401.89633499999763]
    [0.16674951445073879, 0.26927502191312042, 1.4343199181069894, -8.7512559999999997]
