# IncludedObjects
# Cgfs: 41, Materials: 16, Palettes: 10, Placements: 69

[CGFs]
      0: objects/buildingsets/human/colonialism/col_a/ext/addons/foundations/col_a_ext_brick_pallet_base_001.cgf
      1: objects/buildingsets/human/universal/prop/storage/ammo-box/ammo-box_1_pallet_250x125x025_a.cgf
      2: objects/buildingsets/human/colonialism/col_a/ext/addons/wall/col_a_addn_ext_wall_stght_4m_a.cgf
      3: objects/buildingsets/human/colonialism/col_a/ext/addons/wall/col_a_addn_ext_wall_stght_4m_b.cgf
      4: objects/buildingsets/human/universal/prop/utility/waste/trash_piles_1_c.cgf
      5: objects/buildingsets/human/lowtech/bravo/pod/pod_exterior_a.cgf
      6: objects/buildingsets/human/colonialism/col_a/ext/addons/wall/col_a_addn_ext_wall_stght_2m_a.cgf
      7: objects/buildingsets/human/lowtech/alpha/ext/construction_beam_b.cgf
      8: objects/buildingsets/human/colonialism/col_a/ext/addons/wall/col_a_addn_ext_wall_end_1m_a.cgf
      9: objects/buildingsets/human/universal/prop/utility/waste/trash_piles_1_a.cgf
     10: objects/buildingsets/human/universal/prop/utility/waste/trash_bag_pile_1_k.cgf
     11: objects/spaceships/derelicts/habs/ext/addon/antenna/drlct_hab_antenna_b.cgf
     12: objects/buildingsets/human/colonialism/col_a/int/garage/col_garage_sml_a_int_floor_cables_d.cgf
     13: objects/buildingsets/human/universal/prop/utility/waste/trash_piles_1_b.cgf
     14: objects/buildingsets/human/colonialism/col_a/ext/addons/wall/col_a_addn_ext_wall_cnr_a_4m_b.cgf
     15: objects/buildingsets/human/colonialism/col_a/ext/addons/wall/col_a_addn_ext_wall_stght_4m_broken_a.cgf
     16: objects/buildingsets/human/colonialism/col_a/ext/addons/wall/col_a_addn_ext_wall_addn_b.cgf
     17: objects/buildingsets/human/colonialism/props/dressing/sacks/sack_slumped_1_a.cgf
     18: objects/buildingsets/human/colonialism/col_a/int/addons/col_a_int_addn_airlock_a.cgf
     19: objects/buildingsets/human/colonialism/col_a/ext/addons/wall/col_a_addn_ext_wall_ab_cnvrter_4m_a.cgf
     20: objects/buildingsets/human/lowtech/prop/interactive/console/crate_pirate_cluster_03.cgf
     21: objects/buildingsets/human/colonialism/col_a/ext/addons/col_a_ext_adn_floorplate_stucco_8x8m_a.cgf
     22: objects/buildingsets/human/colonialism/props/dressing/sacks/sack_laying_1_b.cgf
     23: objects/buildingsets/human/colonialism/col_a/ext/addons/col_a_ext_adn_anten_a.cgf
     24: objects/buildingsets/human/universal/prop/storage/crate/crate_mining_1_01235x0125x0125_a.cgf
     25: objects/buildingsets/human/colonialism/ruin/structure/col_a_ruin_struct_sheet_4x1m_bare_a.cgf
     26: objects/buildingsets/human/lowtech/prop/storage/crate/crate_stack_1_0125x0125x0125_a.cgf
     27: objects/buildingsets/human/lowtech/prop/storage/crate/crate_weapon_1_01x005x0025_b.cgf
     28: objects/buildingsets/human/colonialism/col_a/ext/addons/col_a_cables_hanging_a.cgf
     29: data/objects/buildingsets/human/colonialism/col_a/int/underfloor/col_a_underfloor_hatch_frame_a_split_b.cgf
     30: objects/buildingsets/human/lowtech/prop/storage/crate/crate_dry_1_0125x0125x00625_a.cgf
     31: objects/buildingsets/human/colonialism/col_a/ext/addons/wall/col_a_addn_ext_wall_addn_a.cgf
     32: objects/buildingsets/human/colonialism/col_a/ext/addons/col_a_ext_adn_fluff_a.cgf
     33: objects/buildingsets/human/colonialism/props/dressing/cloth/cloth_col_4_a.cgf
     34: objects/buildingsets/human/colonialism/col_a/int/addons/col_a_int_addn_airlock_b.cgf
     35: objects/buildingsets/human/lowtech/prop/utilitarian/structure/structure_post_2_a.cgf
     36: objects/buildingsets/human/colonialism/props/dressing/sacks/sack_stack_1_b.cgf
     37: objects/buildingsets/human/lowtech/prop/light/lamp/lamp_lantern_1_a.cgf
     38: objects/buildingsets/human/lowtech/bravo/pod/pod_interior_a.cgf
     39: objects/buildingsets/human/colonialism/ruin/structure/col_a_ruin_struct_addon_bar_2m_c.cgf
     40: objects/buildingsets/human/lowtech/bravo/pod/pod_interior_bedframe_a.cgf

[Materials]
      0: objects/buildingsets/human/colonialism/col_a/col_a_default
      1: materials/pu/decal/graffiti/graffiti_generic_g
      2: materials/pu/decal/stains/leaking/decal_leaking_a
      3: materials/decals/debris/debris
      4: materials/pu/decal/concrete/decal_concrete_crack_b
      5: materials/pu/decal/concrete/decal_concrete_crack_e
      6: materials/decals/cracks/cracks_b
      7: materials/pu/decal/debris/road/decal_debris_road_rocks_b
      8: materials/decals/weathered/weathered_big_c
      9: materials/decals/graffiti/graff_tag2
     10: materials/pu/decal/concrete/decal_concrete_crack_c
     11: materials/decals/graffiti/graff_tag6
     12: materials/decals/graffiti/graff_tag1
     13: materials/decals/graffiti/graff_symbol1
     14: objects/buildingsets/human/colonialism/col_a/col_a_derelict_a
     15: Default

[Palettes]
      0: Libs/Foundry/Records/TintPalettes/default
      1: Libs/Foundry/Records/TintPalettes/Brand/Colonialism/col_default|walls_ext_b
      2: Libs/Foundry/Records/TintPalettes/brand/colonialism/col_default|walls_int
      3: Libs/Foundry/Records/TintPalettes/Brand/DRAK/drak_cutlass_black_default
      4: Libs/Foundry/Records/TintPalettes/Brand/Colonialism/col_default|walls_int<121>
      5: Libs/Foundry/Records/TintPalettes/Brand/Colonialism/col_default|accent_c
      6: Libs/Foundry/Records/TintPalettes/Generic/gen_grey_darkgrey_blue_a<222>
      7: Libs/Foundry/Records/TintPalettes/Brand/Colonialism/col_default|accent_b
      8: Libs/Foundry/Records/TintPalettes/Brand/Colonialism/col_default|cloth_ext
      9: Libs/Foundry/Records/TintPalettes/generic/gen_darkgreen_grey_red_a<131>

[Placements]
  #0 objects/buildingsets/human/colonialism/col_a/ext/addons/foundations/col_a_ext_brick_pallet_base_001.cgf
    [-0.10246402538122387, 0.00000133980233428, -0.99473624406560934, 3.79568899999999942]
    [-0.00000133980326703, 0.99999953587632950, 0.00000148489949695, 3.87505400000000577]
    [0.99473624406560934, 0.00000148490033855, -0.10246402537922387, -0.53426399999999996]
  #1 objects/buildingsets/human/universal/prop/storage/ammo-box/ammo-box_1_pallet_250x125x025_a.cgf
    [-0.03489723472879711, -0.99939072282122188, 0.00000000000000000, -6.57919700000000063]
    [0.99939072282122188, -0.03489723472879711, 0.00000000000000000, -2.62208899999998835]
    [0.00000000000000000, 0.00000000000000000, 0.99999981692640372, -0.06594000000000000]
  #2 objects/buildingsets/human/colonialism/col_a/ext/addons/wall/col_a_addn_ext_wall_stght_4m_a.cgf
    [-0.00000064012100026, -1.00000042674731060, 0.00000000000000000, -7.66499899999999990]
    [1.00000042674731060, -0.00000064012100026, 0.00000000000000000, -3.21377400000000080]
    [0.00000000000000000, 0.00000000000000000, 1.00000042674751533, 0.00000000000000000]
  #3 objects/buildingsets/human/colonialism/col_a/ext/addons/wall/col_a_addn_ext_wall_stght_4m_b.cgf
    [-0.00000064012100026, 1.00000042674731060, 0.00000000000000000, 3.37326599999999921]
    [-1.00000042674731060, -0.00000064012100026, -0.00000000000000000, 1.00163200000000074]
    [-0.00000000000000000, 0.00000000000000000, 1.00000042674751533, 0.00000000000000000]
  #4 objects/buildingsets/human/universal/prop/utility/waste/trash_piles_1_c.cgf
    [-0.99026793349271802, -0.13917414481174073, 0.00000000000000000, -6.86196999999999946]
    [0.13917414481174073, -0.99026793349271802, 0.00000000000000000, -0.37663200000000074]
    [0.00000000000000000, 0.00000000000000000, 1.00000001134400862, 0.00001300000000000]
  #5 objects/buildingsets/human/universal/prop/utility/waste/trash_piles_1_c.cgf
    [0.60181475303713294, 0.79863554908505185, 0.00000000000000000, -6.30141900000000010]
    [-0.79863554908505185, 0.60181475303713294, -0.00000000000000000, -1.61135200000001078]
    [-0.00000000000000000, 0.00000000000000000, 0.99999986861775525, 0.00001300000000000]
  #6 objects/buildingsets/human/lowtech/bravo/pod/pod_exterior_a.cgf
    [-0.99999598607221918, -0.00000000000000000, -0.00034999858264560, 0.62500000000000000]
    [0.00000000000000000, -0.99999604732196701, 0.00000000000000000, -0.74000000000000909]
    [-0.00034999858264560, 0.00000000000000000, 0.99999598607221918, -0.13000000000000000]
  #7 objects/buildingsets/human/colonialism/col_a/ext/addons/foundations/col_a_ext_brick_pallet_base_001.cgf
    [0.15374844102643806, -0.00000157478498726, -0.87195572574457136, -2.04196099999999969]
    [0.00000385130109771, 0.88540689559298302, -0.00000091999389810, 3.98196200000000999]
    [0.87195572573748814, -0.00000363303745668, 0.15374844103175053, -0.01016000000000000]
  #8 objects/buildingsets/human/colonialism/col_a/ext/addons/wall/col_a_addn_ext_wall_stght_2m_a.cgf
    [-0.00000064012100026, -1.00000042674731060, 0.00000000000000000, -7.66500000000000004]
    [1.00000042674731060, -0.00000064012100026, 0.00000000000000000, -5.05000000000001137]
    [0.00000000000000000, 0.00000000000000000, 1.00000042674751533, 0.00000000000000000]
  #9 objects/buildingsets/human/lowtech/alpha/ext/construction_beam_b.cgf
    [-1.10077012080815884, 0.03695087312196410, 0.00000000000000000, 1.95510600000000068]
    [-0.03695087312196410, -1.10077012080815884, 0.00000000000000000, 6.77594399999999553]
    [0.00000000000000000, 0.00000000000000000, 1.10139013337167846, 0.00388300000000000]
  #10 objects/buildingsets/human/colonialism/col_a/ext/addons/wall/col_a_addn_ext_wall_end_1m_a.cgf
    [-1.00000000000000000, 0.00000000000000000, 0.00000000000000000, -2.62673399999999990]
    [0.00000000000000000, -1.00000000000000000, 0.00000000000000000, 7.00163200000000074]
    [0.00000000000000000, 0.00000000000000000, 1.00000000000000000, 0.00000000000000000]
  #11 objects/buildingsets/human/colonialism/col_a/ext/addons/foundations/col_a_ext_brick_pallet_base_001.cgf
    [-0.10246402538122387, 0.00000133980233428, -0.99473624406560934, 3.79567600000000027]
    [-0.00000133980326703, 0.99999953587632950, 0.00000148489949695, -5.96869599999999423]
    [0.99473624406560934, 0.00000148490033855, -0.10246402537922387, -0.53427899999999995]
  #12 objects/buildingsets/human/colonialism/col_a/ext/addons/foundations/col_a_ext_brick_pallet_base_001.cgf
    [-0.00000350610905807, -1.00000042674396106, 0.00000000000000000, 1.74745799999999996]
    [1.00000042674396106, -0.00000350610905807, 0.00000000000000000, -2.50627399999999056]
    [0.00000000000000000, 0.00000000000000000, 1.00000042675010747, -0.17915900000000001]
  #13 objects/buildingsets/human/universal/prop/utility/waste/trash_piles_1_a.cgf
    [0.60181475303713294, 0.79863554908505185, 0.00000000000000000, -3.56454599999999999]
    [-0.79863554908505185, 0.60181475303713294, -0.00000000000000000, -3.63708099999999490]
    [-0.00000000000000000, 0.00000000000000000, 0.99999986861775525, 0.00001300000000000]
  #14 objects/buildingsets/human/colonialism/col_a/ext/addons/wall/col_a_addn_ext_wall_stght_4m_b.cgf
    [-0.00000064012100026, 1.00000042674731060, 0.00000000000000000, 3.37326599999999921]
    [-1.00000042674731060, -0.00000064012100026, -0.00000000000000000, 5.00163200000000074]
    [-0.00000000000000000, 0.00000000000000000, 1.00000042674751533, 0.00000000000000000]
  #15 objects/buildingsets/human/universal/prop/utility/waste/trash_bag_pile_1_k.cgf
    [0.51503918082592604, 0.85716664232012496, 0.00000000000000000, 2.25902499999999939]
    [-0.85716664232012496, 0.51503918082592604, -0.00000000000000000, -7.99593200000001048]
    [-0.00000000000000000, 0.00000000000000000, 1.00000000524609889, 0.00861900000000000]
  #16 objects/spaceships/derelicts/habs/ext/addon/antenna/drlct_hab_antenna_b.cgf
    [1.00000000000000000, 0.00000000000000000, 0.00000000000000000, -3.72824600000000039]
    [0.00000000000000000, 1.00000000000000000, 0.00000000000000000, -6.07691600000001131]
    [0.00000000000000000, 0.00000000000000000, 1.00000000000000000, -0.00340700000000000]
  #17 objects/buildingsets/human/colonialism/col_a/int/garage/col_garage_sml_a_int_floor_cables_d.cgf
    [-0.66912917442020259, 0.74314533135511585, 0.00000000000000000, -0.03618499999999969]
    [-0.74314533135511585, -0.66912917442020259, 0.00000000000000000, -1.85444599999999582]
    [0.00000000000000000, 0.00000000000000000, 0.99999941778741408, -0.00802200000000000]
  #18 objects/buildingsets/human/colonialism/col_a/ext/addons/wall/col_a_addn_ext_wall_end_1m_a.cgf
    [-1.00000000000000000, 0.00000000000000000, 0.00000000000000000, -2.62673399999999990]
    [0.00000000000000000, -1.00000000000000000, 0.00000000000000000, -8.99836799999999926]
    [0.00000000000000000, 0.00000000000000000, 1.00000000000000000, 0.00000000000000000]
  #19 objects/buildingsets/human/universal/prop/utility/waste/trash_piles_1_b.cgf
    [-0.79863809051693069, 0.60181679512123742, 0.00000000000000000, 0.65608800000000045]
    [-0.60181679512123742, -0.79863809051693069, 0.00000000000000000, -5.44865300000000730]
    [0.00000000000000000, 0.00000000000000000, 1.00000312725237328, 0.00723700000000000]
  #20 objects/buildingsets/human/colonialism/col_a/ext/addons/wall/col_a_addn_ext_wall_cnr_a_4m_b.cgf
    [1.00000000000000000, 0.00000000000000000, 0.00000000000000000, 1.37326599999999921]
    [0.00000000000000000, 1.00000000000000000, 0.00000000000000000, 7.00163200000000074]
    [0.00000000000000000, 0.00000000000000000, 1.00000000000000000, 0.00000000000000000]
  #21 objects/buildingsets/human/universal/prop/utility/waste/trash_piles_1_a.cgf
    [0.60181475303713294, 0.79863554908505185, 0.00000000000000000, -2.88134800000000002]
    [-0.79863554908505185, 0.60181475303713294, -0.00000000000000000, -6.60856400000000122]
    [-0.00000000000000000, 0.00000000000000000, 0.99999986861775525, 0.00001300000000000]
  #22 objects/buildingsets/human/colonialism/col_a/ext/addons/wall/col_a_addn_ext_wall_stght_4m_broken_a.cgf
    [-0.00000064012100026, 1.00000042674731060, 0.00000000000000000, -7.66500000000000004]
    [-1.00000042674731060, -0.00000064012100026, -0.00000000000000000, -5.05000000000001137]
    [-0.00000000000000000, 0.00000000000000000, 1.00000042674751533, 0.00000000000000000]
  #23 objects/buildingsets/human/colonialism/col_a/ext/addons/wall/col_a_addn_ext_wall_addn_b.cgf
    [-0.00000064012100026, -1.00000042674731060, 0.00000000000000000, -7.66500000000000004]
    [1.00000042674731060, -0.00000064012100026, 0.00000000000000000, -2.16925399999999513]
    [0.00000000000000000, 0.00000000000000000, 1.00000042674751533, 0.00000000000000000]
  #24 objects/buildingsets/human/colonialism/props/dressing/sacks/sack_slumped_1_a.cgf
    [0.63247635053316531, 0.77457469144983704, 0.00000000000000000, 1.09188699999999983]
    [-0.77457469144983704, 0.63247635053316531, -0.00000000000000000, -6.00218899999998712]
    [-0.00000000000000000, 0.00000000000000000, 0.99999614330174380, 0.00001300000000000]
  #25 objects/buildingsets/human/colonialism/col_a/int/addons/col_a_int_addn_airlock_a.cgf
    [-0.13944358438283985, 0.02818582825830472, -0.80144486415185612, 1.12868199999999952]
    [-0.01892845577562438, -0.81335961696463410, -0.02531148886615968, -5.13876600000000394]
    [-0.80171692307942710, 0.01430094374734913, 0.13999386654964252, 0.38210600000000000]
  #26 objects/buildingsets/human/colonialism/col_a/ext/addons/wall/col_a_addn_ext_wall_ab_cnvrter_4m_a.cgf
    [1.00000000000000000, 0.00000000000000000, 0.00000000000000000, -2.62673399999999990]
    [0.00000000000000000, 1.00000000000000000, 0.00000000000000000, 7.00163200000000074]
    [0.00000000000000000, 0.00000000000000000, 1.00000000000000000, 0.00000000000000000]
  #27 objects/buildingsets/human/colonialism/col_a/ext/addons/wall/col_a_addn_ext_wall_addn_b.cgf
    [-0.00000064012100026, -1.00000042674731060, 0.00000000000000000, -7.66500200000000032]
    [1.00000042674731060, -0.00000064012100026, 0.00000000000000000, 1.03446900000000142]
    [0.00000000000000000, 0.00000000000000000, 1.00000042674751533, 0.00000000000000000]
  #28 objects/buildingsets/human/universal/prop/utility/waste/trash_piles_1_a.cgf
    [0.60181475303713294, 0.79863554908505185, 0.00000000000000000, 0.35175300000000043]
    [-0.79863554908505185, 0.60181475303713294, -0.00000000000000000, -7.18813700000001177]
    [-0.00000000000000000, 0.00000000000000000, 0.99999986861775525, 0.00001300000000000]
  #29 objects/buildingsets/human/lowtech/prop/interactive/console/crate_pirate_cluster_03.cgf
    [0.03490058018409464, 0.99939065055297516, 0.00000000000000000, 1.59510000000000041]
    [-0.99939065055297516, 0.03490058018409464, -0.00000000000000000, -4.37723900000000299]
    [-0.00000000000000000, 0.00000000000000000, 0.99999986145493303, -0.09060000000000000]
  #30 objects/buildingsets/human/colonialism/col_a/ext/addons/wall/col_a_addn_ext_wall_stght_4m_b.cgf
    [-0.00000064012100026, 1.00000042674731060, 0.00000000000000000, 3.37326599999999921]
    [-1.00000042674731060, -0.00000064012100026, -0.00000000000000000, -2.99836799999999926]
    [-0.00000000000000000, 0.00000000000000000, 1.00000042674751533, 0.00000000000000000]
  #31 objects/buildingsets/human/colonialism/col_a/ext/addons/foundations/col_a_ext_brick_pallet_base_001.cgf
    [0.15372563406293993, 0.00268397140553336, -0.87195239034909533, -2.26731899999999964]
    [-0.01545468797861664, 0.88526882805476570, 0.00000029188744030, 3.96893499999998767]
    [0.87181954976789233, 0.01521984487752340, 0.15374906266534907, 0.01094000000000000]
  #32 objects/buildingsets/human/colonialism/col_a/ext/addons/col_a_ext_adn_floorplate_stucco_8x8m_a.cgf
    [-0.00000064651545924, -1.00998988522865596, 0.00000000000000000, -0.81500000000000039]
    [-1.00998988522865596, 0.00000064651545924, 0.00000000000000000, 3.00753900000000840]
    [-0.00000000000000000, 0.00000000000000000, -1.00998988522886290, 0.00000000000000000]
  #33 objects/buildingsets/human/colonialism/col_a/ext/addons/col_a_ext_adn_floorplate_stucco_8x8m_a.cgf
    [-1.00999999046325684, 0.00000000000000000, 0.00000000000000000, -0.81500000000000039]
    [0.00000000000000000, 1.00999999046325684, 0.00000000000000000, -5.00000000000000000]
    [0.00000000000000000, 0.00000000000000000, -1.00999999046325684, 0.00000000000000000]
  #34 objects/buildingsets/human/colonialism/col_a/ext/addons/foundations/col_a_ext_brick_pallet_base_001.cgf
    [0.88418981242727124, 0.04633494956378151, 0.00000000000000000, 1.25376600000000060]
    [0.04633494956378151, -0.88418981242727124, 0.00000000000000000, -1.63755299999999693]
    [0.00000000000000000, 0.00000000000000000, -0.88540304491866939, 0.15948699999999999]
  #35 objects/buildingsets/human/colonialism/col_a/ext/addons/wall/col_a_addn_ext_wall_stght_4m_broken_a.cgf
    [-0.00000064012100026, -1.00000042674731060, 0.00000000000000000, -7.66499699999999962]
    [1.00000042674731060, -0.00000064012100026, 0.00000000000000000, 0.78023099999998635]
    [0.00000000000000000, 0.00000000000000000, 1.00000042674751533, 0.00000000000000000]
  #36 objects/buildingsets/human/colonialism/col_a/ext/addons/wall/col_a_addn_ext_wall_ab_cnvrter_4m_a.cgf
    [1.00000000000000000, 0.00000000000000000, 0.00000000000000000, -2.62673399999999990]
    [0.00000000000000000, 1.00000000000000000, 0.00000000000000000, -8.99836799999999926]
    [0.00000000000000000, 0.00000000000000000, 1.00000000000000000, 0.00000000000000000]
  #37 objects/buildingsets/human/colonialism/col_a/ext/addons/wall/col_a_addn_ext_wall_cnr_a_4m_b.cgf
    [-0.00000064012100026, 1.00000042674731060, 0.00000000000000000, 3.37326599999999921]
    [-1.00000042674731060, -0.00000064012100026, -0.00000000000000000, -6.99836799999999926]
    [-0.00000000000000000, 0.00000000000000000, 1.00000042674751533, 0.00000000000000000]
  #38 objects/buildingsets/human/colonialism/col_a/ext/addons/foundations/col_a_ext_brick_pallet_base_001.cgf
    [-0.00000350610905807, -1.00000042674396106, 0.00000000000000000, 1.74745799999999996]
    [1.00000042674396106, -0.00000350610905807, 0.00000000000000000, -2.50627399999999056]
    [0.00000000000000000, 0.00000000000000000, 1.00000042675010747, -0.38316299999999998]
  #39 objects/buildingsets/human/colonialism/props/dressing/sacks/sack_laying_1_b.cgf
    [0.00867784135666151, -0.99995812610614421, 0.00000000000000000, 1.52610199999999985]
    [0.99995812610614421, 0.00867784135666151, 0.00000000000000000, -5.44210300000000302]
    [0.00000000000000000, 0.00000000000000000, 0.99999577943925477, 0.89905999999999997]
  #40 objects/buildingsets/human/colonialism/col_a/ext/addons/col_a_ext_adn_anten_a.cgf
    [-0.00000053725674564, -0.83930534178701965, 0.00000000000000000, 2.30158800000000063]
    [0.83930534178701965, -0.00000053725674564, 0.00000000000000000, 4.64265199999999822]
    [0.00000000000000000, 0.00000000000000000, 0.83930534178719163, 5.62913700000000006]
  #41 objects/buildingsets/human/universal/prop/storage/crate/crate_mining_1_01235x0125x0125_a.cgf
    [-0.01745105233691117, 0.99984692589914825, 0.00000000000000000, -6.73600099999999991]
    [-0.99984692589914825, -0.01745105233691117, -0.00000000000000000, -2.71623700000000667]
    [-0.00000000000000000, 0.00000000000000000, 0.99999920722850699, 0.13276900000000000]
  #42 objects/buildingsets/human/colonialism/ruin/structure/col_a_ruin_struct_sheet_4x1m_bare_a.cgf
    [0.00010368200423896, -0.99911061562571535, 0.04216697974598000, 0.65152400000000021]
    [-0.02156239448756463, -0.04215940998594728, -0.99887823806530651, -0.34887699999998745]
    [0.99976754277224678, -0.00080565531879726, -0.02154758746362704, 3.37252000000000018]
  #43 objects/buildingsets/human/lowtech/prop/storage/crate/crate_stack_1_0125x0125x0125_a.cgf
    [0.02001145447389526, 1.14641066919558199, 0.00000000000000000, -6.73600099999999991]
    [-1.14641066919558199, 0.02001145447389526, -0.00000000000000000, -2.71623700000000667]
    [-0.00000000000000000, 0.00000000000000000, 1.14658531333504499, 0.13276900000000000]
  #44 objects/buildingsets/human/lowtech/prop/storage/crate/crate_weapon_1_01x005x0025_b.cgf
    [0.93969273530166131, -0.34201988504203734, 0.00000000000000000, -6.84660500000000027]
    [0.34201988504203734, 0.93969273530166131, 0.00000000000000000, -1.27405600000000163]
    [0.00000000000000000, 0.00000000000000000, 1.00000001927144311, 1.35889799999999994]
  #45 objects/buildingsets/human/colonialism/col_a/ext/addons/col_a_cables_hanging_a.cgf
    [0.47722018240794528, -0.44501476292441927, 0.00000000000000000, -1.97268299999999996]
    [0.44501476292441927, 0.47722018240794528, 0.00000000000000000, -3.99275000000000091]
    [0.00000000000000000, 0.00000000000000000, 0.65251608540950901, 4.23956300000000041]
  #46 data/objects/buildingsets/human/colonialism/col_a/int/underfloor/col_a_underfloor_hatch_frame_a_split_b.cgf
    [0.00000000000000000, -1.00000000000000000, 0.00000000000000000, 0.63312999999999953]
    [0.00000000000000000, 0.00000000000000000, -1.00000000000000000, 0.12099100000000362]
    [1.00000000000000000, 0.00000000000000000, 0.00000000000000000, 1.59621199999999996]
  #47 objects/buildingsets/human/colonialism/ruin/structure/col_a_ruin_struct_sheet_4x1m_bare_a.cgf
    [0.00000000000000000, -1.00000000000000000, 0.00000000000000000, 0.65411100000000033]
    [0.00000000000000000, 0.00000000000000000, -1.00000000000000000, -0.38576699999998709]
    [1.00000000000000000, 0.00000000000000000, 0.00000000000000000, 2.80840500000000004]
  #48 objects/buildingsets/human/lowtech/prop/storage/crate/crate_dry_1_0125x0125x00625_a.cgf
    [-0.01745378548695881, 0.99983795016795540, 0.00000000000000000, 2.55105400000000060]
    [-0.99983795016795540, -0.01745378548695881, -0.00000000000000000, -6.46105000000000018]
    [-0.00000000000000000, 0.00000000000000000, 0.99999028056470796, 0.00494100000000000]
  #49 objects/buildingsets/human/lowtech/prop/storage/crate/crate_dry_1_0125x0125x00625_a.cgf
    [0.99983763195930553, 0.01745516206760031, 0.00000000000000000, 2.55105400000000060]
    [-0.01745516206760031, 0.99983763195930553, -0.00000000000000000, -6.46105000000000018]
    [-0.00000000000000000, 0.00000000000000000, 0.99998998643226322, 0.61323899999999998]
  #50 objects/buildingsets/human/colonialism/col_a/ext/addons/wall/col_a_addn_ext_wall_addn_a.cgf
    [-1.00000000000000000, 0.00000000000000000, 0.00000000000000000, -2.62673399999999990]
    [0.00000000000000000, -1.00000000000000000, 0.00000000000000000, -8.99836799999999926]
    [0.00000000000000000, 0.00000000000000000, 1.00000000000000000, 0.00000000000000000]
  #51 objects/buildingsets/human/colonialism/col_a/ext/addons/col_a_ext_adn_fluff_a.cgf
    [1.00000000000000000, 0.00000000000000000, 0.00000000000000000, 4.07653799999999933]
    [0.00000000000000000, 1.00000000000000000, 0.00000000000000000, -4.26926900000000842]
    [0.00000000000000000, 0.00000000000000000, 1.00000000000000000, 0.00783600000000000]
  #52 objects/buildingsets/human/colonialism/props/dressing/cloth/cloth_col_4_a.cgf
    [-0.00000644948743844, -1.83950073540443082, 0.00000000000000000, 2.54608999999999952]
    [1.83950073540443082, -0.00000644948743844, 0.00000000000000000, -5.07161199999998757]
    [0.00000000000000000, 0.00000000000000000, 1.83950073541573689, 1.67940399999999990]
  #53 objects/buildingsets/human/colonialism/col_a/int/addons/col_a_int_addn_airlock_b.cgf
    [-0.80959410804464949, 0.08433608713599693, 0.00000000000000000, 2.81470500000000001]
    [-0.08433608713599693, -0.80959410804464949, 0.00000000000000000, -6.44580300000001216]
    [0.00000000000000000, 0.00000000000000000, 0.81397493534753407, 1.26300499999999993]
  #54 objects/buildingsets/human/lowtech/prop/utilitarian/structure/structure_post_2_a.cgf
    [-0.00000064012100026, -1.00000042674731060, 0.00000000000000000, 2.30115699999999990]
    [1.00000042674731060, -0.00000064012100026, 0.00000000000000000, 4.87120600000000081]
    [0.00000000000000000, 0.00000000000000000, 1.00000042674751533, 4.04307200000000044]
  #55 objects/buildingsets/human/universal/prop/storage/crate/crate_mining_1_01235x0125x0125_a.cgf
    [-0.03490014969329700, 0.99939065556005324, 0.00000000000000000, -6.76531500000000019]
    [-0.99939065556005324, -0.03490014969329700, -0.00000000000000000, -1.26362399999999298]
    [-0.00000000000000000, 0.00000000000000000, 0.99999985143467274, 0.12275899999999999]
  #56 objects/buildingsets/human/colonialism/props/dressing/sacks/sack_stack_1_b.cgf
    [0.10906806725387065, 0.98945282191740380, 0.09528725682893162, 1.99278799999999912]
    [-0.99017154713334765, 0.11658271240176458, -0.07720861237835679, -5.32256499999999733]
    [-0.08750345914219071, -0.08593006329291912, 0.99244725818021029, 0.90788400000000002]
  #57 objects/buildingsets/human/lowtech/prop/light/lamp/lamp_lantern_1_a.cgf
    [1.00000000000000000, 0.00000000000000000, 0.00000000000000000, 2.86477000000000004]
    [0.00000000000000000, 1.00000000000000000, 0.00000000000000000, -6.17835099999999215]
    [0.00000000000000000, 0.00000000000000000, 1.00000000000000000, 1.61029199999999983]
  #58 objects/buildingsets/human/lowtech/prop/light/lamp/lamp_lantern_1_a.cgf
    [1.00000000000000000, 0.00000000000000000, 0.00000000000000000, 0.70895299999999928]
    [0.00000000000000000, 1.00000000000000000, 0.00000000000000000, 4.46109899999999016]
    [0.00000000000000000, 0.00000000000000000, 1.00000000000000000, 1.54013100000000014]
  #59 objects/buildingsets/human/universal/prop/utility/waste/trash_piles_1_c.cgf
    [-0.08676314428159994, 0.70677720672178135, -0.00467411130005808, -0.47857699999999959]
    [-0.70676534354749621, -0.08679929743952457, -0.00568696647723867, 1.23255299999999579]
    [-0.00621421097795798, 0.00394619894075218, 0.71206005474212652, 0.78495599999999999]
  #60 objects/buildingsets/human/universal/prop/utility/waste/trash_piles_1_a.cgf
    [0.42854856310487627, 0.56870835798728503, 0.00058728158307008, 1.04856200000000044]
    [-0.56867471499047972, 0.42853078899043850, -0.00733782673785650, 2.27981099999999515]
    [-0.00621368447448362, 0.00394698950393541, 0.71205984557662949, 0.78495599999999999]
  #61 objects/buildingsets/human/lowtech/bravo/pod/pod_interior_a.cgf
    [-0.99999598607221918, -0.00000000000000000, -0.00034999858264560, 0.62500000000000000]
    [0.00000000000000000, -0.99999604732196701, 0.00000000000000000, -0.74000000000000909]
    [-0.00034999858264560, 0.00000000000000000, 0.99999598607221918, -0.13000000000000000]
  #62 objects/buildingsets/human/colonialism/ruin/structure/col_a_ruin_struct_addon_bar_2m_c.cgf
    [-0.00000071337031871, 1.11443090187390226, 0.00000000000000000, 0.95559500000000064]
    [1.11443090187390226, 0.00000071337031871, 0.00000000000000000, -0.14687000000000694]
    [0.00000000000000000, 0.00000000000000000, -1.11443090187413052, 0.99201600000000001]
  #63 objects/buildingsets/human/lowtech/bravo/pod/pod_interior_bedframe_a.cgf
    [-0.99927085646425073, 0.03803075815749071, 0.00090794318489246, 0.46283799999999964]
    [-0.03803815206726967, -0.99921688315928547, -0.01039840864785671, 2.75125600000001214]
    [0.00051177550528131, -0.01042541841208341, 0.99994022633476565, -0.05193200000000000]
  #64 objects/buildingsets/human/colonialism/ruin/structure/col_a_ruin_struct_sheet_4x1m_bare_a.cgf
    [0.00000000000000000, -1.00000000000000000, 0.00000000000000000, 0.64471499999999970]
    [0.00000000000000000, 0.00000000000000000, 1.00000000000000000, -0.06725599999998622]
    [-1.00000000000000000, 0.00000000000000000, 0.00000000000000000, 2.74930099999999999]
  #65 objects/buildingsets/human/colonialism/ruin/structure/col_a_ruin_struct_addon_bar_2m_c.cgf
    [-0.00000071337031871, 1.11443090187390226, 0.00000000000000000, 0.95559500000000064]
    [1.11443090187390226, 0.00000071337031871, 0.00000000000000000, -0.14686900000000946]
    [0.00000000000000000, 0.00000000000000000, -1.11443090187413052, 2.33646999999999982]
  #66 objects/buildingsets/human/colonialism/ruin/structure/col_a_ruin_struct_addon_bar_2m_c.cgf
    [0.00000000000000000, 0.00000000000000000, 1.11442995071411133, -0.10788900000000012]
    [-1.11442995071411133, 0.00000000000000000, 0.00000000000000000, -0.14687000000000694]
    [0.00000000000000000, -1.11442995071411133, 0.00000000000000000, 1.54375700000000005]
  #67 objects/buildingsets/human/colonialism/ruin/structure/col_a_ruin_struct_sheet_4x1m_bare_a.cgf
    [0.00010368200423896, -0.99911061562571535, 0.04216697974598000, 0.63702600000000054]
    [-0.02156239448756463, -0.04215940998594728, -0.99887823806530651, -0.00074599999999236]
    [0.99976754277224678, -0.00080565531879726, -0.02154758746362704, 3.13406500000000010]
  #68 objects/buildingsets/human/colonialism/ruin/structure/col_a_ruin_struct_addon_bar_2m_c.cgf
    [0.00000000000000000, 0.00000000000000000, 1.11442995071411133, 1.28699800000000053]
    [-1.11442995071411133, 0.00000000000000000, 0.00000000000000000, -0.14687000000000694]
    [0.00000000000000000, -1.11442995071411133, 0.00000000000000000, 1.54375700000000005]
