# IncludedObjects
# Cgfs: 7, Materials: 0, Palettes: 1, Placements: 36

[CGFs]
      0: objects/planets/geology/spiky_rough_01/spiky_rough_01_plr_a.cgf
      1: data/objects/buildingsets/human/colonialism/col_a/int/underfloor/col_a_underfloor_wall_internal_end_1m_a.cgf
      2: objects/buildingsets/human/colonialism/col_a/int/cellar/cellar_a_int_hub_cave_a.cgf
      3: objects/buildingsets/human/colonialism/col_a/int/cellar/cellar_a_int_a_door_split_b.cgf
      4: data/objects/buildingsets/human/colonialism/col_a/int/cellar/cellar_a_int_rockform_05.cgf
      5: objects/planets/geology/spiky_rough_01/spiky_rough_01_bld_b.cgf
      6: objects/planets/geology/spiky_rough_01/spiky_rough_01_ldg_d.cgf

[Palettes]
      0: Libs/Foundry/Records/TintPalettes/default

[Placements]
  #0 objects/planets/geology/spiky_rough_01/spiky_rough_01_plr_a.cgf
    [0.17144373161541901, 0.98326423302232902, -0.06162865020281247, 0.46875000000000000]
    [-0.98260357513426799, 0.17519116077289312, 0.06162683585444506, 2.50000000000000000]
    [0.07139227269225015, 0.04999100742220270, 0.99619457846034176, -0.12500000000000000]
  #1 objects/planets/geology/spiky_rough_01/spiky_rough_01_plr_a.cgf
    [0.17144373161541901, 0.98326423302232902, -0.06162865020281247, 2.96875000000000000]
    [-0.98260357513426799, 0.17519116077289312, 0.06162683585444506, 5.25000000000000000]
    [0.07139227269225015, 0.04999100742220270, 0.99619457846034176, -0.12500000000000000]
  #2 data/objects/buildingsets/human/colonialism/col_a/int/underfloor/col_a_underfloor_wall_internal_end_1m_a.cgf
    [-0.00436129246128328, 1.04999083917028613, 0.00123891361334228, 5.71875000000000000]
    [0.18417242028753536, 0.00198470311010496, -1.03372041610843302, 5.12500000000000000]
    [-1.03371312115784542, -0.00407636264811069, -0.18417894704352733, 0.00650900000000000]
  #3 objects/planets/geology/spiky_rough_01/spiky_rough_01_plr_a.cgf
    [-0.08715766706697638, -0.99619539424618020, 0.00000000000000000, 10.71875000000000000]
    [-0.99619539424618020, 0.08715766706697649, 0.00000000000000000, -2.62500000000000000]
    [-0.00000000000000000, 0.00000000000000000, -1.00000086122255905, 3.62500000000000000]
  #4 objects/buildingsets/human/colonialism/col_a/int/cellar/cellar_a_int_hub_cave_a.cgf
    [1.00000000000000000, 0.00000000000000000, 0.00000000000000000, 6.25000000000000000]
    [0.00000000000000000, 1.00000000000000000, 0.00000000000000000, 0.00000000000000000]
    [0.00000000000000000, 0.00000000000000000, 1.00000000000000000, -0.25000000000000000]
  #5 objects/planets/geology/spiky_rough_01/spiky_rough_01_plr_a.cgf
    [0.17364719961933842, -0.98480783902040214, 0.00000000000000000, 0.34375000000000000]
    [0.98480783902040214, 0.17364719961933842, 0.00000000000000000, -3.37500000000000000]
    [0.00000000000000000, 0.00000000000000000, 0.99999991486583273, -0.62500000000000000]
  #6 data/objects/buildingsets/human/colonialism/col_a/int/underfloor/col_a_underfloor_wall_internal_end_1m_a.cgf
    [0.00000052594996252, -1.05000042963674578, 0.00000114137031931, 5.46875000000000000]
    [-0.15838636228762704, 0.00000104897381874, 1.03798586815000649, -5.12500000000000000]
    [-1.03798586815040306, -0.00000069210078485, -0.15838636228698821, 0.00000000000000000]
  #7 data/objects/buildingsets/human/colonialism/col_a/int/underfloor/col_a_underfloor_wall_internal_end_1m_a.cgf
    [-0.13603152104299973, -0.00747562410240934, 1.04112426631752109, 0.45661199999999980]
    [-0.06823230414944871, 1.04777984969232008, -0.00139170305237843, 1.62230599999998049]
    [-1.03891288159372364, -0.06783582542586440, -0.13622966943954098, -0.01664400000000000]
  #8 objects/planets/geology/spiky_rough_01/spiky_rough_01_plr_a.cgf
    [1.00000000000000000, 0.00000000000000000, 0.00000000000000000, 2.71875000000000000]
    [0.00000000000000000, 1.00000000000000000, 0.00000000000000000, -5.12500000000000000]
    [0.00000000000000000, 0.00000000000000000, 1.00000000000000000, -0.12500000000000000]
  #9 objects/buildingsets/human/colonialism/col_a/int/cellar/cellar_a_int_a_door_split_b.cgf
    [-0.00000064012100026, -1.00000042674731060, 0.00000000000000000, 11.99990700000000032]
    [1.00000042674731060, -0.00000064012100026, 0.00000000000000000, -0.00000300000010611]
    [0.00000000000000000, 0.00000000000000000, 1.00000042674751533, 0.00000000000000000]
  #10 data/objects/buildingsets/human/colonialism/col_a/int/underfloor/col_a_underfloor_wall_internal_end_1m_a.cgf
    [-0.10924156957135550, -0.01056715098910898, -1.04424807048994372, 2.00715499999999736]
    [0.10110130013979672, -1.04512101932465784, -0.00000049135822747, -1.79292800000007446]
    [-1.03939608644252646, -0.10054754203943560, 0.10975147015962249, -0.25429200000000002]
  #11 data/objects/buildingsets/human/colonialism/col_a/int/underfloor/col_a_underfloor_wall_internal_end_1m_a.cgf
    [0.10848497944675926, -0.00345158512971086, -1.04437513428933526, 10.59375000000000000]
    [-0.10967666538547646, -1.04422616563442228, -0.00794162462553992, 1.14578099999994265]
    [-1.03860597130562327, 0.10990963056922314, -0.10824894828024179, -0.04478000000000000]
  #12 data/objects/buildingsets/human/colonialism/col_a/int/underfloor/col_a_underfloor_wall_internal_end_1m_a.cgf
    [-0.14700485638919567, 0.00000000000000000, 1.03965823849890637, 0.44162899999999894]
    [0.00000000000000000, 1.04999984794315915, 0.00000000000000000, 0.15990600000009181]
    [-1.03965823849890637, 0.00000000000000000, -0.14700485638919567, 0.03611400000000000]
  #13 data/objects/buildingsets/human/colonialism/col_a/int/underfloor/col_a_underfloor_wall_internal_end_1m_a.cgf
    [-0.01845759904577222, 1.04983723554132169, -0.00030660196204362, 7.21875000000000000]
    [0.14681952283599731, 0.00227765541543153, -1.03968160419253408, 5.12500000000000000]
    [-1.03952024648297159, -0.01831909531352935, -0.14683686865095646, -0.00626800000000000]
  #14 objects/planets/geology/spiky_rough_01/spiky_rough_01_plr_a.cgf
    [-0.98480869769839818, -0.17364669398799171, 0.00000000000000000, 0.34375000000000000]
    [0.17364669398799171, -0.98480869769839818, 0.00000000000000000, -4.37500000000000000]
    [0.00000000000000000, 0.00000000000000000, 1.00000067269746107, -0.62500000000000000]
  #15 data/objects/buildingsets/human/colonialism/col_a/int/underfloor/col_a_underfloor_wall_internal_end_1m_a.cgf
    [0.03233495928343635, 1.04948815535942419, 0.00523386301975049, 4.23917600000000050]
    [0.20208172188143908, -0.00108766775421682, -1.03036892704214789, 5.08418600000004517]
    [-1.02986200980678433, 0.03273774416216584, -0.20201686072603264, 0.00000000000000000]
  #16 data/objects/buildingsets/human/colonialism/col_a/int/underfloor/col_a_underfloor_wall_internal_end_1m_a.cgf
    [0.04527625118179552, -1.04896175146831538, 0.01141774376160255, 4.00745299999999816]
    [-0.16747316001014179, 0.00405402150121899, 1.03655070566906859, -5.12500000000000000]
    [-1.03556934175954596, -0.04651740215607855, -0.16713267047920183, 0.00000000000000000]
  #17 data/objects/buildingsets/human/colonialism/col_a/int/underfloor/col_a_underfloor_wall_internal_end_1m_a.cgf
    [0.11280587136622326, -0.00000035478628001, -1.04392220968079941, 10.59375000000000000]
    [0.00636032967329047, -1.04997991305597238, 0.00068765186024629, -0.31663600000001679]
    [-1.04390283363511172, -0.00639739466564055, -0.11280377542324489, 0.00000000000000000]
  #18 objects/buildingsets/human/colonialism/col_a/int/cellar/cellar_a_int_a_door_split_b.cgf
    [-0.00000064012100026, 1.00000042674731060, 0.00000000000000000, -0.00009300000000678]
    [-1.00000042674731060, -0.00000064012100026, -0.00000000000000000, -0.00000199999999495]
    [-0.00000000000000000, 0.00000000000000000, 1.00000042674751533, 0.00000000000000000]
  #19 objects/buildingsets/human/colonialism/col_a/int/cellar/cellar_a_int_a_door_split_b.cgf
    [-1.00000000000000000, 0.00000000000000000, 0.00000000000000000, 5.99990700000000032]
    [0.00000000000000000, -1.00000000000000000, 0.00000000000000000, 5.99999699999989389]
    [0.00000000000000000, 0.00000000000000000, 1.00000000000000000, 0.00000000000000000]
  #20 data/objects/buildingsets/human/colonialism/col_a/int/underfloor/col_a_underfloor_wall_internal_end_1m_a.cgf
    [0.08247654480866580, 0.00044058734694041, -1.04675483403539893, 10.59375000000000000]
    [0.02381576832565442, -1.04972806385502881, 0.00143466772922500, -1.78736600000001999]
    [-1.04648396350481399, -0.02385487319656594, -0.08246524291659407, -0.00897100000000000]
  #21 objects/planets/geology/spiky_rough_01/spiky_rough_01_plr_a.cgf
    [-0.17364689365387911, 0.98480785663843307, 0.00000000000000000, 0.34375000000000000]
    [-0.98480785663843307, -0.17364689365387911, -0.00000000000000000, -2.62500000000000000]
    [-0.00000000000000000, 0.00000000000000000, 0.99999987908620569, -0.12500000000000000]
  #22 objects/buildingsets/human/colonialism/col_a/int/cellar/cellar_a_int_a_door_split_b.cgf
    [1.00000000000000000, 0.00000000000000000, 0.00000000000000000, 5.99990700000000032]
    [0.00000000000000000, 1.00000000000000000, 0.00000000000000000, -6.00000300000010611]
    [0.00000000000000000, 0.00000000000000000, 1.00000000000000000, 0.00000000000000000]
  #23 objects/planets/geology/spiky_rough_01/spiky_rough_01_plr_a.cgf
    [-0.17144300649888616, -0.98326427326267152, 0.06162865272498088, 8.46875000000000000]
    [0.98260361534757401, -0.17519043859565220, -0.06162687497661107, 5.50000000000000000]
    [0.07139227561398137, 0.04999105458716054, 0.99619449096688151, -0.12500000000000000]
  #24 data/objects/buildingsets/human/colonialism/col_a/int/underfloor/col_a_underfloor_wall_internal_end_1m_a.cgf
    [-0.06758495970844541, -1.04777245772559513, -0.01031204830937795, 6.93210400000000249]
    [-0.15838465073851357, 0.00000062581120664, 1.03798626710448749, -5.12500000000000000]
    [-1.03578364725414906, 0.06836713478518364, -0.15804859774644531, -0.02464000000000000]
  #25 objects/planets/geology/spiky_rough_01/spiky_rough_01_plr_a.cgf
    [1.00000000000000000, 0.00000000000000000, 0.00000000000000000, 8.46875000000000000]
    [0.00000000000000000, -1.00000000000000000, 0.00000000000000000, -5.37500000000000000]
    [0.00000000000000000, 0.00000000000000000, -1.00000000000000000, 3.62500000000000000]
  #26 objects/planets/geology/spiky_rough_01/spiky_rough_01_plr_a.cgf
    [0.00000222586295115, 1.00000042674518408, 0.00000000000000000, 3.46875000000000000]
    [-1.00000042674518408, 0.00000222586295115, -0.00000000000000000, -5.37500000000000000]
    [-0.00000000000000000, 0.00000000000000000, 1.00000042674766121, -0.12500000000000000]
  #27 data/objects/buildingsets/human/colonialism/col_a/int/cellar/cellar_a_int_rockform_05.cgf
    [-1.88628192904557812, -1.08904876958145125, 0.00000000000000000, 7.35003199999999879]
    [-1.08904876958145125, 1.88628192904557812, 0.00000000000000000, 1.00260200000002442]
    [-0.00000000000000000, 0.00000000000000000, -2.17809245404569074, 3.75000000000000000]
  #28 data/objects/buildingsets/human/colonialism/col_a/int/cellar/cellar_a_int_rockform_05.cgf
    [-0.56372900198899489, -2.10387472605929560, 0.00000000000000000, 3.60003199999999879]
    [-2.10387472605929560, 0.56372900198899434, 0.00000000000000000, 1.25260200000002442]
    [-0.00000000000000000, 0.00000000000000000, -2.17809073517027407, 3.75000000000000000]
  #29 objects/planets/geology/spiky_rough_01/spiky_rough_01_bld_b.cgf
    [0.13023734799882025, 0.73860560221478311, 0.00000000000000000, 7.21875000000000000]
    [-0.73860560221478311, 0.13023734799882025, -0.00000000000000000, -3.12500000000000000]
    [-0.00000000000000000, 0.00000000000000000, 0.75000000162455227, 3.62500000000000000]
  #30 objects/planets/geology/spiky_rough_01/spiky_rough_01_ldg_d.cgf
    [-0.57357691200378924, 0.81915273110136089, 0.00000000000000000, 1.59375000000000000]
    [0.81915273110136089, 0.57357691200378924, 0.00000000000000000, -1.12500000000000000]
    [0.00000000000000000, 0.00000000000000000, -1.00000083542696161, 3.87500000000000000]
  #31 objects/planets/geology/spiky_rough_01/spiky_rough_01_ldg_d.cgf
    [-0.76604505200166706, 0.63302282357781947, -0.11161916590547875, 1.34375000000000000]
    [0.64278824924525679, 0.75440699330766448, -0.13302296848594930, 1.37500000000000000]
    [-0.00000029576515779, -0.17364892266340493, -0.98480851271800951, 3.62500000000000000]
  #32 data/objects/buildingsets/human/colonialism/col_a/int/cellar/cellar_a_int_rockform_05.cgf
    [0.37599432647850417, 2.14522829049687269, -0.02641625305568462, 5.08746800000000121]
    [2.14321497990379983, -0.37437692061718120, 0.10269100030096381, -1.75260200000002442]
    [0.09660117333444532, -0.04372039888567998, -2.17550700075852355, 3.75000000000000000]
  #33 objects/planets/geology/spiky_rough_01/spiky_rough_01_bld_b.cgf
    [0.13023734799882025, 0.73860560221478311, 0.00000000000000000, 1.96875000000000000]
    [-0.73860560221478311, 0.13023734799882025, -0.00000000000000000, -1.62500000000000000]
    [-0.00000000000000000, 0.00000000000000000, 0.75000000162455227, 3.62500000000000000]
  #34 objects/planets/geology/spiky_rough_01/spiky_rough_01_bld_b.cgf
    [0.13023734799882025, 0.73860560221478311, 0.00000000000000000, 4.71875000000000000]
    [-0.73860560221478311, 0.13023734799882025, -0.00000000000000000, 1.87500000000000000]
    [-0.00000000000000000, 0.00000000000000000, 0.75000000162455227, 3.62500000000000000]
  #35 objects/planets/geology/spiky_rough_01/spiky_rough_01_bld_b.cgf
    [0.13023734799882025, 0.73860560221478311, 0.00000000000000000, 3.96875000000000000]
    [-0.73860560221478311, 0.13023734799882025, -0.00000000000000000, -2.62500000000000000]
    [-0.00000000000000000, 0.00000000000000000, 0.75000000162455227, 3.62500000000000000]
