# IncludedObjects
# Cgfs: 31, Materials: 3, Palettes: 4, Placements: 46

[CGFs]
      0: objects/buildingsets/human/hightech/loc/stanton/microtech/newbab/int/dome/expo_hall/expo_hall_main_holoroom_floor_a.cgf
      1: objects/buildingsets/human/hightech/loc/stanton/microtech/newbab/int/dome/expo_hall/expo_hall_main_holoroom_glass_a.cgf
      2: objects/buildingsets/human/hightech/loc/stanton/microtech/newbab/int/dome/expo_hall/expo_hall_main_holoroom_ceiling_a.cgf
      3: data/objects/buildingsets/human/hightech/loc/stanton/microtech/newbab/int/dome/expo_hall/expo_hall_main_holoroom_wall_a_d.cgf
      4: objects/buildingsets/human/shop/invictus/fleetweek_timeline_wall_text_001_a.cgf
      5: objects/buildingsets/human/hightech/loc/stanton/microtech/newbab/int/dome/expo_hall/expo_hall_oneempire_c.cgf
      6: objects/buildingsets/human/shop/invictus/fleetweek_timeline_wall_001_b.cgf
      7: data/objects/buildingsets/human/hightech/loc/stanton/microtech/newbab/int/dome/expo_hall/expo_hall_main_walls_a.cgf
      8: objects/buildingsets/human/hightech/loc/stanton/microtech/newbab/int/dome/expo_hall/expo_hall_main_ceiling_a_vertcolor_fw2023.cgf
      9: data/objects/buildingsets/human/hightech/loc/stanton/microtech/newbab/int/dome/expo_hall/expo_hall_main_a_vertcolor.cgf
     10: objects/buildingsets/human/hightech/loc/stanton/microtech/newbab/int/dome/expo_hall/expo_hall_main_stairs_right_b.cgf
     11: objects/buildingsets/human/hightech/loc/stanton/microtech/newbab/int/dome/expo_hall/expo_hall_connection_a_dome_d.cgf
     12: objects/buildingsets/human/hightech/loc/stanton/microtech/newbab/int/dome/expo_hall/expo_hall_fw2023_entranceframing.cgf
     13: data/objects/buildingsets/human/hightech/loc/stanton/microtech/newbab/int/dome/expo_hall/expo_hall_main_a_vertcolor_fw2023_addon_a.cgf
     14: objects/buildingsets/human/hightech/loc/stanton/microtech/newbab/int/dome/expo_hall/expo_hall_main_railings_glass_a.cgf
     15: objects/buildingsets/human/hightech/loc/stanton/microtech/newbab/int/dome/expo_hall/expo_hall_main_ceiling_c_addon_a.cgf
     16: objects/buildingsets/human/brand/iaexpo/signs/decal_exit_a.cgf
     17: objects/buildingsets/human/hightech/loc/stanton/microtech/newbab/int/dome/expo_hall/expo_hall_main_stairs_left_b.cgf
     18: objects/buildingsets/human/hightech/loc/stanton/microtech/newbab/int/dome/expo_hall/expo_hall_main_stairs_left_a.cgf
     19: objects/buildingsets/human/hightech/loc/stanton/microtech/newbab/int/dome/expo_hall/expo_hall_main_stairs_right_a.cgf
     20: objects/buildingsets/human/hightech/loc/stanton/microtech/newbab/int/dome/expo_hall/expo_hall_main_lobby_floor_a_02.cgf
     21: objects/buildingsets/human/hightech/loc/stanton/microtech/newbab/int/dome/expo_hall/expo_hall_main_lobby_a.cgf
     22: objects/buildingsets/human/hightech/loc/stanton/microtech/newbab/int/dome/expo_hall/expo_hall_main_lobby_floor_a_02_glass.cgf
     23: objects/buildingsets/human/hightech/loc/stanton/microtech/newbab/int/dome/expo_hall/expo_hall_main_lobby_ceiling_d.cgf
     24: objects/buildingsets/human/brand/iaexpo/signs/decal_exit_b.cgf
     25: data/objects/buildingsets/human/lowtech/alpha/int/elev/shaft_door_double_frame_04x0075x04_a.cgf
     26: objects/buildingsets/human/hightech/loc/stanton/microtech/newbab/int/dome/expo_hall/expo_hall_main_lobby_walls_a.cgf
     27: objects/buildingsets/human/hightech/loc/stanton/microtech/newbab/int/dome/expo_hall/expo_hall_main_lobby_amphitheatre_001_a.cgf
     28: objects/buildingsets/human/hightech/delta/int/elev/elevator_door_double_a.cgf
     29: objects/buildingsets/human/hightech/loc/stanton/microtech/newbab/int/dome/expo_hall/expo_hall_main_lobby_corridor_a.cgf
     30: objects/buildingsets/human/hightech/loc/stanton/microtech/newbab/int/dome/expo_hall/expo_hall_main_lobby_corridor_a_stairs.cgf

[Materials]
      0: objects/buildingsets/human/hightech/loc/stanton/microtech/newbab/int/dome/expo_hall/ht_expo_hall_palette_b
      1: objects/buildingsets/human/brand/expo/invictus/decal/invictus_logo_002
      2: objects/buildingsets/human/brand/expo/invictus/invictus_brand_a

[Palettes]
      0: Libs/Foundry/Records/TintPalettes/Brand/FleetWeek/2023/Fleetweek_Arccorp_2023_a
      1: Libs/Foundry/Records/TintPalettes/default
      2: Libs/Foundry/Records/TintPalettes/Brand/FleetWeek/Fleetweek_newbab_a
      3: Libs/Foundry/Records/TintPalettes/outsource/os_tint_palette_01

[Placements]
  #0 objects/buildingsets/human/hightech/loc/stanton/microtech/newbab/int/dome/expo_hall/expo_hall_main_holoroom_floor_a.cgf
    [-0.00000064012100026, -1.00000042674731060, 0.00000000000000000, -156.00000000000000000]
    [1.00000042674731060, -0.00000064012100026, 0.00000000000000000, 0.00000000000000000]
    [0.00000000000000000, 0.00000000000000000, 1.00000042674751533, -1.00000000000000000]
  #1 objects/buildingsets/human/hightech/loc/stanton/microtech/newbab/int/dome/expo_hall/expo_hall_main_holoroom_glass_a.cgf
    [-0.00000064012100026, -1.00000042674731060, 0.00000000000000000, -104.00000000000000000]
    [1.00000042674731060, -0.00000064012100026, 0.00000000000000000, 34.00000000000000000]
    [0.00000000000000000, 0.00000000000000000, 1.00000042674751533, -11.00000000000000000]
  #2 objects/buildingsets/human/hightech/loc/stanton/microtech/newbab/int/dome/expo_hall/expo_hall_main_holoroom_ceiling_a.cgf
    [-0.00000064012100026, -1.00000042674731060, 0.00000000000000000, -156.00000000000000000]
    [1.00000042674731060, -0.00000064012100026, 0.00000000000000000, 0.00000000000000000]
    [0.00000000000000000, 0.00000000000000000, 1.00000042674751533, -1.00000000000000000]
  #3 data/objects/buildingsets/human/hightech/loc/stanton/microtech/newbab/int/dome/expo_hall/expo_hall_main_holoroom_wall_a_d.cgf
    [-0.00000064012100026, -1.00000042674731060, 0.00000000000000000, -156.00000000000000000]
    [1.00000042674731060, -0.00000064012100026, 0.00000000000000000, 0.00000000000000000]
    [0.00000000000000000, 0.00000000000000000, 1.00000042674751533, -1.00000000000000000]
  #4 objects/buildingsets/human/shop/invictus/fleetweek_timeline_wall_text_001_a.cgf
    [-0.00000064012100026, -1.00000042674731060, 0.00000000000000000, -85.37500000000000000]
    [1.00000042674731060, -0.00000064012100026, 0.00000000000000000, -7.99400199999999828]
    [0.00000000000000000, 0.00000000000000000, 1.00000042674751533, -11.71651899999999991]
  #5 objects/buildingsets/human/hightech/loc/stanton/microtech/newbab/int/dome/expo_hall/expo_hall_main_holoroom_glass_a.cgf
    [0.34021426918229675, -0.94034815909444225, 0.00000000000000000, -103.92000000000000171]
    [0.94034815909444225, 0.34021426918229675, 0.00000000000000000, -33.57540000000000191]
    [0.00000000000000000, 0.00000000000000000, 1.00000020463375439, -11.00000000000000000]
  #6 objects/buildingsets/human/hightech/loc/stanton/microtech/newbab/int/dome/expo_hall/expo_hall_oneempire_c.cgf
    [-0.00000026059026536, 0.40709549673286610, 0.00000000000000000, -84.95561800000000119]
    [-0.40709549673286610, -0.00000026059026536, -0.00000000000000000, 0.00000000000000000]
    [-0.00000000000000000, 0.00000000000000000, 0.40709549673294948, -8.19307699999999883]
  #7 objects/buildingsets/human/shop/invictus/fleetweek_timeline_wall_001_b.cgf
    [-0.00000064012100026, -1.00000042674731060, 0.00000000000000000, -85.37500000000000000]
    [1.00000042674731060, -0.00000064012100026, 0.00000000000000000, -8.00000000000000000]
    [0.00000000000000000, 0.00000000000000000, 1.00000042674751533, -11.00000000000000000]
  #8 data/objects/buildingsets/human/hightech/loc/stanton/microtech/newbab/int/dome/expo_hall/expo_hall_main_walls_a.cgf
    [-0.00000064012100026, -1.00000042674731060, 0.00000000000000000, -156.00000000000000000]
    [1.00000042674731060, -0.00000064012100026, 0.00000000000000000, 0.00000000000000000]
    [0.00000000000000000, 0.00000000000000000, 1.00000042674751533, 0.00000000000000000]
  #9 objects/buildingsets/human/hightech/loc/stanton/microtech/newbab/int/dome/expo_hall/expo_hall_main_ceiling_a_vertcolor_fw2023.cgf
    [-0.00000064012100026, -1.00000042674731060, 0.00000000000000000, -156.00000000000000000]
    [1.00000042674731060, -0.00000064012100026, 0.00000000000000000, 0.00000000000000000]
    [0.00000000000000000, 0.00000000000000000, 1.00000042674751533, 13.00000000000000000]
  #10 data/objects/buildingsets/human/hightech/loc/stanton/microtech/newbab/int/dome/expo_hall/expo_hall_main_a_vertcolor.cgf
    [-0.00000064012100026, -1.00000042674731060, 0.00000000000000000, -156.00000000000000000]
    [1.00000042674731060, -0.00000064012100026, 0.00000000000000000, 0.00000000000000000]
    [0.00000000000000000, 0.00000000000000000, 1.00000042674751533, 0.00000000000000000]
  #11 objects/buildingsets/human/hightech/loc/stanton/microtech/newbab/int/dome/expo_hall/expo_hall_main_stairs_right_b.cgf
    [-0.00000064012100026, -1.00000042674731060, 0.00000000000000000, -98.00000000000000000]
    [1.00000042674731060, -0.00000064012100026, 0.00000000000000000, 14.00000000000000000]
    [0.00000000000000000, 0.00000000000000000, 1.00000042674751533, 0.00000000000000000]
  #12 objects/buildingsets/human/hightech/loc/stanton/microtech/newbab/int/dome/expo_hall/expo_hall_connection_a_dome_d.cgf
    [3.35876012408306623, -3.35875495915722633, 0.00000000000000000, -156.00000000000000000]
    [3.35875495915722633, 3.35876012408306623, 0.00000000000000000, 0.37500000000000000]
    [0.00000000000000000, 0.00000000000000000, 4.75000046808353016, -14.41233899999999934]
  #13 objects/buildingsets/human/hightech/loc/stanton/microtech/newbab/int/dome/expo_hall/expo_hall_fw2023_entranceframing.cgf
    [-0.00000064012100026, -1.00000042674731060, 0.00000000000000000, -35.50000000000000000]
    [1.00000042674731060, -0.00000064012100026, 0.00000000000000000, 0.00000000000000000]
    [0.00000000000000000, 0.00000000000000000, 1.00000042674751533, 0.00000000000000000]
  #14 data/objects/buildingsets/human/hightech/loc/stanton/microtech/newbab/int/dome/expo_hall/expo_hall_main_a_vertcolor_fw2023_addon_a.cgf
    [-0.00000064012100026, -1.00000042674731060, 0.00000000000000000, -156.00000000000000000]
    [1.00000042674731060, -0.00000064012100026, 0.00000000000000000, 0.00000000000000000]
    [0.00000000000000000, 0.00000000000000000, 1.00000042674751533, 0.00000000000000000]
  #15 objects/buildingsets/human/hightech/loc/stanton/microtech/newbab/int/dome/expo_hall/expo_hall_main_railings_glass_a.cgf
    [-0.00000064012100026, -1.00000042674731060, 0.00000000000000000, -96.00000000000000000]
    [1.00000042674731060, -0.00000064012100026, 0.00000000000000000, 0.00000000000000000]
    [0.00000000000000000, 0.00000000000000000, 1.00000042674751533, 0.00000000000000000]
  #16 objects/buildingsets/human/hightech/loc/stanton/microtech/newbab/int/dome/expo_hall/expo_hall_main_ceiling_c_addon_a.cgf
    [0.13917308061571812, -0.99026845337171410, 0.00000000000000000, -156.00000000000000000]
    [0.99026845337171410, 0.13917308061571812, 0.00000000000000000, 0.00000000000000000]
    [0.00000000000000000, 0.00000000000000000, 1.00000037805556641, 24.00000000000000000]
  #17 objects/buildingsets/human/brand/iaexpo/signs/decal_exit_a.cgf
    [0.00000020351028642, -0.14891420600638744, -1.05958681370673879, -7.58858499999999836]
    [-1.06999983950078814, -0.00000002832293142, -0.00000020152977009, 0.73193900000000056]
    [0.00000000000003843, 1.05958681370675811, -0.14891420600639010, 5.02997999999999834]
  #18 objects/buildingsets/human/hightech/loc/stanton/microtech/newbab/int/dome/expo_hall/expo_hall_main_stairs_left_b.cgf
    [-0.00000064012100026, -1.00000042674731060, 0.00000000000000000, -98.00000000000000000]
    [1.00000042674731060, -0.00000064012100026, 0.00000000000000000, -14.00000000000000000]
    [0.00000000000000000, 0.00000000000000000, 1.00000042674751533, 0.00000000000000000]
  #19 objects/buildingsets/human/hightech/loc/stanton/microtech/newbab/int/dome/expo_hall/expo_hall_main_stairs_left_a.cgf
    [-0.00000064012100026, -1.00000042674731060, 0.00000000000000000, -124.00000000000000000]
    [1.00000042674731060, -0.00000064012100026, 0.00000000000000000, -30.00000000000000000]
    [0.00000000000000000, 0.00000000000000000, 1.00000042674751533, -2.00000000000000000]
  #20 objects/buildingsets/human/hightech/loc/stanton/microtech/newbab/int/dome/expo_hall/expo_hall_main_stairs_right_a.cgf
    [-0.00000064012100026, -1.00000042674731060, 0.00000000000000000, -124.00000000000000000]
    [1.00000042674731060, -0.00000064012100026, 0.00000000000000000, 30.00000000000000000]
    [0.00000000000000000, 0.00000000000000000, 1.00000042674751533, -2.00000000000000000]
  #21 objects/buildingsets/human/hightech/loc/stanton/microtech/newbab/int/dome/expo_hall/expo_hall_connection_a_dome_d.cgf
    [0.70710739454380356, -0.70710630719099521, 0.00000000000000000, 65.50000000000000000]
    [0.70710630719099521, 0.70710739454380356, 0.00000000000000000, -3.00000000000000000]
    [0.00000000000000000, 0.00000000000000000, 1.00000009854390126, -9.00000000000000000]
  #22 objects/buildingsets/human/hightech/loc/stanton/microtech/newbab/int/dome/expo_hall/expo_hall_main_lobby_floor_a_02.cgf
    [-0.00000064012100026, -1.00000042674731060, 0.00000000000000000, 69.00000000000000000]
    [1.00000042674731060, -0.00000064012100026, 0.00000000000000000, 0.00000000000000000]
    [0.00000000000000000, 0.00000000000000000, 1.00000042674751533, -10.00000000000000000]
  #23 objects/buildingsets/human/hightech/loc/stanton/microtech/newbab/int/dome/expo_hall/expo_hall_main_lobby_a.cgf
    [-0.00000064012100026, -1.00000042674731060, 0.00000000000000000, 69.00000000000000000]
    [1.00000042674731060, -0.00000064012100026, 0.00000000000000000, 0.00000000000000000]
    [0.00000000000000000, 0.00000000000000000, 1.00000042674751533, -10.00000000000000000]
  #24 objects/buildingsets/human/hightech/loc/stanton/microtech/newbab/int/dome/expo_hall/expo_hall_main_lobby_floor_a_02_glass.cgf
    [-0.00000064012100026, -1.00000042674731060, 0.00000000000000000, 69.00000000000000000]
    [1.00000042674731060, -0.00000064012100026, 0.00000000000000000, 0.00000000000000000]
    [0.00000000000000000, 0.00000000000000000, 1.00000042674751533, -10.00000000000000000]
  #25 objects/buildingsets/human/hightech/loc/stanton/microtech/newbab/int/dome/expo_hall/expo_hall_main_lobby_ceiling_d.cgf
    [-0.00000064012100026, -1.00000042674731060, 0.00000000000000000, 69.00000000000000000]
    [1.00000042674731060, -0.00000064012100026, 0.00000000000000000, 0.00000000000000000]
    [0.00000000000000000, 0.00000000000000000, 1.00000042674751533, -10.00000000000000000]
  #26 objects/buildingsets/human/brand/iaexpo/signs/decal_exit_b.cgf
    [0.30641761908129078, -0.00000000000000002, -0.25711529638509367, 84.28630799999999113]
    [-0.25711529638509262, -0.00000003619869086, -0.30641761908128945, 18.60842099999999988]
    [-0.00000002326809045, 0.40000004114829818, -0.00000002772978882, -7.11048299999999855]
  #27 data/objects/buildingsets/human/lowtech/alpha/int/elev/shaft_door_double_frame_04x0075x04_a.cgf
    [-0.76604551435048629, -0.64278737592400603, 0.00000000000000000, 86.33412599999999770]
    [0.64278737592400603, -0.76604551435048629, 0.00000000000000000, 17.56379400000000146]
    [0.00000000000000000, 0.00000000000000000, 1.00000067035166063, -10.21918999999999933]
  #28 objects/buildingsets/human/hightech/loc/stanton/microtech/newbab/int/dome/expo_hall/expo_hall_main_lobby_walls_a.cgf
    [-0.00000064012100026, -1.00000042674731060, 0.00000000000000000, 69.00000000000000000]
    [1.00000042674731060, -0.00000064012100026, 0.00000000000000000, 0.00000000000000000]
    [0.00000000000000000, 0.00000000000000000, 1.00000042674751533, -10.00000000000000000]
  #29 data/objects/buildingsets/human/lowtech/alpha/int/elev/shaft_door_double_frame_04x0075x04_a.cgf
    [-0.49999868821687127, -0.86602529559026242, 0.00000000000000000, 91.30111100000000590]
    [0.86602529559026242, -0.49999868821687127, 0.00000000000000000, 10.56934099999999965]
    [0.00000000000000000, 0.00000000000000000, 0.99999925041011561, -10.21918999999999933]
  #30 objects/buildingsets/human/hightech/loc/stanton/microtech/newbab/int/dome/expo_hall/expo_hall_main_lobby_amphitheatre_001_a.cgf
    [-0.00000064012100026, -1.00000042674731060, 0.00000000000000000, 69.00000000000000000]
    [1.00000042674731060, -0.00000064012100026, 0.00000000000000000, 0.00000000000000000]
    [0.00000000000000000, 0.00000000000000000, 1.00000042674751533, -10.00000000000000000]
  #31 objects/buildingsets/human/hightech/loc/stanton/microtech/newbab/int/dome/expo_hall/expo_hall_main_ceiling_c_addon_a.cgf
    [0.14040253792265664, -0.14040232201896910, 0.00000000000000000, 65.50000000000000000]
    [0.14040232201896910, 0.14040253792265664, 0.00000000000000000, -4.00000000000000000]
    [0.00000000000000000, 0.00000000000000000, 0.19855902065492098, -1.00000000000000000]
  #32 data/objects/buildingsets/human/lowtech/alpha/int/elev/shaft_door_double_frame_04x0075x04_a.cgf
    [0.50000006246586637, -0.86602507920230154, 0.00000000000000000, 89.31344799999999395]
    [0.86602507920230154, 0.50000006246586637, 0.00000000000000000, -14.03775200000000112]
    [0.00000000000000000, 0.00000000000000000, 0.99999975013658027, -10.21918999999999933]
  #33 objects/buildingsets/human/brand/iaexpo/signs/decal_exit_b.cgf
    [-0.30641767661636227, 0.00000000000000000, -0.25711526536097101, 84.64112000000000080]
    [-0.25711526536097001, 0.00000003619869791, 0.30641767661636105, -18.23275900000000149]
    [0.00000002326809070, 0.40000006528075821, -0.00000002772979765, -7.10099900000000162]
  #34 objects/buildingsets/human/brand/iaexpo/signs/decal_exit_b.cgf
    [0.19999928596555619, 0.00000000000000000, -0.34641048946350084, 89.73199400000000026]
    [-0.34641048946349839, 0.00000004737828464, -0.19999928596555475, 12.25497000000000014]
    [0.00000004103084441, 0.39999992699633374, 0.00000002368906205, -7.10383699999999862]
  #35 data/objects/buildingsets/human/lowtech/alpha/int/elev/shaft_door_double_frame_04x0075x04_a.cgf
    [0.76604459836237759, -0.64278756282961280, 0.00000000000000000, 83.23589599999999677]
    [0.64278756282961280, 0.76604459836237759, 0.00000000000000000, -20.08557600000000321]
    [0.00000000000000000, 0.00000000000000000, 1.00000008880430102, -10.21918999999999933]
  #36 objects/buildingsets/human/brand/iaexpo/signs/decal_exit_b.cgf
    [0.06945853426045114, 0.00000000000000000, -0.39392338527717075, 92.68359399999999937]
    [-0.39392338527716986, -0.00000002688264739, -0.06945853426045095, 4.42096399999999967]
    [-0.00000002647424867, 0.40000015181226595, -0.00000000466807139, -7.09678200000000103]
  #37 data/objects/buildingsets/human/lowtech/alpha/int/elev/shaft_door_double_frame_04x0075x04_a.cgf
    [0.17364719961933842, -0.98480783902040214, 0.00000000000000000, 92.85290999999999428]
    [0.98480783902040214, 0.17364719961933842, 0.00000000000000000, -6.23450700000000069]
    [0.00000000000000000, 0.00000000000000000, 0.99999991486583273, -10.21918999999999933]
  #38 objects/buildingsets/human/hightech/delta/int/elev/elevator_door_double_a.cgf
    [-0.00000064012100026, -1.00000042674731060, 0.00000000000000000, 52.03125000000000000]
    [1.00000042674731060, -0.00000064012100026, 0.00000000000000000, 0.00000000000000000]
    [0.00000000000000000, 0.00000000000000000, 1.00000042674751533, -13.43750000000000000]
  #39 objects/buildingsets/human/brand/iaexpo/signs/decal_exit_b.cgf
    [-0.06945883766172986, -0.00000000000000004, -0.39392334997809086, 92.74145400000000450]
    [-0.39392334997808998, 0.00000002688276499, 0.06945883766172978, -3.89460000000000051]
    [0.00000002647436079, 0.40000016973406305, -0.00000000466811201, -7.09838399999999936]
  #40 objects/buildingsets/human/brand/iaexpo/signs/decal_exit_b.cgf
    [-0.20000013364303326, -0.00000028659829619, -0.34640986013230757, 90.00842600000000004]
    [-0.34640986013236102, 0.00000041062765726, 0.20000013364272443, -11.80185200000000023]
    [0.00000021231453251, 0.39999980581738720, -0.00000045351537523, -7.10108900000000176]
  #41 objects/buildingsets/human/hightech/delta/int/elev/elevator_door_double_a.cgf
    [-0.00000064012100026, -1.00000042674731060, 0.00000000000000000, 86.00000000000000000]
    [1.00000042674731060, -0.00000064012100026, 0.00000000000000000, 0.00000000000000000]
    [0.00000000000000000, 0.00000000000000000, 1.00000042674751533, -13.43750000000000000]
  #42 data/objects/buildingsets/human/lowtech/alpha/int/elev/shaft_door_double_frame_04x0075x04_a.cgf
    [-0.17364689365387911, -0.98480785663843307, 0.00000000000000000, 93.58029399999999498]
    [0.98480785663843307, -0.17364689365387911, 0.00000000000000000, 2.30750300000000053]
    [0.00000000000000000, 0.00000000000000000, 0.99999987908620569, -10.21918999999999933]
  #43 objects/buildingsets/human/hightech/loc/stanton/microtech/newbab/int/dome/expo_hall/expo_hall_main_lobby_corridor_a.cgf
    [-0.00000064012100026, -1.00000042674731060, 0.00000000000000000, 36.00000000000000000]
    [1.00000042674731060, -0.00000064012100026, 0.00000000000000000, 0.00000000000000000]
    [0.00000000000000000, 0.00000000000000000, 1.00000042674751533, -10.00000000000000000]
  #44 objects/buildingsets/human/hightech/loc/stanton/microtech/newbab/int/dome/expo_hall/expo_hall_main_lobby_corridor_a_stairs.cgf
    [-0.00000064012100026, -1.00000042674731060, 0.00000000000000000, 35.99999300000000346]
    [1.00000042674731060, -0.00000064012100026, 0.00000000000000000, 11.50000000000000000]
    [0.00000000000000000, 0.00000000000000000, 1.00000042674751533, -10.00000000000000000]
  #45 objects/buildingsets/human/hightech/loc/stanton/microtech/newbab/int/dome/expo_hall/expo_hall_main_lobby_corridor_a_stairs.cgf
    [-0.00000064012100026, -1.00000042674731060, 0.00000000000000000, 36.00000699999999654]
    [1.00000042674731060, -0.00000064012100026, 0.00000000000000000, -11.50000000000000000]
    [0.00000000000000000, 0.00000000000000000, 1.00000042674751533, -10.00000000000000000]
