# IncludedObjects
# Cgfs: 58, Materials: 0, Palettes: 2, Placements: 117

[CGFs]
      0: objects/buildingsets/human/universal/prop/food/box/box_stack_2_berries_d.cgf
      1: objects/buildingsets/human/universal/prop/dressing/napkin/napkin_stack_1_a.cgf
      2: objects/buildingsets/human/universal/prop/food/fruit/fruit_alien_2_c.cgf
      3: objects/buildingsets/human/shop/india/mmhc/prop/bar_mmhc_bottles_smoltz.cgf
      4: objects/buildingsets/human/universal/prop/utensil/glass/glass_tumbler_3_a.cgf
      5: objects/buildingsets/human/universal/prop/dressing/bottle/bottle_water_1_a.cgf
      6: objects/buildingsets/human/universal/prop/dressing/utensil/utensil_tray_1_food_a.cgf
      7: objects/buildingsets/human/universal/prop/food/box/box_plastic_2_berries_d.cgf
      8: objects/buildingsets/human/universal/prop/dressing/bottle/bottle_bar_08_vodka_a.cgf
      9: objects/buildingsets/human/universal/prop/dressing/bottle/bottle_bar_01_absinthe_a.cgf
     10: objects/buildingsets/human/universal/prop/dressing/bottle/bottle_alcohol_22_jeanluc_a.cgf
     11: objects/buildingsets/human/universal/prop/dressing/linen/linen_towel_1_c.cgf
     12: objects/buildingsets/human/universal/prop/utensil/cup/mug_orison_1_a.cgf
     13: objects/buildingsets/human/universal/prop/dressing/bottle/bottle_bar_01_absinthe_a_bundle.cgf
     14: objects/buildingsets/human/universal/prop/dressing/bottle/bottle_bar_03_gin_a.cgf
     15: objects/buildingsets/human/universal/prop/dressing/bottle/bottle_bar_06_schnapps_a_bundle.cgf
     16: objects/buildingsets/human/universal/prop/dressing/bottle/bottle_water_1_a_shop.cgf
     17: objects/buildingsets/human/universal/prop/dressing/bottle/bottle_bar_09_whiskey_a_bundle.cgf
     18: objects/buildingsets/human/universal/prop/dressing/bottle/bottle_alcohol_15_starlight_a.cgf
     19: objects/buildingsets/human/universal/prop/dressing/linen/linen_towel_1_h.cgf
     20: objects/buildingsets/human/universal/prop/dressing/linen/linen_towel_1_f.cgf
     21: objects/buildingsets/human/universal/prop/dressing/consumables/bar_mmhc_cigarbox_a_open.cgf
     22: objects/buildingsets/human/universal/prop/dressing/bottle/bottle_alcohol_emergency_whiskey_1_a.cgf
     23: objects/buildingsets/human/universal/prop/dressing/bottle/bottle_alcohol_15_starlight_a_bundle.cgf
     24: objects/buildingsets/human/hightech/prop/utensil/glass/glass_cocktail_1_rack_a.cgf
     25: objects/buildingsets/human/universal/prop/dressing/bottle/bottle_bar_06_schnapps_a.cgf
     26: objects/buildingsets/human/universal/prop/utensil/glass/glass_tumbler_1_a.cgf
     27: objects/buildingsets/human/universal/prop/dressing/bottle/bottle_bar_12_cream_a.cgf
     28: objects/buildingsets/human/universal/prop/dressing/consumables/bar_mmhc_cigar_a.cgf
     29: objects/buildingsets/human/hightech/prop/utensil/glass/glass_cocktail_1_a.cgf
     30: objects/buildingsets/human/universal/prop/dressing/bottle/bottle_bar_02_cognac_a.cgf
     31: objects/buildingsets/human/universal/prop/dressing/bottle/bottle_bar_04_peach_puree_a.cgf
     32: objects/buildingsets/human/universal/prop/food/box/box_plastic_2_berries_a.cgf
     33: objects/buildingsets/human/hightech/prop/furniture/counter/counter_bar_3_cover_a.cgf
     34: objects/buildingsets/human/hightech/prop/furniture/counter/counter_bar_3_cover_c.cgf
     35: objects/buildingsets/human/universal/prop/dressing/bottle/bottle_bar_07_tequila_a.cgf
     36: objects/buildingsets/human/universal/prop/dressing/linen/linen_towel_1_e.cgf
     37: objects/buildingsets/human/universal/prop/dressing/bottle/bottle_alcohol_05_blackbeard_a.cgf
     38: objects/buildingsets/human/universal/prop/dressing/bottle/bottle_bar_04_peach_puree_a_bundle.cgf
     39: objects/buildingsets/human/universal/prop/dressing/cigar/cigar_ashtray_1_a.cgf
     40: objects/buildingsets/human/universal/prop/dressing/bottle/bottle_bar_14_mixer_a.cgf
     41: objects/buildingsets/human/universal/prop/dressing/bottle/bottle_alcohol_05_blackbeard_a_bundle.cgf
     42: objects/buildingsets/human/universal/prop/dressing/bottle/bottle_alcohol_02_dolan_a.cgf
     43: objects/buildingsets/human/universal/prop/dressing/bottle/bottle_bar_10_bitters_a.cgf
     44: objects/buildingsets/human/universal/prop/dressing/bottle/bottle_alcohol_8_cathcart_dmg_test.cgf
     45: objects/buildingsets/human/universal/prop/dressing/bottle/bottle_bar_02_cognac_a_bundle.cgf
     46: objects/buildingsets/human/universal/prop/food/box/box_plastic_5_berries_a.cgf
     47: objects/buildingsets/human/universal/prop/dressing/bottle/bottle_alcohol_22_jeanluc_a_bundle.cgf
     48: objects/buildingsets/human/universal/prop/dressing/bottle/bottle_bar_03_gin_a_bundle.cgf
     49: objects/buildingsets/human/universal/prop/dressing/bottle/bottle_bar_11_chocolate_milk_a.cgf
     50: objects/buildingsets/human/universal/prop/utensil/glass/glass_cocktail_1_a.cgf
     51: objects/buildingsets/human/universal/prop/dressing/bottle/bottle_bar_09_whiskey_a.cgf
     52: objects/buildingsets/human/universal/prop/dressing/bottle/bottle_alcohol_18_jonesin_a.cgf
     53: objects/buildingsets/human/universal/prop/food/box/box_plastic_2_berries_c.cgf
     54: objects/buildingsets/human/universal/prop/dressing/bottle/bottle_alcohol_emergency_whiskey_1_a_bundle.cgf
     55: objects/buildingsets/human/universal/prop/dressing/bottle/bottle_bar_07_tequila_a_bundle.cgf
     56: objects/buildingsets/human/hightech/prop/furniture/counter/counter_bar_3_cover_b.cgf
     57: objects/buildingsets/human/universal/prop/dressing/bottle/bottle_alcohol_06_absynthe_a.cgf

[Palettes]
      0: Libs/Foundry/Records/TintPalettes/default
      1: Libs/Foundry/Records/TintPalettes/Generic/gen_blue_grey_pink

[Placements]
  #0 objects/buildingsets/human/universal/prop/food/box/box_stack_2_berries_d.cgf
    [2.225862951153394E-06, -1.0000004267448508, -1.414211683122351E-06, 0.65291999999999462]
    [1.0000004267448508, 2.225860951196784E-06, 1.4142157362373211E-06, 4.2616319999999632]
    [-1.4142125883951848E-06, -1.4142148309665025E-06, 1.0000004267463281, 0.41269899999999993]
  #1 objects/buildingsets/human/universal/prop/dressing/napkin/napkin_stack_1_a.cgf
    [-1.0000000000013332, -0, 0, 2.2201139999999668]
    [0, -0.9999999999993332, -1.9999999949531523E-06, 4.2445050000000037]
    [0, -1.9999999949531523E-06, 0.99999999999933342, 0.24206000000000039]
  #2 objects/buildingsets/human/universal/prop/food/fruit/fruit_alien_2_c.cgf
    [-0.17031057094997945, -0.64122766341927528, 0.74821210061062537, 0.55467299999997977]
    [-0.11925289351757211, 0.76713667852198553, 0.63030152963923414, 4.2846099999999865]
    [-0.97814774508864177, 0.018120555833868946, -0.20711974470313796, 1.0251029999999997]
  #3 objects/buildingsets/human/shop/india/mmhc/prop/bar_mmhc_bottles_smoltz.cgf
    [0.83824074299237539, -0.088102766493136905, 0, -0.70408300000008239]
    [0.088102766493136905, 0.83824074299237539, 0, 4.4523759999999584]
    [0, 0, 0.842858019286851, 0.40867700000000085]
  #4 objects/buildingsets/human/universal/prop/utensil/glass/glass_tumbler_3_a.cgf
    [-5.3953301810743184E-07, 0.8428587139377095, -1.1919832728928365E-06, 4.2388809999999921]
    [-0.8428587139377095, -5.395313324272949E-07, 1.1919819329335024E-06, 4.1863009999999576]
    [1.1919811699188672E-06, 1.1919840359061255E-06, 0.84285871393703948, 1.0102589999999996]
  #5 objects/buildingsets/human/universal/prop/utensil/glass/glass_tumbler_3_a.cgf
    [-0.84285835425101674, 1.6857166999866105E-12, 1.685718730801366E-06, 4.3956779999999753]
    [1.6857166999933536E-12, -0.84285835425101674, 1.685714677693086E-06, 4.2634029999999825]
    [1.685718730801366E-06, 1.685714677693086E-06, 0.84285835424933098, 1.0102589999999996]
  #6 objects/buildingsets/human/shop/india/mmhc/prop/bar_mmhc_bottles_smoltz.cgf
    [0.59599137484351716, 0.59599045835911868, 0, -0.077575000000024374]
    [-0.59599045835911868, 0.59599137484351716, -0, 4.1877939999999967]
    [-0, 0, 0.84285843730900512, 0.38696700000000028]
  #7 objects/buildingsets/human/universal/prop/dressing/bottle/bottle_water_1_a.cgf
    [-0.93969341179022758, 0.34201978233916613, -1.9696154400942445E-06, 2.6866939999999886]
    [-0.34201978233916613, -0.93969341179222754, -3.4729589101649265E-07, 4.0815739999999892]
    [-1.9696154970302555E-06, 3.4729556811575299E-07, 1.000000619836392, 0.23482000000000092]
  #8 objects/buildingsets/human/universal/prop/dressing/utensil/utensil_tray_1_food_a.cgf
    [0.99756397987375123, 0.069757490040835327, -1.998782032961461E-06, 0.70521099999996295]
    [-0.069757490040835327, 0.99756397987575118, 6.980005526620802E-08, 4.2415619999999876]
    [1.9987820350037413E-06, 6.9799996783797387E-08, 1.0000000006791752, 1.0144470000000023]
  #9 objects/buildingsets/human/universal/prop/food/box/box_stack_2_berries_d.cgf
    [-6.4012100026111661E-07, -1.0000004267473106, 0, 0.80332799999996496]
    [1.0000004267473106, -6.4012100026111661E-07, 0, 4.29613599999999]
    [0, 0, 1.0000004267475153, 0.41270000000000095]
  #10 objects/buildingsets/human/universal/prop/food/box/box_plastic_2_berries_d.cgf
    [-0.20791178989692624, -0.97814722685133626, 0, 4.9137349999999742]
    [0.97814722685133626, -0.20791178989692624, 0, 3.7377439999999638]
    [0, 0, 0.99999965488749198, 1.0116780000000016]
  #11 objects/buildingsets/human/universal/prop/dressing/bottle/bottle_bar_08_vodka_a.cgf
    [0.84285801649093628, 0, 0, -4.9750800000000481]
    [0, 0.84285801649093628, 0, 2.9572519999999827]
    [0, 0, 0.84285801649093628, 1.0113620000000001]
  #12 objects/buildingsets/human/universal/prop/dressing/bottle/bottle_bar_01_absinthe_a.cgf
    [-2.9551533105045927E-06, 0.84285871393516743, 0, -4.9694190000000162]
    [-0.84285871393516743, -2.9551533105045927E-06, -0, 3.1410819999999831]
    [-0, 0, 0.84285871394034795, 1.0095200000000002]
  #13 objects/buildingsets/human/universal/prop/dressing/bottle/bottle_alcohol_22_jeanluc_a.cgf
    [0.84285801649093628, 0, 0, 4.9586130000000139]
    [0, 0.84285801649093628, 0, 2.7747969999999782]
    [0, 0, 0.84285801649093628, 1.0088220000000003]
  #14 objects/buildingsets/human/universal/prop/dressing/linen/linen_towel_1_c.cgf
    [0.84285835425045463, 0, 0, 0.096868999999969674]
    [0, 0.84285835425045463, 0, 0.52189099999998234]
    [0, 0, 0.84285835425045463, 1.4213630000000013]
  #15 objects/buildingsets/human/universal/prop/utensil/cup/mug_orison_1_a.cgf
    [0.71933915923187963, 0.69465918124511095, -7.4921395343041361E-07, -2.3252469999999903]
    [-0.69465918124511095, 0.71933915922987968, -1.8543678721225363E-06, 4.0287899999999581]
    [-7.4921465597717879E-07, 1.8543675882747984E-06, 1.0000001020445533, 0.45972900000000116]
  #16 objects/buildingsets/human/universal/prop/food/fruit/fruit_alien_2_c.cgf
    [-0.42142877681952523, -0.42142979885417714, 0.59599058251680348, 4.8351369999999179]
    [0.42143034749077807, 0.42142761735088075, 0.59599101443759495, 3.6231779999999958]
    [-0.59599019457101221, 0.59599140238285253, 1.8760875838637242E-06, 1.0308480000000007]
  #17 objects/buildingsets/human/universal/prop/food/fruit/fruit_alien_2_c.cgf
    [0.11925254770277881, -0.76713668354109166, -0.6303023798565025, 0.43517199999996592]
    [-0.17031015607219252, -0.64122843142295594, 0.74821220311775194, 4.2797789999999623]
    [-0.97814836912702618, 0.018120676621742153, -0.2071191938805004, 1.0251029999999997]
  #18 objects/buildingsets/human/universal/prop/dressing/bottle/bottle_bar_01_absinthe_a_bundle.cgf
    [0.84285835425045463, 0, 0, -0.9283380000000534]
    [0, 0.84285835425045463, 0, 0.52189199999997982]
    [0, 0, 0.84285835425045463, 1.7544039999999992]
  #19 objects/buildingsets/human/shop/india/mmhc/prop/bar_mmhc_bottles_smoltz.cgf
    [0.84285801649093628, 0, 0, -0.84376700000007077]
    [0, 0.84285801649093628, 0, 4.1828939999999761]
    [0, 0, 0.84285801649093628, 0.40888300000000122]
  #20 objects/buildingsets/human/universal/prop/dressing/bottle/bottle_bar_03_gin_a.cgf
    [0.84285835425045463, 0, 0, -4.8591010000000097]
    [0, 0.84285835425045463, 0, 3.4381809999999859]
    [0, 0, 0.84285835425045463, 1.0092700000000026]
  #21 objects/buildingsets/human/universal/prop/dressing/bottle/bottle_bar_06_schnapps_a_bundle.cgf
    [0.84285835425045463, 0, 0, 0.63416099999994913]
    [0, 0.84285835425045463, 0, 0.52189099999998234]
    [0, 0, 0.84285835425045463, 1.7544050000000002]
  #22 objects/buildingsets/human/shop/india/mmhc/prop/bar_mmhc_bottles_smoltz.cgf
    [-0.84285835425101674, 1.6857166999866105E-12, 1.685718730801366E-06, -1.1176980000000185]
    [1.6857166999933536E-12, -0.84285835425101674, 1.685714677693086E-06, 4.0826159999999732]
    [1.685718730801366E-06, 1.685714677693086E-06, 0.84285835424933098, 0.38696700000000028]
  #23 objects/buildingsets/human/universal/prop/dressing/bottle/bottle_water_1_a_shop.cgf
    [-0.096138812379733485, -1.0988859742330279, -3.1170207078270538E-06, 2.69581699999992]
    [1.0988859742374402, -0.096138812379733485, -1.3609118067625947E-07, 4.2604349999999727]
    [-1.3608941548800704E-07, -3.1170207848958364E-06, 1.1030834309388557, 0.23417000000000066]
  #24 objects/buildingsets/human/universal/prop/dressing/bottle/bottle_bar_09_whiskey_a_bundle.cgf
    [0.84285835425045463, 0, 0, -2.376023000000032]
    [0, 0.84285835425045463, 0, 0.38955299999997806]
    [0, 0, 0.84285835425045463, 1.7954899999999991]
  #25 objects/buildingsets/human/universal/prop/dressing/bottle/bottle_alcohol_15_starlight_a.cgf
    [1.876085498116073E-06, -0.84285871393591738, 1.19198498099571E-06, 4.9256679999999733]
    [0.84285871393591738, 1.87608718379621E-06, 1.191980224837272E-06, 3.309710999999993]
    [-1.1919828780272026E-06, 1.1919823278104605E-06, 0.8428587139371625, 1.0072550000000025]
  #26 objects/buildingsets/human/universal/prop/dressing/linen/linen_towel_1_h.cgf
    [-0.82125695492970974, 0.18960166168098147, 1.4840536931935516E-06, -1.6142720000000281]
    [-0.18960166167761, -0.82125695492970974, 1.8657110794741795E-06, 3.9823779999999829]
    [1.8657104025263016E-06, 1.484054544233221E-06, 0.84285928607871885, 0.89604000000000106]
  #27 objects/buildingsets/human/universal/prop/utensil/glass/glass_tumbler_3_a.cgf
    [-5.3953301810743184E-07, 0.8428587139377095, -1.1919832728928365E-06, 4.200505000000021]
    [-0.8428587139377095, -5.395313324272949E-07, 1.1919819329335024E-06, 4.2675989999999615]
    [1.1919811699188672E-06, 1.1919840359061255E-06, 0.84285871393703948, 1.0102589999999996]
  #28 objects/buildingsets/human/universal/prop/dressing/linen/linen_towel_1_c.cgf
    [0.59599399169743472, -0.59598951545579371, 0, -4.5746589999999969]
    [0.59598951545579371, 0.59599399169743472, 0, 4.1449890000000096]
    [0, 0, 0.84285962097651457, 1.0100010000000008]
  #29 objects/buildingsets/human/universal/prop/dressing/linen/linen_towel_1_f.cgf
    [-0.84170343457752206, 0.043441174430336349, -0.0076591490622297141, -2.0708759999999984]
    [-0.044111202654446943, -0.82891574079304975, 0.14616212384105892, 3.9634049999999661]
    [7.8909818961828142E-07, 0.1463626626208468, 0.83005327598278567, 0.91330100000000236]
  #30 objects/buildingsets/human/universal/prop/dressing/consumables/bar_mmhc_cigarbox_a_open.cgf
    [-6.4012100026111661E-07, -1.0000004267473106, 0, -0.43198500000005424]
    [1.0000004267473106, -6.4012100026111661E-07, 0, 0.47412199999996574]
    [0, 0, 1.0000004267475153, 1.0000020000000003]
  #31 objects/buildingsets/human/shop/india/mmhc/prop/bar_mmhc_bottles_smoltz.cgf
    [0.84285801649093628, 0, 0, -0.21764900000005127]
    [0, 0.84285801649093628, 0, 4.129022999999961]
    [0, 0, 0.84285801649093628, 0.40858200000000089]
  #32 objects/buildingsets/human/universal/prop/dressing/bottle/bottle_alcohol_emergency_whiskey_1_a.cgf
    [1.876085498116073E-06, -0.84285871393591738, 1.19198498099571E-06, 4.9454959999999346]
    [0.84285871393591738, 1.87608718379621E-06, 1.191980224837272E-06, 2.9150779999999941]
    [-1.1919828780272026E-06, 1.1919823278104605E-06, 0.8428587139371625, 1.0144470000000023]
  #33 objects/buildingsets/human/universal/prop/dressing/bottle/bottle_bar_01_absinthe_a_bundle.cgf
    [1.876087183794959E-06, -0.84285871393619816, 0, -2.4809270000000652]
    [0.84285871393619816, 1.876087183794959E-06, 0, 0.14098999999998796]
    [0, 0, 0.84285871393828615, 1.7881730000000022]
  #34 objects/buildingsets/human/universal/prop/dressing/bottle/bottle_alcohol_15_starlight_a_bundle.cgf
    [0.84285835425045463, 0, 0, 1.1413799999999128]
    [0, 0.84285835425045463, 0, 0.52189199999997982]
    [0, 0, 0.84285835425045463, 1.4143449999999991]
  #35 objects/buildingsets/human/hightech/prop/utensil/glass/glass_cocktail_1_rack_a.cgf
    [0.84285835425045463, 0, 0, 0.71591399999999794]
    [0, 0.84285835425045463, 0, 0.52189099999998234]
    [0, 0, 0.84285835425045463, 1.4066500000000008]
  #36 objects/buildingsets/human/hightech/prop/utensil/glass/glass_cocktail_1_rack_a.cgf
    [0.84285835425045463, 0, 0, -0.72405900000001111]
    [0, 0.84285835425045463, 0, 0.52189099999998234]
    [0, 0, 0.84285835425045463, 1.4066489999999998]
  #37 objects/buildingsets/human/universal/prop/dressing/bottle/bottle_bar_06_schnapps_a.cgf
    [0.84285801649093628, 0, 0, -4.897972999999979]
    [0, 0.84285801649093628, 0, 3.1553470000000061]
    [0, 0, 0.84285801649093628, 1.0047569999999997]
  #38 objects/buildingsets/human/universal/prop/utensil/glass/glass_tumbler_1_a.cgf
    [-0.17364980511639713, 0.98480746917106177, -1.5320899424287381E-06, -1.1323350000000119]
    [-0.98480746917106177, -0.17364980511839709, -1.2855739541268332E-06, 0.53842099999997117]
    [-1.5320899474079243E-06, 1.28557394819286E-06, 1.000000003075211, 1.0020690000000005]
  #39 objects/buildingsets/human/universal/prop/dressing/bottle/bottle_bar_12_cream_a.cgf
    [1.0000000000108096, 0, 0, 1.1475709999999708]
    [0, 0.9998476789332813, -0.017453336453217037, 0.50678799999997182]
    [0, 0.017453336453217037, 0.9998476789332813, 1.0003130000000002]
  #40 objects/buildingsets/human/universal/prop/food/box/box_stack_2_berries_d.cgf
    [-6.4012100026111661E-07, 1.0000004267473106, 0, 1.3159099999999171]
    [-1.0000004267473106, -6.4012100026111661E-07, -0, 0.47412199999996574]
    [-0, 0, 1.0000004267475153, 1.0000030000000013]
  #41 objects/buildingsets/human/universal/prop/dressing/consumables/bar_mmhc_cigar_a.cgf
    [0.75470865498538831, -0.6560568972277866, 0, -0.27126500000008491]
    [0.6560568972277866, 0.75470865498538831, 0, 0.61695299999996678]
    [0, 0, 0.99999790315280379, 1.0095949999999991]
  #42 objects/buildingsets/human/hightech/prop/utensil/glass/glass_cocktail_1_a.cgf
    [1.876085498116073E-06, -0.84285871393591738, 1.19198498099571E-06, 4.7860160000000178]
    [0.84285871393591738, 1.87608718379621E-06, 1.191980224837272E-06, 3.6501139999999737]
    [-1.1919828780272026E-06, 1.1919823278104605E-06, 0.8428587139371625, 1.0103109999999997]
  #43 objects/buildingsets/human/universal/prop/dressing/bottle/bottle_bar_02_cognac_a.cgf
    [0.97437016122011166, -0.22495065418664062, 0, -2.4016350000000557]
    [0.22495065418664062, 0.97437016122011166, 0, 0.31711899999999105]
    [0, 0, 1.0000000039475521, 1.0017779999999998]
  #44 objects/buildingsets/human/universal/prop/dressing/bottle/bottle_bar_04_peach_puree_a.cgf
    [0.59599137484351716, -0.59599045835911868, 0, -1.2545999999999822]
    [0.59599045835911868, 0.59599137484351716, 0, 0.56013400000000502]
    [0, 0, 0.84285843730900512, 1.7544039999999992]
  #45 objects/buildingsets/human/universal/prop/food/box/box_plastic_2_berries_a.cgf
    [-0.99619265254770528, -0.087158845338552476, 0, 2.0101720000000114]
    [0.087158845338552476, -0.99619265254770528, 0, 0.44866300000001047]
    [0, 0, 0.99999823265382959, 1.0001839999999991]
  #46 objects/buildingsets/human/universal/prop/dressing/bottle/bottle_bar_02_cognac_a.cgf
    [-2.9551533105045927E-06, 0.84285871393516743, 0, -4.9295040000000654]
    [-0.84285871393516743, -2.9551533105045927E-06, -0, 3.5215410000000134]
    [-0, 0, 0.84285871394034795, 1.0093510000000006]
  #47 objects/buildingsets/human/hightech/prop/furniture/counter/counter_bar_3_cover_a.cgf
    [-6.4012100026111661E-07, -1.0000004267473106, 0, 5.3775799999999663]
    [1.0000004267473106, -6.4012100026111661E-07, 0, 3.2112809999999854]
    [0, 0, 1.0000004267475153, 1.1300000000000008]
  #48 objects/buildingsets/human/universal/prop/dressing/bottle/bottle_alcohol_emergency_whiskey_1_a.cgf
    [-0.58693698549066653, 0.58693477917956016, -0.14636186991565836, -2.178211000000033]
    [-0.59598929479050933, -0.59599162528312322, -3.6149693526242087E-07, 4.0554369999999835]
    [-0.1034939248017902, 0.1034930166458596, 0.83005268504312391, 0.76931500000000064]
  #49 objects/buildingsets/human/hightech/prop/furniture/counter/counter_bar_3_cover_c.cgf
    [0.70710739454380356, -0.70710630719099521, 0, -4.9349200000000337]
    [0.70710630719099521, 0.70710739454380356, 0, 4.2112809999999854]
    [0, 0, 1.0000000985439013, 1.1300000000000008]
  #50 objects/buildingsets/human/shop/india/mmhc/prop/bar_mmhc_bottles_smoltz.cgf
    [-0.84285835425101674, 1.6857166999866105E-12, 1.685718730801366E-06, -0.87450200000000677]
    [1.6857166999933536E-12, -0.84285835425101674, 1.685714677693086E-06, 4.1054019999999696]
    [1.685718730801366E-06, 1.685714677693086E-06, 0.84285835424933098, 0.38696700000000028]
  #51 objects/buildingsets/human/universal/prop/dressing/bottle/bottle_bar_06_schnapps_a.cgf
    [0.84285801649093628, 0, 0, -1.9006390000000692]
    [0, 0.84285801649093628, 0, 4.0525089999999864]
    [0, 0, 0.84285801649093628, 0.76928599999999925]
  #52 objects/buildingsets/human/universal/prop/dressing/bottle/bottle_bar_07_tequila_a.cgf
    [0.4358830867419986, -0.67599875132885223, -0.25187736389198007, -4.9420840000000226]
    [0.71548380092399355, 0.36749355351152502, 0.25187695863238463, 3.0705279999999675]
    [-0.092192455519393757, -0.34407086461422098, 0.763888980687639, 1.0090869999999992]
  #53 objects/buildingsets/human/universal/prop/dressing/linen/linen_towel_1_e.cgf
    [0.84285966555265512, 0, 0, 2.2539069999999128]
    [0, 0.84285966555265512, 0, 4.3046069999999759]
    [0, 0, 0.84285966555265512, 0.55871200000000165]
  #54 objects/buildingsets/human/universal/prop/utensil/glass/glass_tumbler_3_a.cgf
    [-0.59599208379479862, 0.59599031657000734, 9.1230561098087035E-07, 4.2971969999999828]
    [-0.59599031656663592, -0.59599208379479862, 2.2024933489412286E-06, 4.2672299999999836]
    [2.2024941140196564E-06, 9.1230376392202758E-07, 0.84285883835102116, 1.0102589999999996]
  #55 objects/buildingsets/human/universal/prop/dressing/bottle/bottle_alcohol_05_blackbeard_a.cgf
    [-0.3562056562754527, -0.76388978744631442, -2.327458479728857E-06, 0.53018399999996291]
    [0.76388978744968572, -0.3562056562754527, -5.1598131575814054E-07, 0.60689700000000357]
    [-5.1598356320844094E-07, -2.3274579814836585E-06, 0.84285827807949742, 1.4213630000000013]
  #56 objects/buildingsets/human/universal/prop/dressing/bottle/bottle_bar_06_schnapps_a_bundle.cgf
    [0.84285835425045463, 0, 0, -1.3658370000000559]
    [0, 0.84285835425045463, 0, 0.52189199999997982]
    [0, 0, 0.84285835425045463, 1.4219810000000006]
  #57 objects/buildingsets/human/universal/prop/dressing/bottle/bottle_bar_04_peach_puree_a_bundle.cgf
    [-0.84285835425045463, 0, 0, -1.1215970000000652]
    [0, -0.84285835425045463, 0, 0.50140299999998206]
    [0, 0, 0.84285835425045463, 1.7544039999999992]
  #58 objects/buildingsets/human/universal/prop/utensil/glass/glass_tumbler_1_a.cgf
    [1, 0, 0, -2.528754000000049]
    [0, 1, 0, 0.35830199999998058]
    [0, 0, 1, 1.0017779999999998]
  #59 objects/buildingsets/human/universal/prop/dressing/cigar/cigar_ashtray_1_a.cgf
    [0.66913006468114566, 0.74314515790452818, 0, -0.7638800000000856]
    [-0.74314515790452818, 0.66913006468114566, -0, 0.49164099999995869]
    [-0, 0, 0.99999988458856348, 1.0000040000000023]
  #60 objects/buildingsets/human/universal/prop/dressing/bottle/bottle_bar_14_mixer_a.cgf
    [-0.59598945563339589, -0.5959915753642866, 6.4509775923358797E-07, 4.867719999999963]
    [0.5959915753642866, -0.59598945563171024, 1.557395311936645E-06, 3.5100069999999732]
    [-6.4509455553732162E-07, 1.5573966389544257E-06, 0.84285787006408752, 1.0096889999999998]
  #61 objects/buildingsets/human/universal/prop/dressing/bottle/bottle_alcohol_05_blackbeard_a_bundle.cgf
    [0.83824107890160815, -0.088102801798665711, 0, 0.46935099999996055]
    [0.088102801798665711, 0.83824107890160815, 0, 0.4898979999999824]
    [0, 0, 0.84285835704637058, 1.4213630000000013]
  #62 objects/buildingsets/human/hightech/prop/utensil/glass/glass_cocktail_1_rack_a.cgf
    [0.84285835425045463, 0, 0, 0.27741500000001906]
    [0, 0.84285835425045463, 0, 0.52189099999998234]
    [0, 0, 0.84285835425045463, 1.4066500000000008]
  #63 objects/buildingsets/human/universal/prop/dressing/bottle/bottle_bar_02_cognac_a.cgf
    [0.81413829018335138, 0.21814918248801091, 0, -0.24319400000001679]
    [-0.21814918248801091, 0.81413829018335138, -0, 0.58955599999995911]
    [-0, 0, 0.84285836376158618, 1.7544050000000002]
  #64 objects/buildingsets/human/universal/prop/dressing/bottle/bottle_alcohol_02_dolan_a.cgf
    [-0.59598945563339589, -0.5959915753642866, 6.4509775923358797E-07, 4.8878399999999829]
    [0.5959915753642866, -0.59598945563171024, 1.557395311936645E-06, 3.0140299999999911]
    [-6.4509455553732162E-07, 1.5573966389544257E-06, 0.84285787006408752, 1.0144470000000023]
  #65 objects/buildingsets/human/universal/prop/dressing/bottle/bottle_bar_04_peach_puree_a_bundle.cgf
    [0.84285835425045463, 0, 0, 1.8255769999999529]
    [0, 0.84285835425045463, 0, 0.43574000000000979]
    [0, 0, 0.84285835425045463, 1.4580460000000013]
  #66 objects/buildingsets/human/universal/prop/dressing/consumables/bar_mmhc_cigar_a.cgf
    [-0.017452226645150684, -0.99984754611240545, -1.3417737503377602E-06, -0.43612500000006094]
    [0.46940163210133512, -0.0081921678843120439, -0.88294659626142225, 0.47364199999998391]
    [0.88281211095532786, -0.015410016289066868, 0.46947311300248235, 1.0070290000000011]
  #67 objects/buildingsets/human/shop/india/mmhc/prop/bar_mmhc_bottles_smoltz.cgf
    [-2.9551533105045927E-06, 0.84285871393516743, 0, -1.0311270000000832]
    [-0.84285871393516743, -2.9551533105045927E-06, -0, 4.1483000000000061]
    [-0, 0, 0.84285871394034795, 0.38696600000000103]
  #68 objects/buildingsets/human/universal/prop/dressing/bottle/bottle_bar_10_bitters_a.cgf
    [0.98480766070799386, -0.17364874095171032, 0, 1.0397980000000189]
    [0.17364874095171032, 0.98480766070799386, 0, 0.46106699999995726]
    [0, 0, 1.0000000069116326, 1.0012930000000022]
  #69 objects/buildingsets/human/universal/prop/dressing/bottle/bottle_alcohol_8_cathcart_dmg_test.cgf
    [-2.9551533105045927E-06, 0.84285871393516743, 0, -4.9295050000000629]
    [-0.84285871393516743, -2.9551533105045927E-06, -0, 3.3965420000000108]
    [-0, 0, 0.84285871394034795, 1.0099339999999994]
  #70 objects/buildingsets/human/universal/prop/dressing/bottle/bottle_bar_02_cognac_a_bundle.cgf
    [0.84285835425045463, 0, 0, -2.3618660000000773]
    [0, 0.84285835425045463, 0, 0.42489799999998468]
    [0, 0, 0.84285835425045463, 1.4583780000000015]
  #71 objects/buildingsets/human/universal/prop/dressing/bottle/bottle_bar_06_schnapps_a.cgf
    [0.83005303152941867, -0.14636123336470697, 0, -1.4857110000000375]
    [0.14636123336470697, 0.83005303152941867, 0, 0.51287800000000061]
    [0, 0, 0.84285802231646123, 1.4210350000000016]
  #72 objects/buildingsets/human/universal/prop/dressing/napkin/napkin_stack_1_a.cgf
    [-0.85716618485694074, 0.5150374331613925, 0, -4.8527650000000904]
    [-0.5150374331613925, -0.85716618485694074, 0, 3.8808779999999956]
    [0, 0, 0.99999871300901111, 1.0106270000000013]
  #73 objects/buildingsets/human/universal/prop/utensil/glass/glass_tumbler_1_a.cgf
    [1, 0, 0, -1.9234270000000606]
    [0, 1, 0, 0.46614999999997053]
    [0, 0, 1, 1.0017779999999998]
  #74 objects/buildingsets/human/universal/prop/food/box/box_plastic_5_berries_a.cgf
    [-0.17364980511639713, 0.98480746917106177, -1.5320899424287381E-06, 1.7172600000000102]
    [-0.98480746917106177, -0.17364980511839709, -1.2855739541268332E-06, 0.46580299999999397]
    [-1.5320899474079243E-06, 1.28557394819286E-06, 1.000000003075211, 1.0063250000000021]
  #75 objects/buildingsets/human/universal/prop/dressing/linen/linen_towel_1_e.cgf
    [0.84285966555265512, 0, 0, 2.2539069999999128]
    [0, 0.84285966555265512, 0, 4.3046059999999784]
    [0, 0, 0.84285966555265512, 0.60331100000000148]
  #76 objects/buildingsets/human/universal/prop/dressing/bottle/bottle_alcohol_22_jeanluc_a_bundle.cgf
    [0.84289997816085815, 0, 0, -0.41183999999998377]
    [0, 0.84289997816085815, 0, 0.52790099999998574]
    [0, 0, 0.84289997816085815, 1.4295330000000011]
  #77 objects/buildingsets/human/universal/prop/dressing/bottle/bottle_bar_03_gin_a_bundle.cgf
    [0.84285835425045463, 0, 0, 0.071660999999949127]
    [0, 0.84285835425045463, 0, 0.52189099999998234]
    [0, 0, 0.84285835425045463, 1.7544039999999992]
  #78 objects/buildingsets/human/universal/prop/food/box/box_plastic_5_berries_a.cgf
    [0.17364979733176009, -0.984807469619711, 0, 0.40197799999998551]
    [0.984807469619711, 0.17364979733176009, 0, 4.3044539999999643]
    [0, 0, 1.0000000021660695, 0.41902100000000075]
  #79 objects/buildingsets/human/universal/prop/dressing/bottle/bottle_bar_11_chocolate_milk_a.cgf
    [0.98480766070799386, -0.17364874095171032, 0, 1.1421920000000227]
    [0.17364874095171032, 0.98480766070799386, 0, 0.38937099999998281]
    [0, 0, 1.0000000069116326, 1.0012930000000022]
  #80 objects/buildingsets/human/universal/prop/utensil/glass/glass_tumbler_3_a.cgf
    [-5.3953301810743184E-07, 0.8428587139377095, -1.1919832728928365E-06, 4.3269439999999122]
    [-0.8428587139377095, -5.395313324272949E-07, 1.1919819329335024E-06, 4.1796180000000049]
    [1.1919811699188672E-06, 1.1919840359061255E-06, 0.84285871393703948, 1.0102589999999996]
  #81 objects/buildingsets/human/universal/prop/utensil/glass/glass_cocktail_1_a.cgf
    [-0.17364980511639713, 0.98480746917106177, -1.5320899424287381E-06, 2.0529490000000123]
    [-0.98480746917106177, -0.17364980511839709, -1.2855739541268332E-06, 0.64073300000001154]
    [-1.5320899474079243E-06, 1.28557394819286E-06, 1.000000003075211, 1.0001860000000011]
  #82 objects/buildingsets/human/hightech/prop/furniture/counter/counter_bar_3_cover_a.cgf
    [1, 0, 0, 1.5025799999999663]
    [0, 1, 0, 4.6175309999999854]
    [0, 0, 1, 1.1300000000000008]
  #83 objects/buildingsets/human/universal/prop/dressing/utensil/utensil_tray_1_food_a.cgf
    [0.965925920809105, 0.25881871307257659, 0, -2.3705270000000382]
    [-0.25881871307257659, 0.965925920809105, -0, 0.5963509999999701]
    [-0, 0, 1.000000005363731, 1.0017790000000009]
  #84 objects/buildingsets/human/universal/prop/dressing/bottle/bottle_bar_09_whiskey_a.cgf
    [-0.59598945563339589, -0.5959915753642866, 6.4509775923358797E-07, 4.9561089999999695]
    [0.5959915753642866, -0.59598945563171024, 1.557395311936645E-06, 3.4216189999999642]
    [-6.4509455553732162E-07, 1.5573966389544257E-06, 0.84285787006408752, 1.0099250000000008]
  #85 objects/buildingsets/human/hightech/prop/furniture/counter/counter_bar_3_cover_a.cgf
    [-6.4012100026111661E-07, -1.0000004267473106, 0, -5.3724200000000337]
    [1.0000004267473106, -6.4012100026111661E-07, 0, 3.2112809999999854]
    [0, 0, 1.0000004267475153, 1.1300000000000008]
  #86 objects/buildingsets/human/universal/prop/dressing/bottle/bottle_alcohol_05_blackbeard_a_bundle.cgf
    [0.84289997816085815, 0, 0, 1.9071259999999484]
    [0, 0.84289997816085815, 0, 0.4168769999999995]
    [0, 0, 0.84289997816085815, 1.7936470000000018]
  #87 objects/buildingsets/human/universal/prop/dressing/bottle/bottle_bar_01_absinthe_a.cgf
    [-5.3953133280123973E-07, 0.84285871393799061, 0, -0.88394000000005235]
    [-0.84285871393799061, -5.3953133280123973E-07, -0, 0.58965899999998328]
    [-0, 0, 0.84285871393816325, 1.7544050000000002]
  #88 objects/buildingsets/human/universal/prop/dressing/bottle/bottle_alcohol_05_blackbeard_a.cgf
    [0.79206662965749164, -0.27846630905676295, 0.074614977781985101, 1.7835900000000038]
    [0.2882895769680327, 0.76507813824992177, -0.20499997119440563, 0.43280499999997346]
    [-8.3396813816737415E-07, 0.2181567855887544, 0.81417936777283151, 1.7949810000000017]
  #89 objects/buildingsets/human/universal/prop/dressing/bottle/bottle_alcohol_18_jonesin_a.cgf
    [1.876085498116073E-06, -0.84285871393591738, 1.19198498099571E-06, 4.9454949999999371]
    [0.84285871393591738, 1.87608718379621E-06, 1.191980224837272E-06, 3.1650769999999966]
    [-1.1919828780272026E-06, 1.1919823278104605E-06, 0.8428587139371625, 1.0144470000000023]
  #90 objects/buildingsets/human/universal/prop/utensil/glass/glass_tumbler_3_a.cgf
    [-0.81413900618380663, -0.21814748138023096, 0, 4.7859159999999292]
    [0.21814748138023096, -0.81413900618380663, 0, 3.8759689999999978]
    [0, 0, 0.84285861508469773, 1.0083260000000021]
  #91 objects/buildingsets/human/universal/prop/food/box/box_plastic_2_berries_c.cgf
    [-0.087154648485060549, 0.99619517280434633, -1.4745536606084814E-06, -1.2696540000000596]
    [-0.99619517280434633, -0.087154648487060504, -1.3511817254760712E-06, 0.4779399999999896]
    [-1.4745543617680602E-06, 1.3511809602955313E-06, 1.000000377534634, 1.0020690000000005]
  #92 objects/buildingsets/human/universal/prop/dressing/linen/linen_towel_1_c.cgf
    [0.84285966555265512, 0, 0, 2.7167569999999159]
    [0, 0.84285966555265512, 0, 4.3046059999999784]
    [0, 0, 0.84285966555265512, 0.5587130000000009]
  #93 objects/buildingsets/human/universal/prop/dressing/bottle/bottle_bar_07_tequila_a.cgf
    [0.1142851349256169, -0.62366526143566725, 0.55533001407746196, 1.4485639999999194]
    [-0.12319968142426631, 0.54178088004308156, 0.63380295947444343, 0.49534299999999121]
    [-0.82593681438343236, -0.16711072562820292, -0.017699122803762998, 1.7813330000000018]
  #94 objects/buildingsets/human/universal/prop/food/fruit/fruit_alien_2_c.cgf
    [2.1335871277613253E-06, -0.087156962683165279, -0.99619488894205499, -1.4158449999999903]
    [-1.8861009239157233E-07, -0.99619488894433961, 0.08715696268296122, 0.61779899999999088]
    [-1.0000002964491521, 1.9354357955740696E-09, -2.1419066393702328E-06, 1.0138100000000012]
  #95 objects/buildingsets/human/universal/prop/dressing/bottle/bottle_bar_04_peach_puree_a.cgf
    [-2.9551533105045927E-06, 0.84285871393516743, 0, -4.944684000000052]
    [-0.84285871393516743, -2.9551533105045927E-06, -0, 3.2855619999999703]
    [-0, 0, 0.84285871394034795, 1.0095790000000004]
  #96 objects/buildingsets/human/universal/prop/dressing/bottle/bottle_bar_09_whiskey_a.cgf
    [-0.59598945563339589, -0.5959915753642866, 6.4509775923358797E-07, -2.2755660000000262]
    [0.5959915753642866, -0.59598945563171024, 1.557395311936645E-06, 4.0491949999999974]
    [-6.4509455553732162E-07, 1.5573966389544257E-06, 0.84285787006408752, 0.75408599999999915]
  #97 objects/buildingsets/human/universal/prop/food/fruit/fruit_alien_2_c.cgf
    [-0.20475200445859754, 0.089031061022424737, 0.97475663880534258, 0.55194399999993493]
    [0.036103265402960785, 0.99586421307319306, -0.083375304491402527, 4.3150609999999574]
    [-0.97814804040549574, 0.01812063312944653, -0.20711946252720481, 1.0251029999999997]
  #98 objects/buildingsets/human/universal/prop/dressing/bottle/bottle_bar_08_vodka_a.cgf
    [0.21814655761078244, 0.81413907863763901, 0, 2.4581369999999652]
    [-0.81413907863763901, 0.21814655761078244, -0, 0.24524900000000116]
    [-0, 0, 0.84285844598151727, 1.7938780000000012]
  #99 objects/buildingsets/human/universal/prop/dressing/napkin/napkin_stack_1_a.cgf
    [1, 0, 0, 0.90962000000001808]
    [0, 1, 0, 0.43083999999998923]
    [0, 0, 1, 1.0012930000000022]
  #100 objects/buildingsets/human/universal/prop/food/box/box_stack_2_berries_d.cgf
    [-6.4012100026111661E-07, 1.0000004267473106, 0, 1.4663170000000036]
    [-1.0000004267473106, -6.4012100026111661E-07, -0, 0.50862599999999247]
    [-0, 0, 1.0000004267475153, 1.0000030000000013]
  #101 objects/buildingsets/human/universal/prop/dressing/napkin/napkin_stack_1_a.cgf
    [-0.85716589747887051, 0.51503921333987246, 0, 2.4071579999999813]
    [-0.51503921333987246, -0.85716589747887051, 0, 4.2445060000000012]
    [0, 0, 0.99999938353906637, 0.24205900000000113]
  #102 objects/buildingsets/human/universal/prop/dressing/bottle/bottle_bar_01_absinthe_a.cgf
    [0.84285801649093628, 0, 0, 2.4512260000000197]
    [0, 0.84285801649093628, 0, 0.40546999999997979]
    [0, 0, 0.84285801649093628, 1.0003130000000002]
  #103 objects/buildingsets/human/universal/prop/dressing/bottle/bottle_bar_02_cognac_a_bundle.cgf
    [0.84285835425045463, 0, 0, -0.4908380000000534]
    [0, 0.84285835425045463, 0, 0.52189199999997982]
    [0, 0, 0.84285835425045463, 1.7544039999999992]
  #104 objects/buildingsets/human/universal/prop/dressing/consumables/bar_mmhc_cigar_a.cgf
    [-0.017451070019707346, 0.99984793902368996, -1.4264998019275712E-06, -0.4267730000000256]
    [-0.99984793902368996, -0.017451070021707302, -1.4018197862859688E-06, 0.50694799999996576]
    [-1.4265002575747987E-06, 1.4018193226166032E-06, 1.0000002205063698, 1.007028]
  #105 objects/buildingsets/human/universal/prop/food/fruit/fruit_alien_2_c.cgf
    [-0.20475200445859754, 0.089031061022424737, 0.97475663880534258, 2.3994589999999789]
    [0.036103265402960785, 0.99586421307319306, -0.083375304491402527, 0.41157099999998081]
    [-0.97814804040549574, 0.01812063312944653, -0.20711946252720481, 1.0001850000000001]
  #106 objects/buildingsets/human/hightech/prop/furniture/counter/counter_bar_3_cover_c.cgf
    [1, 0, 0, 3.9713299999999663]
    [0, 1, 0, 4.5862809999999854]
    [0, 0, 1, 1.1300000000000008]
  #107 objects/buildingsets/human/universal/prop/dressing/bottle/bottle_alcohol_emergency_whiskey_1_a_bundle.cgf
    [0.84289997816085815, 0, 0, -0.57042500000000018]
    [0, 0.84289997816085815, 0, 0.51331299999998237]
    [0, 0, 0.84289997816085815, 1.4014810000000022]
  #108 objects/buildingsets/human/universal/prop/dressing/bottle/bottle_alcohol_15_starlight_a.cgf
    [0.49999972470603032, 0.86602449418539662, -1.0000004601667322E-06, -1.763054000000011]
    [-0.86602449418539662, 0.49999972470403037, -1.7320472289489944E-06, 0.69333100000000059]
    [-9.9999629594741224E-07, 1.7320496331615388E-06, 0.99999907461566095, 1.0020690000000005]
  #109 objects/buildingsets/human/universal/prop/dressing/consumables/bar_mmhc_cigar_a.cgf
    [0.66913146529096845, 0.72690382590343672, 0.15450681802257024, -0.78866600000003473]
    [-0.74314300705066305, 0.65450945764526902, 0.13911968838214836, 0.46202599999998029]
    [4.6007738611341281E-07, -0.20791018375922338, 0.97814712710304796, 1.0347300000000015]
  #110 objects/buildingsets/human/universal/prop/utensil/cup/mug_orison_1_a.cgf
    [0.57357569411947507, 0.81915278145254455, -9.2349789029266947E-07, -1.6659369999999853]
    [-0.81915278145254455, 0.57357569411747511, -1.7740218206702561E-06, 0.578583999999978]
    [-9.2349880082211368E-07, 1.7740213466780323E-06, 1.0000001781214496, 1.0020700000000016]
  #111 objects/buildingsets/human/universal/prop/dressing/bottle/bottle_bar_07_tequila_a_bundle.cgf
    [0.84285835425045463, 0, 0, 1.1341599999999517]
    [0, 0.84285835425045463, 0, 0.52189099999998234]
    [0, 0, 0.84285835425045463, 1.7544050000000002]
  #112 objects/buildingsets/human/universal/prop/dressing/bottle/bottle_bar_02_cognac_a.cgf
    [0.72993647422548191, 0.42143112215682743, 0, -1.8071740000000318]
    [-0.42143112215682743, 0.72993647422548191, -0, 0.42489899999998215]
    [-0, 0, 0.84285909090849254, 1.4583780000000015]
  #113 objects/buildingsets/human/universal/prop/dressing/bottle/bottle_bar_03_gin_a.cgf
    [0.84285902976989746, 0, 0, 0.23333400000001348]
    [0, 0.84285902976989746, 0, 0.59207299999997076]
    [0, 0, 0.84285902976989746, 1.0001060000000006]
  #114 objects/buildingsets/human/hightech/prop/furniture/counter/counter_bar_3_cover_b.cgf
    [1, 0, 0, -1.9974200000000337]
    [0, 1, 0, 4.6175309999999854]
    [0, 0, 1, 1.1300000000000008]
  #115 objects/buildingsets/human/universal/prop/dressing/consumables/bar_mmhc_cigar_a.cgf
    [0.12186943568311163, -0.99254637732629858, 0, -0.43547000000000935]
    [0.99254637732629858, 0.12186943568311163, 0, 0.43611199999998007]
    [0, 0, 1.0000002352486119, 1.0070290000000011]
  #116 objects/buildingsets/human/universal/prop/dressing/bottle/bottle_alcohol_06_absynthe_a.cgf
    [-5.3953133280123973E-07, 0.84285871393799061, 0, 2.4895549999999957]
    [-0.84285871393799061, -5.3953133280123973E-07, -0, 0.19037499999996044]
    [-0, 0, 0.84285871393816325, 1.4601540000000011]
