# IncludedObjects
# Cgfs: 40, Materials: 8, Palettes: 3, Placements: 49

[CGFs]
      0: objects/buildingsets/human/lowtech/prop/maintenance/cable/cable_reel_1_a.cgf
      1: objects/buildingsets/human/lowtech/alpha/int/roomsm/ceiling/roomsm_ceiling_straight_02x01x0025_c.cgf
      2: objects/buildingsets/human/lowtech/prop/barrier/partition/partition_crowd_2_a.cgf
      3: objects/buildingsets/human/lowtech/prop/storage/canister/canister_gas_1_a.cgf
      4: objects/buildingsets/human/lowtech/bravo/int/walkway/addon/walkway_addon_railing_tarp_a.cgf
      5: objects/buildingsets/human/hightech/prop/machine/generator/generator_portable_1_a.cgf
      6: objects/buildingsets/human/lowtech/bravo/int/walkway/addon/walkway_addon_railing_carpet_a.cgf
      7: objects/buildingsets/human/lowtech/alpha/int/universal/prop/grate_door_a.cgf
      8: objects/buildingsets/human/lowtech/alpha/int/roomsm/partition/partition_fabric_covered_3m_a.cgf
      9: objects/buildingsets/human/lowtech/prop/furniture/table/table_alley_1_a.cgf
     10: objects/buildingsets/human/lowtech/bravo/int/walkway/addon/walkway_addon_railing_cable_e.cgf
     11: objects/buildingsets/human/lowtech/alpha/ext/prop/trash_deposit_a.cgf
     12: objects/buildingsets/human/lowtech/alpha/int/roomsm/ceiling/roomsm_ceiling_straight_02x02x0025_a.cgf
     13: objects/spaceships/derelicts/wreckage/wreckage_mech_junk_06.cgf
     14: objects/buildingsets/human/lowtech/prop/furniture/planter/planter_lobby_1_box_0125x0125x01_a.cgf
     15: objects/buildingsets/human/lowtech/bravo/int/roomlg/addon/roomlg_addon_tarp_01x001x04_a.cgf
     16: objects/buildingsets/human/lowtech/alpha/ext/prop/trash_pile_a.cgf
     17: objects/buildingsets/human/lowtech/prop/maintenance/tool/tool_mop_1_bucket_a.cgf
     18: objects/landscape/terrain/sand/pile/sand_pile_single_centre_2x003_a.cgf
     19: objects/buildingsets/human/lowtech/bravo/int/walkway/addon/walkway_addon_railing_panel_a.cgf
     20: objects/buildingsets/human/lowtech/prop/utilitarian/light/light_attachment_5_a.cgf
     21: objects/buildingsets/human/lowtech/bravo/int/cable/cable_straight_04x01x02_b.cgf
     22: objects/buildingsets/human/lowtech/bravo/int/cable/cable_hanging_f.cgf
     23: objects/buildingsets/human/lowtech/alpha/int/roomsm/floor/roomsm_floor_straight_04x02x0025_a.cgf
     24: objects/buildingsets/human/lowtech/prop/furniture/planter/planter_low_1_a.cgf
     25: objects/buildingsets/human/lowtech/bravo/int/roomlg/addon/roomlg_addon_tarp_g.cgf
     26: objects/buildingsets/human/lowtech/alpha/int/roomsm/floor/roomsm_floor_straight_04x02x0025_g.cgf
     27: objects/buildingsets/human/lowtech/bravo/int/shanty/roof/shanty_roof_flat_02x02x01_a.cgf
     28: objects/buildingsets/human/lowtech/prop/dumpster/dumpster_a.cgf
     29: objects/buildingsets/human/lowtech/prop/utility/aircon/aircon_unit_1_b.cgf
     30: objects/buildingsets/human/lowtech/bravo/int/shanty/roof/shanty_roof_flat_02x01x01_a.cgf
     31: objects/buildingsets/human/lowtech/alpha/int/roomsm/ceiling/roomsm_ceiling_straight_02x02x0025_c.cgf
     32: objects/spaceships/ships/aegs/javelin/interior/set_eng_vent/set_eng_vent_cables_end_a.cgf
     33: objects/buildingsets/human/lowtech/alpha/int/roomsm/floor/roomsm_floor_straight_04x02x0025_f.cgf
     34: objects/buildingsets/human/lowtech/bravo/int/prop/light/light_cold_wall_b.cgf
     35: objects/buildingsets/human/lowtech/prop/furniture/locker/locker_personal_1_b_door.cgf
     36: objects/buildingsets/human/lowtech/alpha/ext/prop/trash_bag_d.cgf
     37: objects/buildingsets/human/lowtech/alpha/int/roomsm/addon/roomsm_addon_elevator_shaft_door_single_a.cgf
     38: objects/buildingsets/human/lowtech/bravo/int/cable/cable_straight_08x01x02_b.cgf
     39: objects/buildingsets/human/lowtech/prop/furniture/locker/locker_personal_1_b_open.cgf

[Materials]
      0: materials/decals/frost/frost_square_a
      1: materials/decals/puddles/puddle_water_a
      2: materials/decals/garbage/garbage_pile_01
      3: materials/pu/decal/graffiti/graffiti_generic_i
      4: materials/decals/garbage/garbage_pile_04
      5: materials/decals/puddles/puddle_ice_terrain_only
      6: objects/landscape/terrain/sand/sand_buildup_brown_a
      7: materials/decals/graffiti/graff_tag1

[Palettes]
      0: Libs/Foundry/Records/TintPalettes/default
      1: Libs/Foundry/Records/TintPalettes/generic/gen_glossy_dark_a
      2: Libs/Foundry/Records/TintPalettes/generic/gen_glossy_darkgrey_orange

[Placements]
  #0 objects/buildingsets/human/lowtech/prop/maintenance/cable/cable_reel_1_a.cgf
    [0.50000202720730313, 0.86602423036375420, 0.00000000000000000, -2.39649700000001076]
    [-0.86602423036375420, 0.50000202720730313, -0.00000000000000000, -2.09105700000009165]
    [-0.00000000000000000, 0.00000000000000000, 0.99999999739427270, 0.99266500000000235]
  #1 objects/buildingsets/human/lowtech/alpha/int/roomsm/ceiling/roomsm_ceiling_straight_02x01x0025_c.cgf
    [1.00000000000000000, 0.00000000000000000, 0.00000000000000000, 0.00000000000000000]
    [0.00000000000000000, 1.00000000000000000, 0.00000000000000000, -1.00000000000000000]
    [0.00000000000000000, 0.00000000000000000, 1.00000000000000000, 4.25000000000000000]
  #2 objects/buildingsets/human/lowtech/prop/barrier/partition/partition_crowd_2_a.cgf
    [-0.91351553826126874, 0.00000000000000000, 0.00000000000000000, -2.79714400000000296]
    [0.00000000000000000, -0.91226349989606026, 0.04781156138599171, -1.57149299999991854]
    [0.00000000000000000, 0.04781156138599171, 0.91226349989606037, 0.29913000000000523]
  #3 objects/buildingsets/human/lowtech/prop/storage/canister/canister_gas_1_a.cgf
    [-0.84752909935792364, -0.52959572338079419, 0.03490128904618665, -2.83649100000002363]
    [-0.02959897710891185, -0.01849325647021067, -0.99938841522102806, -1.69023800000013580]
    [0.52991851331541384, -0.84804579693591153, -0.00000191869743821, 0.39442599999999572]
  #4 objects/buildingsets/human/lowtech/bravo/int/walkway/addon/walkway_addon_railing_tarp_a.cgf
    [-0.91351632277280115, 0.00000000000000000, 0.00000000000000000, -2.80542500000001382]
    [0.00000000000000000, -0.91351632277097417, 0.00000182703061438, -1.40606200000001991]
    [0.00000000000000000, 0.00000182703061438, 0.91351632277097439, -0.48199099999999362]
  #5 objects/buildingsets/human/lowtech/prop/storage/canister/canister_gas_1_a.cgf
    [-0.84598594698853868, -0.52862748480858124, 0.06975600095244051, -3.23849799999999277]
    [-0.05915676722827749, -0.03696453110959226, -0.99756665952555046, -1.70733699999982491]
    [0.52991829016842129, -0.84805173522068766, -0.00000041921247794, 0.39442599999999572]
  #6 objects/buildingsets/human/hightech/prop/machine/generator/generator_portable_1_a.cgf
    [-0.96592608120841839, -0.25882060918759342, 0.00000000000000000, -2.87044200000002547]
    [0.25882060918759342, -0.96592608120841839, 0.00000000000000000, -1.98586999999997715]
    [0.00000000000000000, 0.00000000000000000, 1.00000065104923253, 0.99266500000000235]
  #7 objects/buildingsets/human/lowtech/bravo/int/walkway/addon/walkway_addon_railing_carpet_a.cgf
    [-0.98480858431016194, 0.17364866315185978, 0.00000000000000000, -0.15715999999997621]
    [-0.17364866315185978, -0.98480858431016194, 0.00000000000000000, -2.16040100000009261]
    [0.00000000000000000, 0.00000000000000000, 1.00000090297229938, 0.24889199999999789]
  #8 objects/buildingsets/human/lowtech/alpha/int/universal/prop/grate_door_a.cgf
    [-0.00000004913221800, -0.73787400441869500, 0.00000000000000000, -3.25821300000001202]
    [0.72878953643778321, -0.00000004852731790, 0.11542901704372882, -1.38356599999997343]
    [-0.11542901704372859, 0.00000000768597836, 0.72878953643778488, -0.09838499999999328]
  #9 objects/buildingsets/human/lowtech/alpha/int/roomsm/partition/partition_fabric_covered_3m_a.cgf
    [0.93655002117156982, 0.00000000000000000, 0.00000000000000000, -5.91067600000002358]
    [0.00000000000000000, 0.93655002117156982, 0.00000000000000000, -1.03247899999996662]
    [0.00000000000000000, 0.00000000000000000, 0.93655002117156982, 0.07307400000000541]
  #10 objects/buildingsets/human/lowtech/prop/furniture/table/table_alley_1_a.cgf
    [-0.97437033102662274, 0.22495258543878435, 0.00000000000000000, -3.17237799999998060]
    [-0.22495258543878435, -0.97437033102662274, 0.00000000000000000, -2.19527999999991152]
    [0.00000000000000000, 0.00000000000000000, 1.00000060384007972, 0.18976000000000681]
  #11 objects/buildingsets/human/lowtech/bravo/int/walkway/addon/walkway_addon_railing_cable_e.cgf
    [-0.99984782088827373, 0.01745333521480037, 0.00000000000000000, -3.64988299999998844]
    [-0.01745333521480037, -0.99984782088827373, 0.00000000000000000, -2.15196400000013455]
    [0.00000000000000000, 0.00000000000000000, 1.00000014192256481, 0.99266500000000235]
  #12 objects/buildingsets/human/lowtech/prop/storage/canister/canister_gas_1_a.cgf
    [-0.82631318000967680, -0.51633716068946289, 0.22495106323845077, -3.71510799999998653]
    [-0.19077005102794659, -0.11920473348152989, -0.97437032742436402, -1.78565900000012334]
    [0.52991870319112189, -0.84804875085422504, -0.00000122409670940, 0.39442599999999572]
  #13 objects/buildingsets/human/lowtech/alpha/ext/prop/trash_deposit_a.cgf
    [-0.01255535801571707, 0.11945561937950716, 0.00000000000000000, 3.59864900000002308]
    [-0.11945561937950716, -0.01255535801571707, -0.00000000000000000, -1.96130300000004354]
    [-0.00000000000000000, 0.00000000000000000, 0.12011362127687485, 0.37333200000000488]
  #14 objects/buildingsets/human/lowtech/alpha/int/roomsm/ceiling/roomsm_ceiling_straight_02x02x0025_a.cgf
    [-0.00000064012100026, 1.00000042674731060, 0.00000000000000000, 4.00000000000000000]
    [-1.00000042674731060, -0.00000064012100026, -0.00000000000000000, 1.00000000000000000]
    [-0.00000000000000000, 0.00000000000000000, 1.00000042674751533, 4.25000000000000000]
  #15 objects/spaceships/derelicts/wreckage/wreckage_mech_junk_06.cgf
    [0.35836850283040306, 0.93357995860614251, 0.00000000000000000, 0.84096999999997024]
    [-0.93357995860614251, 0.35836850283040306, -0.00000000000000000, -0.32599399999980960]
    [-0.00000000000000000, 0.00000000000000000, 0.99999976146594727, 0.34615300000000104]
  #16 objects/buildingsets/human/lowtech/alpha/ext/prop/trash_deposit_a.cgf
    [-1.00000116886796375, -0.00000000000000000, 0.00000000000000000, 4.00352299999997285]
    [0.00000000000000000, -0.91354620072282877, -0.40673784786048506, -1.15771899999981542]
    [0.00000000000000000, -0.40673784786048506, 0.91354620072282866, 0.48745800000000372]
  #17 objects/buildingsets/human/lowtech/alpha/int/roomsm/ceiling/roomsm_ceiling_straight_02x02x0025_a.cgf
    [-0.00000064012100026, 1.00000042674731060, 0.00000000000000000, -2.00000000000000000]
    [-1.00000042674731060, -0.00000064012100026, -0.00000000000000000, 1.00000000000000000]
    [-0.00000000000000000, 0.00000000000000000, 1.00000042674751533, 4.25000000000000000]
  #18 objects/buildingsets/human/lowtech/prop/furniture/planter/planter_lobby_1_box_0125x0125x01_a.cgf
    [0.96592557322205075, 0.00903301786251165, -0.25866157413201774, 4.16133400000001075]
    [-0.25881925226613228, 0.03370876151019252, -0.96533721175678000, -0.27727800000002389]
    [-0.00000074696302156, 0.99939068553506627, 0.03489808037267289, 0.83629799999999932]
  #19 objects/buildingsets/human/lowtech/bravo/int/roomlg/addon/roomlg_addon_tarp_01x001x04_a.cgf
    [-0.54444954305805682, -0.54444792866626213, 0.00000000000000000, 5.60567000000003191]
    [0.54444792866626213, -0.54444954305805682, 0.00000000000000000, -0.93245399999977963]
    [0.00000000000000000, 0.00000000000000000, 0.76996678627399928, 3.73614700000000255]
  #20 objects/buildingsets/human/lowtech/alpha/ext/prop/trash_pile_a.cgf
    [-1.00000000000000000, 0.00000000000000000, 0.00000000000000000, 2.94386399999996229]
    [0.00000000000000000, -1.00000000000000000, 0.00000000000000000, -0.45459699999992154]
    [0.00000000000000000, 0.00000000000000000, 1.00000000000000000, 0.34615300000000104]
  #21 objects/buildingsets/human/lowtech/prop/maintenance/tool/tool_mop_1_bucket_a.cgf
    [-1.00000000000000000, 0.00000000000000000, 0.00000000000000000, 2.17230500000005122]
    [0.00000000000000000, -1.00000000000000000, 0.00000000000000000, -0.34781299999986004]
    [0.00000000000000000, 0.00000000000000000, 1.00000000000000000, 0.34615300000000104]
  #22 objects/landscape/terrain/sand/pile/sand_pile_single_centre_2x003_a.cgf
    [-0.08896959835298740, 0.63304593180026114, 0.00000000000000000, 4.07728099999997085]
    [-0.63304593180026114, -0.08896959835298740, -0.00000000000000000, -1.09475800000018353]
    [-0.00000000000000000, 0.00000000000000000, 0.63926734720299361, 0.17972899999999470]
  #23 objects/buildingsets/human/lowtech/bravo/int/walkway/addon/walkway_addon_railing_panel_a.cgf
    [0.05143460499391432, 0.60416252611525079, 0.62201406935206227, -1.03509600000001001]
    [-0.03054218999312007, 0.62398295365065182, -0.60354935772361284, -0.85158300000011877]
    [-0.86659161954423325, 0.01386703343186852, 0.05818977009969436, 2.03787400000000218]
  #24 objects/buildingsets/human/lowtech/prop/utilitarian/light/light_attachment_5_a.cgf
    [-0.69465834610760913, -0.63513957969899304, -0.33771049943691211, 2.36532399999998688]
    [-0.71934043896379041, 0.61334740210100380, 0.32612142240955605, -0.84893199999987701]
    [0.00000123433127318, 0.46947157910020193, -0.88294808531574520, 0.40106900000000678]
  #25 objects/buildingsets/human/lowtech/bravo/int/cable/cable_straight_04x01x02_b.cgf
    [0.05921842058369157, 0.69549497426669538, 0.71608614154266126, -0.70838300000002619]
    [-0.03517101987127130, 0.71835332548854935, -0.69478841512857115, 0.88824500000009721]
    [-0.99762499001423499, 0.01595879711713124, 0.06700103558741904, 0.20781300000000158]
  #26 objects/buildingsets/human/lowtech/bravo/int/cable/cable_hanging_f.cgf
    [0.79079201075562011, -0.02761442981457801, 0.00000000000000000, 5.17557099999999082]
    [0.02761442981457801, 0.79079201075562011, 0.00000000000000000, 0.99619500000017069]
    [0.00000000000000000, 0.00000000000000000, 0.79127401133166320, 4.09507399999999677]
  #27 objects/buildingsets/human/lowtech/alpha/int/roomsm/floor/roomsm_floor_straight_04x02x0025_a.cgf
    [-1.00000000000000000, 0.00000000000000000, 0.00000000000000000, 2.00000000000000000]
    [0.00000000000000000, -1.00000000000000000, 0.00000000000000000, 1.00000000000000000]
    [0.00000000000000000, 0.00000000000000000, 1.00000000000000000, 0.00000000000000000]
  #28 objects/buildingsets/human/lowtech/prop/furniture/planter/planter_low_1_a.cgf
    [-0.93358065539704715, 0.35836883353478527, 0.00000000000000000, 0.05100100000004204]
    [-0.35836883353478527, -0.93358065539704715, 0.00000000000000000, 0.46585199999981342]
    [0.00000000000000000, 0.00000000000000000, 1.00000053049019111, 0.34615300000000104]
  #29 objects/buildingsets/human/lowtech/bravo/int/roomlg/addon/roomlg_addon_tarp_g.cgf
    [-0.37397700548171997, 0.00000000000000000, 0.00000000000000000, -1.06595399999997653]
    [0.00000000000000000, -0.37397700548171997, 0.00000000000000000, 0.99952600000005987]
    [0.00000000000000000, 0.00000000000000000, 0.37397700548171997, 3.58474499999999807]
  #30 objects/buildingsets/human/lowtech/alpha/int/roomsm/floor/roomsm_floor_straight_04x02x0025_g.cgf
    [-0.00000064012127299, 0.00000000000000000, 1.00000085349446199, -1.19166899999999032]
    [0.00000000000000000, -1.00000085349466716, 0.00000000000000000, 1.54604199999994307]
    [1.00000085349446199, 0.00000000000000000, 0.00000064012127265, -0.19743499999999869]
  #31 objects/buildingsets/human/lowtech/alpha/ext/prop/trash_deposit_a.cgf
    [-0.93358065539704715, 0.35836883353478527, 0.00000000000000000, 0.72886200000004919]
    [-0.35836883353478527, -0.93358065539704715, 0.00000000000000000, 0.18622599999980594]
    [0.00000000000000000, 0.00000000000000000, 1.00000053049019111, 0.25651200000000074]
  #32 objects/buildingsets/human/lowtech/bravo/int/shanty/roof/shanty_roof_flat_02x02x01_a.cgf
    [0.00000000000000000, -0.67840200662612915, 0.00000000000000000, 4.20336499999996249]
    [0.00000000000000000, 0.00000000000000000, -0.67840200662612915, 1.16505999999981213]
    [0.67840200662612915, 0.00000000000000000, 0.00000000000000000, 1.19384800000000268]
  #33 objects/buildingsets/human/lowtech/prop/dumpster/dumpster_a.cgf
    [0.06975741738618498, 0.99756396088222321, 0.00000000000000000, 2.92055500000003576]
    [-0.99756396088222321, 0.06975741738618498, -0.00000000000000000, -0.05594800000017131]
    [-0.00000000000000000, 0.00000000000000000, 0.99999997666570961, 0.34615300000000104]
  #34 objects/buildingsets/human/lowtech/bravo/int/cable/cable_straight_04x01x02_b.cgf
    [0.05921842058369157, 0.69549497426669538, 0.71608614154266126, 5.10912699999994402]
    [-0.03517101987127130, 0.71835332548854935, -0.69478841512857115, 0.86133199999994758]
    [-0.99762499001423499, 0.01595879711713124, 0.06700103558741904, 0.20781300000000158]
  #35 objects/buildingsets/human/lowtech/prop/utility/aircon/aircon_unit_1_b.cgf
    [1.00000042674751533, 0.00000000000000000, 0.00000000000000000, 4.47711400000002868]
    [0.00000000000000000, -0.00000064012100026, -1.00000042674731060, 1.27367999999978565]
    [0.00000000000000000, 1.00000042674731060, -0.00000064012100026, 3.77691599999999994]
  #36 objects/buildingsets/human/lowtech/bravo/int/shanty/roof/shanty_roof_flat_02x01x01_a.cgf
    [0.00000000000000000, -0.67840200662612915, 0.00000000000000000, -0.24151800000004187]
    [0.00000000000000000, 0.00000000000000000, -0.67840200662612915, 1.17126099999995859]
    [0.67840200662612915, 0.00000000000000000, 0.00000000000000000, 0.44404400000000521]
  #37 objects/buildingsets/human/lowtech/alpha/int/roomsm/ceiling/roomsm_ceiling_straight_02x02x0025_c.cgf
    [-1.00000000000000000, 0.00000000000000000, 0.00000000000000000, 3.00000000000000000]
    [0.00000000000000000, -1.00000000000000000, 0.00000000000000000, 1.00000000000000000]
    [0.00000000000000000, 0.00000000000000000, 1.00000000000000000, 4.25000000000000000]
  #38 objects/buildingsets/human/lowtech/bravo/int/shanty/roof/shanty_roof_flat_02x02x01_a.cgf
    [0.00000000000000000, -0.67840200662612915, 0.00000000000000000, 4.20758000000000720]
    [0.00000000000000000, 0.00000000000000000, -0.67840200662612915, 1.15421900000001187]
    [0.67840200662612915, 0.00000000000000000, 0.00000000000000000, 0.73012599999999850]
  #39 objects/spaceships/ships/aegs/javelin/interior/set_eng_vent/set_eng_vent_cables_end_a.cgf
    [-0.54856184868778490, 0.21056955228912552, -0.00000123715850470, -0.59867599999995491]
    [-0.19908505145271982, -0.51864431240100983, -0.19139712038242659, 0.89949999999998909]
    [-0.06859066001170451, -0.17868457978061345, 0.55554188005614635, 1.92935699999999599]
  #40 objects/buildingsets/human/lowtech/alpha/int/roomsm/floor/roomsm_floor_straight_04x02x0025_a.cgf
    [-1.00000000000000000, 0.00000000000000000, 0.00000000000000000, 6.00000000000000000]
    [0.00000000000000000, -1.00000000000000000, 0.00000000000000000, 1.00000000000000000]
    [0.00000000000000000, 0.00000000000000000, 1.00000000000000000, 0.00000000000000000]
  #41 objects/buildingsets/human/lowtech/alpha/int/roomsm/floor/roomsm_floor_straight_04x02x0025_f.cgf
    [0.00000000000000000, -1.00000000000000000, 0.00000000000000000, 5.01829299999997147]
    [0.00000000000000000, 0.00000000000000000, -1.00000000000000000, 1.46045800000001691]
    [1.00000000000000000, 0.00000000000000000, 0.00000000000000000, -0.44437600000000543]
  #42 objects/buildingsets/human/lowtech/alpha/int/roomsm/ceiling/roomsm_ceiling_straight_02x01x0025_c.cgf
    [-1.00000000000000000, 0.00000000000000000, 0.00000000000000000, 4.00000000000000000]
    [0.00000000000000000, -1.00000000000000000, 0.00000000000000000, 1.00000000000000000]
    [0.00000000000000000, 0.00000000000000000, 1.00000000000000000, 4.25000000000000000]
  #43 objects/buildingsets/human/lowtech/bravo/int/prop/light/light_cold_wall_b.cgf
    [-1.03934078970376320, 0.39897399535395028, -0.00000226491049743, -0.59867599999995491]
    [-0.37721379420673240, -0.98265678631112308, -0.36263607086543787, 0.89949999999998909]
    [-0.12996154213452807, -0.33854824983134668, 1.05257047565377482, 1.92935699999999599]
  #44 objects/buildingsets/human/lowtech/prop/furniture/locker/locker_personal_1_b_door.cgf
    [-0.89879546010487532, -0.43410468678386266, 0.06101001202610980, 1.98466199999995752]
    [0.43837096237672812, -0.89004834706696745, 0.12508884438084861, 0.07257500000014261]
    [0.00000020674802520, 0.13917413752533006, 0.99026912463446748, 0.40098299999999654]
  #45 objects/buildingsets/human/lowtech/alpha/ext/prop/trash_bag_d.cgf
    [0.40277888095750458, 0.91354533083075007, 0.05660747020026312, 4.00735299999996641]
    [-0.90465474100510768, 0.40673730174112743, -0.12714114621099845, 0.37728400000014517]
    [-0.13917354900310522, -0.00000044769838488, 0.99026815932261392, 1.69469599999999332]
  #46 objects/buildingsets/human/lowtech/alpha/int/roomsm/addon/roomsm_addon_elevator_shaft_door_single_a.cgf
    [-0.00000059954627579, -0.93661437665290936, 0.00000000000000000, 5.31950700000004417]
    [0.93661437665290936, -0.00000059954627579, 0.00000000000000000, 1.50616799999988871]
    [0.00000000000000000, 0.00000000000000000, 0.93661437665310121, 0.41160999999999603]
  #47 objects/buildingsets/human/lowtech/bravo/int/cable/cable_straight_08x01x02_b.cgf
    [0.03607801359047895, 0.42372010521956349, 0.43626497166373157, 2.21857399999998961]
    [-0.02142739217888354, 0.43764622366006339, -0.42328964777462658, 0.77061099999991711]
    [-0.60778838417038439, 0.00972273014523817, 0.04081941595301605, -0.46200100000000077]
  #48 objects/buildingsets/human/lowtech/prop/furniture/locker/locker_personal_1_b_open.cgf
    [-0.89879388743922106, -0.43837105151875289, 0.00000000000000000, 2.28968599999996059]
    [0.43837105151875289, -0.89879388743922106, 0.00000000000000000, 1.05885399999988294]
    [0.00000000000000000, 0.00000000000000000, 0.99999981545386529, 0.40098299999999654]
