# IncludedObjects
# Cgfs: 8, Materials: 0, Palettes: 2, Placements: 25

[CGFs]
      0: objects/planets/flora/tree/oxy_01/oxy_01_large_a.cgf
      1: objects/planets/flora/tree/pine_aleppo_01/pine_aleppo_large_01.cgf
      2: objects/planets/flora/plants/alpine_bearberry/alpine_bearberry_01_a.cgf
      3: objects/buildingsets/citysets/lorville/skyline/industrial/lorv_skyl_addon_ind_streetlights_a.cgf
      4: objects/buildingsets/citysets/lorville/skyline/addon/lorv_skyl_addon_greenhouse_sml_01_a.cgf
      5: objects/planets/flora/tree/pine_aleppo_01/pine_aleppo_med_01.cgf
      6: objects/planets/flora/tree/pine_aleppo_01/pine_aleppo_small_01.cgf
      7: objects/planets/flora/tree/oxy_01/oxy_01_med_a.cgf

[Palettes]
      0: Libs/Foundry/Records/TintPalettes/default
      1: Libs/Foundry/Records/TintPalettes/Brand/Lorville/Lorville_Skyl_Root

[Placements]
  #0 objects/planets/flora/tree/oxy_01/oxy_01_large_a.cgf
    [0.69529902935028076, 0, 0, 8.5370379999985744]
    [0, 0.69529902935028076, 0, 5]
    [0, 0, 0.69529902935028076, 2.3403549999929965]
  #1 objects/planets/flora/tree/pine_aleppo_01/pine_aleppo_large_01.cgf
    [0.41584599018096929, 0, 0, 2.8926119999996445]
    [0, 0.41584599018096929, 0, 28.460137999999915]
    [0, 0, 0.41584599018096929, 4.8591610000003129]
  #2 objects/planets/flora/tree/oxy_01/oxy_01_large_a.cgf
    [-0.16113240927471445, 0.60135703897798176, 0, -5.0857270000014978]
    [-0.60135703897798176, -0.16113240927471445, -0, 42.983729000000039]
    [-0, 0, 0.62257043107349708, 2.0591319999657571]
  #3 objects/planets/flora/plants/alpine_bearberry/alpine_bearberry_01_a.cgf
    [-8.6725482940672762, 0, 0, -3.0929030000006605]
    [0, -8.6725482940672762, 0, -6.9190410000001066]
    [0, 0, 8.6725482940672762, 0.48065899999346584]
  #4 objects/planets/flora/plants/alpine_bearberry/alpine_bearberry_01_a.cgf
    [1.1601673364638179, 0, 0, 3.4703230000013718]
    [0, 1.1601673364638179, 0, 11.896982000000207]
    [0, 0, 1.1601673364638179, 1]
  #5 objects/buildingsets/citysets/lorville/skyline/industrial/lorv_skyl_addon_ind_streetlights_a.cgf
    [0.43405500054359436, 0, 0, 9]
    [0, 0.43405500054359436, 0, -46.557067000000188]
    [0, 0, 0.43405500054359436, 0]
  #6 objects/buildingsets/citysets/lorville/skyline/addon/lorv_skyl_addon_greenhouse_sml_01_a.cgf
    [1, 0, 0, 0]
    [0, 1, 0, 0]
    [0, 0, 1, 0]
  #7 objects/planets/flora/plants/alpine_bearberry/alpine_bearberry_01_a.cgf
    [-2.5571150779724121, 0, 0, 1.7830280000016501]
    [0, -2.5571150779724121, 0, 37.415969000000132]
    [0, 0, 2.5571150779724121, 1]
  #8 objects/planets/flora/tree/oxy_01/oxy_01_large_a.cgf
    [0.69529902935028076, 0, 0, 8.5370379999985744]
    [0, 0.69529902935028076, 0, -17.555666000000201]
    [0, 0, 0.69529902935028076, 2.3403549999929965]
  #9 objects/planets/flora/tree/pine_aleppo_01/pine_aleppo_med_01.cgf
    [0.23852221795890408, -0.34064577750145675, 0, 2.4080160000012256]
    [0.34064577750145675, 0.23852221795890408, 0, 39.460137999999915]
    [0, 0, 0.41585140878636795, 5.1814719999674708]
  #10 objects/planets/flora/tree/pine_aleppo_01/pine_aleppo_small_01.cgf
    [0.31035090522851427, -0.44322799911269933, 0, -3.0929739999992307]
    [0.44322799911269933, 0.31035090522851427, 0, -6.9403520000000753]
    [0, 0, 0.54108108779886699, 4.3407029999652877]
  #11 objects/planets/flora/tree/oxy_01/oxy_01_med_a.cgf
    [1, 0, 0, -5.0423130000017409]
    [0, 1, 0, 12.11344199999985]
    [0, 0, 1, 3.1556819999823347]
  #12 objects/planets/flora/tree/oxy_01/oxy_01_large_a.cgf
    [-0.11747499216695945, 0.43842460844138836, 0, -1.6261349999986123]
    [-0.43842460844138836, -0.11747499216695945, -0, 57.195904000000155]
    [-0, 0, 0.45389041747057385, 1.5322510000551119]
  #13 objects/planets/flora/plants/alpine_bearberry/alpine_bearberry_01_a.cgf
    [-2.6799083550770697, 0, 0, 2.1293369999984861]
    [0, -2.6799083550770697, 0, 27.749809999999798]
    [0, 0, 2.6799083550770697, 1]
  #14 objects/planets/flora/tree/oxy_01/oxy_01_large_a.cgf
    [-0.16609844126442877, 0.61989060591368794, 0, -4.6449820000016189]
    [-0.61989060591368794, -0.16609844126442877, -0, 28.4824279999998]
    [-0, 0, 0.64175778568749142, 2.0086400000145659]
  #15 objects/planets/flora/tree/oxy_01/oxy_01_large_a.cgf
    [-0.14130953760167769, 0.52737674248148625, 0, 8.2542949999988195]
    [-0.52737674248148625, -0.14130953760167769, -0, 59.639016999999967]
    [-0, 0, 0.54598041533335584, 1.7145449999952689]
  #16 objects/planets/flora/tree/pine_aleppo_01/pine_aleppo_large_01.cgf
    [0.41584599018096929, 0, 0, -2.4128249999994296]
    [0, 0.41584599018096929, 0, 0.46013799999991534]
    [0, 0, 0.41584599018096929, 4.1814719999674708]
  #17 objects/planets/flora/tree/pine_aleppo_01/pine_aleppo_med_01.cgf
    [0.23852221795890408, -0.34064577750145675, 0, 2.4080160000012256]
    [0.34064577750145675, 0.23852221795890408, 0, 11.460137999999915]
    [0, 0, 0.41585140878636795, 5.1814719999674708]
  #18 objects/planets/flora/tree/oxy_01/oxy_01_large_a.cgf
    [-0.17995538550827761, 0.67160565813237116, 0, 8.5370379999985744]
    [-0.67160565813237116, -0.17995538550827761, -0, -33.656654999999773]
    [-0, 0, 0.69529713131067106, 2.3403549999929965]
  #19 objects/planets/flora/plants/alpine_bearberry/alpine_bearberry_01_a.cgf
    [-2.6799083550770697, 0, 0, 1.5229709999985062]
    [0, -2.6799083550770697, 0, 20.208630000000085]
    [0, 0, 2.6799083550770697, 1]
  #20 objects/planets/flora/tree/pine_aleppo_01/pine_aleppo_small_01.cgf
    [0.27500640913419955, -0.39275071672167505, 0, 2.0800750000016706]
    [0.39275071672167505, 0.27500640913419955, 0, -12.254441000000043]
    [0, 0, 0.47945974862367352, 3.8503860000055283]
  #21 objects/planets/flora/tree/pine_aleppo_01/pine_aleppo_small_01.cgf
    [0.23852221795890408, -0.34064577750145675, 0, 2.5021779999988212]
    [0.34064577750145675, 0.23852221795890408, 0, 21.460137999999915]
    [0, 0, 0.41585140878636795, 3.8091380000114441]
  #22 objects/planets/flora/plants/alpine_bearberry/alpine_bearberry_01_a.cgf
    [1.8829223712284822, 0, 0, 2.8628769999995711]
    [0, 1.8829223712284822, 0, 15.074291999999787]
    [0, 0, 1.8829223712284822, 1]
  #23 objects/planets/flora/tree/oxy_01/oxy_01_large_a.cgf
    [-0.17995538550827761, 0.67160565813237116, 0, 9.010416000000987]
    [-0.67160565813237116, -0.17995538550827761, -0, 48.158919999999853]
    [-0, 0, 0.69529713131067106, 2.3403549999929965]
  #24 objects/planets/flora/tree/oxy_01/oxy_01_large_a.cgf
    [-0.17995538550827761, 0.67160565813237116, 0, 10.552835999998933]
    [-0.67160565813237116, -0.17995538550827761, -0, 32.101904000000104]
    [-0, 0, 0.69529713131067106, 2.3403549999929965]
