# IncludedObjects
# Cgfs: 19, Materials: 3, Palettes: 1, Placements: 33

[CGFs]
      0: objects/buildingsets/hangar/discount/ceiling/hangar_discount_ceiling_40x40x1.cgf
      1: objects/brush/planet/uee/generic_elevator/generic_elevator_door_r.cgf
      2: objects/brush/planet/uee/generic_elevator/generic_elevator_floor_8x8.cgf
      3: objects/brush/planet/uee/generic_elevator/generic_elevator_ceiling.cgf
      4: objects/brush/planet/uee/generic_elevator/generic_elevator_door_l.cgf
      5: objects/brush/planet/uee/generic_elevator/generic_elevator_wall_b_8x6.cgf
      6: objects/brush/planet/uee/generic_elevator/generic_elevator_wall_a_8x6.cgf
      7: objects/brush/planet/uee/generic_elevator/generic_elevator_screen.cgf
      8: objects/brush/planet/uee/generic_elevator/generic_elevator_console_b.cgf
      9: objects/brush/planet/uee/generic_elevator/generic_elevator_wall_frame_8x6.cgf
     10: objects/buildingsets/hangar/deluxe/deluxe_wall_8x16_01.cgf
     11: objects/buildingsets/hangar/deluxe/deluxe_side_room_end_01m.cgf
     12: objects/buildingsets/hangar/deluxe/deluxe_parkingzonedecal_01.cgf
     13: objects/buildingsets/hangar/deluxe/deluxe_side_room_01.cgf
     14: objects/buildingsets/hangar/deluxe/deluxe_side_room_02.cgf
     15: objects/buildingsets/hangar/deluxe/deluxe_side_room_end_01.cgf
     16: objects/buildingsets/hangar/deluxe/deluxe_props_plant_pot_03.cgf
     17: objects/buildingsets/hangar/deluxe/deluxe_side_room_logo_01.cgf
     18: objects/buildingsets/hangar/deluxe/deluxe_exit_specialty_room_01.cga

[Materials]
      0: materials/bhvr/special/proxy_nodraw
      1: objects/buildingsets/hangar/deluxe/hangar_deluxe_kit_starfarer_grey
      2: objects/buildingsets/hangar/deluxe/hangar_deluxe_kit_master

[Palettes]
      0: Libs/Foundry/Records/TintPalettes/default

[Placements]
  #0 objects/buildingsets/hangar/discount/ceiling/hangar_discount_ceiling_40x40x1.cgf
    [1.00000000000000000, 0.00000000000000000, 0.00000000000000000, 4.00000000000000000]
    [0.00000000000000000, 1.00000000000000000, 0.00000000000000000, 12.00000000000000000]
    [0.00000000000000000, 0.00000000000000000, 1.00000000000000000, 49.00000000000000000]
  #1 objects/buildingsets/hangar/discount/ceiling/hangar_discount_ceiling_40x40x1.cgf
    [1.00000000000000000, 0.00000000000000000, 0.00000000000000000, 84.00000000000000000]
    [0.00000000000000000, 1.00000000000000000, 0.00000000000000000, 12.00000000000000000]
    [0.00000000000000000, 0.00000000000000000, 1.00000000000000000, 49.00000000000000000]
  #2 objects/buildingsets/hangar/discount/ceiling/hangar_discount_ceiling_40x40x1.cgf
    [1.00000000000000000, 0.00000000000000000, 0.00000000000000000, 44.00000000000000000]
    [0.00000000000000000, 1.00000000000000000, 0.00000000000000000, 12.00000000000000000]
    [0.00000000000000000, 0.00000000000000000, 1.00000000000000000, 49.00000000000000000]
  #3 objects/brush/planet/uee/generic_elevator/generic_elevator_door_r.cgf
    [-0.99999999999999845, -0.00000008742277657, 0.00000000000000000, 32.18396217027773787]
    [0.00000008742277657, -0.99999999999999845, 0.00000000000000000, -15.99999966639671811]
    [0.00000000000000000, 0.00000000000000000, 1.00000000000000244, 0.87498474121093750]
  #4 objects/brush/planet/uee/generic_elevator/generic_elevator_floor_8x8.cgf
    [-0.99999999999999845, -0.00000008742277657, 0.00000000000000000, 35.99993896484375000]
    [0.00000008742277657, -0.99999999999999845, 0.00000000000000000, -14.00000000000000000]
    [0.00000000000000000, 0.00000000000000000, 1.00000000000000244, -0.00001525878906250]
  #5 objects/brush/planet/uee/generic_elevator/generic_elevator_ceiling.cgf
    [-0.99999999999999845, -0.00000008742277657, 0.00000000000000000, 35.99993896484375000]
    [0.00000008742277657, -0.99999999999999845, 0.00000000000000000, -14.00000000000000000]
    [0.00000000000000000, 0.00000000000000000, 1.00000000000000244, 4.99998474121093750]
  #6 objects/brush/planet/uee/generic_elevator/generic_elevator_door_l.cgf
    [-0.99999999999999845, -0.00000008742277657, 0.00000000000000000, 32.18396169344057967]
    [0.00000008742277657, -0.99999999999999845, 0.00000000000000000, -15.99999966639666127]
    [0.00000000000000000, 0.00000000000000000, 1.00000000000000244, 0.87498474121093750]
  #7 objects/brush/planet/uee/generic_elevator/generic_elevator_wall_b_8x6.cgf
    [-0.99999999999999845, -0.00000008742277657, 0.00000000000000000, 35.99993896484375000]
    [0.00000008742277657, -0.99999999999999845, 0.00000000000000000, -14.00000000000000000]
    [0.00000000000000000, 0.00000000000000000, 1.00000000000000244, -0.00001525878906250]
  #8 objects/brush/planet/uee/generic_elevator/generic_elevator_wall_a_8x6.cgf
    [-0.99999999999999845, -0.00000008742277657, 0.00000000000000000, 31.99993861515264371]
    [0.00000008742277657, -0.99999999999999845, 0.00000000000000000, -17.99999965030889371]
    [0.00000000000000000, 0.00000000000000000, 1.00000000000000244, -0.00001525878906250]
  #9 objects/brush/planet/uee/generic_elevator/generic_elevator_screen.cgf
    [-0.79000002145767101, -0.00000006906399537, 0.00000000000000000, 33.99527737866986854]
    [0.00000006906399537, -0.79000002145767101, 0.00000000000000000, -14.29872373102551819]
    [0.00000000000000000, 0.00000000000000000, 0.79000002145767412, 3.13035631179809570]
  #10 objects/brush/planet/uee/generic_elevator/generic_elevator_console_b.cgf
    [-0.99999999999999845, -0.00000008742277657, 0.00000000000000000, 33.47706998188238003]
    [0.00000008742277657, -0.99999999999999845, 0.00000000000000000, -17.99999977944384000]
    [0.00000000000000000, 0.00000000000000000, 1.00000000000000244, 1.99998474121093750]
  #11 objects/brush/planet/uee/generic_elevator/generic_elevator_wall_frame_8x6.cgf
    [1.00000000000000000, 0.00000000000000000, 0.00000000000000000, 35.99993861515264371]
    [0.00000000000000000, 1.00000000000000000, 0.00000000000000000, -18.00000000000000000]
    [0.00000000000000000, 0.00000000000000000, 1.00000000000000000, -0.00001525878906250]
  #12 objects/brush/planet/uee/generic_elevator/generic_elevator_wall_frame_8x6.cgf
    [-0.99999999999999845, 0.00000008742277657, 0.00000000000000000, 31.99993896484375000]
    [-0.00000008742277657, -0.99999999999999845, 0.00000000000000000, -13.99999965030889371]
    [0.00000000000000000, 0.00000000000000000, 1.00000000000000244, -0.00001525878906250]
  #13 objects/buildingsets/hangar/deluxe/deluxe_wall_8x16_01.cgf
    [-0.99999999999999400, -0.00000019073880253, 0.00000000000000000, 105.00000000000000000]
    [0.00000019073880253, -0.99999999999999400, 0.00000000000000000, 96.00000000000000000]
    [0.00000000000000000, 0.00000000000000000, 1.00000000000001221, 0.00000000000000000]
  #14 objects/buildingsets/hangar/deluxe/deluxe_side_room_end_01m.cgf
    [-0.99999999999999400, -0.00000019073880253, 0.00000000000000000, 119.99999713897705078]
    [0.00000019073880253, -0.99999999999999400, 0.00000000000000000, 64.00000000000000000]
    [0.00000000000000000, 0.00000000000000000, 1.00000000000001221, 0.00000000000000000]
  #15 objects/buildingsets/hangar/deluxe/deluxe_parkingzonedecal_01.cgf
    [-0.99999999999999845, -0.00000008742277657, 0.00000000000000000, 109.50002908706665039]
    [0.00000008742277657, -0.99999999999999845, 0.00000000000000000, 72.00000000000000000]
    [0.00000000000000000, 0.00000000000000000, 1.00000000000000244, 0.99998474121093750]
  #16 objects/buildingsets/hangar/deluxe/deluxe_wall_8x16_01.cgf
    [-0.99999999999999400, -0.00000019073880253, 0.00000000000000000, 104.99999648332595825]
    [0.00000019073880253, -0.99999999999999400, 0.00000000000000000, 56.00000095367431641]
    [0.00000000000000000, 0.00000000000000000, 1.00000000000001221, 0.00000000000000000]
  #17 objects/buildingsets/hangar/deluxe/deluxe_side_room_01.cgf
    [-0.99999999999999400, -0.00000019073880253, 0.00000000000000000, 119.99999809265136719]
    [0.00000019073880253, -0.99999999999999400, 0.00000000000000000, 72.00000000000000000]
    [0.00000000000000000, 0.00000000000000000, 1.00000000000001221, 0.00000000000000000]
  #18 objects/buildingsets/hangar/discount/ceiling/hangar_discount_ceiling_40x40x1.cgf
    [1.00000000000000000, 0.00000000000000000, 0.00000000000000000, 84.00000000000000000]
    [0.00000000000000000, 1.00000000000000000, 0.00000000000000000, 52.00000000000000000]
    [0.00000000000000000, 0.00000000000000000, 1.00000000000000000, 49.00000000000000000]
  #19 objects/buildingsets/hangar/discount/ceiling/hangar_discount_ceiling_40x40x1.cgf
    [1.00000000000000000, 0.00000000000000000, 0.00000000000000000, 84.00000000000000000]
    [0.00000000000000000, 1.00000000000000000, 0.00000000000000000, 92.00000000000000000]
    [0.00000000000000000, 0.00000000000000000, 1.00000000000000000, 49.00000000000000000]
  #20 objects/buildingsets/hangar/deluxe/deluxe_side_room_02.cgf
    [-0.99999999999999400, -0.00000019073880253, 0.00000000000000000, 119.99999904632568359]
    [0.00000019073880253, -0.99999999999999400, 0.00000000000000000, 80.00000000000000000]
    [0.00000000000000000, 0.00000000000000000, 1.00000000000001221, 0.00000000000000000]
  #21 objects/buildingsets/hangar/deluxe/deluxe_side_room_end_01.cgf
    [-0.99999999999999400, -0.00000019073880253, 0.00000000000000000, 119.99999904632568359]
    [0.00000019073880253, -0.99999999999999400, 0.00000000000000000, 88.00000000000000000]
    [0.00000000000000000, 0.00000000000000000, 1.00000000000001221, 0.00000000000000000]
  #22 objects/buildingsets/hangar/discount/ceiling/hangar_discount_ceiling_40x40x1.cgf
    [1.00000000000000000, 0.00000000000000000, 0.00000000000000000, 84.00000000000000000]
    [0.00000000000000000, 1.00000000000000000, 0.00000000000000000, 132.00000000000000000]
    [0.00000000000000000, 0.00000000000000000, 1.00000000000000000, 49.00000000000000000]
  #23 objects/buildingsets/hangar/discount/ceiling/hangar_discount_ceiling_40x40x1.cgf
    [1.00000000000000000, 0.00000000000000000, 0.00000000000000000, 44.00000000000000000]
    [0.00000000000000000, 1.00000000000000000, 0.00000000000000000, 132.00000000000000000]
    [0.00000000000000000, 0.00000000000000000, 1.00000000000000000, 49.00000000000000000]
  #24 objects/buildingsets/hangar/discount/ceiling/hangar_discount_ceiling_40x40x1.cgf
    [1.00000000000000000, 0.00000000000000000, 0.00000000000000000, 4.00000000000000000]
    [0.00000000000000000, 1.00000000000000000, 0.00000000000000000, 52.00000000000000000]
    [0.00000000000000000, 0.00000000000000000, 1.00000000000000000, 49.00000000000000000]
  #25 objects/buildingsets/hangar/discount/ceiling/hangar_discount_ceiling_40x40x1.cgf
    [1.00000000000000000, 0.00000000000000000, 0.00000000000000000, 44.00000000000000000]
    [0.00000000000000000, 1.00000000000000000, 0.00000000000000000, 92.00000000000000000]
    [0.00000000000000000, 0.00000000000000000, 1.00000000000000000, 49.00000000000000000]
  #26 objects/buildingsets/hangar/discount/ceiling/hangar_discount_ceiling_40x40x1.cgf
    [1.00000000000000000, 0.00000000000000000, 0.00000000000000000, 44.00000000000000000]
    [0.00000000000000000, 1.00000000000000000, 0.00000000000000000, 52.00000000000000000]
    [0.00000000000000000, 0.00000000000000000, 1.00000000000000000, 49.00000000000000000]
  #27 objects/buildingsets/hangar/discount/ceiling/hangar_discount_ceiling_40x40x1.cgf
    [1.00000000000000000, 0.00000000000000000, 0.00000000000000000, 4.00000000000000000]
    [0.00000000000000000, 1.00000000000000000, 0.00000000000000000, 132.00000000000000000]
    [0.00000000000000000, 0.00000000000000000, 1.00000000000000000, 49.00000000000000000]
  #28 objects/buildingsets/hangar/discount/ceiling/hangar_discount_ceiling_40x40x1.cgf
    [1.00000000000000000, 0.00000000000000000, 0.00000000000000000, 4.00000000000000000]
    [0.00000000000000000, 1.00000000000000000, 0.00000000000000000, 92.00000000000000000]
    [0.00000000000000000, 0.00000000000000000, 1.00000000000000000, 49.00000000000000000]
  #29 objects/buildingsets/hangar/deluxe/deluxe_props_plant_pot_03.cgf
    [0.00000003422854103, -1.00000003337676890, 0.00000000000000000, 116.74999809265136719]
    [1.00000003337676890, 0.00000003422854103, 0.00000000000000000, 76.00000000000000000]
    [0.00000000000000000, 0.00000000000000000, 1.00000003337676935, 1.00000000000000000]
  #30 objects/buildingsets/hangar/deluxe/deluxe_side_room_logo_01.cgf
    [-0.99999999999998823, -0.00000026226831551, 0.00000000000000000, 118.98657035827636719]
    [0.00000026226831551, -0.99999999999998823, 0.00000000000000000, 74.73358154296875000]
    [0.00000000000000000, 0.00000000000000000, 1.00000000000002287, 5.46807861328125000]
  #31 objects/buildingsets/hangar/deluxe/deluxe_exit_specialty_room_01.cga
    [0.00000020281592842, -0.99999997718096034, 0.00000000000000000, 104.00000000000000000]
    [0.99999997718096034, 0.00000020281592842, 0.00000000000000000, 72.00000000000000000]
    [0.00000000000000000, 0.00000000000000000, 0.99999997718098099, 34.50000000000000000]
  #32 objects/buildingsets/hangar/deluxe/deluxe_props_plant_pot_03.cgf
    [-0.00000013435885786, 0.99999997718096412, 0.00000000000000000, 116.74999713897705078]
    [-0.99999997718096412, -0.00000013435885786, -0.00000000000000000, 68.00000000000000000]
    [-0.00000000000000000, 0.00000000000000000, 0.99999997718097322, 1.00000000000000000]
