# IncludedObjects
# Cgfs: 41, Materials: 5, Palettes: 7, Placements: 102

[CGFs]
      0: objects/buildingsets/human/lowtech/alpha/int/roomsm/wall/roomsm_blkhead_12m_rib_12x02x04_c.cgf
      1: data/objects/buildingsets/human/lowtech/bravo/int/pipe/pipe_straight_08x02x02_a.cgf
      2: objects/buildingsets/human/lowtech/alpha/int/roomsm/wall/roomsm_blkhead_blades_001_a.cgf
      3: objects/buildingsets/human/lowtech/bravo/int/pipe/pipe_straight_04x01x01_a.cgf
      4: objects/buildingsets/human/lowtech/bravo/int/pipe/pipe_straight_01x01x01_a.cgf
      5: objects/buildingsets/human/lowtech/bravo/int/pipe/pipe_corner_01x01x01_a.cgf
      6: data/objects/buildingsets/human/lowtech/bravo/int/walkway/addon/walkway_addon_railing_panel_c.cgf
      7: objects/buildingsets/human/lowtech/bravo/int/pipe/pipe_bracket_02x01x01_b.cgf
      8: data/objects/buildingsets/human/lowtech/alpha/int/roomsm/floor/roomsm_floor_grate_02x04x0025_a.cgf
      9: objects/buildingsets/human/lowtech/alpha/int/roomsm/wall/roomsm_blkhead_12m_rib_12x02x04_a.cgf
     10: objects/buildingsets/human/lowtech/bravo/int/pipe/pipe_electric_straight_02x002x002_a.cgf
     11: data/objects/buildingsets/human/utilitarian/int/grating/util_grating_str_01m_a.cgf
     12: objects/buildingsets/human/lowtech/bravo/int/gantry/gantry_straight_16x01x02_a.cgf
     13: objects/buildingsets/human/lowtech/bravo/int/pipe/pipe_gas_straight_04x007x007_a.cgf
     14: data/objects/buildingsets/human/lowtech/prop/utility/aircon/aircon_interior_2_a.cgf
     15: data/objects/buildingsets/human/lowtech/bravo/int/pipe/pipe_electric_straight_01x002x003_b.cgf
     16: data/objects/buildingsets/human/lowtech/alpha/int/roomsm/floor/roomsm_floor_straight_02x02x0025_a.cgf
     17: objects/buildingsets/human/lowtech/bravo/int/pipe/pipe_flange_connector_c.cgf
     18: objects/buildingsets/human/lowtech/alpha/int/roomsm/wall/roomsm_blkhead_mid_addn_a.cgf
     19: objects/buildingsets/human/lowtech/prop/utility/aircon/aircon_interior_1_a.cgf
     20: data/objects/buildingsets/human/lowtech/bravo/int/walkway/addon/walkway_addon_railing_panel_b.cgf
     21: data/objects/buildingsets/human/lowtech/prop/utility/aircon/aircon_interior_3_a.cgf
     22: objects/buildingsets/human/lowtech/bravo/int/pipe/pipe_electric_straight_01x002x003_c.cgf
     23: objects/buildingsets/human/common/light/maintenance/set_a/common_light_maint_set_a_rectangle_0025x002m_a.cgf
     24: objects/buildingsets/human/lowtech/bravo/int/pipe/pipe_curved_02x02x01_a.cgf
     25: objects/buildingsets/human/utilitarian/int/grating/util_grating_str_02m_a.cgf
     26: objects/buildingsets/human/lowtech/bravo/int/pipe/pipe_straight_02x01x01_a.cgf
     27: objects/buildingsets/human/lowtech/bravo/int/prop/light/light_fluorescent_f.cgf
     28: data/objects/buildingsets/human/lowtech/prop/utility/aircon/aircon_interior_1_a.cgf
     29: objects/buildingsets/human/lowtech/bravo/int/pipe/pipe_electric_bend_01x002x01_a.cgf
     30: data/objects/buildingsets/human/lowtech/bravo/int/pipe/pipe_electric_bend_025x002x003_a.cgf
     31: objects/buildingsets/human/lowtech/bravo/int/pipe/pipe_curved_02x050x050_a.cgf
     32: data/objects/buildingsets/human/lowtech/bravo/int/walkway/addon/walkway_addon_railing_panel_a.cgf
     33: objects/buildingsets/human/lowtech/bravo/int/pipe/pipe_straight_08x02x02_b.cgf
     34: data/objects/buildingsets/human/lowtech/alpha/int/roomsm/floor/roomsm_floor_straight_04x02x0025_a.cgf
     35: data/objects/buildingsets/human/lowtech/prop/storage/drum/drum_dry_1_a.cgf
     36: data/objects/buildingsets/human/hightech/prop/storage/crate/crate_dry_1_0125x0125x0125_stack_b.cgf
     37: objects/buildingsets/human/lowtech/alpha/int/universal/prop/cable_hanging_m.cgf
     38: data/objects/buildingsets/human/hightech/prop/storage/crate/crate_dry_1_0125x0125x0125_b.cgf
     39: data/objects/buildingsets/human/lowtech/bravo/int/pipe/pipe_electric_converter_a.cgf
     40: data/objects/buildingsets/human/hightech/prop/storage/crate/crate_dry_1_0125x00625x00625_a.cgf

[Materials]
      0: materials/decals/dirty_rust/dirty_rust_c
      1: materials/decals/dirty_rust/dirty_rust_g
      2: materials/decals/leakings/rust_leakings_a
      3: materials/pu/decal/water/frost_b
      4: objects/buildingsets/human/utilitarian/util_a_default

[Palettes]
      0: Libs/Foundry/Records/TintPalettes/Brand/Pyrotechnic Amalgamated/pyro_station_int_default|bulkhead_a_accent
      1: Libs/Foundry/Records/TintPalettes/default
      2: Libs/Foundry/Records/TintPalettes/generic/gen_grey_darkgrey_yellow
      3: Libs/Foundry/Records/TintPalettes/generic/gen_darkblue_grey_lightblue_a
      4: Libs/Foundry/Records/TintPalettes/Generic/gen_glossy_dark_a
      5: Libs/Foundry/Records/TintPalettes/Generic/gen_matte_dark_a
      6: Libs/Foundry/Records/TintPalettes/Brand/Util/util_blue_a

[Placements]
  #0 objects/buildingsets/human/lowtech/alpha/int/roomsm/wall/roomsm_blkhead_12m_rib_12x02x04_c.cgf
    [1.00000000000000000, 0.00000000000000000, 0.00000000000000000, -6.00000000000000000]
    [0.00000000000000000, 1.00000000000000000, 0.00000000000000000, -1.00000000000000000]
    [0.00000000000000000, 0.00000000000000000, 1.00000000000000000, 0.00000000000000000]
  #1 data/objects/buildingsets/human/lowtech/bravo/int/pipe/pipe_straight_08x02x02_a.cgf
    [0.51991599798202515, 0.00000000000000000, 0.00000000000000000, -4.12500000000000000]
    [0.00000000000000000, -0.51991599798202515, 0.00000000000000000, 2.12500000000000000]
    [0.00000000000000000, 0.00000000000000000, -0.51991599798202515, 5.12500000000000000]
  #2 objects/buildingsets/human/lowtech/alpha/int/roomsm/wall/roomsm_blkhead_blades_001_a.cgf
    [1.00000000000000000, 0.00000000000000000, 0.00000000000000000, 5.49564899999995760]
    [0.00000000000000000, 1.00000000000000000, 0.00000000000000000, -1.13649500000002490]
    [0.00000000000000000, 0.00000000000000000, 1.00000000000000000, 1.25823400000000163]
  #3 objects/buildingsets/human/lowtech/alpha/int/roomsm/wall/roomsm_blkhead_12m_rib_12x02x04_c.cgf
    [-1.00000000000000000, 0.00000000000000000, 0.00000000000000000, 6.00000000000000000]
    [0.00000000000000000, -1.00000000000000000, 0.00000000000000000, 5.00000000000000000]
    [0.00000000000000000, 0.00000000000000000, 1.00000000000000000, 0.00000000000000000]
  #4 objects/buildingsets/human/lowtech/bravo/int/pipe/pipe_straight_04x01x01_a.cgf
    [-1.00000085349466716, 0.00000000000000000, 0.00000000000000000, 0.65283399999998437]
    [0.00000000000000000, 0.00000064012127265, 1.00000085349446199, 3.12500000000000000]
    [0.00000000000000000, 1.00000085349446199, -0.00000064012127299, 5.11499999999999488]
  #5 objects/buildingsets/human/lowtech/alpha/int/roomsm/wall/roomsm_blkhead_blades_001_a.cgf
    [-1.00000000000000000, 0.00000000000000000, 0.00000000000000000, -5.49564900000001444]
    [0.00000000000000000, -1.00000000000000000, 0.00000000000000000, 5.13649500000002490]
    [0.00000000000000000, 0.00000000000000000, 1.00000000000000000, 1.25823400000000163]
  #6 objects/buildingsets/human/lowtech/bravo/int/pipe/pipe_straight_01x01x01_a.cgf
    [-1.00000085349466716, 0.00000000000000000, 0.00000000000000000, -3.34716600000001563]
    [0.00000000000000000, 0.00000064012127265, 1.00000085349446199, 3.12500000000000000]
    [0.00000000000000000, 1.00000085349446199, -0.00000064012127299, 5.11499999999999488]
  #7 objects/buildingsets/human/lowtech/bravo/int/pipe/pipe_corner_01x01x01_a.cgf
    [1.00000000000000000, 0.00000000000000000, 0.00000000000000000, -5.33517399999999498]
    [0.00000000000000000, 1.00000000000000000, 0.00000000000000000, 3.12500000000000000]
    [0.00000000000000000, 0.00000000000000000, 1.00000000000000000, 5.12500000000000000]
  #8 objects/buildingsets/human/lowtech/bravo/int/pipe/pipe_straight_04x01x01_a.cgf
    [1.00000042674751533, 0.00000000000000000, 0.00000000000000000, 0.62500000000000000]
    [0.00000000000000000, -0.00000064012100026, -1.00000042674731060, 3.12500000000000000]
    [0.00000000000000000, 1.00000042674731060, -0.00000064012100026, 5.11499999999999488]
  #9 data/objects/buildingsets/human/lowtech/bravo/int/walkway/addon/walkway_addon_railing_panel_c.cgf
    [-0.00000044808488346, -0.70000058552518407, 0.00000000000000000, 0.75550199999997858]
    [-0.70000058552518407, 0.00000044808488346, 0.00000000000000000, 2.23310900000001311]
    [-0.00000000000000000, 0.00000000000000000, -0.70000058552532751, 3.58226200000000006]
  #10 objects/buildingsets/human/lowtech/bravo/int/pipe/pipe_bracket_02x01x01_b.cgf
    [-1.00000000000000000, 0.00000000000000000, 0.00000000000000000, 0.50000000000000000]
    [0.00000000000000000, -1.00000000000000000, 0.00000000000000000, 3.12500000000000000]
    [0.00000000000000000, 0.00000000000000000, 1.00000000000000000, -0.86499999999999488]
  #11 objects/buildingsets/human/lowtech/bravo/int/pipe/pipe_straight_01x01x01_a.cgf
    [-1.00000085349466716, 0.00000000000000000, 0.00000000000000000, 0.62500000000000000]
    [0.00000000000000000, 0.00000064012127265, -1.00000085349446199, 2.12500000000000000]
    [-0.00000000000000000, -1.00000085349446199, -0.00000064012127299, -0.87500000000000000]
  #12 data/objects/buildingsets/human/lowtech/alpha/int/roomsm/floor/roomsm_floor_grate_02x04x0025_a.cgf
    [1.00000000000000000, 0.00000000000000000, 0.00000000000000000, -2.15625000000000000]
    [0.00000000000000000, 1.00000000000000000, 0.00000000000000000, 2.99999800000000505]
    [0.00000000000000000, 0.00000000000000000, 1.00000000000000000, 0.03426399999999319]
  #13 objects/buildingsets/human/lowtech/alpha/int/roomsm/wall/roomsm_blkhead_12m_rib_12x02x04_a.cgf
    [1.00000000000000000, 0.00000000000000000, 0.00000000000000000, -6.00000000000000000]
    [0.00000000000000000, 1.00000000000000000, 0.00000000000000000, 3.00000000000000000]
    [0.00000000000000000, 0.00000000000000000, 1.00000000000000000, 0.00000000000000000]
  #14 objects/buildingsets/human/lowtech/bravo/int/pipe/pipe_electric_straight_02x002x002_a.cgf
    [-1.00000085349740431, 0.00000000000000000, 0.00000000000000000, -1.18750000000000000]
    [0.00000000000000000, 0.00000350611055440, -1.00000085349125789, 2.81250000000000000]
    [-0.00000000000000000, -1.00000085349125789, -0.00000350611055429, 3.93750000000000000]
  #15 data/objects/buildingsets/human/utilitarian/int/grating/util_grating_str_01m_a.cgf
    [-0.00000064012127299, -0.00000000000000000, -1.00000085349446199, 1.03125099999999748]
    [0.00000000000000000, -1.00000085349466716, 0.00000000000000000, 0.56249800000000505]
    [-1.00000085349446199, 0.00000000000000000, 0.00000064012127265, 4.90926399999999319]
  #16 objects/buildingsets/human/lowtech/bravo/int/gantry/gantry_straight_16x01x02_a.cgf
    [-0.49999999999966660, -0.00000099999999747, 0.00000000000000000, 5.93534899999997378]
    [-0.00000099999999747, 0.49999999999966671, 0.00000000000000000, 1.03481799999997293]
    [-0.00000000000000000, 0.00000000000000000, -0.50000000000066658, 4.95132800000000373]
  #17 objects/buildingsets/human/lowtech/bravo/int/pipe/pipe_electric_straight_02x002x002_a.cgf
    [1.00000042674751533, 0.00000000000000000, 0.00000000000000000, 1.37500000000000000]
    [0.00000000000000000, -0.00000064012100026, -1.00000042674731060, 1.56250000000000000]
    [0.00000000000000000, 1.00000042674731060, -0.00000064012100026, 4.25000000000000000]
  #18 data/objects/buildingsets/human/utilitarian/int/grating/util_grating_str_01m_a.cgf
    [-0.00000064012127299, -0.00000000000000000, -1.00000085349446199, 1.03125199999999495]
    [0.00000000000000000, -1.00000085349466716, 0.00000000000000000, 3.71874800000000505]
    [-1.00000085349446199, 0.00000000000000000, 0.00000064012127265, 4.90926299999999571]
  #19 objects/buildingsets/human/lowtech/bravo/int/pipe/pipe_gas_straight_04x007x007_a.cgf
    [-1.00000000000000000, 0.00000000000000000, 0.00000000000000000, -1.87500000000000000]
    [0.00000000000000000, 1.00000000000000000, 0.00000000000000000, 0.87500000000000000]
    [0.00000000000000000, 0.00000000000000000, -1.00000000000000000, 4.62583600000000672]
  #20 objects/buildingsets/human/lowtech/bravo/int/pipe/pipe_straight_01x01x01_a.cgf
    [-1.00000085349466716, 0.00000000000000000, 0.00000000000000000, 0.62500000000000000]
    [0.00000000000000000, 0.00000064012127265, -1.00000085349446199, 3.12500000000000000]
    [-0.00000000000000000, -1.00000085349446199, -0.00000064012127299, -0.87500000000000000]
  #21 objects/buildingsets/human/lowtech/alpha/int/roomsm/wall/roomsm_blkhead_12m_rib_12x02x04_a.cgf
    [-1.00000000000000000, 0.00000000000000000, 0.00000000000000000, 6.00000000000000000]
    [0.00000000000000000, -1.00000000000000000, 0.00000000000000000, 1.00000000000000000]
    [0.00000000000000000, 0.00000000000000000, 1.00000000000000000, 0.00000000000000000]
  #22 objects/buildingsets/human/lowtech/bravo/int/pipe/pipe_electric_straight_02x002x002_a.cgf
    [1.00000042674751533, 0.00000000000000000, 0.00000000000000000, 1.37500000000000000]
    [0.00000000000000000, -0.00000064012100026, -1.00000042674731060, 1.81250000000000000]
    [0.00000000000000000, 1.00000042674731060, -0.00000064012100026, 4.25000000000000000]
  #23 data/objects/buildingsets/human/lowtech/prop/utility/aircon/aircon_interior_2_a.cgf
    [0.97749340525229267, -0.00000000000000000, 0.00000000000000000, -0.23022300000002360]
    [0.00000000000000000, -0.00000062571378886, 0.97749340525209250, 2.51194500000002563]
    [-0.00000000000000000, -0.97749340525209250, -0.00000062571378886, 4.65940299999999752]
  #24 data/objects/buildingsets/human/lowtech/bravo/int/pipe/pipe_electric_straight_01x002x003_b.cgf
    [-1.00000085349740431, 0.00000000000000000, 0.00000000000000000, -2.65625000000000000]
    [0.00000000000000000, 0.00000350611055440, -1.00000085349125789, 2.81250000000000000]
    [-0.00000000000000000, -1.00000085349125789, -0.00000350611055429, 3.93750000000000000]
  #25 objects/buildingsets/human/lowtech/bravo/int/pipe/pipe_electric_straight_02x002x002_a.cgf
    [1.00000042674751533, 0.00000000000000000, 0.00000000000000000, -1.59375000000000000]
    [0.00000000000000000, -0.00000064012100026, -1.00000042674731060, 1.81250000000000000]
    [0.00000000000000000, 1.00000042674731060, -0.00000064012100026, 4.25000000000000000]
  #26 data/objects/buildingsets/human/lowtech/alpha/int/roomsm/floor/roomsm_floor_straight_02x02x0025_a.cgf
    [1.00000000000000000, 0.00000000000000000, 0.00000000000000000, -4.49999900000000252]
    [0.00000000000000000, 1.00000000000000000, 0.00000000000000000, 1.06249600000001010]
    [0.00000000000000000, 0.00000000000000000, 1.00000000000000000, 0.03426399999999319]
  #27 objects/buildingsets/human/lowtech/bravo/int/pipe/pipe_electric_straight_02x002x002_a.cgf
    [1.00000042674751533, 0.00000000000000000, 0.00000000000000000, -1.62500000000000000]
    [0.00000000000000000, -0.00000064012100026, -1.00000042674731060, 1.56250000000000000]
    [0.00000000000000000, 1.00000042674731060, -0.00000064012100026, 4.25000000000000000]
  #28 objects/buildingsets/human/lowtech/bravo/int/pipe/pipe_flange_connector_c.cgf
    [1.00000000000000000, 0.00000000000000000, 0.00000000000000000, -1.33051299999999628]
    [0.00000000000000000, 1.00000000000000000, 0.00000000000000000, 0.87500000000000000]
    [0.00000000000000000, 0.00000000000000000, 1.00000000000000000, 4.62583600000000672]
  #29 objects/buildingsets/human/lowtech/bravo/int/pipe/pipe_electric_straight_02x002x002_a.cgf
    [-1.00000085349740431, 0.00000000000000000, 0.00000000000000000, -5.78125000000000000]
    [0.00000000000000000, 0.00000350611055440, -1.00000085349125789, 2.81250000000000000]
    [-0.00000000000000000, -1.00000085349125789, -0.00000350611055429, 3.93750000000000000]
  #30 objects/buildingsets/human/lowtech/alpha/int/roomsm/wall/roomsm_blkhead_mid_addn_a.cgf
    [-1.00000000000000000, 0.00000000000000000, 0.00000000000000000, -4.91129200000000310]
    [0.00000000000000000, -1.00000000000000000, 0.00000000000000000, 2.00000000000000000]
    [0.00000000000000000, 0.00000000000000000, 1.00000000000000000, -0.18659700000000612]
  #31 objects/buildingsets/human/lowtech/prop/utility/aircon/aircon_interior_1_a.cgf
    [-0.00000350610905807, 1.00000042674396106, 0.00000000000000000, -5.67100699999997460]
    [-1.00000042674396106, -0.00000350610905807, -0.00000000000000000, 2.12500000000000000]
    [-0.00000000000000000, 0.00000000000000000, 1.00000042675010747, 3.65133899999999301]
  #32 objects/buildingsets/human/lowtech/bravo/int/pipe/pipe_corner_01x01x01_a.cgf
    [1.00000042674751533, 0.00000000000000000, 0.00000000000000000, -5.00000000000000000]
    [0.00000000000000000, -0.00000064012100026, -1.00000042674731060, 3.12500000000000000]
    [0.00000000000000000, 1.00000042674731060, -0.00000064012100026, -0.87500000000000000]
  #33 data/objects/buildingsets/human/lowtech/bravo/int/walkway/addon/walkway_addon_railing_panel_b.cgf
    [-0.06100825290060017, 0.69733660908772332, 0.00000000000000000, -2.27336100000002261]
    [-0.69733660908772332, -0.06100825290060017, -0.00000000000000000, 1.87221899999997277]
    [-0.00000000000000000, 0.00000000000000000, 0.70000025235420305, 0.25241400000000169]
  #34 data/objects/buildingsets/human/lowtech/prop/utility/aircon/aircon_interior_3_a.cgf
    [1.00000042674751533, -0.00000000000000000, 0.00000000000000000, -3.07397300000002360]
    [0.00000000000000000, -0.00000064012100026, 1.00000042674731060, 2.19944500000002563]
    [-0.00000000000000000, -1.00000042674731060, -0.00000064012100026, 3.97190299999999752]
  #35 data/objects/buildingsets/human/utilitarian/int/grating/util_grating_str_01m_a.cgf
    [-0.00000064012127299, -0.00000000000000000, -1.00000085349446199, -2.43749900000000252]
    [0.00000000000000000, -1.00000085349466716, 0.00000000000000000, 0.56249900000000252]
    [-1.00000085349446199, 0.00000000000000000, 0.00000064012127265, 4.90926600000000235]
  #36 objects/buildingsets/human/lowtech/bravo/int/pipe/pipe_electric_straight_02x002x002_a.cgf
    [1.00000042674751533, 0.00000000000000000, 0.00000000000000000, -3.62500000000000000]
    [0.00000000000000000, -0.00000064012100026, -1.00000042674731060, 1.56250000000000000]
    [0.00000000000000000, 1.00000042674731060, -0.00000064012100026, 4.25000000000000000]
  #37 objects/buildingsets/human/lowtech/bravo/int/pipe/pipe_electric_straight_01x002x003_c.cgf
    [1.00000042674751533, 0.00000000000000000, 0.00000000000000000, -0.62500000000000000]
    [0.00000000000000000, -0.00000064012100026, -1.00000042674731060, 1.81250000000000000]
    [0.00000000000000000, 1.00000042674731060, -0.00000064012100026, 4.25000000000000000]
  #38 objects/buildingsets/human/lowtech/bravo/int/pipe/pipe_electric_straight_02x002x002_a.cgf
    [1.00000042674751533, 0.00000000000000000, 0.00000000000000000, -3.62500000000000000]
    [0.00000000000000000, -0.00000064012100026, -1.00000042674731060, 1.81250000000000000]
    [0.00000000000000000, 1.00000042674731060, -0.00000064012100026, 4.25000000000000000]
  #39 objects/buildingsets/human/lowtech/bravo/int/pipe/pipe_electric_straight_02x002x002_a.cgf
    [-1.00000085349740431, 0.00000000000000000, 0.00000000000000000, -3.18750000000000000]
    [0.00000000000000000, 0.00000350611055440, -1.00000085349125789, 2.81250000000000000]
    [-0.00000000000000000, -1.00000085349125789, -0.00000350611055429, 3.93750000000000000]
  #40 objects/buildingsets/human/lowtech/bravo/int/pipe/pipe_electric_straight_01x002x003_c.cgf
    [1.06152043343161728, 0.00000000000000000, 0.00000000000000000, -0.60633699999999635]
    [0.00000000000000000, -0.00000067950123120, -1.06152043343139990, 1.56250000000000000]
    [0.00000000000000000, 1.06152043343139990, -0.00000067950123120, 4.25000000000000000]
  #41 objects/buildingsets/human/common/light/maintenance/set_a/common_light_maint_set_a_rectangle_0025x002m_a.cgf
    [-0.00000628593400285, -0.00000707270472371, 1.00000085369953129, -4.77219999999999800]
    [0.00058124207643299, -1.00000068479826787, -0.00000706904988291, 0.70101599999998143]
    [1.00000068480349702, 0.00058124203197143, 0.00000629004389077, 1.94466900000000464]
  #42 objects/buildingsets/human/lowtech/bravo/int/pipe/pipe_gas_straight_04x007x007_a.cgf
    [-1.00000000000000000, 0.00000000000000000, 0.00000000000000000, -5.87500000000000000]
    [0.00000000000000000, 1.00000000000000000, 0.00000000000000000, 0.87500000000000000]
    [0.00000000000000000, 0.00000000000000000, -1.00000000000000000, 4.62583600000000672]
  #43 data/objects/buildingsets/human/lowtech/bravo/int/walkway/addon/walkway_addon_railing_panel_b.cgf
    [-0.00000044808488346, -0.70000058552518407, 0.00000000000000000, -3.08824800000002142]
    [-0.70000058552518407, 0.00000044808488346, 0.00000000000000000, 2.07686100000000806]
    [-0.00000000000000000, 0.00000000000000000, -0.70000058552532751, 4.01976200000000006]
  #44 objects/buildingsets/human/common/light/maintenance/set_a/common_light_maint_set_a_rectangle_0025x002m_a.cgf
    [-0.00000628593400285, -0.00000707270472371, 1.00000085369953129, -4.77219999999999800]
    [0.00058124207643299, -1.00000068479826787, -0.00000706904988291, 3.30089500000002545]
    [1.00000068480349702, 0.00058124203197143, 0.00000629004389077, 1.94466900000000464]
  #45 objects/buildingsets/human/lowtech/bravo/int/pipe/pipe_straight_04x01x01_a.cgf
    [-1.00000085349466716, 0.00000000000000000, 0.00000000000000000, -0.37500000000000000]
    [0.00000000000000000, 0.00000064012127265, -1.00000085349446199, 3.12500000000000000]
    [-0.00000000000000000, -1.00000085349446199, -0.00000064012127299, -0.86499999999999488]
  #46 objects/buildingsets/human/lowtech/bravo/int/pipe/pipe_curved_02x02x01_a.cgf
    [0.98480766070799386, -0.17364874095171032, 0.00000000000000000, -4.12500000000000000]
    [0.17364874095171032, 0.98480766070799386, 0.00000000000000000, 0.75000000000000000]
    [0.00000000000000000, 0.00000000000000000, 1.00000000691163260, -0.87500000000000000]
  #47 objects/buildingsets/human/utilitarian/int/grating/util_grating_str_02m_a.cgf
    [-0.00000064012100026, 1.00000042674731060, 0.00000000000000000, -4.50000000000000000]
    [-1.00000042674731060, -0.00000064012100026, -0.00000000000000000, 3.00000000000000000]
    [-0.00000000000000000, 0.00000000000000000, 1.00000042674751533, 0.22176500000000487]
  #48 data/objects/buildingsets/human/utilitarian/int/grating/util_grating_str_01m_a.cgf
    [-0.00000064012127299, -0.00000000000000000, -1.00000085349446199, -2.43749800000000505]
    [0.00000000000000000, -1.00000085349466716, 0.00000000000000000, 3.71874900000000252]
    [-1.00000085349446199, 0.00000000000000000, 0.00000064012127265, 4.90926500000000487]
  #49 data/objects/buildingsets/human/lowtech/bravo/int/pipe/pipe_electric_straight_01x002x003_b.cgf
    [-1.00000085349740431, 0.00000000000000000, 0.00000000000000000, -5.62500000000000000]
    [0.00000000000000000, 0.00000350611055440, -1.00000085349125789, 2.81250000000000000]
    [-0.00000000000000000, -1.00000085349125789, -0.00000350611055429, 3.93750000000000000]
  #50 objects/buildingsets/human/lowtech/bravo/int/pipe/pipe_straight_02x01x01_a.cgf
    [-1.00000085349466716, 0.00000000000000000, 0.00000000000000000, -0.37500000000000000]
    [0.00000000000000000, 0.00000064012127265, -1.00000085349446199, 2.12500000000000000]
    [-0.00000000000000000, -1.00000085349446199, -0.00000064012127299, -0.86499999999999488]
  #51 objects/buildingsets/human/lowtech/bravo/int/prop/light/light_fluorescent_f.cgf
    [0.00000069521443862, -0.35355341213019054, 0.35355331093562664, -4.53100399999999581]
    [-0.49999995890236743, -0.00000068547336500, 0.00000029770826744, 0.68888900000001740]
    [0.00000027419123047, -0.35355331093564563, -0.35355341213074876, 3.37041999999999575]
  #52 objects/buildingsets/human/lowtech/bravo/int/prop/light/light_fluorescent_f.cgf
    [-0.00000062869831914, -0.35355342321625932, 0.35355332202169221, -4.53100699999998824]
    [0.49999997458043388, -0.00000063843939093, 0.00000025067424322, 3.28755599999999504]
    [0.00000027419127554, 0.35355332202167472, 0.35355342321672950, 0.46310300000000382]
  #53 objects/buildingsets/human/lowtech/bravo/int/prop/light/light_fluorescent_f.cgf
    [-0.00000062869831914, -0.35355342321625932, 0.35355332202169221, -4.53100699999998824]
    [0.49999997458043388, -0.00000063843939093, 0.00000025067424322, 0.68888900000001740]
    [0.00000027419127554, 0.35355332202167472, 0.35355342321672950, 0.46310300000000382]
  #54 objects/buildingsets/human/lowtech/bravo/int/prop/light/light_fluorescent_f.cgf
    [0.00000069521443862, -0.35355341213019054, 0.35355331093562664, -4.53100399999999581]
    [-0.49999995890236743, -0.00000068547336500, 0.00000029770826744, 3.28755599999999504]
    [0.00000027419123047, -0.35355331093564563, -0.35355341213074876, 3.37041999999999575]
  #55 objects/buildingsets/human/lowtech/bravo/int/pipe/pipe_flange_connector_c.cgf
    [-0.00000064012127299, 0.00000000000000000, 1.00000085349446199, 5.62500000000000000]
    [0.00000000000000000, -1.00000085349466716, 0.00000000000000000, 2.12500000000000000]
    [1.00000085349446199, 0.00000000000000000, 0.00000064012127265, 0.75000000000000000]
  #56 objects/buildingsets/human/lowtech/bravo/int/pipe/pipe_electric_straight_02x002x002_a.cgf
    [-0.00000064012127299, 0.00000000000000000, 1.00000085349446199, 5.37500000000000000]
    [0.00000000000000000, -1.00000085349466716, 0.00000000000000000, 1.37500000000000000]
    [1.00000085349446199, 0.00000000000000000, 0.00000064012127265, 3.25000000000000000]
  #57 data/objects/buildingsets/human/lowtech/prop/utility/aircon/aircon_interior_1_a.cgf
    [-0.97749382239464067, 0.00000000000000000, 0.00000000000000000, 4.36352699999997640]
    [0.00000000000000000, 0.00000062571405588, -0.97749382239444049, 3.29319600000002310]
    [-0.00000000000000000, -0.97749382239444049, -0.00000062571405588, 4.81565399999999499]
  #58 objects/buildingsets/human/lowtech/bravo/int/prop/light/light_fluorescent_f.cgf
    [0.00000069521443862, 0.35355341213019054, -0.35355331093562664, 4.54160000000001673]
    [0.49999995890236743, -0.00000068547336500, 0.00000029770826744, 3.28755599999999504]
    [-0.00000027419123047, -0.35355331093564563, -0.35355341213074876, 3.37041899999999828]
  #59 objects/buildingsets/human/lowtech/bravo/int/prop/light/light_fluorescent_f.cgf
    [0.00000069521443862, 0.35355341213019054, -0.35355331093562664, 4.54160000000001673]
    [0.49999995890236743, -0.00000068547336500, 0.00000029770826744, 0.68888900000001740]
    [-0.00000027419123047, -0.35355331093564563, -0.35355341213074876, 3.37041899999999828]
  #60 objects/buildingsets/human/lowtech/bravo/int/prop/light/light_fluorescent_f.cgf
    [-0.00000062869831914, 0.35355342321625932, -0.35355332202169221, 4.54160300000000916]
    [-0.49999997458043388, -0.00000063843939093, 0.00000025067424322, 0.68888900000001740]
    [-0.00000027419127554, 0.35355332202167472, 0.35355342321672950, 0.46310300000000382]
  #61 objects/buildingsets/human/lowtech/bravo/int/prop/light/light_fluorescent_f.cgf
    [-0.00000062869831914, 0.35355342321625932, -0.35355332202169221, 4.54160300000000916]
    [-0.49999997458043388, -0.00000063843939093, 0.00000025067424322, 3.28755599999999504]
    [-0.00000027419127554, 0.35355332202167472, 0.35355342321672950, 0.46310300000000382]
  #62 objects/buildingsets/human/lowtech/bravo/int/pipe/pipe_flange_connector_c.cgf
    [-0.00000064012127299, 0.00000000000000000, 1.00000085349446199, 5.62500000000000000]
    [0.00000000000000000, -1.00000085349466716, 0.00000000000000000, 3.12500000000000000]
    [1.00000085349446199, 0.00000000000000000, 0.00000064012127265, 0.75000000000000000]
  #63 objects/buildingsets/human/lowtech/bravo/int/pipe/pipe_electric_bend_01x002x01_a.cgf
    [-1.00000000000000000, 0.00000000000000000, 0.00000000000000000, 4.87500000000000000]
    [0.00000000000000000, 1.00000000000000000, 0.00000000000000000, 1.62500000000000000]
    [0.00000000000000000, 0.00000000000000000, -1.00000000000000000, 4.25000000000000000]
  #64 objects/buildingsets/human/lowtech/bravo/int/pipe/pipe_electric_bend_01x002x01_a.cgf
    [-1.00000000000000000, 0.00000000000000000, 0.00000000000000000, 4.87500000000000000]
    [0.00000000000000000, 1.00000000000000000, 0.00000000000000000, 1.37500000000000000]
    [0.00000000000000000, 0.00000000000000000, -1.00000000000000000, 4.25000000000000000]
  #65 objects/buildingsets/human/lowtech/bravo/int/pipe/pipe_electric_straight_02x002x002_a.cgf
    [-0.00000064012127299, 0.00000000000000000, 1.00000085349446199, 5.37500000000000000]
    [0.00000000000000000, -1.00000085349466716, 0.00000000000000000, 1.37500000000000000]
    [1.00000085349446199, 0.00000000000000000, 0.00000064012127265, 1.25000000000000000]
  #66 data/objects/buildingsets/human/lowtech/bravo/int/pipe/pipe_electric_bend_025x002x003_a.cgf
    [-0.00000064012127343, 1.00000085349446177, 0.00000000000000000, 5.06250000000000000]
    [1.00000085349446177, 0.00000064012127299, 0.00000000000000000, 3.08440799999999626]
    [0.00000000000000000, 0.00000000000000000, -1.00000085349466694, 4.43927200000000255]
  #67 objects/buildingsets/human/lowtech/bravo/int/pipe/pipe_electric_straight_02x002x002_a.cgf
    [-1.00000085349740431, 0.00000000000000000, 0.00000000000000000, 0.81250000000000000]
    [0.00000000000000000, 0.00000350611055440, -1.00000085349125789, 2.81250000000000000]
    [-0.00000000000000000, -1.00000085349125789, -0.00000350611055429, 3.93750000000000000]
  #68 objects/buildingsets/human/lowtech/bravo/int/pipe/pipe_electric_straight_02x002x002_a.cgf
    [1.00000042674751533, 0.00000000000000000, 0.00000000000000000, 3.37500000000000000]
    [0.00000000000000000, -0.00000064012100026, -1.00000042674731060, 1.81250000000000000]
    [0.00000000000000000, 1.00000042674731060, -0.00000064012100026, 4.25000000000000000]
  #69 objects/buildingsets/human/lowtech/bravo/int/pipe/pipe_straight_04x01x01_a.cgf
    [-1.00000085349466716, 0.00000000000000000, 0.00000000000000000, 4.62500000000000000]
    [0.00000000000000000, 0.00000064012127265, -1.00000085349446199, 2.12500000000000000]
    [-0.00000000000000000, -1.00000085349446199, -0.00000064012127299, -0.86499999999999488]
  #70 objects/buildingsets/human/lowtech/bravo/int/pipe/pipe_curved_02x050x050_a.cgf
    [0.75000000000000000, 0.00000000000000000, 0.00000000000000000, 3.37500000000000000]
    [0.00000000000000000, 0.75000000000000000, 0.00000000000000000, 1.81250000000000000]
    [0.00000000000000000, 0.00000000000000000, 0.75000000000000000, 4.25000000000000000]
  #71 objects/buildingsets/human/lowtech/bravo/int/pipe/pipe_straight_04x01x01_a.cgf
    [0.00000000000000000, -1.00000000000000000, 0.00000000000000000, 5.62500000000000000]
    [0.00000000000000000, 0.00000000000000000, -1.00000000000000000, 3.12500000000000000]
    [1.00000000000000000, 0.00000000000000000, 0.00000000000000000, 0.12500000000000000]
  #72 data/objects/buildingsets/human/lowtech/bravo/int/walkway/addon/walkway_addon_railing_panel_a.cgf
    [0.10828104534025167, -0.00066227677010637, -0.59014826650145291, 5.00876000000005206]
    [0.00924073440016535, 0.59992813209736762, 0.00102224805050520, 1.61951800000002777]
    [0.59007628650280108, -0.00927348655096552, 0.10827824527309769, 1.53967400000000509]
  #73 objects/buildingsets/human/lowtech/bravo/int/pipe/pipe_straight_04x01x01_a.cgf
    [0.00000000000000000, -1.00000000000000000, 0.00000000000000000, 5.62500000000000000]
    [0.00000000000000000, 0.00000000000000000, -1.00000000000000000, 2.12500000000000000]
    [1.00000000000000000, 0.00000000000000000, 0.00000000000000000, 0.12500000000000000]
  #74 objects/buildingsets/human/lowtech/bravo/int/pipe/pipe_straight_02x01x01_a.cgf
    [-1.00000085349466716, 0.00000000000000000, 0.00000000000000000, 2.62500000000000000]
    [0.00000000000000000, 0.00000064012127265, -1.00000085349446199, 3.12500000000000000]
    [-0.00000000000000000, -1.00000085349446199, -0.00000064012127299, -0.86499999999999488]
  #75 objects/buildingsets/human/lowtech/bravo/int/pipe/pipe_electric_straight_02x002x002_a.cgf
    [-0.00000064012127299, 0.00000000000000000, 1.00000085349446199, 5.37500000000000000]
    [0.00000000000000000, -1.00000085349466716, 0.00000000000000000, 1.62500000000000000]
    [1.00000085349446199, 0.00000000000000000, 0.00000064012127265, 3.25000000000000000]
  #76 data/objects/buildingsets/human/lowtech/bravo/int/pipe/pipe_electric_bend_025x002x003_a.cgf
    [-0.00000072967077981, -0.00000141057575545, -1.00000044623559448, 5.06250000000000000]
    [0.08715557052901321, 0.99619516109922734, -0.00000146880295963, 2.84114499999998316]
    [0.99619516110004291, -0.08715557052997504, -0.00000060395469575, 4.19034299999999860]
  #77 objects/buildingsets/human/lowtech/bravo/int/pipe/pipe_electric_straight_02x002x002_a.cgf
    [-1.00000085349740431, 0.00000000000000000, 0.00000000000000000, 2.81250000000000000]
    [0.00000000000000000, 0.00000350611055440, -1.00000085349125789, 2.81250000000000000]
    [-0.00000000000000000, -1.00000085349125789, -0.00000350611055429, 3.93750000000000000]
  #78 objects/buildingsets/human/lowtech/bravo/int/pipe/pipe_corner_01x01x01_a.cgf
    [0.00000000000000000, -1.00000000000000000, 0.00000000000000000, 5.62500000000000000]
    [0.00000000000000000, 0.00000000000000000, 1.00000000000000000, 3.12500000000000000]
    [-1.00000000000000000, 0.00000000000000000, 0.00000000000000000, 5.12500000000000000]
  #79 objects/buildingsets/human/lowtech/bravo/int/pipe/pipe_straight_02x01x01_a.cgf
    [-1.00000085349466716, 0.00000000000000000, 0.00000000000000000, 4.62500000000000000]
    [0.00000000000000000, 0.00000064012127265, -1.00000085349446199, 3.12500000000000000]
    [-0.00000000000000000, -1.00000085349446199, -0.00000064012127299, -0.86499999999999488]
  #80 objects/buildingsets/human/lowtech/bravo/int/pipe/pipe_straight_08x02x02_b.cgf
    [-0.51991599798202515, 0.00000000000000000, 0.00000000000000000, 4.50000000000000000]
    [0.00000000000000000, 0.51991599798202515, 0.00000000000000000, 2.12500099999999748]
    [0.00000000000000000, 0.00000000000000000, -0.51991599798202515, 5.12500099999999748]
  #81 objects/buildingsets/human/lowtech/bravo/int/pipe/pipe_electric_straight_01x002x003_c.cgf
    [-1.00000085349740431, 0.00000000000000000, 0.00000000000000000, 3.40625000000000000]
    [0.00000000000000000, 0.00000350611055440, -1.00000085349125789, 2.81250000000000000]
    [-0.00000000000000000, -1.00000085349125789, -0.00000350611055429, 3.93750000000000000]
  #82 objects/buildingsets/human/lowtech/bravo/int/pipe/pipe_corner_01x01x01_a.cgf
    [0.00000000000000000, -1.00000000000000000, 0.00000000000000000, 5.62500000000000000]
    [0.00000000000000000, 0.00000000000000000, -1.00000000000000000, 3.12500000000000000]
    [1.00000000000000000, 0.00000000000000000, 0.00000000000000000, -1.00000000000000000]
  #83 data/objects/buildingsets/human/lowtech/alpha/int/roomsm/floor/roomsm_floor_straight_04x02x0025_a.cgf
    [1.00000000000000000, 0.00000000000000000, 0.00000000000000000, 1.84375099999999748]
    [0.00000000000000000, 1.00000000000000000, 0.00000000000000000, 1.06250000000000000]
    [0.00000000000000000, 0.00000000000000000, 1.00000000000000000, 0.03426399999999319]
  #84 objects/buildingsets/human/lowtech/bravo/int/pipe/pipe_electric_straight_02x002x002_a.cgf
    [-0.00000064012127299, 0.00000000000000000, 1.00000085349446199, 5.37500000000000000]
    [0.00000000000000000, -1.00000085349466716, 0.00000000000000000, 1.62500000000000000]
    [1.00000085349446199, 0.00000000000000000, 0.00000064012127265, 1.25000000000000000]
  #85 data/objects/buildingsets/human/lowtech/prop/storage/drum/drum_dry_1_a.cgf
    [0.90630833148532053, 0.42261705463863108, 0.00000000000000000, 4.63167599999997037]
    [-0.42261705463863108, 0.90630833148532053, -0.00000000000000000, 1.98831000000001268]
    [-0.00000000000000000, 0.00000000000000000, 0.99999998329556861, 0.28366400000000169]
  #86 data/objects/buildingsets/human/hightech/prop/storage/crate/crate_dry_1_0125x0125x0125_stack_b.cgf
    [0.10847631771135033, -0.99409929236136441, 0.00000000000000000, 3.63538700000003701]
    [0.99409929236136441, 0.10847631771135033, 0.00000000000000000, 1.83710300000001325]
    [0.00000000000000000, 0.00000000000000000, 1.00000025728875652, 0.28366400000000169]
  #87 objects/buildingsets/human/lowtech/alpha/int/universal/prop/cable_hanging_m.cgf
    [0.65908959057971250, 0.00000000000000000, 0.01150506484095003, 5.25159499999995205]
    [0.00000000000000000, 0.65918999911067178, 0.00000000000000000, 1.26901500000002443]
    [-0.01150506484095003, 0.00000000000000000, 0.65908959057971250, 5.06052800000000502]
  #88 data/objects/buildingsets/human/hightech/prop/storage/crate/crate_dry_1_0125x0125x0125_b.cgf
    [0.10847631771135033, -0.99409929236136441, 0.00000000000000000, 3.63538700000003701]
    [0.99409929236136441, 0.10847631771135033, 0.00000000000000000, 1.83710300000001325]
    [0.00000000000000000, 0.00000000000000000, 1.00000025728875652, 0.28366400000000169]
  #89 data/objects/buildingsets/human/utilitarian/int/grating/util_grating_str_01m_a.cgf
    [-0.00000064012127299, -0.00000000000000000, -1.00000085349446199, 4.56250199999999495]
    [0.00000000000000000, -1.00000085349466716, 0.00000000000000000, 3.71874600000001010]
    [-1.00000085349446199, 0.00000000000000000, 0.00000064012127265, 4.90926100000000076]
  #90 objects/buildingsets/human/lowtech/bravo/int/pipe/pipe_gas_straight_04x007x007_a.cgf
    [-1.00000000000000000, 0.00000000000000000, 0.00000000000000000, 2.12500000000000000]
    [0.00000000000000000, 1.00000000000000000, 0.00000000000000000, 0.87500000000000000]
    [0.00000000000000000, 0.00000000000000000, -1.00000000000000000, 4.62583600000000672]
  #91 data/objects/buildingsets/human/lowtech/bravo/int/pipe/pipe_electric_converter_a.cgf
    [-0.00000064012127343, 1.00000085349446177, 0.00000000000000000, 5.06250000000000000]
    [1.00000085349446177, 0.00000064012127299, 0.00000000000000000, 3.55315799999999626]
    [0.00000000000000000, 0.00000000000000000, -1.00000085349466694, 4.43927200000000255]
  #92 objects/buildingsets/human/common/light/maintenance/set_a/common_light_maint_set_a_rectangle_0025x002m_a.cgf
    [0.00000770270732112, 0.00000707309207610, -0.99999952769108180, 4.80038200000001325]
    [-0.00058124171196622, 0.99999935879972146, 0.00000706861374461, 3.27995700000002444]
    [0.99999935879503832, 0.00058124165748695, 0.00000770681719782, 1.94466900000000464]
  #93 data/objects/buildingsets/human/utilitarian/int/grating/util_grating_str_01m_a.cgf
    [-0.00000064012127299, -0.00000000000000000, -1.00000085349446199, 4.56250099999999748]
    [0.00000000000000000, -1.00000085349466716, 0.00000000000000000, 0.56249600000001010]
    [-1.00000085349446199, 0.00000000000000000, 0.00000064012127265, 4.90926100000000076]
  #94 data/objects/buildingsets/human/hightech/prop/storage/crate/crate_dry_1_0125x00625x00625_a.cgf
    [0.12917216575112131, -0.99162265291433227, 0.00000000000000000, 2.68209400000000642]
    [0.99162265291433227, 0.12917216575112131, 0.00000000000000000, 1.90664600000002338]
    [0.00000000000000000, 0.00000000000000000, 1.00000046708873769, 0.28366400000000169]
  #95 objects/buildingsets/human/lowtech/bravo/int/pipe/pipe_corner_01x01x01_a.cgf
    [0.00000000000000000, -1.00000000000000000, 0.00000000000000000, 5.62500000000000000]
    [0.00000000000000000, 0.00000000000000000, 1.00000000000000000, 2.12500000000000000]
    [-1.00000000000000000, 0.00000000000000000, 0.00000000000000000, 5.12500000000000000]
  #96 objects/buildingsets/human/lowtech/bravo/int/pipe/pipe_curved_02x050x050_a.cgf
    [0.75000000000000000, 0.00000000000000000, 0.00000000000000000, 3.37500000000000000]
    [0.00000000000000000, 0.75000000000000000, 0.00000000000000000, 1.56250000000000000]
    [0.00000000000000000, 0.00000000000000000, 0.75000000000000000, 4.25000000000000000]
  #97 objects/buildingsets/human/lowtech/bravo/int/pipe/pipe_flange_connector_c.cgf
    [1.00000000000000000, 0.00000000000000000, 0.00000000000000000, 5.25000000000000000]
    [0.00000000000000000, 1.00000000000000000, 0.00000000000000000, 0.87500000000000000]
    [0.00000000000000000, 0.00000000000000000, 1.00000000000000000, 4.62583600000000672]
  #98 objects/buildingsets/human/common/light/maintenance/set_a/common_light_maint_set_a_rectangle_0025x002m_a.cgf
    [0.00000770270732112, 0.00000707309207610, -0.99999952769108180, 4.80038200000001325]
    [-0.00058124171196622, 0.99999935879972146, 0.00000706861374461, 0.68007699999998295]
    [0.99999935879503832, 0.00058124165748695, 0.00000770681719782, 1.94466900000000464]
  #99 objects/buildingsets/human/lowtech/bravo/int/pipe/pipe_electric_straight_02x002x002_a.cgf
    [1.00000042674751533, 0.00000000000000000, 0.00000000000000000, 3.37500000000000000]
    [0.00000000000000000, -0.00000064012100026, -1.00000042674731060, 1.56250000000000000]
    [0.00000000000000000, 1.00000042674731060, -0.00000064012100026, 4.25000000000000000]
  #100 data/objects/buildingsets/human/lowtech/prop/storage/drum/drum_dry_1_a.cgf
    [0.24315330984204100, 0.34725010315534721, 0.90569996455748314, 4.18750000000000000]
    [0.51948764793243341, 0.74190633470034095, -0.42391764082790701, 2.81250000000000000]
    [-0.81915056222067850, 0.57357732557874974, 0.00000484154610714, 0.53394500000000278]
  #101 data/objects/buildingsets/human/lowtech/prop/storage/drum/drum_dry_1_a.cgf
    [0.90630833148532053, 0.42261705463863108, 0.00000000000000000, 4.56917599999997037]
    [-0.42261705463863108, 0.90630833148532053, -0.00000000000000000, 1.36331000000001268]
    [-0.00000000000000000, 0.00000000000000000, 0.99999998329556861, 0.28366400000000169]
