# IncludedObjects
# Cgfs: 36, Materials: 6, Palettes: 6, Placements: 66

[CGFs]
      0: objects/buildingsets/human/colonialism/props/storage/container/plastic_tray_b.cgf
      1: objects/buildingsets/human/colonialism/col_a/int/addons/col_a_int_addn_gen_n.cgf
      2: objects/buildingsets/human/colonialism/col_a/int/addons/col_a_int_addn_gen_d_blades_a.cgf
      3: objects/buildingsets/human/colonialism/props/dressing/rug/rug_heavy_1_a.cgf
      4: objects/buildingsets/human/universal/prop/sawhorse/tool_sawhorse_1_closed_a.cgf
      5: objects/buildingsets/human/universal/prop/accessory/tool/tool_clamp_a.cgf
      6: objects/buildingsets/human/colonialism/col_a/int/addons/col_a_int_addn_airlock_b.cgf
      7: objects/buildingsets/human/colonialism/col_a/int/addons/col_a_int_addn_gen_c.cgf
      8: objects/buildingsets/human/universal/prop/storage/box_cardboard/box_cardboard_open_005x005x004_a.cgf
      9: objects/buildingsets/human/universal/prop/accessory/tool/tool_hachet_a.cgf
     10: objects/buildingsets/human/universal/prop/dressing/cleaning/cleaning_papertowel_1_b.cgf
     11: objects/buildingsets/human/universal/prop/storage/canister/canister_packing_foam_1_a.cgf
     12: objects/buildingsets/human/colonialism/props/light/light_tube_5_a.cgf
     13: objects/buildingsets/human/lowtech/prop/storage/bottle/bottle_gas_3_a_100.cgf
     14: objects/buildingsets/human/colonialism/props/dressing/cloth/cloth_col_1_a.cgf
     15: objects/buildingsets/human/lowtech/prop/storage/canister/canister_liquid_3_a.cgf
     16: objects/buildingsets/human/colonialism/col_a/int/addons/pipes/col_a_pipe_a_str_cap_c.cgf
     17: objects/buildingsets/human/lowtech/bravo/int/decal/spiderwebs_hanging_a.cgf
     18: objects/buildingsets/human/colonialism/col_a/int/addons/pipes/col_a_pipe_a_str_4m_a.cgf
     19: objects/buildingsets/human/colonialism/col_a/int/addons/pipes/col_a_pipe_a_str_1m_a.cgf
     20: objects/buildingsets/human/colonialism/col_a/int/addons/pipes/col_a_pipe_a_str_2m_a.cgf
     21: objects/buildingsets/human/universal/prop/dressing/bottle/bottle_cleaning_3_a.cgf
     22: objects/buildingsets/human/universal/prop/accessory/tool/tool_pickaxe_a.cgf
     23: objects/buildingsets/human/colonialism/col_a/int/addons/col_a_int_addn_gen_g.cgf
     24: objects/buildingsets/human/colonialism/props/cloth/cloth_drapery_1_f.cgf
     25: objects/buildingsets/human/colonialism/col_a/int/addons/col_a_int_addn_gen_b.cgf
     26: objects/buildingsets/human/colonialism/col_a/int/addons/col_a_int_addon_matt_rubber_b.cgf
     27: objects/buildingsets/human/colonialism/props/dressing/sacks/sack_opened_1_a.cgf
     28: objects/buildingsets/human/lowtech/bravo/int/walkway/addon/walkway_addon_railing_cable_e.cgf
     29: objects/buildingsets/human/colonialism/col_a/int/addons/col_a_int_addn_gen_i.cgf
     30: objects/buildingsets/human/colonialism/props/cloth/cloth_drapery_1_h.cgf
     31: objects/buildingsets/human/universal/prop/tool/construction/construction_cablespool_3_a.cgf
     32: objects/buildingsets/human/lowtech/bravo/int/decal/spiderwebs_hanging_b.cgf
     33: objects/buildingsets/human/lowtech/prop/storage/tarp/tarp_bundle_1_a.cgf
     34: objects/buildingsets/human/universal/prop/maintence/tool/tool_crowbar_2_a.cgf
     35: objects/buildingsets/human/colonialism/col_a/int/addons/col_a_int_addn_gen_k.cgf

[Materials]
      0: materials/decals/weathered/weathered_big_c
      1: materials/pu/decal/grain/grain_1_d
      2: materials/pu/decal/grain/grain_1_b
      3: materials/decals/scratches/metal_scratches_01
      4: materials/decals/streaks/dirt_streak001c
      5: objects/buildingsets/human/colonialism/col_a/col_a_cobwebs_a

[Palettes]
      0: Libs/Foundry/Records/TintPalettes/Generic/gen_grey_darkgrey_blue_a<222>
      1: Libs/Foundry/Records/TintPalettes/generic/gen_blue_darkblue_yellow_a<321>
      2: Libs/Foundry/Records/TintPalettes/default
      3: Libs/Foundry/Records/TintPalettes/Brand/Colonialism/col_default|walls_ext
      4: Libs/Foundry/Records/TintPalettes/Brand/Colonialism/col_default|cloth_int<132>
      5: Libs/Foundry/Records/TintPalettes/Generic/gen_matte_dark_a

[Placements]
  #0 objects/buildingsets/human/colonialism/props/storage/container/plastic_tray_b.cgf
    [-0.99756454055455290, 0.06975746958658810, -0.00005129573522752, -1.45974900000000041]
    [-0.06975747148658819, -0.99756454108255133, 0.00003623187895981, 1.81458199999997305]
    [-0.00004864333514255, 0.00003972187623589, 1.00000055791093989, 1.62447499999999989]
  #1 objects/buildingsets/human/colonialism/col_a/int/addons/col_a_int_addn_gen_n.cgf
    [-0.00000050818310382, 0.00000000000000000, 0.79388634466716645, -0.47383600000000037]
    [0.00000000000000000, 0.79388634466732910, 0.00000000000000000, -0.00523899999996047]
    [-0.79388634466716645, 0.00000000000000000, -0.00000050818310382, 3.41499499999999978]
  #2 objects/buildingsets/human/colonialism/col_a/int/addons/col_a_int_addn_gen_d_blades_a.cgf
    [-0.00000040190674421, -0.62722691761694305, 0.00003814258004657, -1.86000600000000027]
    [0.62722691874596215, -0.00000040228433336, -0.00000620916658349, 1.80516699999998309]
    [0.00000620919103550, 0.00003814257606606, 0.62722691758633831, 1.64315199999999995]
  #3 objects/buildingsets/human/colonialism/props/dressing/rug/rug_heavy_1_a.cgf
    [0.04422011158182192, -0.63236844644068169, 0.00000000000000000, -1.34866500000000045]
    [0.63236844644068169, 0.04422011158182192, 0.00000000000000000, -0.05312600000002021]
    [0.00000000000000000, 0.00000000000000000, 0.63391266774068344, 0.48979299999999998]
  #4 objects/buildingsets/human/universal/prop/sawhorse/tool_sawhorse_1_closed_a.cgf
    [-1.00000026838187450, 0.00000000000000000, 0.00000000000000000, -1.40740800000000021]
    [0.00000000000000000, -0.81915199419376705, 0.57357697580376765, 1.17304400000000442]
    [0.00000000000000000, 0.57357697580376765, 0.81915199419376727, 0.51385999999999998]
  #5 objects/buildingsets/human/universal/prop/accessory/tool/tool_clamp_a.cgf
    [-0.51674212314107748, 0.01804459504405923, -0.00003207061164466, -0.79023800000000044]
    [-0.01804459510817411, -0.51674212413382137, 0.00000047449044859, 1.52038700000002791]
    [-0.00003203451696419, 0.00000159342251754, 0.51705708508676995, 1.56387999999999994]
  #6 objects/buildingsets/human/colonialism/col_a/int/addons/col_a_int_addn_airlock_b.cgf
    [-0.54489875724328429, 0.00000063284800203, -0.00000088722215299, -2.50322800000000001]
    [0.00000063284773696, -0.17740292157979523, -0.51521147023432590, 1.13648000000000593]
    [-0.00000088722234207, -0.51521147023432590, 0.17740292157870527, 0.85199000000000003]
  #7 objects/buildingsets/human/colonialism/col_a/int/addons/col_a_int_addn_gen_c.cgf
    [-0.69278113194685897, 0.00000000000000000, 0.00000000000000000, -0.72555900000000051]
    [0.00000000000000000, -0.24827099626603452, 0.64676673476195568, -1.76642700000002151]
    [0.00000000000000000, 0.64676673476195568, 0.24827099626603452, 1.19482400000000011]
  #8 objects/buildingsets/human/universal/prop/storage/box_cardboard/box_cardboard_open_005x005x004_a.cgf
    [-0.00000040190674421, -0.62722691761694305, 0.00003814258004657, -1.86000600000000027]
    [0.62722691874596215, -0.00000040228433336, -0.00000620916658349, 1.80516699999998309]
    [0.00000620919103550, 0.00003814257606606, 0.62722691758633831, 1.62486700000000006]
  #9 objects/buildingsets/human/universal/prop/accessory/tool/tool_hachet_a.cgf
    [0.45399138248299020, -0.00011160465206962, -0.89100646579550435, -0.76755299999999949]
    [-0.89100647278469758, -0.00005784751216610, -0.45399137879837287, 1.61426900000003570]
    [-0.00000087495718608, 1.00000034705587848, -0.00012570269478944, 1.62500800000000001]
  #10 objects/buildingsets/human/universal/prop/dressing/cleaning/cleaning_papertowel_1_b.cgf
    [-0.24797934423599269, -0.95536337102375879, 0.16058420582336341, -1.77002000000000059]
    [0.93275702631028146, -0.19068581962467471, 0.30594682721737859, 1.77950599999996939]
    [-0.26166923342762616, 0.22565451584601481, 0.93840794155698259, 1.86955699999999991]
  #11 objects/buildingsets/human/universal/prop/dressing/cleaning/cleaning_papertowel_1_b.cgf
    [0.35590783535196779, 0.03718985076280579, -0.93378062924218197, -1.37165099999999995]
    [-0.92865628543951173, -0.09769248343029191, -0.35784552254781538, 1.87141899999994621]
    [-0.10453158403742484, 0.99452140725781824, -0.00023293167316515, 1.73256000000000010]
  #12 objects/buildingsets/human/universal/prop/storage/canister/canister_packing_foam_1_a.cgf
    [-0.61566107874484055, -0.78801194473225322, -0.00003538370428270, -0.82713099999999962]
    [0.78801194311225176, -0.61566107975283879, 0.00005063592367511, 1.82714099999998325]
    [-0.00006168603939573, 0.00000329178353867, 1.00000069317874574, 1.62572199999999989]
  #13 objects/buildingsets/human/colonialism/props/light/light_tube_5_a.cgf
    [0.00000000000000010, 0.00000000000000000, 0.90130001306533791, -1.40027700000000088]
    [-0.90130001306533791, 0.00000000000000000, 0.00000000000000000, -0.00348199999996268]
    [0.00000000000000010, -0.90130001306533791, 0.00000000000000010, 3.18566500000000019]
  #14 objects/buildingsets/human/lowtech/prop/storage/bottle/bottle_gas_3_a_100.cgf
    [0.50550855865252808, -0.68691777942336318, 0.16920709458523367, -1.85478900000000024]
    [0.61844125221792012, 0.53006798928487597, 0.30427672225702140, 1.85705399999994825]
    [-0.34353674345116486, -0.05654971674925782, 0.79675003285309254, 1.84987199999999996]
  #15 objects/buildingsets/human/colonialism/props/dressing/cloth/cloth_col_1_a.cgf
    [-0.99984808688085280, 0.01745599647248646, -0.00000033261736787, -1.78050999999999959]
    [-0.01745334376744133, -0.99969581216484926, 0.01745200801218611, 1.72305700000003981]
    [0.00030430953585307, 0.01744935470080287, 0.99984815650602243, 1.49359200000000003]
  #16 objects/buildingsets/human/lowtech/prop/storage/canister/canister_liquid_3_a.cgf
    [0.50550855865252808, -0.68691777942336318, 0.16920709458523367, -1.92018799999999956]
    [0.61844125221792012, 0.53006798928487597, 0.30427672225702140, 1.75314500000001772]
    [-0.34353674345116486, -0.05654971674925782, 0.79675003285309254, 1.86911899999999997]
  #17 objects/buildingsets/human/colonialism/col_a/int/addons/pipes/col_a_pipe_a_str_cap_c.cgf
    [0.25000000000000000, 0.00000000000000000, 0.00000000000000000, -1.37765899999999952]
    [0.00000000000000000, 0.25000000000000000, 0.00000000000000000, -0.18966399999999339]
    [0.00000000000000000, 0.00000000000000000, 0.25000000000000000, 0.09209600000000000]
  #18 objects/buildingsets/human/lowtech/bravo/int/decal/spiderwebs_hanging_a.cgf
    [-0.00000050575638356, 0.79009530882770351, 0.00000000000000000, -2.52391300000000030]
    [-0.79009530882770351, -0.00000050575638356, -0.00000000000000000, -0.11910499999999047]
    [-0.00000000000000000, 0.00000000000000000, 0.79009530882786538, 3.06907400000000008]
  #19 objects/buildingsets/human/colonialism/col_a/int/addons/pipes/col_a_pipe_a_str_cap_c.cgf
    [0.25000000000000000, 0.00000000000000000, 0.00000000000000000, -0.37765900000000130]
    [0.00000000000000000, 0.25000000000000000, 0.00000000000000000, -0.18966399999999339]
    [0.00000000000000000, 0.00000000000000000, 0.25000000000000000, 0.09209600000000000]
  #20 objects/buildingsets/human/colonialism/col_a/int/addons/pipes/col_a_pipe_a_str_4m_a.cgf
    [0.25000010668687889, -0.00000000000000000, 0.00000000000000000, -1.37765899999999952]
    [0.00000000000000000, -0.00000016003025007, 0.25000010668682771, 0.43533600000000661]
    [-0.00000000000000000, -0.25000010668682771, -0.00000016003025007, 0.09209600000000000]
  #21 objects/buildingsets/human/colonialism/col_a/int/addons/pipes/col_a_pipe_a_str_1m_a.cgf
    [0.25000010668687889, -0.00000000000000000, 0.00000000000000000, -0.37765900000000130]
    [0.00000000000000000, -0.00000016003025007, 0.25000010668682771, -0.43966399999999339]
    [-0.00000000000000000, -0.25000010668682771, -0.00000016003025007, 0.09209600000000000]
  #22 objects/buildingsets/human/colonialism/col_a/int/addons/pipes/col_a_pipe_a_str_2m_a.cgf
    [0.25000010668687889, -0.00000000000000000, 0.00000000000000000, -2.87765899999999952]
    [0.00000000000000000, -0.00000016003025007, 0.25000010668682771, -0.18966399999999339]
    [-0.00000000000000000, -0.25000010668682771, -0.00000016003025007, 0.09209600000000000]
  #23 objects/buildingsets/human/colonialism/col_a/int/addons/pipes/col_a_pipe_a_str_1m_a.cgf
    [0.25000010668687889, -0.00000000000000000, 0.00000000000000000, -0.37765900000000130]
    [0.00000000000000000, -0.00000016003025007, 0.25000010668682771, 0.18533600000000661]
    [-0.00000000000000000, -0.25000010668682771, -0.00000016003025007, 0.09209600000000000]
  #24 objects/buildingsets/human/colonialism/col_a/int/addons/pipes/col_a_pipe_a_str_4m_a.cgf
    [0.25000010668687889, -0.00000000000000000, 0.00000000000000000, -2.37765899999999952]
    [0.00000000000000000, -0.00000016003025007, 0.25000010668682771, -0.18966399999999339]
    [-0.00000000000000000, -0.25000010668682771, -0.00000016003025007, 0.09209600000000000]
  #25 objects/buildingsets/human/colonialism/col_a/int/addons/pipes/col_a_pipe_a_str_cap_c.cgf
    [0.25000000000000000, 0.00000000000000000, 0.00000000000000000, -0.37765900000000130]
    [0.00000000000000000, 0.25000000000000000, 0.00000000000000000, -0.43966399999999339]
    [0.00000000000000000, 0.00000000000000000, 0.25000000000000000, 0.09209600000000000]
  #26 objects/buildingsets/human/universal/prop/dressing/bottle/bottle_cleaning_3_a.cgf
    [-0.99756454055455290, 0.06975746958658810, -0.00005129573522752, -1.37834800000000079]
    [-0.06975747148658819, -0.99756454108255133, 0.00003623187895981, 1.59294799999997849]
    [-0.00004864333514255, 0.00003972187623589, 1.00000055791093989, 1.62581599999999993]
  #27 objects/buildingsets/human/universal/prop/accessory/tool/tool_pickaxe_a.cgf
    [1.00000037699263911, 0.00000051763822151, 0.00000193185270649, -0.48066999999999993]
    [-0.00000051763792879, -0.86602587900492600, 0.49999993088289280, -1.52157799999997678]
    [0.00000193185278492, -0.49999993088289280, -0.86602587900292605, 1.10953499999999994]
  #28 objects/buildingsets/human/colonialism/col_a/int/addons/col_a_int_addn_gen_g.cgf
    [-0.00000031465340330, 0.00000000000000000, 0.49155321832529036, -0.45948500000000081]
    [0.00000000000000000, 0.49155321832539106, 0.00000000000000000, 0.55311600000004546]
    [-0.49155321832529036, 0.00000000000000000, -0.00000031465340330, 3.34272400000000003]
  #29 objects/buildingsets/human/colonialism/props/cloth/cloth_drapery_1_f.cgf
    [0.85445359496984341, -0.00000000000000000, -0.05974837295715987, -1.29411299999999940]
    [0.00000000000000000, 0.85654002476703739, -0.00000000000000000, -1.29947300000003452]
    [0.05974837295715987, 0.00000000000000000, 0.85445359496984341, 3.21034400000000009]
  #30 objects/buildingsets/human/colonialism/col_a/int/addons/col_a_int_addn_gen_b.cgf
    [-0.15745528871935080, 0.87759597425291835, 0.12750604879734259, -2.49072100000000063]
    [-0.51207856199355650, -0.19570449252580810, 0.71463273952594741, -1.46001100000000861]
    [0.72402212179701431, 0.05243769665822823, 0.53316686840825200, 0.92782399999999998]
  #31 objects/buildingsets/human/colonialism/col_a/int/addons/col_a_int_addon_matt_rubber_b.cgf
    [-0.06975734225597263, -0.99756396262776104, 0.00000000000000000, -1.13669600000000059]
    [0.99756396262776104, -0.06975734225597263, 0.00000000000000000, 1.10332400000004327]
    [0.00000000000000000, 0.00000000000000000, 0.99999997316610856, 0.48979299999999998]
  #32 objects/buildingsets/human/colonialism/props/storage/container/plastic_tray_b.cgf
    [-0.99756454055455290, 0.06975746958658810, -0.00005129573522752, -1.45974900000000041]
    [-0.06975747148658819, -0.99756454108255133, 0.00003623187895981, 1.81458199999997305]
    [-0.00004864333514255, 0.00003972187623589, 1.00000055791093989, 1.65224499999999996]
  #33 objects/buildingsets/human/colonialism/props/dressing/sacks/sack_opened_1_a.cgf
    [-0.91355036736391904, 0.40673639644275750, -0.00000006963793267, -1.19891199999999998]
    [-0.39631187974976978, -0.89013634097512484, 0.22495101321535868, 1.37840200000005098]
    [0.09149530130257438, 0.20550320724059870, 0.97437457456328103, 0.54975200000000002]
  #34 objects/buildingsets/human/universal/prop/sawhorse/tool_sawhorse_1_closed_a.cgf
    [-1.00000026838187450, 0.00000000000000000, 0.00000000000000000, -1.40740800000000021]
    [0.00000000000000000, -0.81915199419376705, 0.57357697580376765, 1.24411199999997280]
    [0.00000000000000000, 0.57357697580376765, 0.81915199419376727, 0.49614000000000003]
  #35 objects/buildingsets/human/universal/prop/accessory/tool/tool_clamp_a.cgf
    [-0.46070106579258263, 0.23473847087738076, -0.00002895912296173, -0.70448599999999928]
    [-0.23473847056714503, -0.46070106669742839, -0.00001226998555059, 1.52038700000002791]
    [-0.00003137322607192, 0.00000221450535438, 0.51705669087801187, 1.56387999999999994]
  #36 objects/buildingsets/human/lowtech/bravo/int/walkway/addon/walkway_addon_railing_cable_e.cgf
    [0.58271916939570356, 0.13453106794497530, 0.00000000000000000, -0.47234599999999993]
    [-0.13453106794497530, 0.58271916939570356, -0.00000000000000000, -1.05499399999996513]
    [-0.00000000000000000, 0.00000000000000000, 0.59804702041196911, 0.49967699999999998]
  #37 objects/buildingsets/human/colonialism/col_a/int/addons/pipes/col_a_pipe_a_str_2m_a.cgf
    [0.25000010668687889, -0.00000000000000000, 0.00000000000000000, -2.87765899999999952]
    [0.00000000000000000, -0.00000016003025007, 0.25000010668682771, 0.18533600000000661]
    [-0.00000000000000000, -0.25000010668682771, -0.00000016003025007, 0.09209600000000000]
  #38 objects/buildingsets/human/colonialism/col_a/int/addons/pipes/col_a_pipe_a_str_4m_a.cgf
    [0.25000010668687889, -0.00000000000000000, 0.00000000000000000, -1.37765899999999952]
    [0.00000000000000000, -0.00000016003025007, 0.25000010668682771, -0.43966399999999339]
    [-0.00000000000000000, -0.25000010668682771, -0.00000016003025007, 0.09209600000000000]
  #39 objects/buildingsets/human/colonialism/col_a/int/addons/pipes/col_a_pipe_a_str_4m_a.cgf
    [0.25000010668687889, -0.00000000000000000, 0.00000000000000000, -1.37765899999999952]
    [0.00000000000000000, -0.00000016003025007, 0.25000010668682771, 0.18533600000000661]
    [-0.00000000000000000, -0.25000010668682771, -0.00000016003025007, 0.09209600000000000]
  #40 objects/buildingsets/human/colonialism/col_a/int/addons/pipes/col_a_pipe_a_str_cap_c.cgf
    [0.25000000000000000, 0.00000000000000000, 0.00000000000000000, -1.37765899999999952]
    [0.00000000000000000, 0.25000000000000000, 0.00000000000000000, 0.43533600000000661]
    [0.00000000000000000, 0.00000000000000000, 0.25000000000000000, 0.09209600000000000]
  #41 objects/buildingsets/human/colonialism/col_a/int/addons/pipes/col_a_pipe_a_str_4m_a.cgf
    [0.25000010668687889, -0.00000000000000000, 0.00000000000000000, -2.37765899999999952]
    [0.00000000000000000, -0.00000016003025007, 0.25000010668682771, 0.18533600000000661]
    [-0.00000000000000000, -0.25000010668682771, -0.00000016003025007, 0.09209600000000000]
  #42 objects/buildingsets/human/colonialism/col_a/int/addons/pipes/col_a_pipe_a_str_cap_c.cgf
    [0.25000000000000000, 0.00000000000000000, 0.00000000000000000, -2.37765899999999952]
    [0.00000000000000000, 0.25000000000000000, 0.00000000000000000, 0.18533600000000661]
    [0.00000000000000000, 0.00000000000000000, 0.25000000000000000, 0.09209600000000000]
  #43 objects/buildingsets/human/colonialism/col_a/int/addons/pipes/col_a_pipe_a_str_cap_c.cgf
    [0.25000000000000000, 0.00000000000000000, 0.00000000000000000, -0.37765900000000130]
    [0.00000000000000000, 0.25000000000000000, 0.00000000000000000, 0.18533600000000661]
    [0.00000000000000000, 0.00000000000000000, 0.25000000000000000, 0.09209600000000000]
  #44 objects/buildingsets/human/colonialism/col_a/int/addons/col_a_int_addn_gen_i.cgf
    [-0.00000031465340330, 0.00000000000000000, 0.49155321832529036, -0.43006300000000053]
    [0.00000000000000000, 0.49155321832539106, 0.00000000000000000, 0.09237299999995230]
    [-0.49155321832529036, 0.00000000000000000, -0.00000031465340330, 3.38465900000000008]
  #45 objects/buildingsets/human/lowtech/prop/storage/bottle/bottle_gas_3_a_100.cgf
    [0.83301491118597037, 0.20444279814889593, 0.14253239352712799, -1.76864400000000010]
    [-0.24040453967043596, 0.79027061562213607, 0.27148516454448912, 1.87310600000000704]
    [-0.06571147712057665, -0.29950238654633843, 0.81363782201012014, 1.82942399999999994]
  #46 objects/buildingsets/human/colonialism/props/cloth/cloth_drapery_1_h.cgf
    [-0.85445399586299742, -0.00000000000000000, -0.05974835909360539, -0.94600100000000076]
    [0.00000000000000000, -0.85654042371660521, 0.00000000000000000, 1.21617700000001605]
    [-0.05974835909360539, 0.00000000000000000, 0.85445399586299753, 3.24815399999999999]
  #47 objects/buildingsets/human/universal/prop/tool/construction/construction_cablespool_3_a.cgf
    [0.17364719860709432, 0.98480783969348107, 0.00000670884196608, -1.10782900000000062]
    [-0.98480783784548154, 0.17364719869309408, -0.00006045651439189, 1.72290499999996882]
    [-0.00006070302608453, 0.00000389118453993, 0.99999991352541751, 1.62428299999999992]
  #48 objects/buildingsets/human/lowtech/bravo/int/decal/spiderwebs_hanging_b.cgf
    [-0.00000064012100026, 1.00000042674731060, 0.00000000000000000, -0.25741700000000023]
    [-1.00000042674731060, -0.00000064012100026, -0.00000000000000000, -0.11792600000001130]
    [-0.00000000000000000, 0.00000000000000000, 1.00000042674751533, 3.15548900000000021]
  #49 objects/buildingsets/human/colonialism/col_a/int/addons/pipes/col_a_pipe_a_str_cap_c.cgf
    [0.25000000000000000, 0.00000000000000000, 0.00000000000000000, -2.37765899999999952]
    [0.00000000000000000, 0.25000000000000000, 0.00000000000000000, -0.18966399999999339]
    [0.00000000000000000, 0.00000000000000000, 0.25000000000000000, 0.09209600000000000]
  #50 objects/buildingsets/human/colonialism/col_a/int/addons/pipes/col_a_pipe_a_str_1m_a.cgf
    [0.25000010668687889, -0.00000000000000000, 0.00000000000000000, -0.37765900000000130]
    [0.00000000000000000, -0.00000016003025007, 0.25000010668682771, 0.43533600000000661]
    [-0.00000000000000000, -0.25000010668682771, -0.00000016003025007, 0.09209600000000000]
  #51 objects/buildingsets/human/lowtech/prop/storage/tarp/tarp_bundle_1_a.cgf
    [-0.81723686336483892, -0.00000000000000000, 0.00000000000000000, -2.46314800000000034]
    [0.00000000000000000, -0.19770841883458237, -0.79296120457707742, 1.44909700000005159]
    [0.00000000000000000, -0.79296120457707742, 0.19770841883458237, 1.50022400000000000]
  #52 objects/buildingsets/human/colonialism/col_a/int/addons/pipes/col_a_pipe_a_str_2m_a.cgf
    [0.25000010668687889, -0.00000000000000000, 0.00000000000000000, -2.87765899999999952]
    [0.00000000000000000, -0.00000016003025007, 0.25000010668682771, 0.43533600000000661]
    [-0.00000000000000000, -0.25000010668682771, -0.00000016003025007, 0.09209600000000000]
  #53 objects/buildingsets/human/colonialism/col_a/int/addons/pipes/col_a_pipe_a_str_1m_a.cgf
    [0.25000010668687889, -0.00000000000000000, 0.00000000000000000, -0.37765900000000130]
    [0.00000000000000000, -0.00000016003025007, 0.25000010668682771, -0.18966399999999339]
    [-0.00000000000000000, -0.25000010668682771, -0.00000016003025007, 0.09209600000000000]
  #54 objects/buildingsets/human/colonialism/col_a/int/addons/pipes/col_a_pipe_a_str_cap_c.cgf
    [0.25000000000000000, 0.00000000000000000, 0.00000000000000000, -2.37765899999999952]
    [0.00000000000000000, 0.25000000000000000, 0.00000000000000000, 0.43533600000000661]
    [0.00000000000000000, 0.00000000000000000, 0.25000000000000000, 0.09209600000000000]
  #55 objects/buildingsets/human/colonialism/col_a/int/addons/pipes/col_a_pipe_a_str_cap_c.cgf
    [0.25000000000000000, 0.00000000000000000, 0.00000000000000000, -2.37765899999999952]
    [0.00000000000000000, 0.25000000000000000, 0.00000000000000000, -0.43966399999999339]
    [0.00000000000000000, 0.00000000000000000, 0.25000000000000000, 0.09209600000000000]
  #56 objects/buildingsets/human/colonialism/col_a/int/addons/pipes/col_a_pipe_a_str_cap_c.cgf
    [0.25000000000000000, 0.00000000000000000, 0.00000000000000000, -0.37765900000000130]
    [0.00000000000000000, 0.25000000000000000, 0.00000000000000000, 0.43533600000000661]
    [0.00000000000000000, 0.00000000000000000, 0.25000000000000000, 0.09209600000000000]
  #57 objects/buildingsets/human/universal/prop/storage/box_cardboard/box_cardboard_open_005x005x004_a.cgf
    [-0.15553899865241497, -0.59922935352780227, 0.10072316981942600, -1.84517899999999990]
    [0.58505044857616417, -0.11960311306808807, 0.19189690756984032, 1.75502400000004855]
    [-0.16412479303459837, 0.14153668211700812, 0.58859474606581041, 1.86716199999999999]
  #58 objects/buildingsets/human/universal/prop/maintence/tool/tool_crowbar_2_a.cgf
    [-1.00000045461540021, 0.00000110387371442, -0.00000166777167136, -2.50322800000000001]
    [0.00000110387423786, -0.39073122771203644, -0.92050530521254104, 1.12645799999995688]
    [-0.00000166777132490, -0.92050530521254104, 0.39073122771003638, 0.93293300000000001]
  #59 objects/buildingsets/human/colonialism/col_a/int/addons/col_a_int_addn_gen_k.cgf
    [-0.73864941360575143, -0.00000000000000000, 0.00000000000000000, -0.72560299999999955]
    [0.00000000000000000, -0.22825541059579421, -0.70249727668786444, 1.75456399999995938]
    [0.00000000000000000, -0.70249727668786444, 0.22825541059579446, 1.19196999999999997]
  #60 objects/buildingsets/human/colonialism/col_a/int/addons/pipes/col_a_pipe_a_str_4m_a.cgf
    [0.25000010668687889, -0.00000000000000000, 0.00000000000000000, -1.37765899999999952]
    [0.00000000000000000, -0.00000016003025007, 0.25000010668682771, -0.18966399999999339]
    [-0.00000000000000000, -0.25000010668682771, -0.00000016003025007, 0.09209600000000000]
  #61 objects/buildingsets/human/colonialism/col_a/int/addons/pipes/col_a_pipe_a_str_cap_c.cgf
    [0.25000000000000000, 0.00000000000000000, 0.00000000000000000, -1.37765899999999952]
    [0.00000000000000000, 0.25000000000000000, 0.00000000000000000, -0.43966399999999339]
    [0.00000000000000000, 0.00000000000000000, 0.25000000000000000, 0.09209600000000000]
  #62 objects/buildingsets/human/colonialism/col_a/int/addons/pipes/col_a_pipe_a_str_4m_a.cgf
    [0.25000010668687889, -0.00000000000000000, 0.00000000000000000, -2.37765899999999952]
    [0.00000000000000000, -0.00000016003025007, 0.25000010668682771, -0.43966399999999339]
    [-0.00000000000000000, -0.25000010668682771, -0.00000016003025007, 0.09209600000000000]
  #63 objects/buildingsets/human/colonialism/col_a/int/addons/pipes/col_a_pipe_a_str_4m_a.cgf
    [0.25000010668687889, -0.00000000000000000, 0.00000000000000000, -2.37765899999999952]
    [0.00000000000000000, -0.00000016003025007, 0.25000010668682771, 0.43533600000000661]
    [-0.00000000000000000, -0.25000010668682771, -0.00000016003025007, 0.09209600000000000]
  #64 objects/buildingsets/human/colonialism/col_a/int/addons/pipes/col_a_pipe_a_str_cap_c.cgf
    [0.25000000000000000, 0.00000000000000000, 0.00000000000000000, -1.37765899999999952]
    [0.00000000000000000, 0.25000000000000000, 0.00000000000000000, 0.18533600000000661]
    [0.00000000000000000, 0.00000000000000000, 0.25000000000000000, 0.09209600000000000]
  #65 objects/buildingsets/human/colonialism/col_a/int/addons/pipes/col_a_pipe_a_str_2m_a.cgf
    [0.25000010668687889, -0.00000000000000000, 0.00000000000000000, -2.87765899999999952]
    [0.00000000000000000, -0.00000016003025007, 0.25000010668682771, -0.43966399999999339]
    [-0.00000000000000000, -0.25000010668682771, -0.00000016003025007, 0.09209600000000000]
