# IncludedObjects
# Cgfs: 7, Materials: 1, Palettes: 1, Placements: 13

[CGFs]
      0: objects/buildingsets/citysets/lorville/skyline/rooftop/lorv_skyl_rooftop_med_vent_02a.cgf
      1: objects/buildingsets/citysets/lorville/skyline/rooftop/lorv_skyl_rooftop_sml_container_01a.cgf
      2: objects/buildingsets/citysets/lorville/skyline/building/lorv_skyl_bldg_slim_sml_03a.cgf
      3: objects/buildingsets/citysets/lorville/skyline/building/lorv_skyl_bldg_slim_sml_04a.cgf
      4: objects/buildingsets/citysets/lorville/skyline/rooftop/lorv_skyl_rooftop_sml_vent_01a.cgf
      5: objects/buildingsets/citysets/lorville/skyline/rooftop/lorv_skyl_rooftop_med_chimney_01a.cgf
      6: objects/buildingsets/citysets/lorville/skyline/building/lorv_skyl_bldg_slim_sml_03a_base.cgf

[Materials]
      0: materials/planets/locations/decal_biome_lorville_skyl_a

[Palettes]
      0: Libs/Foundry/Records/TintPalettes/Brand/Lorville/Lorville_Skyl_Root|Building

[Placements]
  #0 objects/buildingsets/citysets/lorville/skyline/rooftop/lorv_skyl_rooftop_med_vent_02a.cgf
    [-0.00000064012100026, -1.00000042674731060, 0.00000000000000000, -67.49971399999958521]
    [1.00000042674731060, -0.00000064012100026, 0.00000000000000000, 14.35619099999985337]
    [0.00000000000000000, 0.00000000000000000, 1.00000042674751533, 219.54361499997321516]
  #1 objects/buildingsets/citysets/lorville/skyline/rooftop/lorv_skyl_rooftop_sml_container_01a.cgf
    [-0.00000064012100026, -1.00000042674731060, 0.00000000000000000, -11.59778799999912735]
    [1.00000042674731060, -0.00000064012100026, 0.00000000000000000, -37.80789100000015424]
    [0.00000000000000000, 0.00000000000000000, 1.00000042674751533, 709.35308799997437745]
  #2 objects/buildingsets/citysets/lorville/skyline/building/lorv_skyl_bldg_slim_sml_03a.cgf
    [1.00000000000000000, 0.00000000000000000, 0.00000000000000000, 0.00000000000000000]
    [0.00000000000000000, 1.00000000000000000, 0.00000000000000000, 0.00000000000000000]
    [0.00000000000000000, 0.00000000000000000, 1.00000000000000000, -152.00000000000000000]
  #3 objects/buildingsets/citysets/lorville/skyline/building/lorv_skyl_bldg_slim_sml_04a.cgf
    [-0.00000064012100026, -1.00000042674731060, 0.00000000000000000, -35.37471999999979744]
    [1.00000042674731060, -0.00000064012100026, 0.00000000000000000, -6.20089900000016314]
    [0.00000000000000000, 0.00000000000000000, 1.00000042674751533, 0.00000000000000000]
  #4 objects/buildingsets/citysets/lorville/skyline/rooftop/lorv_skyl_rooftop_med_vent_02a.cgf
    [1.00000000000000000, 0.00000000000000000, 0.00000000000000000, 8.43948699999964447]
    [0.00000000000000000, 1.00000000000000000, 0.00000000000000000, 39.95284300000002986]
    [0.00000000000000000, 0.00000000000000000, 1.00000000000000000, 663.71992900001350790]
  #5 objects/buildingsets/citysets/lorville/skyline/rooftop/lorv_skyl_rooftop_sml_vent_01a.cgf
    [1.00000000000000000, 0.00000000000000000, 0.00000000000000000, 7.75270500000078755]
    [0.00000000000000000, 1.00000000000000000, 0.00000000000000000, 27.62146899999993366]
    [0.00000000000000000, 0.00000000000000000, 1.00000000000000000, 685.37573199998587370]
  #6 objects/buildingsets/citysets/lorville/skyline/rooftop/lorv_skyl_rooftop_med_vent_02a.cgf
    [1.00000000000000000, 0.00000000000000000, 0.00000000000000000, 11.67170400000031805]
    [0.00000000000000000, 1.00000000000000000, 0.00000000000000000, -20.66826000000014574]
    [0.00000000000000000, 0.00000000000000000, 1.00000000000000000, 709.35308799997437745]
  #7 objects/buildingsets/citysets/lorville/skyline/rooftop/lorv_skyl_rooftop_med_chimney_01a.cgf
    [-0.00000040513963935, -0.63291129657089207, 0.00000000000000000, 11.61396400000012363]
    [0.63291129657089207, -0.00000040513963935, 0.00000000000000000, -42.24986000000012609]
    [0.00000000000000000, 0.00000000000000000, 0.63291129657102174, 709.35308799997437745]
  #8 objects/buildingsets/citysets/lorville/skyline/building/lorv_skyl_bldg_slim_sml_03a_base.cgf
    [1.00000000000000000, 0.00000000000000000, 0.00000000000000000, 0.00000000000000000]
    [0.00000000000000000, 1.00000000000000000, 0.00000000000000000, 0.00000000000000000]
    [0.00000000000000000, 0.00000000000000000, 1.00000000000000000, 0.00000000000000000]
  #9 objects/buildingsets/citysets/lorville/skyline/rooftop/lorv_skyl_rooftop_med_vent_02a.cgf
    [-0.00000064012100026, -1.00000042674731060, 0.00000000000000000, -67.49971399999958521]
    [1.00000042674731060, -0.00000064012100026, 0.00000000000000000, -25.06604300000003605]
    [0.00000000000000000, 0.00000000000000000, 1.00000042674751533, 219.54361499997321516]
  #10 objects/buildingsets/citysets/lorville/skyline/rooftop/lorv_skyl_rooftop_med_chimney_01a.cgf
    [0.54153531789265330, 0.00000000000000000, 0.00000000000000000, -56.68044200000076671]
    [0.00000000000000000, 0.54153531789265330, 0.00000000000000000, -24.24570800000014970]
    [0.00000000000000000, 0.00000000000000000, 0.54153531789265330, 225.62396700005047023]
  #11 objects/buildingsets/citysets/lorville/skyline/rooftop/lorv_skyl_rooftop_med_vent_02a.cgf
    [1.00000000000000000, 0.00000000000000000, 0.00000000000000000, -6.47386299999925541]
    [0.00000000000000000, 1.00000000000000000, 0.00000000000000000, 39.95284300000002986]
    [0.00000000000000000, 0.00000000000000000, 1.00000000000000000, 663.71992900001350790]
  #12 objects/buildingsets/citysets/lorville/skyline/rooftop/lorv_skyl_rooftop_sml_vent_01a.cgf
    [1.00000000000000000, 0.00000000000000000, 0.00000000000000000, -7.01047699999980978]
    [0.00000000000000000, 1.00000000000000000, 0.00000000000000000, 25.41648499999996602]
    [0.00000000000000000, 0.00000000000000000, 1.00000000000000000, 685.37573199998587370]
