# IncludedObjects
# Cgfs: 89, Materials: 8, Palettes: 19, Placements: 116

[CGFs]
      0: objects/spaceships/derelicts/habs/ext/addon/antenna/drlct_hab_antenna_b.cgf
      1: objects/spaceships/derelicts/metal_beam/derelicts_metal_beam_04x0016x0024_a_brk_a.cgf
      2: objects/buildingsets/human/colonialism/ruin/structure/col_a_ruin_struct_sheet_4m_a.cgf
      3: objects/buildingsets/human/colonialism/props/dressing/sacks/sack_opened_1_a.cgf
      4: objects/buildingsets/human/colonialism/ruin/structure/col_a_ruin_struct_sheet_2m_bare_a.cgf
      5: objects/buildingsets/human/colonialism/col_a/ext/habitation/col_a_ext_hab_addon_fuel_tank_a.cgf
      6: objects/buildingsets/human/colonialism/props/dressing/cloth/cloth_col_1_a.cgf
      7: objects/buildingsets/human/lowtech/prop/kiosk/panel/kiosk_panel_02x001x01_a_broken.cgf
      8: objects/buildingsets/human/colonialism/col_a/ext/addons/col_a_ext_adn_floorplate_metal_05x4m_b.cgf
      9: objects/buildingsets/human/shop/alpha/shippart/dumpersdepot/prop/prop_crate_dumper_tarp_c.cgf
     10: objects/buildingsets/human/colonialism/col_a/int/addons/col_a_int_addon_cable_floor_b.cgf
     11: objects/buildingsets/human/lowtech/prop/storage/box/box_plastic_3_005x0025x0025_a.cgf
     12: objects/spaceships/derelicts/habs/ext/addon/plate/hab_building_metal_panel_3_a.cgf
     13: objects/spaceships/derelicts/metal_beam/derelicts_metal_beam_02x0016x0024_a_brk_b.cgf
     14: objects/spaceships/derelicts/metal_beam/derelicts_metal_beam_02x0016x0024_b_brk_a.cgf
     15: objects/spaceships/derelicts/habs/ext/addon/tarp/drlct_hab_tarp_sml_f.cgf
     16: objects/buildingsets/human/colonialism/col_a/int/corridor/corridor_a_int_addon_c.cgf
     17: objects/spaceships/derelicts/habs/ext/addon/plate/drlct_hab_plate_grp_e.cgf
     18: objects/buildingsets/human/universal/prop/dressing/linen/linen_towel_1_a.cgf
     19: objects/buildingsets/human/colonialism/ruin/structure/col_a_ruin_struct_grate_4m_a.cgf
     20: objects/spaceships/derelicts/habs/ext/addon/tarp/drlct_hab_tarp_sml_c.cgf
     21: objects/buildingsets/human/shop/alpha/shippart/dumpersdepot/prop/prop_crate_dumper_tarp_d.cgf
     22: objects/buildingsets/human/colonialism/col_a/ext/addons/col_a_cables_a.cgf
     23: objects/buildingsets/human/universal/prop/storage/box_cardboard/box_cardboard_005x005x004_a.cgf
     24: objects/spaceships/derelicts/habs/ext/addon/tarp/drlct_hab_tarp_sml_b.cgf
     25: objects/spaceships/derelicts/habs/ext/addon/tent/drlct_hab_tent_tarp_ceilling_sm_01.cgf
     26: objects/buildingsets/human/colonialism/col_a/ext/tradingpost/col_a_trdpst_tarp_pole_b.cgf
     27: objects/buildingsets/human/colonialism/props/dressing/sacks/sack_slumped_1_a.cgf
     28: objects/buildingsets/human/colonialism/props/dressing/sacks/sack_laying_1_a.cgf
     29: objects/buildingsets/human/universal/prop/junk/scrap/scrap_pile_1_small_a.cgf
     30: objects/buildingsets/human/colonialism/col_a/ext/tradingpost/col_a_trdpst_storage_int_light_ceiling_b.cgf
     31: objects/buildingsets/human/universal/prop/junk/scrap/scrap_pile_2_small_a.cgf
     32: objects/buildingsets/human/lowtech/prop/storage/drum/drum_dry_1_a.cgf
     33: objects/spaceships/derelicts/metal_beam/derelicts_metal_beam_04x02x0024_a_brk_b.cgf
     34: objects/buildingsets/human/colonialism/props/addons/addons_solar_1_small_d.cgf
     35: objects/buildingsets/human/shop/alpha/shippart/dumpersdepot/prop/prop_crate_dumper_pallet_a.cgf
     36: objects/buildingsets/human/colonialism/col_a/int/garage/col_garage_sml_a_int_addon_c.cgf
     37: objects/buildingsets/human/colonialism/col_a/int/addons/col_a_int_addn_gen_m.cgf
     38: objects/buildingsets/human/colonialism/col_a/ext/addons/col_a_ext_adn_floorplate_metal_2x4m_a.cgf
     39: objects/buildingsets/human/colonialism/col_a/int/garage/col_garage_sml_double_tanks_wall_a.cgf
     40: objects/buildingsets/human/universal/prop/mining/mining_consumable_pl03_inertmaterials_a.cgf
     41: objects/spaceships/derelicts/metal_beam/derelicts_metal_beam_02x0016x0024_a_brk_a.cgf
     42: objects/buildingsets/human/lowtech/prop/storage/crate/crate_metal_3_01x005x0037_a.cgf
     43: objects/spaceships/derelicts/habs/ext/addon/plate/drlct_hab_plate_med_g.cgf
     44: objects/buildingsets/human/universal/utensil/mug/utensil_mug_a.cgf
     45: objects/buildingsets/human/colonialism/col_a/ext/addons/col_a_ext_adn_fluff_a.cgf
     46: objects/buildingsets/human/colonialism/ruin/structure/col_a_ruin_struct_sheet_4m_b.cgf
     47: objects/buildingsets/human/colonialism/ruin/structure/col_a_ruin_struct_addon_bar_4m_b.cgf
     48: objects/buildingsets/human/colonialism/ruin/structure/col_a_ruin_struct_sheet_4m_bare_a.cgf
     49: objects/spaceships/derelicts/habs/ext/addon/tarp/drlct_hab_tarp_sml_d.cgf
     50: objects/spaceships/derelicts/habs/ext/addon/plate/drlct_hab_plate_grp_b.cgf
     51: objects/buildingsets/human/colonialism/col_a/ext/addons/col_a_ext_adn_anten_a.cgf
     52: objects/buildingsets/human/lowtech/prop/storage/crate/crate_metal_4_010x010x0075_stackable_a.cgf
     53: objects/buildingsets/human/colonialism/ruin/structure/col_a_ruin_struct_sheet_4m_bare_c.cgf
     54: objects/buildingsets/human/universal/prop/storage/bag/bag_satchel_1_a.cgf
     55: objects/buildingsets/human/shop/alpha/shippart/dumpersdepot/prop/prop_crate_dumper_tarp_wind_a.cgf
     56: objects/spaceships/derelicts/habs/ext/addon/plate/drlct_hab_plate_grp_g.cgf
     57: objects/spaceships/derelicts/habs/ext/building/sml_e/drlct_hab_base_sml_e.cgf
     58: objects/buildingsets/human/colonialism/ruin/structure/col_a_ruin_struct_addon_bar_2m_c.cgf
     59: objects/spaceships/derelicts/metal_beam/derelicts_metal_beam_04x02_a_brk_a.cgf
     60: objects/spaceships/derelicts/habs/ext/addon/signs/drlct_habs_sign_scrap_cable_a.cgf
     61: objects/buildingsets/human/colonialism/col_a/int/habitation/col_a_hab_a_int_water_tank_a.cgf
     62: objects/buildingsets/human/lowtech/prop/machine/generator/generator_mobile_1_pirate_a.cgf
     63: objects/buildingsets/human/colonialism/col_a/ext/garage/col_garage_sml_a_ext_addon_a.cgf
     64: objects/buildingsets/human/colonialism/col_a/int/hub/col_a_hub_int_light_a.cgf
     65: objects/spaceships/derelicts/metal_beam/derelicts_metal_beam_04x04x0024_a_brk_a.cgf
     66: objects/buildingsets/human/colonialism/col_a/ext/garage/col_garage_sml_a_ext_addon_b.cgf
     67: objects/buildingsets/human/universal/prop/bucket_2/bucket_2_a.cgf
     68: objects/buildingsets/human/colonialism/ruin/structure/col_a_ruin_struct_sheet_4x1m_a.cgf
     69: objects/spaceships/derelicts/habs/ext/addon/canope/drlct_hab_canope_c.cgf
     70: objects/buildingsets/human/colonialism/props/addons/addons_solar_1_small_b.cgf
     71: objects/spaceships/derelicts/habs/ext/addon/tarp/drlct_hab_tarp_sml_a.cgf
     72: objects/buildingsets/human/lowtech/prop/storage/box/box_plastic_2_005x0025x0025_a.cgf
     73: objects/buildingsets/human/colonialism/col_a/ext/tradingpost/col_a_trdpst_storage_int_light_ceiling_a.cgf
     74: objects/buildingsets/human/colonialism/col_a/ext/addons/col_a_ext_adn_fluff_c.cgf
     75: objects/buildingsets/human/universal/prop/mining/mining_consumable_1_greycat_a.cgf
     76: objects/buildingsets/human/lowtech/bravo/int/prop/light/light_b.cgf
     77: objects/buildingsets/human/colonialism/props/furniture/bench/bench_simple_1_a.cgf
     78: objects/buildingsets/human/colonialism/col_a/int/habitation/col_a_hab_a_int_cable_vent_unit_a.cgf
     79: objects/buildingsets/human/shop/alpha/shippart/dumpersdepot/prop/prop_crate_dumper_tarp_e.cgf
     80: objects/buildingsets/human/lowtech/prop/storage/box/box_fabric_1_005x005x005_a.cgf
     81: objects/buildingsets/human/lowtech/bravo/pod/pod_exterior_front_a.cgf
     82: objects/buildingsets/human/colonialism/ruin/structure/col_a_ruin_struct_sheet_2m_a.cgf
     83: objects/buildingsets/human/universal/prop/crates/crate_basket_1_b.cgf
     84: objects/buildingsets/human/colonialism/col_a/int/garage/col_garage_sml_a_int_floor_cables_c.cgf
     85: objects/spaceships/derelicts/metal_beam/derelicts_metal_beam_04x0016x0024_a_brk_b.cgf
     86: objects/buildingsets/human/colonialism/ruin/structure/col_a_ruin_struct_addon_bar_4m_e.cgf
     87: objects/spaceships/derelicts/habs/ext/addon/plate/drlct_hab_plate_grp_d.cgf
     88: objects/buildingsets/human/universal/prop/crates/crate_basket_1_a.cgf

[Materials]
      0: objects/spaceships/derelicts/habs/drlct_hab_ext_01a
      1: objects/spaceships/derelicts/materials/habitation/derelict_col_a_organic_01
      2: materials/decals/dirty_rust/dirty_rust_c
      3: materials/decals/chipped_paint/chipped_paint002a
      4: materials/decals/dirty_rust/dirty_rust_e
      5: materials/decals/manmade_marking/habs/paintstrip_02_c
      6: materials/decals/manmade_marking/habs/paintstrip_03_a
      7: objects/spaceships/derelicts/materials/decals/footprints_01_noheight

[Palettes]
      0: Libs/Foundry/Records/TintPalettes/Brand/AEGS/Reclaimer/aegs_reclaimer_derelict
      1: Libs/Foundry/Records/TintPalettes/Brand/AEGS/Reclaimer/aegs_reclaimer_default
      2: Libs/Foundry/Records/TintPalettes/Brand/DRAK/drak_cutlass_black_default
      3: Libs/Foundry/Records/TintPalettes/Generic/gen_grey_darkgrey_orange_a<232>
      4: Libs/Foundry/Records/TintPalettes/default
      5: Libs/Foundry/Records/TintPalettes/no_tint
      6: Libs/Foundry/Records/TintPalettes/generic/gen_grey_darkgrey_red_a<222>
      7: Libs/Foundry/Records/TintPalettes/Brand/Colonialism/col_default
      8: Libs/Foundry/Records/TintPalettes/Generic/gen_beige_burgundy_red
      9: Libs/Foundry/Records/TintPalettes/Brand/Derelict_Habs/derelict_habs_reclaimer_root
     10: Libs/Foundry/Records/TintPalettes/Brand/Derelict_Habs/derelict_habs_reclaimer_root|exterior_b<213>
     11: Libs/Foundry/Records/TintPalettes/Brand/Derelict_Habs/derelict_hab_b_red
     12: Libs/Foundry/Records/TintPalettes/Generic/gen_grey_darkgrey_lightteal_a
     13: Libs/Foundry/Records/TintPalettes/Generic/gen_darkgreen_darkgreen_yellow
     14: Libs/Foundry/Records/TintPalettes/Brand/Derelict_Habs/derelict_habs_reclaimer_root|exterior
     15: Libs/Foundry/Records/TintPalettes/Generic/gen_grey_darkgrey_blue_a<222>
     16: Libs/Foundry/Records/TintPalettes/Generic/gen_grey_darkgrey_orange_a<111>
     17: Libs/Foundry/Records/TintPalettes/Generic/gen_grey_darkgrey_orange_a<311>
     18: Libs/Foundry/Records/TintPalettes/Brand/Derelict_Habs/derelict_habs_reclaimer_root|exterior_b

[Placements]
  #0 objects/spaceships/derelicts/habs/ext/addon/antenna/drlct_hab_antenna_b.cgf
    [0.010500171698637763, -0.75362648663188747, -0.007653950847295728, 3.0989683621536819]
    [0.75365753322911555, 0.010534391069789277, -0.0033267302550160876, 0.46882266447952936]
    [0.0034332089508245364, -0.0076067847387997429, 0.75369228988005044, 3.7290979508435669]
  #1 objects/spaceships/derelicts/metal_beam/derelicts_metal_beam_04x0016x0024_a_brk_a.cgf
    [-0.62350930996139109, -0.011880499836911008, 0.044340418887375048, 2.142243664216644]
    [0.045344240007968072, -0.065342226328858277, 0.62011722439269534, -3.7361001022080784]
    [-0.0071497497566359756, 0.62165933260430184, 0.066027523779133138, 2.3092523144635582]
  #2 objects/buildingsets/human/colonialism/ruin/structure/col_a_ruin_struct_sheet_4m_a.cgf
    [0.5396398485008046, 0.0012842289460750847, -0.070700099163544625, 0.24764733218493359]
    [-0.0017262380387489575, 0.54424030907535892, -0.0032902029547835841, -1.5832102945728437]
    [0.070690687986145376, 0.0034865583695319591, 0.53963134628973652, -0.090401078766680243]
  #3 objects/buildingsets/human/colonialism/props/dressing/sacks/sack_opened_1_a.cgf
    [-0.97437002608714784, 0.22494970682475671, -4.4326735664791293E-07, 4.4835233143132216]
    [-0.22494970682511647, -0.97437002608655299, 1.0926583341158682E-06, 1.7427560785956608]
    [-1.861133173745692E-07, 1.1643667882923856E-06, 0.99999965916815114, -0.17232425727566891]
  #4 objects/buildingsets/human/colonialism/ruin/structure/col_a_ruin_struct_sheet_2m_bare_a.cgf
    [0.02024453278002826, -0.9997635514035349, -0.0079783785972940939, 0.89406748724635143]
    [0.17338783063511615, -0.0043483336720068367, 0.98484435649977564, -3.9040809896481745]
    [-0.98464586193600523, -0.021321060639665414, 0.1732587466566495, 0.70402840424427282]
  #5 objects/buildingsets/human/colonialism/col_a/ext/habitation/col_a_ext_hab_addon_fuel_tank_a.cgf
    [0.017246910838128141, 2.5731752033459911, 0.0048866255131902224, 4.1230482338757115]
    [-2.5718726800858476, 0.017082375418791318, 0.082043110832883862, 3.7881843620789586]
    [0.082008680343162749, -0.0054339205382466565, 2.571924767759159, -0.1647005295650894]
  #6 objects/buildingsets/human/colonialism/props/dressing/cloth/cloth_col_1_a.cgf
    [-1.0000006765744882, 1.0437338709879766E-08, -1.9922464366288187E-06, 3.8640416996985665]
    [-1.0437328158486138E-08, -1.0000006765764726, -5.2962431181978308E-09, 1.6510128185510815]
    [-1.9922464366840969E-06, -5.2962223244715574E-09, 1.0000006765744887, 0.21665408153486165]
  #7 objects/buildingsets/human/lowtech/prop/kiosk/panel/kiosk_panel_02x001x01_a_broken.cgf
    [-0.48477547780817543, -0.015132158439555191, -0.25413327086286241, 2.8432962732811067]
    [-0.2543751001396185, 0.0066852074311759884, 0.48483871740322354, 4.0242335034994943]
    [-0.010296116134535703, 0.54730822325742923, -0.012948521536523093, 1.5627124576206457]
  #8 objects/buildingsets/human/colonialism/col_a/ext/addons/col_a_ext_adn_floorplate_metal_05x4m_b.cgf
    [0.00085871437915827022, 1.404099784365783, -0.0004195123463626227, 3.840781301353577]
    [-1.4038863389941261, 0.0008512681393011318, -0.024485513375402272, 1.7805381479345794]
    [-0.024485253364362389, 0.00043442323687243792, 1.403886534404104, -0.34168580553565331]
  #9 objects/buildingsets/human/shop/alpha/shippart/dumpersdepot/prop/prop_crate_dumper_tarp_c.cgf
    [7.8939515409515588E-05, 0.46415469730747716, 0.0029601566554603195, 7.3735746990099731]
    [-0.46409658090248701, 2.8424419533337985E-05, 0.0079192536353716973, -3.2644652629109907]
    [0.0079189112030556667, -0.0029610725969373506, 0.46408714126325612, -0.14913999405124923]
  #10 objects/buildingsets/human/colonialism/col_a/int/addons/col_a_int_addon_cable_floor_b.cgf
    [0.37460602065882154, -0.91816088733607959, -0.12903629627491883, -1.4995258264253923]
    [0.92718379018454733, 0.37096008273417164, 0.052137201122008592, -3.3995257009877631]
    [-3.0237043773054334E-06, -0.13917130985962092, 0.99026804351487452, -0.15928537419303623]
  #11 objects/buildingsets/human/lowtech/prop/storage/box/box_plastic_3_005x0025x0025_a.cgf
    [0.99939086778590647, -0.03489833748046179, 6.352521331201281E-07, 2.7561877543582525]
    [0.0348983374788999, 0.99939086778346309, 2.3229745999622378E-06, -2.8624290414669282]
    [-7.1593313192306793E-07, -2.2993903573160907E-06, 1.0000000002836855, 0.31206450241842498]
  #12 objects/spaceships/derelicts/habs/ext/addon/plate/hab_building_metal_panel_3_a.cgf
    [0.54733597998983408, -0.015398288323424856, 0.0024858788370337205, 3.5724549841108262]
    [-0.015540583500078906, -0.54582136744948928, 0.040712245926292134, 3.624343402318007]
    [0.001333094655607622, -0.040766277983089072, -0.54603689921685772, 1.6978947049174256]
  #13 objects/spaceships/derelicts/metal_beam/derelicts_metal_beam_02x0016x0024_a_brk_b.cgf
    [-0.77370318396786708, -0.11220148838797267, 0.076392041302948646, 5.9653091970191019]
    [0.13465701365927374, -0.69014063372757206, 0.35016414608493873, -3.1235157162437135]
    [0.017099901849833614, 0.3579919922771343, 0.69899274794170585, -0.095937740710129837]
  #14 objects/spaceships/derelicts/metal_beam/derelicts_metal_beam_02x0016x0024_b_brk_a.cgf
    [-0.62351013207294004, -0.044730287695773051, -0.010323829621371577, 1.1491410292469715]
    [0.045346327713923176, -0.62202081594697867, -0.043658675936509406, -3.6615680049695691]
    [-0.0071477729580071928, -0.044289623890038134, 0.6235860834322976, 1.1564674841163658]
  #15 objects/spaceships/derelicts/habs/ext/addon/tarp/drlct_hab_tarp_sml_f.cgf
    [0.70283542433771484, 0.021252465039144047, -0.034462249859735727, 1.9897313675416053]
    [-0.022879862466033827, 0.70284587903772555, -0.033183276704281971, -0.044475374910867532]
    [0.033403979241555512, 0.034248367684570395, 0.70237324203117446, 4.5645717124160043]
  #16 objects/buildingsets/human/colonialism/col_a/int/corridor/corridor_a_int_addon_c.cgf
    [-0.72718316222647006, 9.9205306843771747E-09, -9.4096247784041679E-07, 4.9811613701648945]
    [-9.9213356933220231E-09, -0.72718316222681278, 6.2211720501352244E-07, -4.055264172454879]
    [-9.4096246935289435E-07, 6.2211721785103891E-07, 0.72718316222620361, -0.12807248395492365]
  #17 objects/spaceships/derelicts/habs/ext/addon/plate/drlct_hab_plate_grp_e.cgf
    [-1.0058271072628506, -0.045149912121149473, 0.019754446683063333, 6.2905775102937938]
    [0.045141208763986675, -1.006021077248632, -0.00088647384822599696, -0.081858956360044657]
    [0.019774326780643763, 9.9475627717179362E-08, 1.0068395594301087, 3.451309514296812]
  #18 objects/buildingsets/human/universal/prop/dressing/linen/linen_towel_1_a.cgf
    [-0.89945307981227329, 0.031408514853007642, 6.0355069492057458E-07, 2.7295260696504076]
    [-0.031408514851536444, -0.89945307981012113, 2.0804776388130481E-06, -2.8855572657364257]
    [6.7578818507652813E-07, 2.0581474621249071E-06, 0.90000129865724465, 0.56206493675540381]
  #19 objects/buildingsets/human/colonialism/ruin/structure/col_a_ruin_struct_grate_4m_a.cgf
    [-0.0090954965565554647, -0.66797923701104289, 0.027470271245323436, 8.0240797940525947]
    [0.66829577490988423, -0.0098327895771037552, -0.017823535689835485, 0.81988328650998554]
    [0.018210824191785699, 0.027215071358244788, 0.66780334733436197, -0.17154719162745291]
  #20 objects/spaceships/derelicts/habs/ext/addon/tarp/drlct_hab_tarp_sml_c.cgf
    [0.49559071755407652, 0.070285370058774971, 0.019715130676275505, 2.6919917532214934]
    [-0.069780343017980306, 0.49586549010380981, -0.013674735830996236, -2.4632829918209969]
    [-0.021434163155452754, 0.010782459248964657, 0.50036306235574179, 3.2314612196213313]
  #21 objects/buildingsets/human/shop/alpha/shippart/dumpersdepot/prop/prop_crate_dumper_tarp_d.cgf
    [7.8939515409515588E-05, 0.46415469730747716, 0.0029601566554603195, 7.3574376924256164]
    [-0.46409658090248701, 2.8424419533337985E-05, 0.0079192536353716973, 2.2426554505909397]
    [0.0079189112030556667, -0.0029610725969373506, 0.46408714126325612, -0.21240975713214905]
  #22 objects/buildingsets/human/colonialism/col_a/ext/addons/col_a_cables_a.cgf
    [-0.99956398762335019, 0.028069663567497575, 0.0091358396712956039, 1.6259914720756443]
    [-0.026872220531056847, -0.99335253728887019, 0.11192924264140665, 2.2709627278449354]
    [0.012216928542901694, 0.11163496576680686, 0.9936739485404692, 1.0701508914771405]
  #23 objects/buildingsets/human/colonialism/col_a/ext/addons/col_a_ext_adn_floorplate_metal_05x4m_b.cgf
    [0.00085871437915827022, 1.404099784365783, -0.0004195123463626227, 3.6875805720055737]
    [-1.4038863389941261, 0.0008512681393011318, -0.024485513375402272, -2.8539334763809663]
    [-0.024485253364362389, 0.00043442323687243792, 1.403886534404104, -0.34168429512896914]
  #24 objects/buildingsets/human/universal/prop/storage/box_cardboard/box_cardboard_005x005x004_a.cgf
    [0.052338493249236222, -0.99862929936688882, 6.5001033998778986E-07, 3.9153781591481041]
    [0.99862929936089984, 0.052338493251193878, 3.4898766736814111E-06, 1.6880702261058456]
    [-3.5191140192605232E-06, 4.6646453138552644E-07, 0.99999989770870701, -0.14425859321971046]
  #25 objects/spaceships/derelicts/habs/ext/addon/tarp/drlct_hab_tarp_sml_b.cgf
    [0.55773294543929053, 0.14648793438695035, -0.038217813023755695, 6.1249537493880712]
    [-0.14900896213228504, 0.55695618176435879, -0.039768019568323584, 0.64799130538488769]
    [0.026751548694112361, 0.048233300272445108, 0.575276679493403, 3.6974445518601833]
  #26 objects/spaceships/derelicts/habs/ext/addon/tent/drlct_hab_tent_tarp_ceilling_sm_01.cgf
    [0.0033451915409081021, -1.5735351078973394, 0.19103681538808565, 7.2641887407898444]
    [1.58485319269398, 2.3752627176136812E-05, -0.027556269142785257, -0.54532591492018045]
    [0.027352481181997953, 0.19106610001745364, 1.5732973584554406, 3.4713859082428353]
  #27 objects/buildingsets/human/colonialism/col_a/ext/tradingpost/col_a_trdpst_tarp_pole_b.cgf
    [-7.9110173389086772E-07, 0.80163824995408328, -2.3011288236878003E-07, 7.3916124392920795]
    [-0.80163824995312594, -7.9110209567474688E-07, -1.2600982261537449E-06, -3.0358732175781693]
    [-1.2600984532415243E-06, 2.3011163883254733E-07, 0.80163824995348321, 3.8656987888886167]
  #28 objects/buildingsets/human/colonialism/props/dressing/sacks/sack_slumped_1_a.cgf
    [0.069549567666744597, -0.99755938489049711, 0.006080327268391336, 2.0765328927497162]
    [0.99513687209138901, 0.069804224444688825, 0.069489676782028692, 1.9550891502698089]
    [-0.069744552238610286, 0.0012177815885130671, 0.99756355866003199, -0.12264456071067542]
  #29 objects/buildingsets/human/colonialism/props/dressing/sacks/sack_laying_1_a.cgf
    [-0.99999879084513743, -1.8561107312409968E-08, -9.2963561386987422E-07, 2.7794346290892089]
    [2.2720802253398096E-07, -0.9743688557581669, -0.2249509160262981, 1.7146270234915804]
    [-9.0163374148047433E-07, -0.22495091602641207, 0.97436885575774934, -0.14243864824372654]
  #30 objects/buildingsets/human/universal/prop/junk/scrap/scrap_pile_1_small_a.cgf
    [0.22623454478532265, -0.84936414350226874, 0.016556503942794613, 9.6968556867633477]
    [0.84938721758044866, 0.22646388164743259, 0.011449902379219336, 2.0970311674016129]
    [-0.015327123053393456, 0.013049804067784354, 0.8789029623667628, -0.24427534269770756]
  #31 objects/buildingsets/human/colonialism/col_a/ext/tradingpost/col_a_trdpst_storage_int_light_ceiling_b.cgf
    [-9.8451472690054162E-07, 0.99999990633609959, -5.0773597250585831E-07, 4.3820376205713796]
    [-0.99999990633521185, -9.8451545087690821E-07, -1.4259707228141991E-06, 0.15643500963235379]
    [-1.4259712226872808E-06, 5.0773456861578814E-07, 0.99999990633556735, 3.6578368814325772]
  #32 objects/buildingsets/human/universal/prop/junk/scrap/scrap_pile_2_small_a.cgf
    [0.031717928701620692, -0.93400630280593966, -0.061293682878877341, 9.4745897653209354]
    [0.93549683483454127, 0.029591292118639947, 0.033177457535239423, -3.3398865409366505]
    [-0.031150622090613252, -0.062348199594910461, 0.93395559690696162, -0.24427309580176626]
  #33 objects/buildingsets/human/lowtech/prop/storage/drum/drum_dry_1_a.cgf
    [-0.81276430810045275, 0.57164899981630257, -0.11238127820975381, 7.3766206934973999]
    [-0.5730997017232744, -0.81918456261010897, -0.022166088311273313, 3.6548991573109419]
    [-0.10473233773639892, 0.046389919113425125, 0.99341686317575817, -0.22737377884032117]
  #34 objects/spaceships/derelicts/metal_beam/derelicts_metal_beam_04x02x0024_a_brk_b.cgf
    [0.62028951360621964, 0.021355509486878841, 0.075210988754978766, 5.6375300695444794]
    [-0.077910630878581383, 0.11857888317936066, 0.60888489336230323, 1.9096883076303777]
    [0.0065333154712715665, -0.61347764587088072, 0.12030928937726081, 2.9414801178492538]
  #35 objects/buildingsets/human/colonialism/props/addons/addons_solar_1_small_d.cgf
    [-0.37168011618402558, 0.67172788889956336, -0.04075423954874887, 6.1110146981978355]
    [-0.67294974749923764, -0.37069788455883751, 0.027332933570086478, 1.4912187046757643]
    [0.0042310882020164566, 0.048888599809877191, 0.76721403547803269, 3.247975116461066]
  #36 objects/buildingsets/human/shop/alpha/shippart/dumpersdepot/prop/prop_crate_dumper_pallet_a.cgf
    [-2.8136974073051969E-07, 0.059834064335355534, -0.56927788097034104, 2.2328071217610579]
    [-0.5724136799698516, 5.5180960364008952E-07, 3.4091768969610602E-07, 3.627619595994525]
    [5.84422603090614E-07, 0.5692778809701432, 0.059834064335045824, 0.48108408290319327]
  #37 objects/buildingsets/human/colonialism/col_a/int/garage/col_garage_sml_a_int_addon_c.cgf
    [0.0011217444759645105, 0.46086173741913439, 0.0079664358764016969, 5.3481586023088914]
    [0.06414143046834106, -0.0080450237359750449, 0.45637639938847396, -4.0297682128476895]
    [0.45644592452450594, -2.0808106832316652E-06, -0.064151238560643559, 1.7889213290711909]
  #38 objects/buildingsets/human/colonialism/col_a/int/addons/col_a_int_addn_gen_m.cgf
    [0.66032160081454205, -0.021092920095218855, 0.024548374150426853, 6.2873491875008671]
    [-0.032091597617779952, -0.49180586263460446, 0.44064642662164349, -3.1464331448897074]
    [0.0042027745491678391, -0.44130967885821587, -0.49224003746749367, 3.2402696475614352]
  #39 objects/buildingsets/human/colonialism/col_a/ext/addons/col_a_ext_adn_floorplate_metal_2x4m_a.cgf
    [-0.99984691037853002, -0.017430535267528711, 0.00091216802230922856, 3.7568761200326777]
    [0.017454386509868754, -0.9984766319567131, 0.052328382658442779, -0.56846990208278214]
    [-1.3332657268708354E-06, 0.052336332316773419, 0.99862876391658006, -0.19302231482539511]
  #40 objects/buildingsets/human/colonialism/col_a/int/garage/col_garage_sml_double_tanks_wall_a.cgf
    [-8.5126601940293682E-05, 2.0478943738438118E-05, 0.66528331246927264, 6.992383519370911]
    [0.025644094510672736, 0.66478889403893138, -1.7182423666999363E-05, -2.5628641056001058]
    [-0.66478888881072828, 0.025644092090008997, -8.5852721631118838E-05, 4.5856275888864086]
  #41 objects/buildingsets/human/universal/prop/mining/mining_consumable_pl03_inertmaterials_a.cgf
    [0.95630459324418859, -1.3486634437368055E-06, 0.29237283584594992, 2.8774371282118563]
    [-0.29237283584111845, 2.9595236401682385E-06, 0.95630459324203732, 1.8450828319853845]
    [-2.1550169880901551E-06, -1.0000001750958731, 2.4358930687397995E-06, 0.47260972014443947]
  #42 objects/spaceships/derelicts/metal_beam/derelicts_metal_beam_02x0016x0024_a_brk_a.cgf
    [-0.74743029959793084, -0.20715793156486581, 0.12438142946409179, 6.0309468457688604]
    [0.24102430295645522, -0.66780799892284592, 0.33612045954067732, -3.0903144812521943]
    [0.01710070145109106, 0.35798780611530279, 0.69899177251627942, -0.096840401026546452]
  #43 objects/buildingsets/human/lowtech/prop/storage/crate/crate_metal_3_01x005x0037_a.cgf
    [0.99862950625172342, -0.052336502036459114, 2.174476936161128E-06, 1.4271202741288767]
    [0.052336502035871708, 0.99862950625406843, 3.2620271150881866E-07, -2.874964452754587]
    [-2.1885691377684362E-06, -2.1195113611376667E-07, 1.0000000001009335, -0.23721568395437309]
  #44 objects/spaceships/derelicts/habs/ext/addon/plate/drlct_hab_plate_med_g.cgf
    [0.9964668525872622, -0.026422520983628982, 0.022098591602171848, 5.2508008456484019]
    [0.027662011406172832, 0.9950105686074292, -0.057632171185715522, 0.80305335532873157]
    [-0.020525849334306689, 0.058210861662446982, 0.99514967254414322, -0.38953124032156961]
  #45 objects/buildingsets/human/universal/utensil/mug/utensil_mug_a.cgf
    [0.73135308920010533, -0.68199710870844321, -2.021072825165121E-06, 2.7775757495000963]
    [0.68199710870358199, 0.73135308920269348, -2.6324655998908619E-06, 1.4955622327670215]
    [3.2734560418829545E-06, 5.4689673713568655E-07, 0.99999869868029501, 0.31141174021648865]
  #46 objects/buildingsets/human/colonialism/col_a/ext/addons/col_a_ext_adn_fluff_a.cgf
    [0.16008802645767542, 0.4278987613745952, -0.016038587086005234, 3.0518042292899876]
    [-0.42813174511332336, 0.16025447585195776, 0.0021152475921567939, -0.22631640732778546]
    [0.0076023080606136125, 0.014279897066961944, 0.4568599916042661, 4.1631963625108579]
  #47 objects/spaceships/derelicts/habs/ext/addon/plate/drlct_hab_plate_med_g.cgf
    [0.01089230319248749, 0.89918594736058299, 0.039117294495409946, 7.7619966793784947]
    [-0.90003471949264069, 0.010957704234558335, -0.0012670256266052041, -2.9682915009422577]
    [-0.0017419435104098827, -0.039099024481253304, 0.89925102437842541, -0.1184620612345535]
  #48 objects/spaceships/derelicts/habs/ext/addon/tarp/drlct_hab_tarp_sml_b.cgf
    [-0.032546773501003157, -0.65338918013128056, -0.034109785290427866, 3.656455994224495]
    [0.6541417555672302, -0.033194960542773842, 0.011698241256593092, 1.6884397689526633]
    [-0.013396334894595963, -0.033479314695022903, 0.65409469064460002, 3.4777797944944924]
  #49 objects/spaceships/derelicts/metal_beam/derelicts_metal_beam_04x02x0024_a_brk_b.cgf
    [0.62296243036920729, -0.0010909222751465416, -0.052803679980193814, 5.7061366644757534]
    [-0.044184535943948972, 0.3316620573237255, -0.52812840758435076, -3.6710406060977236]
    [0.028933467028322283, 0.52997235588543101, 0.33039940203538137, 2.5879954992229117]
  #50 objects/buildingsets/human/colonialism/ruin/structure/col_a_ruin_struct_sheet_4m_b.cgf
    [-0.0091804459065382045, -0.63726690103848849, -0.0071714410210329295, 8.089865605816005]
    [0.63728115757039017, -0.009114586992971201, -0.0058705895999219288, -2.0615941359867174]
    [0.0057670556838197509, -0.0072549608757447922, 0.63730598610399902, -0.021024749611342042]
  #51 objects/buildingsets/human/colonialism/ruin/structure/col_a_ruin_struct_addon_bar_4m_b.cgf
    [0.0024491253164633619, -0.60334619115324784, -0.0055524767276467638, 4.1260964697667504]
    [0.0077595801704597334, -0.005520567977584474, 0.60330155547333153, 4.3071678947292602]
    [-0.60332184221402163, -0.002520226543719804, 0.0077367795241859907, 1.5641826921814594]
  #52 objects/buildingsets/human/colonialism/ruin/structure/col_a_ruin_struct_sheet_4m_a.cgf
    [-0.0087356938247374477, -0.60651475333469129, -0.0068262285290913664, 8.0745779621005056]
    [0.60652833920404603, -0.0086730149999333581, -0.0055864396859643577, -0.83237296453990017]
    [0.005487909524985889, -0.006905689925117372, 0.60655193516373851, -0.021025541316505691]
  #53 objects/buildingsets/human/colonialism/ruin/structure/col_a_ruin_struct_sheet_4m_bare_a.cgf
    [0.53927647522498878, 0.023954089435911465, -0.069414722510797666, 0.39561183889678392]
    [-0.022149383156175914, 0.54358098469899585, 0.015506022459469693, 0.32273581690112019]
    [0.070011477114510265, -0.012539278528249643, 0.53958546904014937, -0.032238828512149986]
  #54 objects/buildingsets/human/colonialism/ruin/structure/col_a_ruin_struct_addon_bar_4m_b.cgf
    [0.0013663936764834949, -0.31200360585050435, -0.0028253939006893094, 6.2848071799550631]
    [-0.0068766798400187804, -0.002854848075574421, 0.31193053884307853, -1.5218829610909899]
    [-0.31194061003464874, -0.0013037349571811243, -0.0068888338971614081, 4.1523729055136833]
  #55 objects/spaceships/derelicts/habs/ext/addon/tarp/drlct_hab_tarp_sml_d.cgf
    [-0.033558549974472329, -0.6440266135976096, 0.012441732976159138, 2.5844821758717225]
    [0.64355526601308044, -0.032987682774923213, 0.028278691444589301, -2.6128703986599473]
    [-0.027598828386148917, 0.013884731937644116, 0.64428004074980905, 3.6477351729780927]
  #56 objects/buildingsets/human/lowtech/prop/kiosk/panel/kiosk_panel_02x001x01_a_broken.cgf
    [0.5744237931449625, -0.069257583633482833, -0.1537969885610789, 3.3295775270327654]
    [-0.15908069977000958, -0.040999396247377487, -0.57569540659995455, 3.6584009640048465]
    [0.056066545656831467, 0.59324131458357998, -0.057741716648440383, 1.6781394339932394]
  #57 objects/spaceships/derelicts/habs/ext/addon/plate/drlct_hab_plate_grp_b.cgf
    [1.0976783114637565, -0.070702620254370935, -0.010453870276313894, 0.38087987545959967]
    [0.070721009720461386, 1.0977257240293918, 0.0016102672999117583, -1.3116624640701613]
    [0.010328731708500819, -0.0022789615672437272, 1.0999517912199517, 3.4554106814741035]
  #58 objects/spaceships/derelicts/metal_beam/derelicts_metal_beam_02x0016x0024_a_brk_a.cgf
    [-0.62351023975119402, -0.044341460756221321, -0.011879604762654832, 1.2855510805813535]
    [0.045345150133452292, -0.62011842794420247, -0.065339589142336979, -3.4892618532864401]
    [-0.0071489517194535251, -0.066024839325205573, 0.62166061666097017, 0.027394878907495368]
  #59 objects/buildingsets/human/colonialism/col_a/ext/addons/col_a_ext_adn_anten_a.cgf
    [-0.39097761270060721, 0.10476050463768589, -2.0562789399972348E-07, 1.4081447610103923]
    [-0.10476050463776077, -0.39097761270061709, 1.3729438554454886E-07, -0.18003336223757574]
    [-1.6308761493394439E-07, 1.8583597323439348E-07, 0.4047693873861879, 3.7079821856738153]
  #60 objects/buildingsets/human/colonialism/col_a/ext/habitation/col_a_ext_hab_addon_fuel_tank_a.cgf
    [1.2805210747380468E-06, 0.99999978753635022, -9.0681314296861751E-07, 0.034496040452415624]
    [0.99999978753676122, -1.2805210657267497E-06, 9.9133579695895195E-09, -3.160512757873299]
    [9.9121967759983747E-09, -9.0681315566214049E-07, -0.99999978753716989, 0.52224802954753846]
  #61 objects/buildingsets/human/lowtech/prop/storage/crate/crate_metal_4_010x010x0075_stackable_a.cgf
    [1.0295259739175942, -0.018046075999725783, 0.035690753069150316, 4.5724439178265426]
    [-0.035761795704628292, -0.0037586352751928015, 1.0296747973576175, 2.9898488212648346]
    [-0.017904878709764292, -1.0301375798826498, -0.0043821817064599511, 2.2498262669630229]
  #62 objects/buildingsets/human/colonialism/ruin/structure/col_a_ruin_struct_sheet_4m_bare_c.cgf
    [0.022763439547023191, -0.48176153935388233, 0.0074813411973889904, 2.5367230340661955]
    [0.013500165830306231, 0.0081244802542304734, 0.48209964093525098, 2.1083456497146713]
    [-0.48163045666702631, -0.022541904682642663, 0.013866909920216514, 4.3697571247460081]
  #63 objects/buildingsets/human/universal/prop/storage/bag/bag_satchel_1_a.cgf
    [0.94551762548896523, 0.32557094959924082, 1.2477575554179888E-06, 1.7041566379284587]
    [-0.32557094960053345, 0.94551762548878671, 1.0261258349001185E-06, -2.8274139441355022]
    [-8.4569998864064476E-07, -1.376453658996682E-06, 1.0000000116660948, 0.13778454531057349]
  #64 objects/buildingsets/human/lowtech/prop/storage/drum/drum_dry_1_a.cgf
    [0.35313308909691826, 0.92879934415139387, -0.11238005153407447, 7.4155789822219083]
    [-0.93537883282043544, 0.35295266916241258, -0.022165936402532067, 3.1076183642823971]
    [0.019077127413227774, 0.11294542013318558, 0.99341827624349144, -0.20606612062240215]
  #65 objects/buildingsets/human/shop/alpha/shippart/dumpersdepot/prop/prop_crate_dumper_tarp_wind_a.cgf
    [0.90718397513900473, 0.047267049675435421, 0.016534623177003438, 4.4550075579441968]
    [-0.048405973483150212, 0.90457415575865885, 0.069948487919969798, 4.1522865289384869]
    [-0.012823005879049491, -0.070723088493938976, 0.90571747679490888, 1.6740635526110759]
  #66 objects/spaceships/derelicts/habs/ext/addon/plate/drlct_hab_plate_grp_g.cgf
    [-0.030786356898243886, 0.68558603548180241, -0.022442514461445018, 3.703307966145124]
    [-0.68595326262256839, -0.030769853092035684, 0.0010079247103004869, 2.150441623414586]
    [6.7900302784104353E-07, 0.022465136703629426, 0.68627618048894812, 3.1806415782197961]
  #67 objects/spaceships/derelicts/habs/ext/building/sml_e/drlct_hab_base_sml_e.cgf
    [-0.034898242397920991, -0.99938975950451503, -3.0046499216805539E-07, 0.89678203668906031]
    [0.99938975950388198, -0.034898242398245953, 1.1544793209194039E-06, -2.7727634205580287]
    [-1.1642618040889573E-06, -2.5999262583505043E-07, 0.99999888936119496, -0.30529359450703542]
  #68 objects/buildingsets/human/colonialism/ruin/structure/col_a_ruin_struct_addon_bar_2m_c.cgf
    [-0.0086175299068903793, -0.78064439652363427, 0.036964123564838816, 5.9174639468641743]
    [-0.11672404405758065, 0.037837374263188769, 0.77187441512468435, 1.5623871613310756]
    [-0.77275320626543498, 0.0029902109424253072, -0.11700351670514861, -0.13805923920951724]
  #69 objects/spaceships/derelicts/metal_beam/derelicts_metal_beam_04x02_a_brk_a.cgf
    [0.61927045880153209, 0.074559150180940073, 0.042627247372433008, 5.9165408410865652]
    [-0.046255077055555982, 0.028084618785652615, 0.62285132437264978, 1.041904392714226]
    [0.072364472918961767, -0.62010018347882712, 0.033334602850495415, 3.9049953417332981]
  #70 objects/spaceships/derelicts/habs/ext/addon/signs/drlct_habs_sign_scrap_cable_a.cgf
    [0.9311848649756741, -0.7450783695057468, 0.076362334693148556, 6.2110481371453421]
    [0.61418901989926977, 0.82935294129206161, 0.60251454939302174, 1.4911452827283362]
    [-0.42865467535103957, -0.43024430000844793, 1.0291857204775194, 0.1258298850663877]
  #71 objects/buildingsets/human/colonialism/col_a/int/habitation/col_a_hab_a_int_water_tank_a.cgf
    [1.172464013168383, 2.3448204077188125E-06, -2.168188858858313E-08, 2.5694446793685453]
    [-2.3448204074838472E-06, 1.1724640131683832, 1.2705937095170843E-08, -3.9282021207567208]
    [2.1681913999247703E-08, -1.2705893733358406E-08, 1.1724640131707276, -0.19162843997951162]
  #72 objects/buildingsets/human/colonialism/col_a/ext/tradingpost/col_a_trdpst_storage_int_light_ceiling_b.cgf
    [-9.8451472690054162E-07, 0.99999990633609959, -5.0773597250585831E-07, 5.1861034531776591]
    [-0.99999990633521185, -9.8451545087690821E-07, -1.4259707228141991E-06, -2.3111049203141181]
    [-1.4259712226872808E-06, 5.0773456861578814E-07, 0.99999990633556735, 3.6101963946389213]
  #73 objects/spaceships/derelicts/habs/ext/addon/plate/drlct_hab_plate_med_g.cgf
    [-0.99605743402154112, 0.008065565874863968, 0.043992769821267742, 2.9056757768598724]
    [-0.0090547379497046381, -0.99677133544750418, -0.022265344593482821, -1.9061242513910419]
    [0.043799872946059949, -0.022642448991277115, 0.99584121206776344, -0.2123308180588217]
  #74 objects/buildingsets/human/colonialism/col_a/ext/addons/col_a_ext_adn_floorplate_metal_2x4m_a.cgf
    [-0.9996953694180738, -0.017749873391447141, -0.017145028002321074, 1.7336711048664264]
    [0.0174506037202754, -0.99969536375279455, 0.017449863825195693, -0.56846889775800369]
    [-0.01744953926069933, 0.017145358331267374, 0.99970065114204754, -0.18800459154471838]
  #75 objects/buildingsets/human/lowtech/prop/machine/generator/generator_mobile_1_pirate_a.cgf
    [-1.136778638884381, 0.041557745831409247, 0.00070101031694918376, 6.2821639984191551]
    [-0.041522141411762498, -1.1363389245553928, 0.031669729881285143, 1.4877106079167743]
    [0.0018572632107700026, 0.031622994475285771, 1.137097070733919, -0.097810311634087821]
  #76 objects/buildingsets/human/colonialism/ruin/structure/col_a_ruin_struct_addon_bar_4m_b.cgf
    [-0.001475336349772051, -0.46162297946816155, -0.0020576860376327996, 5.7366027362983498]
    [0.035330845534035066, -0.0021645753658390194, 0.46027082443880024, 1.7906751760529409]
    [-0.46027354974921414, 0.0013135077693072271, 0.035337231935096108, -0.1380582399810919]
  #77 objects/buildingsets/human/colonialism/col_a/ext/garage/col_garage_sml_a_ext_addon_a.cgf
    [-0.21522874583782609, 0.053662384712506908, 1.4361915038281924E-07, 1.4135376208180679]
    [-0.053662384712238505, -0.21522874583766757, 3.4301272357975501E-07, -0.17993038276168224]
    [2.2233511624130321E-07, 2.9807932665693278E-07, 0.22181763809002861, 4.1516936519977357]
  #78 objects/buildingsets/human/colonialism/col_a/ext/garage/col_garage_sml_a_ext_addon_a.cgf
    [-0.18460583261894836, -0.1065825124686799, 3.0309369681605299E-07, 1.4135384413146428]
    [0.10658251246872004, -0.18460583261916663, -5.2311320085086386E-08, -0.17993079794129829]
    [2.886423780604534E-07, 1.0624425088574009E-07, 0.21316459696926399, 4.4337948415116291]
  #79 objects/buildingsets/human/colonialism/col_a/int/hub/col_a_hub_int_light_a.cgf
    [-0.65163791015152361, 0.045005258888158241, -0.0071303675010873802, 5.6135938329376884]
    [-0.045566604698324645, -0.64361501571462998, 0.10193957768138476, -4.3504741278576935]
    [-2.1347896525891114E-06, 0.102188647285314, 0.64518661004113875, 1.5203896830019863]
  #80 objects/spaceships/derelicts/metal_beam/derelicts_metal_beam_04x04x0024_a_brk_a.cgf
    [-0.62351035785739861, -0.045208539367414126, -0.0079706205293618593, 0.93594639475576491]
    [0.045345601140456875, -0.62345353788273516, -0.011044081561230559, 0.3380789274953081]
    [-0.0071497748614004269, -0.011592378901048916, 0.6250496033513383, 3.6574290117265944]
  #81 objects/buildingsets/human/colonialism/col_a/ext/garage/col_garage_sml_a_ext_addon_b.cgf
    [-0.18460369271092633, -3.6360148482084603E-08, -0.10658026580222582, 1.5117797733415248]
    [0.10658026580187385, 4.8964139268349995E-07, -0.18460369271048377, -0.010444434546763096]
    [2.7630831169383045E-07, -0.2131616204215559, -4.0586262539554215E-07, 4.439819697268315]
  #82 objects/buildingsets/human/shop/alpha/shippart/dumpersdepot/prop/prop_crate_dumper_tarp_c.cgf
    [7.8939515409515588E-05, 0.46415469730747716, 0.0029601566554603195, 6.467422072687758]
    [-0.46409658090248701, 2.8424419533337985E-05, 0.0079192536353716973, 3.4742770893092807]
    [0.0079189112030556667, -0.0029610725969373506, 0.46408714126325612, -0.20566438180348134]
  #83 objects/buildingsets/human/universal/prop/storage/bag/bag_satchel_1_a.cgf
    [-1.2919461943543349, 0.02254551642874433, -1.0183834221124252E-07, 2.054311666642771]
    [-0.022545516428700424, -1.2919461943542294, -5.3363756530621116E-07, 1.6380922624607854]
    [-1.1113383307117067E-07, -5.3177943754641744E-07, 1.2921428982188468, -0.16365722189846998]
  #84 objects/buildingsets/human/colonialism/ruin/structure/col_a_ruin_struct_sheet_2m_bare_a.cgf
    [0.77925638663888286, 0.0577443841607072, 0.016477674588154696, 8.5800864647995887]
    [-0.058413415787037133, 0.77864882168483363, 0.033768759591246839, 1.5004911943122141]
    [-0.013921225449764601, -0.03490046369522002, 0.78066292399169046, -0.034285509946125892]
  #85 objects/spaceships/derelicts/metal_beam/derelicts_metal_beam_04x02x0024_a_brk_b.cgf
    [-0.6246029051092592, -0.015702434016883315, 0.022274784368590751, 1.9993859992088225]
    [-0.011918037864251153, -0.30216333333695133, -0.54719905142810399, -3.0834432889855012]
    [0.02450903560297844, -0.54710353231933706, 0.3015767789820098, 3.6222901982466751]
  #86 objects/buildingsets/human/universal/prop/bucket_2/bucket_2_a.cgf
    [0.17364253743814878, -0.98480915203960773, 9.6528275708645826E-07, 2.4377182720232118]
    [0.98480915203981068, 0.17364253743729191, -9.1079289268101277E-07, 1.7128353158392029]
    [7.2934273848812674E-07, 1.1087712407441495E-06, 1.0000003983739709, 0.32456753271999972]
  #87 objects/buildingsets/human/colonialism/col_a/ext/addons/col_a_ext_adn_floorplate_metal_2x4m_a.cgf
    [-0.99984796229096728, -1.9249422583763162E-06, -0.017450715951460711, 5.7867705369704527]
    [-0.00060710496130680002, -0.99939104999020278, 0.034894638719572907, -0.56715412989127612]
    [-0.017440152364297877, 0.034899919542860806, 0.99923886628259928, -0.15527044066176732]
  #88 objects/buildingsets/human/colonialism/ruin/structure/col_a_ruin_struct_sheet_4x1m_a.cgf
    [-0.0094115074936828563, -0.66835179451303939, 0.015811478126939647, 8.0053846028023621]
    [0.66652078593737596, -0.0081527489489472624, 0.052117896548694767, 0.067878670286679904]
    [-0.051905356012471031, 0.016495817604404411, 0.66638308994259687, 0.072856421168926211]
  #89 objects/spaceships/derelicts/habs/ext/addon/canope/drlct_hab_canope_c.cgf
    [1.1911413272919105, 2.3820110102314871E-06, -3.732701857741252E-08, 4.6724814222659008]
    [-2.3820110095099636E-06, 1.1911413272919109, 2.3024535225920638E-08, -0.70919967225032077]
    [3.7327064621157491E-08, -2.3024460580350023E-08, 1.1911413272942919, -0.93613148788965006]
  #90 objects/buildingsets/human/colonialism/props/addons/addons_solar_1_small_b.cgf
    [-0.37168011618402558, 0.67172788889956336, -0.04075423954874887, 6.1131412573914332]
    [-0.67294974749923764, -0.37069788455883751, 0.027332933570086478, 1.4970631954393825]
    [0.0042310882020164566, 0.048888599809877191, 0.76721403547803269, 3.1887910475597936]
  #91 objects/spaceships/derelicts/habs/ext/addon/tarp/drlct_hab_tarp_sml_a.cgf
    [-0.64433477924571292, 0.010492023740866132, -0.027827078224325532, 6.3362149750169952]
    [-0.011079033800650333, -0.64478588592534269, 0.013422105342242798, -2.6374332249041355]
    [-0.027598620522150705, 0.013885796325573723, 0.64428040277194742, 3.6931573945231984]
  #92 objects/buildingsets/human/lowtech/prop/storage/crate/crate_metal_4_010x010x0075_stackable_a.cgf
    [0.99391738300637167, 0.10446519895445341, 0.034899300966684824, 4.572443854746064]
    [-0.10325395265841816, 0.99404472809570044, -0.034876970171581562, 3.2848228177249981]
    [-0.038334843953900771, 0.03106129416722227, 0.9987834294713136, 2.7878440844907493]
  #93 objects/buildingsets/human/lowtech/prop/storage/box/box_plastic_2_005x0025x0025_a.cgf
    [-0.99254621982732172, 0.12186610445845539, -3.8874209929110618E-07, 3.3592690792014825]
    [-0.12186610445864565, -0.99254621982724334, 5.1037864861921651E-07, 1.7641323662832893]
    [-3.2364674928024305E-07, 5.5394906481369341E-07, 0.99999967295450864, 0.33125789301764241]
  #94 objects/buildingsets/human/colonialism/props/dressing/sacks/sack_slumped_1_a.cgf
    [-0.052335254391188843, 0.9986294185121587, -7.8680870421981664E-07, 2.2318679649128739]
    [-0.998629418510385, -0.052335254389453897, 2.0840854991786622E-06, -3.1137819034738317]
    [2.0400515682329767E-06, 8.9480160028523324E-07, 0.99999984718287793, -0.18973416224491579]
  #95 objects/spaceships/derelicts/habs/ext/addon/canope/drlct_hab_canope_c.cgf
    [-1.7056628020702965E-06, -1.1911417845673595, -5.8801449274503787E-07, 3.58190653176481]
    [1.1911417845662664, -1.7056619541262347E-06, -1.7176101425428594E-06, -2.1904040594965908]
    [1.7176093005303395E-06, -5.8801695228622832E-07, 1.1911417845673427, -0.93613139639391463]
  #96 objects/buildingsets/human/universal/prop/storage/box_cardboard/box_cardboard_005x005x004_a.cgf
    [1.0000000000586051, 1.9999082116983053E-06, -1.8492583433067946E-08, 3.3803787275304842]
    [-1.9999082114979024E-06, 1.0000000000586053, 1.0836952736468095E-08, 1.7375184782067314]
    [1.8492605105941735E-08, -1.0836915752976965E-08, 1.0000000000606049, -0.14425856650912472]
  #97 objects/buildingsets/human/colonialism/col_a/ext/tradingpost/col_a_trdpst_storage_int_light_ceiling_a.cgf
    [-9.8451472690054162E-07, 0.99999990633609959, -5.0773597250585831E-07, 2.6386020928450775]
    [-0.99999990633521185, -9.8451545087690821E-07, -1.4259707228141991E-06, 1.2363621027372644]
    [-1.4259712226872808E-06, 5.0773456861578814E-07, 0.99999990633556735, 4.2339760444917438]
  #98 objects/buildingsets/human/colonialism/col_a/ext/addons/col_a_ext_adn_fluff_c.cgf
    [-0.04098959828818053, 0.29165919871168428, -1.3164419898517504E-07, 0.56938700485077742]
    [-0.29165919871156237, -0.040989598288290595, -2.8180856459221752E-07, -0.16001564429241361]
    [-2.9738722296062369E-07, 9.1143303778954208E-08, 0.2945254409399784, 3.9164865822491715]
  #99 objects/buildingsets/human/universal/prop/mining/mining_consumable_1_greycat_a.cgf
    [0.83867050321686565, 0.54463927643045185, 4.4145250233489281E-06, 2.6643879914899236]
    [-0.54463927643489474, 0.83867050322556747, -2.295295760120116E-07, 1.7143232264674433]
    [-3.8273424495306389E-06, -2.2118238587326328E-06, 1.0000000771983291, 0.42298443147137199]
  #100 objects/buildingsets/human/lowtech/bravo/int/prop/light/light_b.cgf
    [-1.0000006765744882, 1.0437338709879766E-08, -1.9922464366288187E-06, 4.1706010031953786]
    [-1.0437328158486138E-08, -1.0000006765764726, -5.2962431181978308E-09, 1.7612835043886823]
    [-1.9922464366840969E-06, -5.2962223244715574E-09, 1.0000006765744887, 0.33436966747590624]
  #101 objects/buildingsets/human/colonialism/props/furniture/bench/bench_simple_1_a.cgf
    [-1.0000006551726692, -1.6772857490611359E-10, 7.8841737839315605E-09, 3.2330911192913319]
    [1.6772853381395818E-10, -1.0000006551726692, -5.2119833286322326E-09, 1.6856985338515766]
    [7.884173784805758E-09, -5.2119833273098331E-09, 1.0000006551726692, -0.16312678444816964]
  #102 objects/buildingsets/human/colonialism/col_a/int/habitation/col_a_hab_a_int_cable_vent_unit_a.cgf
    [0.0018797792788389979, -0.34017127393717211, -0.0089634243547329663, 5.6669302553840168]
    [0.30335231479413638, -0.0023863337177597518, 0.15418187532510247, -4.3918222522443822]
    [-0.15418888318306481, -0.0088420561911614175, 0.30322925073846402, 1.2323340275179633]
  #103 objects/buildingsets/human/shop/alpha/shippart/dumpersdepot/prop/prop_crate_dumper_tarp_e.cgf
    [0.16776309176112444, 0.67249399500244045, 0.0014291600645844034, 7.2708051898869277]
    [-0.67239152193953733, 0.16771086826114889, 0.012544985492547135, -3.1697766263525851]
    [0.011826116719582475, -0.0044229088655807509, 0.69299008045612409, 1.0047053766389911]
  #104 objects/buildingsets/human/colonialism/ruin/structure/col_a_ruin_struct_sheet_4m_bare_c.cgf
    [-0.0069773239751607392, -0.54404659021135759, 0.013254340950137495, 8.1056543584422904]
    [0.54316587263193716, -0.0077818386674320559, -0.033486276583428537, 0.75990672704784035]
    [0.033663105659066307, 0.012798577687809853, 0.5430598904826589, 0.029136017039127271]
  #105 objects/buildingsets/human/shop/alpha/shippart/dumpersdepot/prop/prop_crate_dumper_pallet_a.cgf
    [-2.8136974073051969E-07, 0.059834064335355534, -0.56927788097034104, 2.4141222519645442]
    [-0.5724136799698516, 5.5180960364008952E-07, 3.4091768969610602E-07, 3.6931402265617543]
    [5.84422603090614E-07, 0.5692778809701432, 0.059834064335045824, 0.49532806076559766]
  #106 objects/buildingsets/human/lowtech/prop/storage/box/box_fabric_1_005x005x005_a.cgf
    [0.99939086778590647, -0.03489833748046179, 6.352521331201281E-07, 2.762419439433442]
    [0.0348983374788999, 0.99939086778346309, 2.3229745999622378E-06, -2.8270884401454373]
    [-7.1593313192306793E-07, -2.2993903573160907E-06, 1.0000000002836855, -0.16816621207030735]
  #107 objects/buildingsets/human/lowtech/bravo/pod/pod_exterior_front_a.cgf
    [-0.53364379572993759, 0.016730813382804681, -0.016624953226601982, 2.3042050938741028]
    [0.016736022156394754, 0.0032956462825192746, -0.53389236198437362, 2.024848971029821]
    [-0.016619709642999293, -0.53389252523932429, -0.0038166283880038728, 3.8200704282802467]
  #108 objects/buildingsets/human/colonialism/ruin/structure/col_a_ruin_struct_sheet_2m_a.cgf
    [-0.78102240132899303, 0.022174087500793044, 0.018898728128182885, 8.503587129583833]
    [-0.023299180541070347, -0.77974236546671005, -0.047998282693828768, -2.806118289194969]
    [0.017492863329666933, -0.048528309252942943, 0.7798614276861261, -0.091715081409276866]
  #109 objects/buildingsets/human/universal/prop/crates/crate_basket_1_b.cgf
    [-0.1337243490259149, 0.96254358383280936, 0.23585505975304852, 2.9668260664085828]
    [-0.981789263104343, -0.16107716202602942, 0.10071718938641297, 1.7985824709452687]
    [0.13493555069681828, -0.21809162892499803, 0.96655491311265618, 0.040522502485569767]
  #110 objects/buildingsets/human/colonialism/col_a/int/garage/col_garage_sml_a_int_floor_cables_c.cgf
    [-0.99026919820258175, 0.13908958335708588, -0.0048564570597838331, 5.5254162701632445]
    [-0.13917434164860812, -0.98966597947665513, 0.034559137367631679, -1.5482335389092621]
    [5.4568408235112934E-07, 0.034898698406539308, 0.99939214682307598, -0.018341837876853617]
  #111 objects/spaceships/derelicts/metal_beam/derelicts_metal_beam_04x0016x0024_a_brk_b.cgf
    [-0.62351035785739861, -0.045208539367414126, -0.0079706205293618593, 2.373753754722371]
    [0.045345601140456875, -0.62345353788273516, -0.011044081561230559, -2.5710567130372133]
    [-0.0071497748614004269, -0.011592378901048916, 0.6250496033513383, 3.6799883392189319]
  #112 objects/buildingsets/human/colonialism/ruin/structure/col_a_ruin_struct_addon_bar_4m_e.cgf
    [0.062633911597432729, 0.010941029491949195, -0.54052613888969459, 0.72702108159085987]
    [0.0063127592184380197, 0.5440895441025182, 0.011744654133009225, -0.0053604664635195642]
    [0.54060000186865997, -0.0076211353032394598, 0.062488207748620149, -0.06565931452382312]
  #113 objects/spaceships/derelicts/habs/ext/addon/plate/drlct_hab_plate_grp_d.cgf
    [0.018760823940807966, 0.75948176764830977, 0.0023945773300968393, 7.7092094797268107]
    [-0.75939145854409962, 0.018796108352339001, -0.01189860944821383, 1.7906353306680032]
    [-0.011954165845260744, -0.0020997205373426745, 0.7596202649997813, -0.2949286628311496]
  #114 objects/buildingsets/human/colonialism/ruin/structure/col_a_ruin_struct_addon_bar_4m_b.cgf
    [0.0030182396560157849, -0.60334622520848802, -0.0052645536662635599, 4.1260973638766485]
    [-0.055341792670733359, -0.0055192539415292331, 0.60080805303289353, 4.4994507086464983]
    [-0.60082582249985406, -0.0025225248968102627, -0.055366602340910662, 1.5641821692420494]
  #115 objects/buildingsets/human/universal/prop/crates/crate_basket_1_a.cgf
    [-0.99452635830411729, -0.10452760014254608, -1.0008116298118762E-06, 2.9834936131949141]
    [0.10452760014117367, -0.99452635830386571, 1.3375133987172391E-06, 1.5874235743792564]
    [-1.1351356753976374E-06, 1.2255745626253812E-06, 1.0000043482662566, 0.33444613600992223]
