# IncludedObjects
# Cgfs: 9, Materials: 0, Palettes: 1, Placements: 13

[CGFs]
      0: objects/buildingsets/human/station/utilitarian/addon/antennas/addon_antenna_sml_008_a.cgf
      1: objects/buildingsets/human/station/utilitarian/addon/antennas/addon_antenna_sml_001_a.cgf
      2: objects/buildingsets/human/station/utilitarian/util_001/001_tower_head_002_a.cgf
      3: objects/buildingsets/human/station/utilitarian/addon/addon_light_tiny_006_a.cgf
      4: objects/buildingsets/human/station/utilitarian/addon/antennas/addon_antenna_sml_006_a.cgf
      5: objects/buildingsets/human/station/utilitarian/addon/antennas/addon_antenna_sml_004_a.cgf
      6: objects/buildingsets/human/station/utilitarian/addon/tanks/addon_tanks_med_001_a.cgf
      7: objects/buildingsets/human/station/utilitarian/addon/antennas/addon_antenna_sml_002_a.cgf
      8: objects/buildingsets/human/station/utilitarian/addon/antennas/addon_antenna_sml_007_a.cgf

[Palettes]
      0: Libs/Foundry/Records/TintPalettes/Brand/Station/Rund/Station_Rund_Default|ext_main

[Placements]
  #0 objects/buildingsets/human/station/utilitarian/addon/antennas/addon_antenna_sml_008_a.cgf
    [-0.00000000000000027, -1.21747899055480957, 0.00000000000000000, -37.99433199997292832]
    [1.21747899055480957, -0.00000000000000027, 0.00000000000000000, 39.54890900002646958]
    [0.00000000000000000, 0.00000000000000000, 1.21747899055480957, 8.92332700000002887]
  #1 objects/buildingsets/human/station/utilitarian/addon/antennas/addon_antenna_sml_001_a.cgf
    [-0.99999999999999956, 0.00000000000000000, 0.00000000000000016, -75.53766599998925813]
    [-0.00000000000000016, 0.00000000000000022, -0.99999999999999978, -25.05131599997184821]
    [0.00000000000000000, -0.99999999999999978, 0.00000000000000022, -1.94301899999999250]
  #2 objects/buildingsets/human/station/utilitarian/util_001/001_tower_head_002_a.cgf
    [1.00000042674731038, 0.00000064012099993, 0.00000000000000000, -0.00024499998835381]
    [-0.00000064012099993, 1.00000042674731038, -0.00000000000000000, -0.00006199997733347]
    [-0.00000000000000000, 0.00000000000000000, 1.00000042674751533, 0.00000000000000000]
  #3 objects/buildingsets/human/station/utilitarian/addon/addon_light_tiny_006_a.cgf
    [-0.55667208789327094, -0.76604333931998569, -0.32139329518662035, -33.01172299997415394]
    [0.66341310108354867, -0.64278881728733694, 0.38302148115730800, -77.30683899998984998]
    [-0.49999910521733743, 0.00000084499665438, 0.86602584033505092, 9.38434699999999111]
  #4 objects/buildingsets/human/station/utilitarian/addon/addon_light_tiny_006_a.cgf
    [0.61237087065766782, -0.70710785375708074, 0.35355355181621084, 31.67797399999108166]
    [0.61237330751014152, 0.70710550643561099, 0.35355402570803957, -77.30683899997166009]
    [-0.50000056309557561, 0.00000057136037732, 0.86602491360272904, 9.52837199999999029]
  #5 objects/buildingsets/human/station/utilitarian/addon/antennas/addon_antenna_sml_006_a.cgf
    [0.00000000000000016, 0.69999998807907104, 0.00000000000000000, -98.26913300002343021]
    [-0.69999998807907104, 0.00000000000000016, 0.00000000000000000, -100.41144699998403667]
    [0.00000000000000000, 0.00000000000000000, 0.69999998807907104, -40.95337200000000166]
  #6 objects/buildingsets/human/station/utilitarian/addon/antennas/addon_antenna_sml_001_a.cgf
    [1.00000000000000000, 0.00000000000000000, 0.00000000000000016, 75.39488600002368912]
    [0.00000000000000016, 0.00000000000000022, -0.99999999999999978, -25.05142299997532973]
    [0.00000000000000000, 0.99999999999999978, 0.00000000000000022, -1.94300999999998680]
  #7 objects/buildingsets/human/station/utilitarian/addon/antennas/addon_antenna_sml_004_a.cgf
    [-0.00000000000000013, -0.56672698259353638, 0.00000000000000000, -39.85218600000371225]
    [0.56672698259353638, -0.00000000000000013, 0.00000000000000000, 27.41444500002762652]
    [0.00000000000000000, 0.00000000000000000, 0.56672698259353638, 9.24877800000001571]
  #8 objects/buildingsets/human/station/utilitarian/addon/tanks/addon_tanks_med_001_a.cgf
    [0.00000000000000013, 0.56315302848815918, 0.00000000000000000, -2.26923999996506609]
    [-0.56315302848815918, 0.00000000000000013, 0.00000000000000000, 48.44184200002928264]
    [0.00000000000000000, 0.00000000000000000, 0.56315302848815918, -19.81868900000000622]
  #9 objects/buildingsets/human/station/utilitarian/addon/antennas/addon_antenna_sml_002_a.cgf
    [-0.00000000000000022, -1.00000000000000000, 0.00000000000000000, 53.83985300002677832]
    [1.00000000000000000, -0.00000000000000022, 0.00000000000000000, 47.49607300002026022]
    [0.00000000000000000, 0.00000000000000000, 1.00000000000000000, -11.24646599999999808]
  #10 objects/buildingsets/human/station/utilitarian/addon/antennas/addon_antenna_sml_007_a.cgf
    [-0.00000098995000227, -0.00000044808488346, 0.70000058552541744, 39.20989500000723638]
    [-0.70000058552486077, 0.00000098994936857, -0.00000098994936857, -160.24433599997792044]
    [-0.00000098994873500, -0.70000058552541744, -0.00000044808628351, -33.92567599999998151]
  #11 objects/buildingsets/human/station/utilitarian/addon/antennas/addon_antenna_sml_006_a.cgf
    [0.00000000000000016, -0.69999998807907104, 0.00000000000000000, 98.66396099999838043]
    [-0.69999998807907104, -0.00000000000000016, 0.00000000000000000, -103.13962499995614053]
    [-0.00000000000000000, 0.00000000000000000, -0.69999998807907104, -40.95337799999998651]
  #12 objects/buildingsets/human/station/utilitarian/addon/antennas/addon_antenna_sml_007_a.cgf
    [-0.00000098995000227, -0.00000044808488346, 0.70000058552541744, -38.78322800001478754]
    [-0.70000058552486077, 0.00000098994936857, -0.00000098994936857, -160.24427399996784516]
    [-0.00000098994873500, -0.70000058552541744, -0.00000044808628351, -33.92567399999998656]
