# IncludedObjects
# Cgfs: 27, Materials: 1, Palettes: 6, Placements: 118

[CGFs]
      0: data/objects/buildingsets/human/utilitarian/ugf/int/common/addon/greeble/addon_greeble_f.cgf
      1: data/objects/buildingsets/human/utilitarian/ugf/int/common/partition/set_b/util_ugf_partition_set_b_partition_straight_02m_a.cgf
      2: data/objects/buildingsets/human/utilitarian/ugf/int/common/partition/set_b/util_ugf_partition_set_b_partition_straight_08m_a.cgf
      3: data/objects/buildingsets/human/utilitarian/int/grating/util_grating_plane_a_2x2m.cgf
      4: data/objects/buildingsets/human/lowtech/alpha/int/hangar/roomsm/addon/roomsm_addon_cable_corner_00125x0050_a.cgf
      5: objects/buildingsets/human/common/light/integrated/set_a/common_light_integrated_set_a_capsule_0025x01m_a.cgf
      6: objects/buildingsets/human/lowtech/alpha/int/hangar/roomsm/addon/roomsm_addon_cable_junctionbox_a.cgf
      7: objects/buildingsets/human/lowtech/alpha/int/hangar/roomsm/addon/roomsm_addon_cable_straight_00125x01_a.cgf
      8: objects/buildingsets/human/utilitarian/decal/light/set_a/util_decal_light_set_a_rect_small_b.cgf
      9: data/objects/buildingsets/human/common/light/maintenance/set_a/common_light_maint_set_a_rectangle_0025x002m_a.cgf
     10: data/objects/buildingsets/human/lowtech/alpha/int/hangar/roomsm/addon/roomsm_addon_cable_straight_00125x02_a.cgf
     11: objects/buildingsets/human/lowtech/prop/light/light_wall_02_a.cgf
     12: objects/buildingsets/human/common/light/integrated/set_a/common_light_integrated_set_a_capsule_0025x005m_a.cgf
     13: data/objects/buildingsets/human/utilitarian/ugf/int/common/partition/set_b/util_ugf_partition_set_b_partition_straight_01m_a.cgf
     14: data/objects/buildingsets/human/utilitarian/ugf/int/common/partition/set_b/util_ugf_partition_set_b_partition_door_double_04m_a.cgf
     15: data/objects/buildingsets/human/common/light/work/tripod/set_b/common_light_work_tripod_set_b_rig_light_a.cgf
     16: data/objects/buildingsets/human/lowtech/prop/utilitarian/light/light_portable_tripod_1_base_a.cgf
     17: data/objects/buildingsets/human/lowtech/alpha/int/elev/truck_shaft_door_double_a_dummy.cgf
     18: data/objects/buildingsets/human/utilitarian/ugf/int/common/partition/set_b/util_ugf_partition_set_b_partition_straight_04m_a.cgf
     19: objects/buildingsets/human/utilitarian/ugf/int/common/partition/set_b/util_ugf_partition_set_b_partition_door_double_04m_a.cgf
     20: data/objects/buildingsets/human/common/light/integrated/set_a/common_light_integrated_set_a_capsule_0025x01m_a.cgf
     21: data/objects/spaceships/derelicts/dead_bodies/skull_1_a.cgf
     22: data/objects/buildingsets/human/universal/prop/decal/decal_blood_gore_1_b.cgf
     23: data/objects/buildingsets/human/universal/prop/dressing/toy/toy_plushie_penguin_1_destroyed_a.cgf
     24: data/objects/spaceships/derelicts/dead_bodies/hand_bone_2_a.cgf
     25: data/objects/buildingsets/human/utilitarian/ugf/int/common/partition/set_b/util_ugf_partition_set_b_partition_straight_06m_a.cgf
     26: objects/buildingsets/human/common/light/maintenance/set_a/common_light_maint_set_a_rectangle_0025x002m_a.cgf

[Materials]
      0: objects/buildingsets/human/utilitarian/decal/light/set_a/util_decal_light_set_a_atlas_ugf

[Palettes]
      0: Libs/Foundry/Records/TintPalettes/Brand/ASD/facility/science/asd_facility_jorrits_lab_a|wall
      1: Libs/Foundry/Records/TintPalettes/default
      2: Libs/Foundry/Records/TintPalettes/Generic/gen_grey_darkgrey_yellow
      3: Libs/Foundry/Records/TintPalettes/Generic/gen_darkgrey_lightgrey_grey
      4: Libs/Foundry/Records/TintPalettes/brand/util/util_yellow_a
      5: Libs/Foundry/Records/TintPalettes/Brand/Util/util_blue_a

[Placements]
  #0 data/objects/buildingsets/human/utilitarian/ugf/int/common/addon/greeble/addon_greeble_f.cgf
    [-0.00000064012127299, 0.00000000000000000, 1.00000085349446199, -89.49999759954573619]
    [0.00000000000000000, -1.00000085349466716, 0.00000000000000000, -23.25000176033312727]
    [1.00000085349446199, 0.00000000000000000, 0.00000064012127265, -12.50000000000000000]
  #1 data/objects/buildingsets/human/utilitarian/ugf/int/common/partition/set_b/util_ugf_partition_set_b_partition_straight_02m_a.cgf
    [-0.00000064012100026, 1.00000042674731060, 0.00000000000000000, -89.99999807963658327]
    [-1.00000042674731060, -0.00000064012100026, -0.00000000000000000, -23.00000192036340962]
    [-0.00000000000000000, 0.00000000000000000, 1.00000042674751533, -13.00000000000000000]
  #2 data/objects/buildingsets/human/utilitarian/ugf/int/common/partition/set_b/util_ugf_partition_set_b_partition_straight_08m_a.cgf
    [-0.00000064012100026, 1.00000042674731060, 0.00000000000000000, -90.00000320060567560]
    [-1.00000042674731060, -0.00000064012100026, -0.00000000000000000, -14.99999679939431729]
    [-0.00000000000000000, 0.00000000000000000, 1.00000042674751533, -13.00000000000000000]
  #3 data/objects/buildingsets/human/utilitarian/int/grating/util_grating_plane_a_2x2m.cgf
    [-0.00000049897025481, -0.77949398244685175, 0.00000000000000000, -83.77006699999999739]
    [0.77949398244685175, -0.00000049897025481, 0.00000000000000000, 13.23614500000000049]
    [0.00000000000000000, 0.00000000000000000, 0.77949398244701140, 0.23869599999999999]
  #4 data/objects/buildingsets/human/utilitarian/int/grating/util_grating_plane_a_2x2m.cgf
    [-0.00000049896982239, 0.77949330692784147, 0.00000000000000000, -84.24130200000000457]
    [-0.77949330692784147, -0.00000049896982239, -0.00000000000000000, 28.77499800000000008]
    [-0.00000000000000000, 0.00000000000000000, 0.77949330692800112, 0.23869799999999999]
  #5 data/objects/buildingsets/human/lowtech/alpha/int/hangar/roomsm/addon/roomsm_addon_cable_corner_00125x0050_a.cgf
    [-0.00000002198301770, -0.74290700964758005, 0.00000000000000004, -58.93750000000000000]
    [0.00025556625837144, -0.00000000000756252, -0.74290696568910808, 1.47999999999999998]
    [0.74290696568910775, -0.00000002198301626, 0.00025556625837132, -7.84769999999999968]
  #6 data/objects/buildingsets/human/lowtech/alpha/int/hangar/roomsm/addon/roomsm_addon_cable_corner_00125x0050_a.cgf
    [-0.00000002198301770, 0.74290700964758005, -0.00000000000000004, -57.87500000000000000]
    [-0.00025556625837144, -0.00000000000756252, -0.74290696568910808, 1.47999999999999998]
    [-0.74290696568910775, -0.00000002198301626, 0.00025556625837132, -7.84769999999999968]
  #7 objects/buildingsets/human/common/light/integrated/set_a/common_light_integrated_set_a_capsule_0025x01m_a.cgf
    [1.00000042674618217, 0.00000141421461495, 0.00000141421461495, -57.50000000000000000]
    [0.00000141421552022, -0.00000064012099982, -1.00000042674697731, 1.48999999999999999]
    [-0.00000141421370968, 1.00000042674697731, -0.00000064012299982, -8.25389999999999979]
  #8 objects/buildingsets/human/lowtech/alpha/int/hangar/roomsm/addon/roomsm_addon_cable_junctionbox_a.cgf
    [1.00000042674751533, 0.00000000000000000, 0.00000000000000000, -59.31250000000000000]
    [0.00000000000000000, -0.00000064012100026, -1.00000042674731060, 1.59375000000000000]
    [0.00000000000000000, 1.00000042674731060, -0.00000064012100026, -7.50000000000000000]
  #9 objects/buildingsets/human/lowtech/alpha/int/hangar/roomsm/addon/roomsm_addon_cable_straight_00125x01_a.cgf
    [0.00000151991690167, -0.74999999999846001, 0.00000151991844178, -58.25000000000000000]
    [0.00000000000000000, -0.00000151991844178, -0.75000000000000011, 1.47999999999999998]
    [0.75000000000000011, 0.00000151991690167, -0.00000000000308020, -7.84769999999999968]
  #10 objects/buildingsets/human/utilitarian/decal/light/set_a/util_decal_light_set_a_rect_small_b.cgf
    [0.20000008832973662, 0.00000000000000000, 0.00000000000000000, -59.31250000000000000]
    [0.00000000000000000, -0.00000012802420187, -0.20000008832969565, 1.44906200000000007]
    [0.00000000000000000, 0.20000008832969565, -0.00000012802420187, -7.41722400000000004]
  #11 objects/buildingsets/human/lowtech/alpha/int/hangar/roomsm/addon/roomsm_addon_cable_straight_00125x01_a.cgf
    [0.00000151991690167, -0.74999999999846001, 0.00000151991844178, -57.87500000000000000]
    [0.00000000000000000, -0.00000151991844178, -0.75000000000000011, 1.47999999999999998]
    [0.75000000000000011, 0.00000151991690167, -0.00000000000308020, -7.84769999999999968]
  #12 data/objects/buildingsets/human/common/light/maintenance/set_a/common_light_maint_set_a_rectangle_0025x002m_a.cgf
    [-0.00000048009075020, 0.75000032006048289, 0.00000000000000000, -61.89000000000000057]
    [-0.75000032006048289, -0.00000048009075020, -0.00000000000000000, -25.50000100000000103]
    [-0.00000000000000000, 0.00000000000000000, 0.75000032006063655, 0.22408600000000001]
  #13 data/objects/buildingsets/human/common/light/maintenance/set_a/common_light_maint_set_a_rectangle_0025x002m_a.cgf
    [-0.00000048009075020, 0.75000032006048289, 0.00000000000000000, -61.89000000000000057]
    [-0.75000032006048289, -0.00000048009075020, -0.00000000000000000, 25.48851099999999903]
    [-0.00000000000000000, 0.00000000000000000, 0.75000032006063655, 0.22408600000000001]
  #14 data/objects/buildingsets/human/common/light/maintenance/set_a/common_light_maint_set_a_rectangle_0025x002m_a.cgf
    [-0.00000048009075020, 0.75000032006048289, 0.00000000000000000, -52.11826099999999684]
    [-0.75000032006048289, -0.00000048009075020, -0.00000000000000000, 25.48851099999999903]
    [-0.00000000000000000, 0.00000000000000000, 0.75000032006063655, 0.22408600000000001]
  #15 data/objects/buildingsets/human/common/light/maintenance/set_a/common_light_maint_set_a_rectangle_0025x002m_a.cgf
    [-0.00000048009075020, 0.75000032006048289, 0.00000000000000000, -52.11827499999999702]
    [-0.75000032006048289, -0.00000048009075020, -0.00000000000000000, -25.49999000000000038]
    [-0.00000000000000000, 0.00000000000000000, 0.75000032006063655, 0.22503000000000001]
  #16 data/objects/buildingsets/human/lowtech/alpha/int/hangar/roomsm/addon/roomsm_addon_cable_straight_00125x02_a.cgf
    [-0.00000151991998188, 0.74999999999846001, -0.00000151991844178, -55.71382599999999741]
    [0.00000000000000000, 0.00000151991844178, 0.75000000000000011, -17.48203399999999874]
    [0.75000000000000011, 0.00000151991998188, -0.00000000000308020, -7.84774100000000008]
  #17 objects/buildingsets/human/lowtech/prop/light/light_wall_02_a.cgf
    [-0.00000025604840392, -0.40000017665939125, 0.00000000000000000, -52.49533799999999673]
    [0.40000017665939125, -0.00000025604840392, 0.00000000000000000, -14.36956900000000026]
    [0.00000000000000000, 0.00000000000000000, 0.40000017665947318, -10.39725999999999928]
  #18 data/objects/buildingsets/human/lowtech/alpha/int/hangar/roomsm/addon/roomsm_addon_cable_corner_00125x0050_a.cgf
    [-0.00000002198301770, -0.74290700964758005, -0.00000000000000004, -64.62231199999999376]
    [0.00025556625837144, -0.00000000000756252, 0.74290696568910808, -17.48203399999999874]
    [-0.74290696568910775, 0.00000002198301626, 0.00025556625837132, -7.84774100000000008]
  #19 objects/buildingsets/human/lowtech/alpha/int/hangar/roomsm/addon/roomsm_addon_cable_straight_00125x01_a.cgf
    [-0.00000151991998188, 0.74999999999846001, -0.00000151991844178, -54.37689000000000306]
    [0.00000000000000000, 0.00000151991844178, 0.75000000000000011, -17.48203399999999874]
    [0.75000000000000011, 0.00000151991998188, -0.00000000000308020, -7.84774100000000008]
  #20 data/objects/buildingsets/human/lowtech/alpha/int/hangar/roomsm/addon/roomsm_addon_cable_straight_00125x02_a.cgf
    [-0.00000151991998188, 0.74999999999846001, -0.00000151991844178, -59.76250600000000190]
    [0.00000000000000000, 0.00000151991844178, 0.75000000000000011, -17.48660599999999832]
    [0.75000000000000011, 0.00000151991998188, -0.00000000000308020, -7.84774100000000008]
  #21 objects/buildingsets/human/lowtech/alpha/int/hangar/roomsm/addon/roomsm_addon_cable_straight_00125x01_a.cgf
    [-0.00000151991998188, 0.74999999999846001, -0.00000151991844178, -56.07500600000000190]
    [0.00000000000000000, 0.00000151991844178, 0.75000000000000011, -17.48203399999999874]
    [0.75000000000000011, 0.00000151991998188, -0.00000000000308020, -7.84774100000000008]
  #22 data/objects/buildingsets/human/lowtech/alpha/int/hangar/roomsm/addon/roomsm_addon_cable_straight_00125x02_a.cgf
    [-0.00000151991998188, 0.74999999999846001, -0.00000151991844178, -64.08171900000000676]
    [0.00000000000000000, 0.00000151991844178, 0.75000000000000011, -17.48203399999999874]
    [0.75000000000000011, 0.00000151991998188, -0.00000000000308020, -7.84774100000000008]
  #23 objects/buildingsets/human/lowtech/prop/light/light_wall_02_a.cgf
    [-0.00000019203630771, 0.30000013994512725, 0.00000000000000000, -69.87745700000000681]
    [-0.30000013994512725, -0.00000019203630771, -0.00000000000000000, -15.13329700000000066]
    [-0.00000000000000000, 0.00000000000000000, 0.30000013994518870, -10.68165499999999923]
  #24 objects/buildingsets/human/lowtech/prop/light/light_wall_02_a.cgf
    [-0.30000001192072889, -0.00000060000002233, 0.00000000000000000, -63.13581500000000091]
    [0.00000060000002233, -0.30000001192072889, 0.00000000000000000, -8.06629500000000021]
    [0.00000000000000000, 0.00000000000000000, 0.30000001192132897, -10.68165499999999923]
  #25 data/objects/buildingsets/human/lowtech/alpha/int/hangar/roomsm/addon/roomsm_addon_cable_corner_00125x0050_a.cgf
    [-0.00000002198301770, -0.74290700964758005, -0.00000000000000004, -56.71382599999999741]
    [0.00025556625837144, -0.00000000000756252, 0.74290696568910808, -17.48203399999999874]
    [-0.74290696568910775, 0.00000002198301626, 0.00025556625837132, -7.84774100000000008]
  #26 objects/buildingsets/human/lowtech/alpha/int/hangar/roomsm/addon/roomsm_addon_cable_straight_00125x01_a.cgf
    [-0.00000151991998188, 0.74999999999846001, -0.00000151991844178, -62.73561399999999821]
    [0.00000000000000000, 0.00000151991844178, 0.75000000000000011, -17.48203399999999874]
    [0.75000000000000011, 0.00000151991998188, -0.00000000000308020, -7.84774100000000008]
  #27 objects/buildingsets/human/lowtech/alpha/int/hangar/roomsm/addon/roomsm_addon_cable_straight_00125x01_a.cgf
    [-0.00000151991998188, 0.74999999999846001, -0.00000151991844178, -56.15132599999999741]
    [0.00000000000000000, 0.00000151991844178, 0.75000000000000011, -17.48203399999999874]
    [0.75000000000000011, 0.00000151991998188, -0.00000000000308020, -7.84774100000000008]
  #28 data/objects/buildingsets/human/lowtech/alpha/int/hangar/roomsm/addon/roomsm_addon_cable_straight_00125x02_a.cgf
    [-0.00000151991998188, 0.74999999999846001, -0.00000151991844178, -62.13750600000000190]
    [0.00000000000000000, 0.00000151991844178, 0.75000000000000011, -17.48660599999999832]
    [0.75000000000000011, 0.00000151991998188, -0.00000000000308020, -7.84774100000000008]
  #29 objects/buildingsets/human/lowtech/prop/light/light_wall_02_a.cgf
    [-0.00000019203630771, 0.30000013994512725, 0.00000000000000000, -69.87745700000000681]
    [-0.30000013994512725, -0.00000019203630771, -0.00000000000000000, -10.86634399999999978]
    [-0.00000000000000000, 0.00000000000000000, 0.30000013994518870, -10.68165499999999923]
  #30 data/objects/buildingsets/human/lowtech/alpha/int/hangar/roomsm/addon/roomsm_addon_cable_corner_00125x0050_a.cgf
    [0.00000440683620843, 0.74290700963442535, -0.00000442730899759, -53.68939000000000306]
    [-0.00025556623197826, 0.00000442882472428, 0.74290696568902348, -17.48203399999999874]
    [0.74290696568915426, -0.00000440531291617, 0.00025556625824044, -7.84774100000000008]
  #31 objects/buildingsets/human/lowtech/alpha/int/hangar/roomsm/addon/roomsm_addon_cable_straight_00125x01_a.cgf
    [-0.00000151991998188, 0.74999999999846001, -0.00000151991844178, -56.76250600000000190]
    [0.00000000000000000, 0.00000151991844178, 0.75000000000000011, -17.48203399999999874]
    [0.75000000000000011, 0.00000151991998188, -0.00000000000308020, -7.84774100000000008]
  #32 objects/buildingsets/human/lowtech/alpha/int/hangar/roomsm/addon/roomsm_addon_cable_straight_00125x01_a.cgf
    [-0.00000151991998188, 0.74999999999846001, -0.00000151991844178, -54.45320999999999856]
    [0.00000000000000000, 0.00000151991844178, 0.75000000000000011, -17.48203399999999874]
    [0.75000000000000011, 0.00000151991998188, -0.00000000000308020, -7.84774100000000008]
  #33 objects/buildingsets/human/lowtech/prop/light/light_wall_02_a.cgf
    [-0.30000001192072889, -0.00000060000002233, 0.00000000000000000, -56.79498499999999694]
    [0.00000060000002233, -0.30000001192072889, 0.00000000000000000, -8.49846600000000052]
    [0.00000000000000000, 0.00000000000000000, 0.30000001192132897, -10.40165400000000062]
  #34 objects/buildingsets/human/lowtech/alpha/int/hangar/roomsm/addon/roomsm_addon_cable_junctionbox_a.cgf
    [-1.00000085349740431, 0.00000000000000000, 0.00000000000000000, -53.31439000000000306]
    [0.00000000000000000, 0.00000350611055440, 1.00000085349125789, -17.59578399999999831]
    [0.00000000000000000, 1.00000085349125789, -0.00000350611055429, -7.50004100000000040]
  #35 data/objects/buildingsets/human/lowtech/alpha/int/hangar/roomsm/addon/roomsm_addon_cable_corner_00125x0050_a.cgf
    [-0.00000002198301770, -0.74290700964758005, -0.00000000000000004, -56.63750600000000190]
    [0.00025556625837144, -0.00000000000756252, 0.74290696568910808, -17.48203399999999874]
    [-0.74290696568910775, 0.00000002198301626, 0.00025556625837132, -7.84774100000000008]
  #36 objects/buildingsets/human/utilitarian/decal/light/set_a/util_decal_light_set_a_rect_small_b.cgf
    [-0.20000017367916809, 0.00000000000000000, 0.00000000000000000, -53.31439000000000306]
    [0.00000000000000000, 0.00000012802425651, 0.20000017367912712, -17.45109599999999972]
    [0.00000000000000000, 0.20000017367912712, -0.00000012802425651, -7.41726500000000044]
  #37 data/objects/buildingsets/human/lowtech/alpha/int/hangar/roomsm/addon/roomsm_addon_cable_straight_00125x02_a.cgf
    [-0.00000151991998188, 0.74999999999846001, -0.00000151991844178, -61.13750600000000190]
    [0.00000000000000000, 0.00000151991844178, 0.75000000000000011, -17.48660599999999832]
    [0.75000000000000011, 0.00000151991998188, -0.00000000000308020, -7.84774100000000008]
  #38 objects/buildingsets/human/lowtech/prop/light/light_wall_02_a.cgf
    [-0.30000001192072889, -0.00000060000002233, 0.00000000000000000, -66.86208399999999585]
    [0.00000060000002233, -0.30000001192072889, 0.00000000000000000, -8.06629500000000021]
    [0.00000000000000000, 0.00000000000000000, 0.30000001192132897, -10.68165499999999923]
  #39 objects/buildingsets/human/common/light/integrated/set_a/common_light_integrated_set_a_capsule_0025x005m_a.cgf
    [0.70000009205498415, 0.00000000000000000, 0.00000000000000000, -58.00083899999999915]
    [0.00000000000000000, -0.31371935235772530, -0.62576377078993306, -8.46200900000000011]
    [0.00000000000000000, 0.62576377078993306, -0.31371935235772530, -8.05786600000000064]
  #40 objects/buildingsets/human/common/light/integrated/set_a/common_light_integrated_set_a_capsule_0025x005m_a.cgf
    [-0.00000024422549981, -0.33612847070251051, -0.67046108928768433, -52.46926799999999957]
    [-0.75000028071037195, 0.00000010945488058, 0.00000021832481247, -12.99785299999999921]
    [0.00000000000007098, 0.67046108928771997, -0.33612847070252860, -8.04024800000000006]
  #41 data/objects/buildingsets/human/lowtech/alpha/int/hangar/roomsm/addon/roomsm_addon_cable_straight_00125x02_a.cgf
    [-0.00000151991998188, 0.74999999999846001, -0.00000151991844178, -55.63750600000000190]
    [0.00000000000000000, 0.00000151991844178, 0.75000000000000011, -17.48203399999999874]
    [0.75000000000000011, 0.00000151991998188, -0.00000000000308020, -7.84774100000000008]
  #42 objects/buildingsets/human/lowtech/prop/light/light_wall_02_a.cgf
    [-0.30000001192072889, -0.00000060000002233, 0.00000000000000000, -59.20123499999999694]
    [0.00000060000002233, -0.30000001192072889, 0.00000000000000000, -8.49846600000000052]
    [0.00000000000000000, 0.00000000000000000, 0.30000001192132897, -10.40165400000000062]
  #43 objects/buildingsets/human/lowtech/alpha/int/hangar/roomsm/addon/roomsm_addon_cable_straight_00125x01_a.cgf
    [-0.00000151991998188, 0.74999999999846001, -0.00000151991844178, -64.73561399999999821]
    [0.00000000000000000, 0.00000151991844178, 0.75000000000000011, -17.48203399999999874]
    [0.75000000000000011, 0.00000151991998188, -0.00000000000308020, -7.84774100000000008]
  #44 objects/buildingsets/human/lowtech/prop/light/light_wall_02_a.cgf
    [-0.00000025604840392, -0.40000017665939125, 0.00000000000000000, -52.49533799999999673]
    [0.40000017665939125, -0.00000025604840392, 0.00000000000000000, -11.62743599999999944]
    [0.00000000000000000, 0.00000000000000000, 0.40000017665947318, -10.39725999999999928]
  #45 objects/buildingsets/human/common/light/integrated/set_a/common_light_integrated_set_a_capsule_0025x01m_a.cgf
    [-1.00000085349399992, -0.00000141421340792, -0.00000141421340792, -65.00000000000000000]
    [-0.00000141421431319, 0.00000064012127299, 1.00000085349479506, -17.48950999999999922]
    [-0.00000141421250265, 1.00000085349479506, -0.00000064012327295, -8.25389999999999979]
  #46 objects/buildingsets/human/common/light/integrated/set_a/common_light_integrated_set_a_capsule_0025x01m_a.cgf
    [-1.00000085349399992, -0.00000141421340792, -0.00000141421340792, -57.01250499999999732]
    [-0.00000141421431319, 0.00000064012127299, 1.00000085349479506, -17.49203400000000030]
    [-0.00000141421250265, 1.00000085349479506, -0.00000064012327295, -8.25394099999999931]
  #47 data/objects/buildingsets/human/lowtech/alpha/int/hangar/roomsm/addon/roomsm_addon_cable_straight_00125x02_a.cgf
    [-0.00000151991998188, 0.74999999999846001, -0.00000151991844178, -58.38750600000000190]
    [0.00000000000000000, 0.00000151991844178, 0.75000000000000011, -17.48660599999999832]
    [0.75000000000000011, 0.00000151991998188, -0.00000000000308020, -7.84774100000000008]
  #48 data/objects/buildingsets/human/utilitarian/ugf/int/common/partition/set_b/util_ugf_partition_set_b_partition_straight_01m_a.cgf
    [-0.00000064012100026, -1.00000042674731060, 0.00000000000000000, -51.99999807963722986]
    [1.00000042674731060, -0.00000064012100026, 0.00000000000000000, -16.00000092036276911]
    [0.00000000000000000, 0.00000000000000000, 1.00000042674751533, -11.00000000000000000]
  #49 data/objects/buildingsets/human/utilitarian/ugf/int/common/partition/set_b/util_ugf_partition_set_b_partition_straight_01m_a.cgf
    [-0.00000064012100026, -1.00000042674731060, 0.00000000000000000, -52.00000128024227308]
    [1.00000042674731060, -0.00000064012100026, 0.00000000000000000, -10.99999871975772692]
    [0.00000000000000000, 0.00000000000000000, 1.00000042674751533, -11.00000000000000000]
  #50 data/objects/buildingsets/human/utilitarian/ugf/int/common/partition/set_b/util_ugf_partition_set_b_partition_door_double_04m_a.cgf
    [-0.00000064012100026, -1.00000042674731060, 0.00000000000000000, -51.99999871975772692]
    [1.00000042674731060, -0.00000064012100026, 0.00000000000000000, -15.00000128024227308]
    [0.00000000000000000, 0.00000000000000000, 1.00000042674751533, -11.00000000000000000]
  #51 objects/buildingsets/human/lowtech/prop/light/light_wall_02_a.cgf
    [0.00000066775891188, -0.30000013994448926, 0.00000000000000000, -60.49580300000000221]
    [0.30000013994448926, 0.00000066775891188, 0.00000000000000000, -6.83067899999999995]
    [0.00000000000000000, 0.00000000000000000, 0.30000013994523245, -10.40165400000000062]
  #52 objects/buildingsets/human/lowtech/prop/light/light_wall_02_a.cgf
    [0.30000001192092896, 0.00000000000000000, 0.00000000000000000, -66.86208399999999585]
    [0.00000000000000000, 0.30000001192092896, 0.00000000000000000, -7.93387499999999957]
    [0.00000000000000000, 0.00000000000000000, 0.30000001192092896, -10.68165499999999923]
  #53 objects/buildingsets/human/lowtech/prop/light/light_wall_02_a.cgf
    [0.30000001192092896, 0.00000000000000000, 0.00000000000000000, -63.13581500000000091]
    [0.00000000000000000, 0.30000001192092896, 0.00000000000000000, -7.93387499999999957]
    [0.00000000000000000, 0.00000000000000000, 0.30000001192092896, -10.68165499999999923]
  #54 objects/buildingsets/human/lowtech/prop/light/light_wall_02_a.cgf
    [0.00000066775891188, -0.30000013994448926, 0.00000000000000000, -60.49580300000000221]
    [0.30000013994448926, 0.00000066775891188, 0.00000000000000000, 3.30287100000000011]
    [0.00000000000000000, 0.00000000000000000, 0.30000013994523245, -10.40165400000000062]
  #55 objects/buildingsets/human/lowtech/prop/light/light_wall_02_a.cgf
    [-0.00000105183275922, 0.30000013994412239, 0.00000000000000000, -73.50378700000000265]
    [-0.30000013994412239, -0.00000105183275922, -0.00000000000000000, -6.83067799999999981]
    [-0.00000000000000000, 0.00000000000000000, 0.30000013994596630, -10.40165400000000062]
  #56 data/objects/buildingsets/human/common/light/work/tripod/set_b/common_light_work_tripod_set_b_rig_light_a.cgf
    [0.80000001192092896, 0.00000000000000000, 0.00000000000000000, -72.45526300000000219]
    [0.00000000000000000, 0.80000001192092896, 0.00000000000000000, 0.15279100000000001]
    [0.00000000000000000, 0.00000000000000000, 0.80000001192092896, -10.56459100000000007]
  #57 data/objects/buildingsets/human/lowtech/prop/utilitarian/light/light_portable_tripod_1_base_a.cgf
    [0.50000000000000000, 0.00000000000000000, 0.00000000000000000, -72.45526300000000219]
    [0.00000000000000000, 0.50000000000000000, 0.00000000000000000, 0.15279100000000001]
    [0.00000000000000000, 0.00000000000000000, 0.50000000000000000, -10.74999900000000075]
  #58 data/objects/buildingsets/human/lowtech/alpha/int/elev/truck_shaft_door_double_a_dummy.cgf
    [1.00000000000000000, 0.00000000000000000, 0.00000000000000000, -106.00000000000000000]
    [0.00000000000000000, 1.00000000000000000, 0.00000000000000000, 11.87500000000000000]
    [0.00000000000000000, 0.00000000000000000, 1.00000000000000000, 0.25000000000000000]
  #59 data/objects/buildingsets/human/utilitarian/ugf/int/common/partition/set_b/util_ugf_partition_set_b_partition_straight_02m_a.cgf
    [1.00000000000000000, 0.00000000000000000, 0.00000000000000000, -102.00000000000000000]
    [0.00000000000000000, 1.00000000000000000, 0.00000000000000000, -12.00000000000000000]
    [0.00000000000000000, 0.00000000000000000, 1.00000000000000000, 0.00000000000000000]
  #60 data/objects/buildingsets/human/utilitarian/ugf/int/common/partition/set_b/util_ugf_partition_set_b_partition_straight_04m_a.cgf
    [-1.00000000000000000, 0.00000000000000000, 0.00000000000000000, -100.00000000000000000]
    [0.00000000000000000, -1.00000000000000000, 0.00000000000000000, 12.00000000000000000]
    [0.00000000000000000, 0.00000000000000000, 1.00000000000000000, 0.00000000000000000]
  #61 objects/buildingsets/human/common/light/integrated/set_a/common_light_integrated_set_a_capsule_0025x005m_a.cgf
    [-0.50000030318890709, 0.00000000000000000, 0.00000000000000000, -103.99922999999999718]
    [0.00000000000000000, 0.34385529422864747, 0.36299289224436521, -11.66031300000000037]
    [0.00000000000000000, 0.36299289224436521, -0.34385529422864747, 2.78792600000000013]
  #62 data/objects/buildingsets/human/utilitarian/ugf/int/common/partition/set_b/util_ugf_partition_set_b_partition_straight_04m_a.cgf
    [1.00000000000000000, 0.00000000000000000, 0.00000000000000000, -92.00000000000000000]
    [0.00000000000000000, 1.00000000000000000, 0.00000000000000000, -12.00000000000000000]
    [0.00000000000000000, 0.00000000000000000, 1.00000000000000000, 0.00000000000000000]
  #63 objects/buildingsets/human/common/light/integrated/set_a/common_light_integrated_set_a_capsule_0025x005m_a.cgf
    [0.50000025584748908, 0.00000000000000000, 0.00000000000000000, -106.00077000000000282]
    [0.00000000000000000, -0.34385526167147279, -0.36299285787518953, 11.66031300000000037]
    [0.00000000000000000, 0.36299285787518953, -0.34385526167147279, 2.78792600000000013]
  #64 objects/buildingsets/human/utilitarian/ugf/int/common/partition/set_b/util_ugf_partition_set_b_partition_door_double_04m_a.cgf
    [-1.00000000000000000, 0.00000000000000000, 0.00000000000000000, -104.00000000000000000]
    [0.00000000000000000, -1.00000000000000000, 0.00000000000000000, 12.00000000000000000]
    [0.00000000000000000, 0.00000000000000000, 1.00000000000000000, 0.00000000000000000]
  #65 objects/buildingsets/human/utilitarian/ugf/int/common/partition/set_b/util_ugf_partition_set_b_partition_door_double_04m_a.cgf
    [1.00000000000000000, 0.00000000000000000, 0.00000000000000000, -106.00000000000000000]
    [0.00000000000000000, 1.00000000000000000, 0.00000000000000000, -12.00000000000000000]
    [0.00000000000000000, 0.00000000000000000, 1.00000000000000000, 0.00000000000000000]
  #66 objects/buildingsets/human/utilitarian/ugf/int/common/partition/set_b/util_ugf_partition_set_b_partition_door_double_04m_a.cgf
    [1.00000000000000000, 0.00000000000000000, 0.00000000000000000, -88.00000000000000000]
    [0.00000000000000000, 1.00000000000000000, 0.00000000000000000, -12.00000000000000000]
    [0.00000000000000000, 0.00000000000000000, 1.00000000000000000, 0.00000000000000000]
  #67 data/objects/buildingsets/human/lowtech/alpha/int/elev/truck_shaft_door_double_a_dummy.cgf
    [-1.00000000000000000, 0.00000000000000000, 0.00000000000000000, -104.00000000000000000]
    [0.00000000000000000, -1.00000000000000000, 0.00000000000000000, -11.87500000000000000]
    [0.00000000000000000, 0.00000000000000000, 1.00000000000000000, 0.25000000000000000]
  #68 data/objects/buildingsets/human/utilitarian/ugf/int/common/partition/set_b/util_ugf_partition_set_b_partition_straight_02m_a.cgf
    [1.00000000000000000, 0.00000000000000000, 0.00000000000000000, -84.00000000000000000]
    [0.00000000000000000, 1.00000000000000000, 0.00000000000000000, -12.00000000000000000]
    [0.00000000000000000, 0.00000000000000000, 1.00000000000000000, 0.00000000000000000]
  #69 objects/buildingsets/human/lowtech/prop/light/light_wall_02_a.cgf
    [0.30000001192092896, 0.00000000000000000, 0.00000000000000000, -87.36204499999999484]
    [0.00000000000000000, 0.30000001192092896, 0.00000000000000000, -11.50477700000000070]
    [0.00000000000000000, 0.00000000000000000, 0.30000001192092896, 0.58798700000000004]
  #70 objects/buildingsets/human/lowtech/prop/light/light_wall_02_a.cgf
    [0.00000005835152493, 0.24933731043361002, -0.01819027623343420, -106.96491699999999980]
    [-0.24999996104742708, 0.00000005819685829, -0.00000000424572110, -1.16717399999999993]
    [0.00000000000000099, 0.01819027623343470, 0.24933731043361682, 6.39244599999999963]
  #71 data/objects/buildingsets/human/utilitarian/ugf/int/common/partition/set_b/util_ugf_partition_set_b_partition_straight_02m_a.cgf
    [-1.00000000000000000, 0.00000000000000000, 0.00000000000000000, -108.00000000000000000]
    [0.00000000000000000, -1.00000000000000000, 0.00000000000000000, 12.00000000000000000]
    [0.00000000000000000, 0.00000000000000000, 1.00000000000000000, 0.00000000000000000]
  #72 data/objects/buildingsets/human/common/light/work/tripod/set_b/common_light_work_tripod_set_b_rig_light_a.cgf
    [0.40673897612488258, 0.91354425498871905, 0.00000000000000000, -83.96875000000000000]
    [-0.91354425498871905, 0.40673897612488258, -0.00000000000000000, -8.59375000000000000]
    [-0.00000000000000000, 0.00000000000000000, 0.99999985026099447, 6.31250000000000000]
  #73 objects/buildingsets/human/lowtech/prop/light/light_wall_02_a.cgf
    [0.30000001192092896, 0.00000000000000000, 0.00000000000000000, -102.64480600000000265]
    [0.00000000000000000, 0.30000001192092896, 0.00000000000000000, -13.50477700000000070]
    [0.00000000000000000, 0.00000000000000000, 0.30000001192092896, 6.58798700000000004]
  #74 objects/buildingsets/human/common/light/integrated/set_a/common_light_integrated_set_a_capsule_0025x005m_a.cgf
    [-0.75000081381569883, 0.00000000000000000, 0.00000000000000000, -104.00128899999999987]
    [0.00000000000000000, 0.33613046349579812, 0.67046068656880276, -13.52441499999999941]
    [0.00000000000000000, 0.67046068656880276, -0.33613046349579812, 8.96399100000000004]
  #75 data/objects/buildingsets/human/lowtech/alpha/int/elev/truck_shaft_door_double_a_dummy.cgf
    [-1.00000000000000000, 0.00000000000000000, 0.00000000000000000, -86.00000000000000000]
    [0.00000000000000000, -1.00000000000000000, 0.00000000000000000, -11.87500000000000000]
    [0.00000000000000000, 0.00000000000000000, 1.00000000000000000, 0.25000000000000000]
  #76 data/objects/buildingsets/human/utilitarian/ugf/int/common/partition/set_b/util_ugf_partition_set_b_partition_straight_04m_a.cgf
    [1.00000000000000000, 0.00000000000000000, 0.00000000000000000, -110.00000000000000000]
    [0.00000000000000000, 1.00000000000000000, 0.00000000000000000, -12.00000000000000000]
    [0.00000000000000000, 0.00000000000000000, 1.00000000000000000, 0.00000000000000000]
  #77 data/objects/buildingsets/human/common/light/integrated/set_a/common_light_integrated_set_a_capsule_0025x01m_a.cgf
    [-1.00000085349466716, 0.00000000000000000, 0.00000000000000000, -89.77656199999999842]
    [0.00000000000000000, 0.00000064012127265, 1.00000085349446199, -11.48809100000000072]
    [0.00000000000000000, 1.00000085349446199, -0.00000064012127299, 2.91322899999999985]
  #78 objects/buildingsets/human/lowtech/prop/light/light_wall_02_a.cgf
    [0.00000005835152493, 0.24933731043361002, -0.01819027623343420, -106.96491699999999980]
    [-0.24999996104742708, 0.00000005819685829, -0.00000000424572110, -4.16717400000000016]
    [0.00000000000000099, 0.01819027623343470, 0.24933731043361682, 6.39244599999999963]
  #79 objects/buildingsets/human/lowtech/prop/light/light_wall_02_a.cgf
    [0.00000005835152493, -0.24933731043361002, 0.01819027623343420, -103.03828400000000443]
    [0.24999996104742708, 0.00000005819685829, -0.00000000424572110, -4.16650800000000032]
    [-0.00000000000000099, 0.01819027623343470, 0.24933731043361682, 6.39244599999999963]
  #80 objects/buildingsets/human/common/light/integrated/set_a/common_light_integrated_set_a_capsule_0025x005m_a.cgf
    [0.75000011140276590, 0.00000000000000000, 0.00000000000000000, -107.99947000000000230]
    [0.00000000000000000, -0.33612788325035764, -0.67046119440710017, 13.52669799999999967]
    [0.00000000000000000, 0.67046119440710017, -0.33612788325035764, 8.96399000000000079]
  #81 data/objects/buildingsets/human/lowtech/prop/utilitarian/light/light_portable_tripod_1_base_a.cgf
    [0.20336948806244129, 0.45677212749435953, 0.00000000000000000, -83.96875000000000000]
    [-0.45677212749435953, 0.20336948806244129, -0.00000000000000000, -8.59375000000000000]
    [-0.00000000000000000, 0.00000000000000000, 0.49999992513049724, 6.25000000000000000]
  #82 objects/buildingsets/human/lowtech/prop/light/light_wall_02_a.cgf
    [-0.30000001192072889, -0.00000060000002233, 0.00000000000000000, -91.35871400000000619]
    [0.00000060000002233, -0.30000001192072889, 0.00000000000000000, 13.50705999999999918]
    [0.00000000000000000, 0.00000000000000000, 0.30000001192132897, 6.58798800000000018]
  #83 data/objects/spaceships/derelicts/dead_bodies/skull_1_a.cgf
    [0.69975423561803085, 0.70961150556878339, 0.08243486118031636, -103.40625000000000000]
    [-0.62291372794595545, 0.66257540219716737, -0.41589939814638116, 0.40625000000000000]
    [-0.34974631193178529, 0.23967756049837974, 0.90566669902478347, 1.18750000000000000]
  #84 data/objects/buildingsets/human/universal/prop/decal/decal_blood_gore_1_b.cgf
    [0.66526253221979825, 0.70991837691233861, -0.23117394654142476, -107.65625000000000000]
    [-0.74294168745788403, 0.66011482967335677, -0.11084129598408653, -3.53125000000000000]
    [0.07391308730271430, 0.24548735604985997, 0.96657774946349539, 2.03125000000000000]
  #85 objects/buildingsets/human/common/light/integrated/set_a/common_light_integrated_set_a_capsule_0025x005m_a.cgf
    [-0.75000081381569883, 0.00000000000000000, 0.00000000000000000, -86.00128899999999987]
    [0.00000000000000000, 0.33613046349579812, 0.67046068656880276, -11.52441499999999941]
    [0.00000000000000000, 0.67046068656880276, -0.33613046349579812, 2.96399100000000004]
  #86 objects/buildingsets/human/common/light/integrated/set_a/common_light_integrated_set_a_capsule_0025x005m_a.cgf
    [0.75000011140276590, 0.00000000000000000, 0.00000000000000000, -90.00223200000000645]
    [0.00000000000000000, -0.33612788325035764, -0.67046119440710017, 13.52669799999999967]
    [0.00000000000000000, 0.67046119440710017, -0.33612788325035764, 8.96399000000000079]
  #87 objects/buildingsets/human/lowtech/prop/light/light_wall_02_a.cgf
    [0.30000001192092896, 0.00000000000000000, 0.00000000000000000, -84.64480600000000265]
    [0.00000000000000000, 0.30000001192092896, 0.00000000000000000, -11.50477700000000070]
    [0.00000000000000000, 0.00000000000000000, 0.30000001192092896, 0.58798700000000004]
  #88 data/objects/buildingsets/human/universal/prop/dressing/toy/toy_plushie_penguin_1_destroyed_a.cgf
    [0.72215279392775023, 0.48334745490531456, -0.49484454353392787, -103.09375000000000000]
    [-0.53922432115223451, -0.05473505678663124, -0.84038190558988002, 5.90625000000000000]
    [-0.43328168194219613, 0.87371611728382415, 0.22110556912529936, 1.09375000000000000]
  #89 data/objects/buildingsets/human/common/light/maintenance/set_a/common_light_maint_set_a_rectangle_0025x002m_a.cgf
    [-0.00000048009075020, 0.75000032006048289, 0.00000000000000000, -91.88822500000000559]
    [-0.75000032006048289, -0.00000048009075020, -0.00000000000000000, -13.50081100000000056]
    [-0.00000000000000000, 0.00000000000000000, 0.75000032006063655, 6.22405600000000003]
  #90 data/objects/buildingsets/human/common/light/maintenance/set_a/common_light_maint_set_a_rectangle_0025x002m_a.cgf
    [-0.00000048009075020, 0.75000032006048289, 0.00000000000000000, -82.11650000000000205]
    [-0.75000032006048289, -0.00000048009075020, -0.00000000000000000, -13.50079999999999991]
    [-0.00000000000000000, 0.00000000000000000, 0.75000032006063655, 6.22499999999999964]
  #91 data/objects/buildingsets/human/universal/prop/decal/decal_blood_gore_1_b.cgf
    [0.66913006468114566, 0.74314515790452818, 0.00000000000000000, -100.98451099999999769]
    [-0.74314515790452818, 0.66913006468114566, -0.00000000000000000, -0.16170100000000001]
    [-0.00000000000000000, 0.00000000000000000, 0.99999988458856348, 0.25000000000000000]
  #92 objects/buildingsets/human/lowtech/prop/light/light_wall_02_a.cgf
    [0.30000001192092896, 0.00000000000000000, 0.00000000000000000, -105.36204499999999484]
    [0.00000000000000000, 0.30000001192092896, 0.00000000000000000, -13.50477700000000070]
    [0.00000000000000000, 0.00000000000000000, 0.30000001192092896, 6.58798700000000004]
  #93 objects/buildingsets/human/lowtech/prop/light/light_wall_02_a.cgf
    [-0.30000001192072889, -0.00000060000002233, 0.00000000000000000, -88.64147599999999727]
    [0.00000060000002233, -0.30000001192072889, 0.00000000000000000, 13.50705999999999918]
    [0.00000000000000000, 0.00000000000000000, 0.30000001192132897, 6.58798800000000018]
  #94 data/objects/spaceships/derelicts/dead_bodies/hand_bone_2_a.cgf
    [-0.70441539916004492, 0.70710644046452553, 0.06162863247569613, -102.75000000000000000]
    [-0.70441575928433164, -0.70710617513498342, 0.06162756054635095, 0.40625000000000000]
    [0.08715528990895745, -0.00000077727802523, 0.99619406568264735, 0.78125000000000000]
  #95 objects/buildingsets/human/lowtech/prop/light/light_wall_02_a.cgf
    [-0.30000001192072889, -0.00000060000002233, 0.00000000000000000, -109.35595200000000204]
    [0.00000060000002233, -0.30000001192072889, 0.00000000000000000, 13.50705999999999918]
    [0.00000000000000000, 0.00000000000000000, 0.30000001192132897, 6.58798800000000018]
  #96 objects/buildingsets/human/lowtech/prop/light/light_wall_02_a.cgf
    [-0.30000001192072889, -0.00000060000002233, 0.00000000000000000, -106.63871399999999312]
    [0.00000060000002233, -0.30000001192072889, 0.00000000000000000, 13.50705999999999918]
    [0.00000000000000000, 0.00000000000000000, 0.30000001192132897, 6.58798800000000018]
  #97 data/objects/buildingsets/human/common/light/maintenance/set_a/common_light_maint_set_a_rectangle_0025x002m_a.cgf
    [-0.00000048009075020, 0.75000032006048289, 0.00000000000000000, -82.11648599999999476]
    [-0.75000032006048289, -0.00000048009075020, -0.00000000000000000, -14.50080999999999953]
    [-0.00000000000000000, 0.00000000000000000, 0.75000032006063655, 6.22405600000000003]
  #98 data/objects/buildingsets/human/common/light/maintenance/set_a/common_light_maint_set_a_rectangle_0025x002m_a.cgf
    [-0.00000048009075020, 0.75000032006048289, 0.00000000000000000, -91.88822500000000559]
    [-0.75000032006048289, -0.00000048009075020, -0.00000000000000000, -14.50080999999999953]
    [-0.00000000000000000, 0.00000000000000000, 0.75000032006063655, 6.22405600000000003]
  #99 objects/buildingsets/human/lowtech/prop/light/light_wall_02_a.cgf
    [-0.00000025604840392, 0.40000017665939125, 0.00000000000000000, -51.50518999999999892]
    [-0.40000017665939125, -0.00000025604840392, -0.00000000000000000, -14.36956799999999923]
    [-0.00000000000000000, 0.00000000000000000, 0.40000017665947318, -10.39725999999999928]
  #100 objects/buildingsets/human/lowtech/prop/light/light_wall_02_a.cgf
    [-0.00000025604840392, 0.40000017665939125, 0.00000000000000000, -51.50518999999999892]
    [-0.40000017665939125, -0.00000025604840392, -0.00000000000000000, -11.62743599999999944]
    [-0.00000000000000000, 0.00000000000000000, 0.40000017665947318, -10.39725999999999928]
  #101 objects/buildingsets/human/common/light/integrated/set_a/common_light_integrated_set_a_capsule_0025x005m_a.cgf
    [-0.00000024422549981, 0.33612847070251051, 0.67046108928768433, -51.53195500000000351]
    [0.75000028071037195, 0.00000010945488058, 0.00000021832481247, -13.00639299999999920]
    [-0.00000000000007098, 0.67046108928771997, -0.33612847070252860, -8.04024800000000006]
  #102 data/objects/buildingsets/human/utilitarian/ugf/int/common/partition/set_b/util_ugf_partition_set_b_partition_straight_01m_a.cgf
    [-0.00000064012100026, 1.00000042674731060, 0.00000000000000000, -52.00000192036340962]
    [-1.00000042674731060, -0.00000064012100026, -0.00000000000000000, -9.99999807963659038]
    [-0.00000000000000000, 0.00000000000000000, 1.00000042674751533, -11.00000000000000000]
  #103 data/objects/buildingsets/human/lowtech/alpha/int/elev/truck_shaft_door_double_a_dummy.cgf
    [-1.10000002384185791, 0.00000000000000000, 0.00000000000000000, -47.00000000000000000]
    [0.00000000000000000, -1.10000002384185791, 0.00000000000000000, -37.87500000000000000]
    [0.00000000000000000, 0.00000000000000000, 1.10000002384185791, -10.87500000000000000]
  #104 objects/buildingsets/human/utilitarian/ugf/int/common/partition/set_b/util_ugf_partition_set_b_partition_door_double_04m_a.cgf
    [1.00000000000000000, 0.00000000000000000, 0.00000000000000000, -49.00000000000000000]
    [0.00000000000000000, 1.00000000000000000, 0.00000000000000000, -38.00000000000000000]
    [0.00000000000000000, 0.00000000000000000, 1.00000000000000000, -11.00000000000000000]
  #105 data/objects/buildingsets/human/utilitarian/ugf/int/common/partition/set_b/util_ugf_partition_set_b_partition_straight_06m_a.cgf
    [-1.00000000000000000, 0.00000000000000000, 0.00000000000000000, -44.00000000000000000]
    [0.00000000000000000, -1.00000000000000000, 0.00000000000000000, -8.00000000000000000]
    [0.00000000000000000, 0.00000000000000000, 1.00000000000000000, -11.00000000000000000]
  #106 data/objects/buildingsets/human/utilitarian/ugf/int/common/partition/set_b/util_ugf_partition_set_b_partition_straight_06m_a.cgf
    [-0.00000064012100026, 1.00000042674731060, 0.00000000000000000, -52.00000192036340962]
    [-1.00000042674731060, -0.00000064012100026, -0.00000000000000000, -29.99999807963659038]
    [-0.00000000000000000, 0.00000000000000000, 1.00000042674751533, -11.00000000000000000]
  #107 data/objects/buildingsets/human/utilitarian/ugf/int/common/partition/set_b/util_ugf_partition_set_b_partition_straight_01m_a.cgf
    [1.00000000000000000, 0.00000000000000000, 0.00000000000000000, -50.00000000000000000]
    [0.00000000000000000, 1.00000000000000000, 0.00000000000000000, -38.00000000000000000]
    [0.00000000000000000, 0.00000000000000000, 1.00000000000000000, -11.00000000000000000]
  #108 data/objects/buildingsets/human/utilitarian/ugf/int/common/partition/set_b/util_ugf_partition_set_b_partition_door_double_04m_a.cgf
    [-0.00000064012100026, 1.00000042674731060, 0.00000000000000000, -52.00000128024227308]
    [-1.00000042674731060, -0.00000064012100026, -0.00000000000000000, -10.99999871975772692]
    [-0.00000000000000000, 0.00000000000000000, 1.00000042674751533, -11.00000000000000000]
  #109 objects/buildingsets/human/common/light/maintenance/set_a/common_light_maint_set_a_rectangle_0025x002m_a.cgf
    [0.40000017665947318, -0.00000000000000000, 0.00000000000000000, -48.32866700000000293]
    [0.00000000000000000, -0.00000025604840374, 0.40000017665939125, -37.59275800000000345]
    [-0.00000000000000000, -0.40000017665939125, -0.00000025604840374, -10.63491900000000001]
  #110 data/objects/buildingsets/human/utilitarian/ugf/int/common/partition/set_b/util_ugf_partition_set_b_partition_straight_01m_a.cgf
    [1.00000000000000000, 0.00000000000000000, 0.00000000000000000, -45.00000000000000000]
    [0.00000000000000000, 1.00000000000000000, 0.00000000000000000, -38.00000000000000000]
    [0.00000000000000000, 0.00000000000000000, 1.00000000000000000, -11.00000000000000000]
  #111 data/objects/buildingsets/human/utilitarian/ugf/int/common/partition/set_b/util_ugf_partition_set_b_partition_straight_01m_a.cgf
    [-0.00000064012100026, 1.00000042674731060, 0.00000000000000000, -51.99999871975772692]
    [-1.00000042674731060, -0.00000064012100026, -0.00000000000000000, -15.00000128024227308]
    [-0.00000000000000000, 0.00000000000000000, 1.00000042674751533, -11.00000000000000000]
  #112 objects/buildingsets/human/common/light/maintenance/set_a/common_light_maint_set_a_rectangle_0025x002m_a.cgf
    [0.40000017665947318, -0.00000000000000000, 0.00000000000000000, -45.66922000000000281]
    [0.00000000000000000, -0.00000025604840374, 0.40000017665939125, -37.59275900000000092]
    [-0.00000000000000000, -0.40000017665939125, -0.00000025604840374, -10.63491900000000001]
  #113 objects/buildingsets/human/common/light/integrated/set_a/common_light_integrated_set_a_capsule_0025x005m_a.cgf
    [0.50000032742764799, 0.00000000000000000, 0.00000000000000000, -46.99922999999999718]
    [0.00000000000000000, -0.34083936160030553, 0.36582626615874830, -37.66351300000000180]
    [0.00000000000000000, -0.36582626615874830, -0.34083936160030553, -8.21638899999999950]
  #114 data/objects/buildingsets/human/common/light/maintenance/set_a/common_light_maint_set_a_rectangle_0025x002m_a.cgf
    [-0.00000048009075020, 0.75000032006048289, 0.00000000000000000, -61.89000000000000057]
    [-0.75000032006048289, -0.00000048009075020, -0.00000000000000000, 26.48851000000000155]
    [-0.00000000000000000, 0.00000000000000000, 0.75000032006063655, 0.22408600000000001]
  #115 data/objects/buildingsets/human/common/light/maintenance/set_a/common_light_maint_set_a_rectangle_0025x002m_a.cgf
    [-0.00000048009075020, 0.75000032006048289, 0.00000000000000000, -52.11827499999999702]
    [-0.75000032006048289, -0.00000048009075020, -0.00000000000000000, 26.48852099999999865]
    [-0.00000000000000000, 0.00000000000000000, 0.75000032006063655, 0.22503000000000001]
  #116 data/objects/buildingsets/human/common/light/maintenance/set_a/common_light_maint_set_a_rectangle_0025x002m_a.cgf
    [-0.00000048009075020, 0.75000032006048289, 0.00000000000000000, -61.89000000000000057]
    [-0.75000032006048289, -0.00000048009075020, -0.00000000000000000, -26.50000000000000000]
    [-0.00000000000000000, 0.00000000000000000, 0.75000032006063655, 0.22408600000000001]
  #117 data/objects/buildingsets/human/common/light/maintenance/set_a/common_light_maint_set_a_rectangle_0025x002m_a.cgf
    [-0.00000048009075020, 0.75000032006048289, 0.00000000000000000, -52.11826099999999684]
    [-0.75000032006048289, -0.00000048009075020, -0.00000000000000000, -26.50000000000000000]
    [-0.00000000000000000, 0.00000000000000000, 0.75000032006063655, 0.22408600000000001]
