# IncludedObjects
# Cgfs: 6, Materials: 0, Palettes: 1, Placements: 8

[CGFs]
      0: objects/buildingsets/citysets/lorville/skyline/rooftop/lorv_skyl_rooftop_med_vent_02a.cgf
      1: objects/buildingsets/citysets/lorville/skyline/rooftop/lorv_skyl_rooftop_sml_container_01a.cgf
      2: objects/buildingsets/citysets/lorville/skyline/building/lorv_skyl_bldg_slim_med_02a_addon_branding_02a.cgf
      3: objects/buildingsets/citysets/lorville/skyline/building/lorv_skyl_bldg_slim_med_02a.cgf
      4: objects/buildingsets/citysets/lorville/skyline/rooftop/lorv_skyl_rooftop_med_addon_bldg_01a.cgf
      5: objects/buildingsets/citysets/lorville/skyline/rooftop/lorv_skyl_rooftop_med_antenna_01_a.cgf

[Palettes]
      0: Libs/Foundry/Records/TintPalettes/Brand/Lorville/Lorville_Skyl_Root|Rootop<132>

[Placements]
  #0 objects/buildingsets/citysets/lorville/skyline/rooftop/lorv_skyl_rooftop_med_vent_02a.cgf
    [-1.00000000000000000, 0.00000000000000000, 0.00000000000000000, 11.87432599999920058]
    [0.00000000000000000, -1.00000000000000000, 0.00000000000000000, -62.44521699999995690]
    [0.00000000000000000, 0.00000000000000000, 1.00000000000000000, 490.86965899995993823]
  #1 objects/buildingsets/citysets/lorville/skyline/rooftop/lorv_skyl_rooftop_sml_container_01a.cgf
    [-0.00000064012100026, -1.00000042674731060, 0.00000000000000000, -17.16360800000074960]
    [1.00000042674731060, -0.00000064012100026, 0.00000000000000000, 24.63757599999996728]
    [0.00000000000000000, 0.00000000000000000, 1.00000042674751533, 515.90900400001555681]
  #2 objects/buildingsets/citysets/lorville/skyline/building/lorv_skyl_bldg_slim_med_02a_addon_branding_02a.cgf
    [1.00000000000000000, 0.00000000000000000, 0.00000000000000000, 0.00000000000000000]
    [0.00000000000000000, 1.00000000000000000, 0.00000000000000000, -2.25285399999995661]
    [0.00000000000000000, 0.00000000000000000, 1.00000000000000000, 0.00000000000000000]
  #3 objects/buildingsets/citysets/lorville/skyline/rooftop/lorv_skyl_rooftop_med_vent_02a.cgf
    [-1.00000000000000000, 0.00000000000000000, 0.00000000000000000, 19.95586399999956484]
    [0.00000000000000000, -1.00000000000000000, 0.00000000000000000, 19.14097700000002078]
    [0.00000000000000000, 0.00000000000000000, 1.00000000000000000, 516.44407299999147654]
  #4 objects/buildingsets/citysets/lorville/skyline/building/lorv_skyl_bldg_slim_med_02a.cgf
    [1.00000000000000000, 0.00000000000000000, 0.00000000000000000, 0.00000000000000000]
    [0.00000000000000000, 1.00000000000000000, 0.00000000000000000, 0.00000000000000000]
    [0.00000000000000000, 0.00000000000000000, 1.00000000000000000, 0.00000000000000000]
  #5 objects/buildingsets/citysets/lorville/skyline/rooftop/lorv_skyl_rooftop_med_addon_bldg_01a.cgf
    [-0.00000064012100026, -1.00000042674731060, 0.00000000000000000, -2.65089799999987008]
    [1.00000042674731060, -0.00000064012100026, 0.00000000000000000, -32.80513599999994767]
    [0.00000000000000000, 0.00000000000000000, 1.00000042674751533, 490.87301700003445148]
  #6 objects/buildingsets/citysets/lorville/skyline/rooftop/lorv_skyl_rooftop_med_vent_02a.cgf
    [-1.00000000000000000, 0.00000000000000000, 0.00000000000000000, -12.80357200000071316]
    [0.00000000000000000, -1.00000000000000000, 0.00000000000000000, -62.44521699999995690]
    [0.00000000000000000, 0.00000000000000000, 1.00000000000000000, 490.86965899995993823]
  #7 objects/buildingsets/citysets/lorville/skyline/rooftop/lorv_skyl_rooftop_med_antenna_01_a.cgf
    [-0.00000064012100026, -1.00000042674731060, 0.00000000000000000, 0.00000000000000000]
    [1.00000042674731060, -0.00000064012100026, 0.00000000000000000, 57.18894000000000233]
    [0.00000000000000000, 0.00000000000000000, 1.00000042674751533, 515.90900400001555681]
