# IncludedObjects
# Cgfs: 13, Materials: 1, Palettes: 1, Placements: 36

[CGFs]
      0: objects/buildingsets/human/hightech/delta/int/garage/garage_wall_addon_02x05x08_a.cgf
      1: objects/buildingsets/human/hightech/delta/int/railing/open/walkway_railing_straight_02x00125x01125_a.cgf
      2: objects/buildingsets/human/hightech/delta/int/garage/garage_med_skeleton_30x26x10_a.cgf
      3: objects/buildingsets/human/hightech/delta/int/garage/garage_wall_module_generic_16x05x10_a.cgf
      4: objects/buildingsets/human/hightech/delta/int/garage/garage_wall_corner_05x05x10_a.cgf
      5: objects/buildingsets/human/hightech/delta/int/garage/garage_wall_straight_08x05x10_a.cgf
      6: objects/buildingsets/human/hightech/delta/int/garage/garage_med_floor_22x12x01_a.cgf
      7: objects/buildingsets/human/hightech/delta/int/railing/open/walkway_railing_straight_01x00125x01125_a.cgf
      8: objects/buildingsets/human/hightech/delta/int/garage/garage_med_ceiling_30x26x04_a.cgf
      9: objects/buildingsets/human/hightech/delta/int/garage/garage_wall_module_generic_08x05x10_a.cgf
     10: objects/buildingsets/human/hightech/delta/int/roomsm_b/wall/roomsm_b_wall_straight_door_04x01x04_a.cgf
     11: objects/buildingsets/human/hightech/delta/int/garage/garage_med_ceiling_glass_30x26x04_a.cgf
     12: objects/buildingsets/human/hightech/delta/int/garage/garage_wall_door_08x05x10_a.cgf

[Materials]
      0: objects/buildingsets/human/hightech/delta/int/hightech_delta_int_garages_a

[Palettes]
      0: Libs/Foundry/Records/TintPalettes/default

[Placements]
  #0 objects/buildingsets/human/hightech/delta/int/garage/garage_wall_addon_02x05x08_a.cgf
    [-0.00000064012100026, -1.00000042674731060, 0.00000000000000000, 13.00000099999999748]
    [1.00000042674731060, -0.00000064012100026, 0.00000000000000000, -24.99999299999999991]
    [0.00000000000000000, 0.00000000000000000, 1.00000042674751533, -1.00000000000000000]
  #1 objects/buildingsets/human/hightech/delta/int/railing/open/walkway_railing_straight_02x00125x01125_a.cgf
    [0.99999999999987210, 0.00000050576251067, 0.00000000000000000, 9.72647961574463693]
    [-0.00000050576251067, 0.99999999999987210, -0.00000000000000000, -18.72301763100732330]
    [-0.00000000000000000, 0.00000000000000000, 1.00000000000000000, -0.31016796827316284]
  #2 objects/buildingsets/human/hightech/delta/int/railing/open/walkway_railing_straight_02x00125x01125_a.cgf
    [-0.00000064012100026, -1.00000042674731060, 0.00000000000000000, 5.91360599999998726]
    [1.00000042674731060, -0.00000064012100026, 0.00000000000000000, -29.03278800000000004]
    [0.00000000000000000, 0.00000000000000000, 1.00000042674751533, -0.31882400000000000]
  #3 objects/buildingsets/human/hightech/delta/int/garage/garage_med_skeleton_30x26x10_a.cgf
    [-1.00000000000000000, 0.00000000000000000, 0.00000000000000000, 0.00000000000000000]
    [0.00000000000000000, -1.00000000000000000, 0.00000000000000000, 0.00000800000000112]
    [0.00000000000000000, 0.00000000000000000, 1.00000000000000000, -1.00000000000000000]
  #4 objects/buildingsets/human/hightech/delta/int/railing/open/walkway_railing_straight_02x00125x01125_a.cgf
    [-1.00000095367421693, -0.00000050576226950, 0.00000000000000000, -9.72648665475250596]
    [0.00000050576226950, -1.00000095367421693, 0.00000000000000000, -7.28159843918023775]
    [0.00000000000000000, 0.00000000000000000, 1.00000095367434483, -0.31016796827316284]
  #5 objects/buildingsets/human/hightech/delta/int/garage/garage_wall_module_generic_16x05x10_a.cgf
    [-0.00000064012100026, 1.00000042674731060, 0.00000000000000000, -12.99999900000000252]
    [-1.00000042674731060, -0.00000064012100026, -0.00000000000000000, -0.99999899999999897]
    [-0.00000000000000000, 0.00000000000000000, 1.00000042674751533, -1.00000000000000000]
  #6 objects/buildingsets/human/hightech/delta/int/garage/garage_wall_corner_05x05x10_a.cgf
    [-0.00000064012100026, -1.00000042674731060, 0.00000000000000000, 12.99999900000000252]
    [1.00000042674731060, -0.00000064012100026, 0.00000000000000000, -29.99999299999999991]
    [0.00000000000000000, 0.00000000000000000, 1.00000042674751533, -1.00000000000000000]
  #7 objects/buildingsets/human/hightech/delta/int/garage/garage_wall_module_generic_16x05x10_a.cgf
    [-0.00000064012100026, -1.00000042674731060, 0.00000000000000000, 13.00000000000000000]
    [1.00000042674731060, -0.00000064012100026, 0.00000000000000000, -24.99999899999999897]
    [0.00000000000000000, 0.00000000000000000, 1.00000042674751533, -1.00000000000000000]
  #8 objects/buildingsets/human/hightech/delta/int/garage/garage_wall_addon_02x05x08_a.cgf
    [-0.00000064012100026, 1.00000042674731060, 0.00000000000000000, -12.99999900000000252]
    [-1.00000042674731060, -0.00000064012100026, -0.00000000000000000, -0.99999899999999897]
    [-0.00000000000000000, 0.00000000000000000, 1.00000042674751533, -1.00000000000000000]
  #9 objects/buildingsets/human/hightech/delta/int/garage/garage_wall_addon_02x05x08_a.cgf
    [1.00000000000000000, 0.00000000000000000, 0.00000000000000000, -8.00000000000000000]
    [0.00000000000000000, 1.00000000000000000, 0.00000000000000000, -29.99999299999999991]
    [0.00000000000000000, 0.00000000000000000, 1.00000000000000000, -1.00000000000000000]
  #10 objects/buildingsets/human/hightech/delta/int/garage/garage_wall_straight_08x05x10_a.cgf
    [1.00000000000000000, 0.00000000000000000, 0.00000000000000000, -8.00000000000000000]
    [0.00000000000000000, 1.00000000000000000, 0.00000000000000000, -29.99999900000000252]
    [0.00000000000000000, 0.00000000000000000, 1.00000000000000000, -1.00000000000000000]
  #11 objects/buildingsets/human/hightech/delta/int/garage/garage_wall_addon_02x05x08_a.cgf
    [1.00000000000000000, 0.00000000000000000, 0.00000000000000000, 8.00000000000000000]
    [0.00000000000000000, 1.00000000000000000, 0.00000000000000000, -29.99999099999999785]
    [0.00000000000000000, 0.00000000000000000, 1.00000000000000000, -1.00000000000000000]
  #12 objects/buildingsets/human/hightech/delta/int/garage/garage_med_floor_22x12x01_a.cgf
    [-1.00000000000000000, 0.00000000000000000, 0.00000000000000000, 0.00000000000000000]
    [0.00000000000000000, -1.00000000000000000, 0.00000000000000000, 0.00000700000000009]
    [0.00000000000000000, 0.00000000000000000, 1.00000000000000000, -1.00000000000000000]
  #13 objects/buildingsets/human/hightech/delta/int/railing/open/walkway_railing_straight_01x00125x01125_a.cgf
    [-1.00000000000000000, 0.00000000000000000, 0.00000000000000000, 8.24069399999999064]
    [0.00000000000000000, -1.00000000000000000, 0.00000000000000000, -1.32824300000000051]
    [0.00000000000000000, 0.00000000000000000, 1.00000000000000000, -0.31882400000000000]
  #14 objects/buildingsets/human/hightech/delta/int/garage/garage_wall_addon_02x05x08_a.cgf
    [1.00000000000000000, 0.00000000000000000, 0.00000000000000000, 0.00000000000000000]
    [0.00000000000000000, 1.00000000000000000, 0.00000000000000000, -29.99999900000000252]
    [0.00000000000000000, 0.00000000000000000, 1.00000000000000000, -1.00000000000000000]
  #15 objects/buildingsets/human/hightech/delta/int/garage/garage_wall_addon_02x05x08_a.cgf
    [-0.00000064012100026, -1.00000042674731060, 0.00000000000000000, 13.00000399999998990]
    [1.00000042674731060, -0.00000064012100026, 0.00000000000000000, -8.99999900000000075]
    [0.00000000000000000, 0.00000000000000000, 1.00000042674751533, -1.00000000000000000]
  #16 objects/buildingsets/human/hightech/delta/int/railing/open/walkway_railing_straight_02x00125x01125_a.cgf
    [-1.00000095367425490, -0.00000016858742790, 0.00000000000000000, 11.73114489268002103]
    [0.00000016858742790, -1.00000095367425490, 0.00000000000000000, -11.16487838435049085]
    [0.00000000000000000, 0.00000000000000000, 1.00000095367426911, -0.31016796827316284]
  #17 objects/buildingsets/human/hightech/delta/int/railing/open/walkway_railing_straight_02x00125x01125_a.cgf
    [-1.00000095367425490, -0.00000016858742790, 0.00000000000000000, 11.73115006881306499]
    [0.00000016858742790, -1.00000095367425490, 0.00000000000000000, -19.25106090957410387]
    [0.00000000000000000, 0.00000000000000000, 1.00000095367426911, -0.31016796827316284]
  #18 objects/buildingsets/human/hightech/delta/int/garage/garage_wall_addon_02x05x08_a.cgf
    [-0.00000064012100026, -1.00000042674731060, 0.00000000000000000, 13.00000900000000570]
    [1.00000042674731060, -0.00000064012100026, 0.00000000000000000, -0.99999899999999897]
    [0.00000000000000000, 0.00000000000000000, 1.00000042674751533, -1.00000000000000000]
  #19 objects/buildingsets/human/hightech/delta/int/railing/open/walkway_railing_straight_01x00125x01125_a.cgf
    [-1.00000000000000000, 0.00000000000000000, 0.00000000000000000, -7.19882699999999431]
    [0.00000000000000000, -1.00000000000000000, 0.00000000000000000, -1.32824300000000051]
    [0.00000000000000000, 0.00000000000000000, 1.00000000000000000, -0.31882400000000000]
  #20 objects/buildingsets/human/hightech/delta/int/railing/open/walkway_railing_straight_02x00125x01125_a.cgf
    [0.99999999999998579, 0.00000016858750829, 0.00000000000000000, -11.73116160447722223]
    [-0.00000016858750829, 0.99999999999998579, -0.00000000000000000, -14.83434208766382056]
    [-0.00000000000000000, 0.00000000000000000, 1.00000000000000000, -0.31016796827316284]
  #21 objects/buildingsets/human/hightech/delta/int/garage/garage_med_ceiling_30x26x04_a.cgf
    [-1.00000000000000000, 0.00000000000000000, 0.00000000000000000, 0.00000000000000000]
    [0.00000000000000000, -1.00000000000000000, 0.00000000000000000, 0.00000800000000112]
    [0.00000000000000000, 0.00000000000000000, 1.00000000000000000, -1.00000000000000000]
  #22 objects/buildingsets/human/hightech/delta/int/railing/open/walkway_railing_straight_02x00125x01125_a.cgf
    [-0.00000064012100026, 1.00000042674731060, 0.00000000000000000, 2.12448699999998780]
    [-1.00000042674731060, -0.00000064012100026, -0.00000000000000000, -27.04277699999999740]
    [-0.00000000000000000, 0.00000000000000000, 1.00000042674751533, -0.31882400000000000]
  #23 objects/buildingsets/human/hightech/delta/int/garage/garage_wall_corner_05x05x10_a.cgf
    [1.00000000000000000, 0.00000000000000000, 0.00000000000000000, -13.00000000000000000]
    [0.00000000000000000, 1.00000000000000000, 0.00000000000000000, -29.99999099999999785]
    [0.00000000000000000, 0.00000000000000000, 1.00000000000000000, -1.00000000000000000]
  #24 objects/buildingsets/human/hightech/delta/int/railing/open/walkway_railing_straight_02x00125x01125_a.cgf
    [-1.00000095367421693, -0.00000050576226950, 0.00000000000000000, -9.72648467151313412]
    [0.00000050576226950, -1.00000095367421693, 0.00000000000000000, -4.18337133921111715]
    [0.00000000000000000, 0.00000000000000000, 1.00000095367434483, -0.31016796827316284]
  #25 objects/buildingsets/human/hightech/delta/int/railing/open/walkway_railing_straight_02x00125x01125_a.cgf
    [0.99999999999987210, 0.00000050576251067, 0.00000000000000000, 9.72648160489256952]
    [-0.00000050576251067, 0.99999999999987210, -0.00000000000000000, -21.83047511217491987]
    [-0.00000000000000000, 0.00000000000000000, 1.00000000000000000, -0.31016796827316284]
  #26 objects/buildingsets/human/hightech/delta/int/garage/garage_wall_straight_08x05x10_a.cgf
    [-0.00000064012100026, -1.00000042674731060, 0.00000000000000000, 13.00000299999999243]
    [1.00000042674731060, -0.00000064012100026, 0.00000000000000000, -8.99999900000000075]
    [0.00000000000000000, 0.00000000000000000, 1.00000042674751533, -1.00000000000000000]
  #27 objects/buildingsets/human/hightech/delta/int/garage/garage_wall_module_generic_08x05x10_a.cgf
    [-0.00000064012100026, 1.00000042674731060, 0.00000000000000000, -13.00000000000000000]
    [-1.00000042674731060, -0.00000064012100026, -0.00000000000000000, -16.99999800000000150]
    [-0.00000000000000000, 0.00000000000000000, 1.00000042674751533, -1.00000000000000000]
  #28 objects/buildingsets/human/hightech/delta/int/railing/open/walkway_railing_straight_02x00125x01125_a.cgf
    [0.99999999999998579, 0.00000016858750829, 0.00000000000000000, -11.73115748350812737]
    [-0.00000016858750829, 0.99999999999998579, -0.00000000000000000, -22.83433596669472720]
    [-0.00000000000000000, 0.00000000000000000, 1.00000000000000000, -0.31016796827316284]
  #29 objects/buildingsets/human/hightech/delta/int/garage/garage_wall_addon_02x05x08_a.cgf
    [-0.00000064012100026, 1.00000042674731060, 0.00000000000000000, -13.00000099999999748]
    [-1.00000042674731060, -0.00000064012100026, -0.00000000000000000, -16.99999899999999897]
    [-0.00000000000000000, 0.00000000000000000, 1.00000042674751533, -1.00000000000000000]
  #30 objects/buildingsets/human/hightech/delta/int/railing/open/walkway_railing_straight_02x00125x01125_a.cgf
    [-1.00000095367421693, -0.00000050576226950, 0.00000000000000000, -9.72648565437395973]
    [0.00000050576226950, -1.00000095367421693, 0.00000000000000000, -20.15659543880168769]
    [0.00000000000000000, 0.00000000000000000, 1.00000095367434483, -0.31016796827316284]
  #31 objects/buildingsets/human/hightech/delta/int/roomsm_b/wall/roomsm_b_wall_straight_door_04x01x04_a.cgf
    [1.00000000000000000, 0.00000000000000000, 0.00000000000000000, 2.00000000000000000]
    [0.00000000000000000, 1.00000000000000000, 0.00000000000000000, -29.99999099999999785]
    [0.00000000000000000, 0.00000000000000000, 1.00000000000000000, -0.37500000000000000]
  #32 objects/buildingsets/human/hightech/delta/int/railing/open/walkway_railing_straight_02x00125x01125_a.cgf
    [0.99999999999998579, 0.00000016858750829, 0.00000000000000000, -11.73115642637483802]
    [-0.00000016858750829, 0.99999999999998579, -0.00000000000000000, -6.74508300712611586]
    [-0.00000000000000000, 0.00000000000000000, 1.00000000000000000, -0.31016796827316284]
  #33 objects/buildingsets/human/hightech/delta/int/garage/garage_med_ceiling_glass_30x26x04_a.cgf
    [-1.00000000000000000, 0.00000000000000000, 0.00000000000000000, 0.00000000000000000]
    [0.00000000000000000, -1.00000000000000000, 0.00000000000000000, 0.00000800000000112]
    [0.00000000000000000, 0.00000000000000000, 1.00000000000000000, -1.00000000000000000]
  #34 objects/buildingsets/human/hightech/delta/int/garage/garage_wall_door_08x05x10_a.cgf
    [1.00000000000000000, 0.00000000000000000, 0.00000000000000000, 0.00000000000000000]
    [0.00000000000000000, 1.00000000000000000, 0.00000000000000000, -29.99999099999999785]
    [0.00000000000000000, 0.00000000000000000, 1.00000000000000000, -1.00000000000000000]
  #35 objects/buildingsets/human/hightech/delta/int/garage/garage_wall_addon_02x05x08_a.cgf
    [-0.00000064012100026, 1.00000042674731060, 0.00000000000000000, -13.00000000000000000]
    [-1.00000042674731060, -0.00000064012100026, -0.00000000000000000, -24.99999099999999785]
    [-0.00000000000000000, 0.00000000000000000, 1.00000042674751533, -1.00000000000000000]
