# IncludedObjects
# Cgfs: 6, Materials: 8, Palettes: 1, Placements: 24

[CGFs]
      0: objects/buildingsets/human/hightech/prop/tech/sensor/sensor_perimeter_1_a.cgf
      1: objects/buildingsets/human/brand/decal/ident/primary_ident_arrow_b.cgf
      2: objects/buildingsets/human/station/alpha/location/crusader/2d/pad_decal_warning_tri_02x02_a.cgf
      3: objects/buildingsets/human/brand/decal/logo/primary_logo_large.cgf
      4: objects/buildingsets/human/hightech/delta/ext/outpost/comms/dish/comms_dish_a.cgf
      5: objects/buildingsets/human/brand/decal/ident/primary_ident_line_thick_a_2m.cgf

[Materials]
      0: materials/decals/sand/sand_square_a
      1: materials/decals/weathered/gloss_wear_dark_c
      2: materials/decals/weathered/weathered_big_c
      3: materials/decals/sand/sand_streak_b
      4: materials/decals/sand/sand_footprints_a
      5: objects/buildingsets/human/hightech/prop/tech/sensor/sensor_perimeter_1_a1
      6: objects/buildingsets/human/brand/platbay/platbay_brand_a
      7: objects/buildingsets/human/hightech/delta/ext/hightech_delta_ext_op_a

[Palettes]
      0: Libs/Foundry/Records/TintPalettes/default

[Placements]
  #0 objects/buildingsets/human/hightech/prop/tech/sensor/sensor_perimeter_1_a.cgf
    [-0.99999998875234031, -2.8688522113673902E-08, 2.2845247281214523E-05, 22.378413654398173]
    [2.8288206366970067E-08, -0.99999998885976638, -1.7522933341688759E-05, -17.881107000401244]
    [2.2845247780414227E-05, -1.7522932690865017E-05, 0.99999998859881434, -0.12516345432959497]
  #1 objects/buildingsets/human/brand/decal/ident/primary_ident_arrow_b.cgf
    [-0.93306414258793224, 0.93306426578438018, -1.0071756391989684E-06, -4.3749996336991899]
    [-0.93306426578371005, -0.93306414258847237, -1.1210524495597638E-06, 7.3866387507878244]
    [-1.5048845187888574E-06, -8.0522965478338939E-08, 1.319552052124447, 1.2948369344230741]
  #2 objects/buildingsets/human/brand/decal/ident/primary_ident_arrow_b.cgf
    [0.93306428436318123, -0.93306440076957342, -1.0196564635143185E-06, 4.3750000959262252]
    [0.93306440076846586, 0.93306428436368349, -1.4729981762152275E-06, -3.3633614059071988]
    [1.7625730189048595E-06, 3.205608892995567E-07, 1.3195522478232868, 1.2948368794750422]
  #3 objects/buildingsets/human/station/alpha/location/crusader/2d/pad_decal_warning_tri_02x02_a.cgf
    [0.40000002311993887, 2.9681614674556542E-07, 1.2858655963965023E-09, -5.6249986860202625]
    [-2.9681614673793926E-07, 0.40000002311993887, -2.3723025690798218E-09, 5.3749995961552486]
    [-1.2858673567403149E-09, 2.3723016149150449E-09, 0.40000002312004901, 1.25764896790497]
  #4 objects/buildingsets/human/brand/decal/ident/primary_ident_arrow_b.cgf
    [0.93306451634217147, 0.93306407313625817, -9.2255489014393781E-07, -4.3750000388827175]
    [-0.93306407313668893, 0.93306451634138665, -1.2294388819797149E-06, -3.3633614268619567]
    [-2.1699939026362996E-07, 1.5216894408772237E-06, 1.3195521801857488, 1.2948368132347241]
  #5 objects/buildingsets/human/brand/decal/logo/primary_logo_large.cgf
    [2.5453445180469871, 5.3959289045889972E-07, -9.6787939864164463E-08, -0.12499998754356056]
    [-5.395928997236669E-07, 2.5453445180469774, -2.4364636507627022E-07, 2.136638674302958]
    [9.6787888213060997E-08, 2.4364638559454212E-07, 2.5453445180470324, 1.2948369071818888]
  #6 objects/buildingsets/human/hightech/delta/ext/outpost/comms/dish/comms_dish_a.cgf
    [-5.4029384845740633E-07, 0.99999999900668135, -3.2674026533975023E-08, -12.000001660373528]
    [-0.99999999900668157, -5.4029384779127251E-07, 2.0348642006017746E-08, 8.2499940714333206]
    [2.0348624352439234E-08, 3.2674037528216351E-08, 0.99999999900682701, -0.12484163069166243]
  #7 objects/buildingsets/human/hightech/delta/ext/outpost/comms/dish/comms_dish_a.cgf
    [-5.4029384845740633E-07, 0.99999999900668135, -3.2674026533975023E-08, -12.000000703206751]
    [-0.99999999900668157, -5.4029384779127251E-07, 2.0348642006017746E-08, 6.7499945787712932]
    [2.0348624352439234E-08, 3.2674037528216351E-08, 0.99999999900682701, -0.12484165164642036]
  #8 objects/buildingsets/human/hightech/delta/ext/outpost/comms/dish/comms_dish_a.cgf
    [-5.4029384845740633E-07, 0.99999999900668135, -3.2674026533975023E-08, -11.999999745807145]
    [-0.99999999900668157, -5.4029384779127251E-07, 2.0348642006017746E-08, 5.2499935686355457]
    [2.0348624352439234E-08, 3.2674037528216351E-08, 0.99999999900682701, -0.12484167236834764]
  #9 objects/buildingsets/human/hightech/delta/ext/outpost/comms/dish/comms_dish_a.cgf
    [-5.4029384845740633E-07, 0.99999999900668135, -3.2674026533975023E-08, -11.999998788523953]
    [-0.99999999900668157, -5.4029384779127251E-07, 2.0348642006017746E-08, 3.7499940757406875]
    [2.0348624352439234E-08, 3.2674037528216351E-08, 0.99999999900682701, -0.1248416934395209]
  #10 objects/buildingsets/human/brand/decal/ident/primary_ident_arrow_b.cgf
    [-0.93306414258793224, 0.93306426578438018, -1.0071756391989684E-06, -27.874999067105819]
    [-0.93306426578371005, -0.93306414258847237, -1.1210524495597638E-06, 7.3866256974870339]
    [-1.5048845187888574E-06, -8.0522965478338939E-08, 1.319552052124447, 1.1695607483852655]
  #11 objects/buildingsets/human/brand/decal/ident/primary_ident_arrow_b.cgf
    [-0.93306429216522802, -0.93306422555108437, -9.4276598082139256E-07, -19.124999409134034]
    [0.93306422555153934, -0.93306429216444597, -1.2242680578605102E-06, 7.3866257185582072]
    [1.9905197289443871E-07, -1.5323244709194263E-06, 1.319552129442237, 1.1695608145091683]
  #12 objects/buildingsets/human/brand/decal/ident/primary_ident_line_thick_a_2m.cgf
    [-4.9081973887206149E-08, 2.5453445376307391, -2.0700669812131586E-07, -2.6249999785795808]
    [-2.5453445376307435, -4.9081962583605704E-08, 1.408058695510318E-07, -8.386669305851683]
    [1.4080586555931439E-07, 2.0700670083648036E-07, 2.5453445376307351, 1.2820625407621264]
  #13 objects/buildingsets/human/brand/decal/ident/primary_ident_line_thick_a_2m.cgf
    [-4.9081973887206149E-08, 2.5453445376307391, -2.0700669812131586E-07, -26.124999412160832]
    [-2.5453445376307435, -4.9081962583605704E-08, 1.408058695510318E-07, -8.3866823592688888]
    [1.4080586555931439E-07, 2.0700670083648036E-07, 2.5453445376307351, 1.1567863546079025]
  #14 objects/buildingsets/human/brand/decal/ident/primary_ident_arrow_b.cgf
    [0.93306428436318123, -0.93306440076957342, -1.0196564635143185E-06, -19.124999337538611]
    [0.93306440076846586, 0.93306428436368349, -1.4729981762152275E-06, -3.363374459091574]
    [1.7625730189048595E-06, 3.205608892995567E-07, 1.3195522478232868, 1.1695606936700642]
  #15 objects/buildingsets/human/brand/decal/logo/primary_logo_large.cgf
    [2.5453445180469871, 5.3959289045889972E-07, -9.6787939864164463E-08, -23.62499942118302]
    [-5.395928997236669E-07, 2.5453445180469774, -2.4364636507627022E-07, 2.1366256208857521]
    [9.6787888213060997E-08, 2.4364638559454212E-07, 2.5453445180470324, 1.1695607212604955]
  #16 objects/buildingsets/human/brand/decal/ident/primary_ident_arrow_b.cgf
    [0.93306453107129173, 0.93306407415002146, -8.9761674536192496E-07, -27.874999472463969]
    [-0.93306407415041903, 0.93306453107048304, -1.2541112950732073E-06, -3.3633744801627472]
    [-2.5207934101799702E-07, 1.5215015503824717E-06, 1.3195521913176278, 1.1695606273133308]
  #17 objects/buildingsets/human/station/alpha/location/crusader/2d/pad_decal_warning_tri_02x02_a.cgf
    [0.40000002311993887, 2.9681614674556542E-07, 1.2858655963965023E-09, -29.124998119543307]
    [-2.9681614673793926E-07, 0.40000002311993887, -2.3723025690798218E-09, 5.3749865430872887]
    [-1.2858673567403149E-09, 2.3723016149150449E-09, 0.40000002312004901, 1.1323727823328227]
  #18 objects/buildingsets/human/hightech/delta/ext/outpost/comms/dish/comms_dish_a.cgf
    [-5.4029384845740633E-07, 0.99999999900668135, -3.2674026533975023E-08, -11.999994898214936]
    [-0.99999999900668157, -5.4029384779127251E-07, 2.0348642006017746E-08, -2.2500053824624047]
    [2.0348624352439234E-08, 3.2674037528216351E-08, 0.99999999900682701, -0.18732877750881016]
  #19 objects/buildingsets/human/hightech/delta/ext/outpost/comms/dish/comms_dish_a.cgf
    [-5.4029384845740633E-07, 0.99999999900668135, -3.2674026533975023E-08, -11.99999394081533]
    [-0.99999999900668157, -5.4029384779127251E-07, 2.0348642006017746E-08, -3.7500063923653215]
    [2.0348624352439234E-08, 3.2674037528216351E-08, 0.99999999900682701, -0.18732879823073745]
  #20 objects/buildingsets/human/hightech/delta/ext/outpost/comms/dish/comms_dish_a.cgf
    [-5.4029384845740633E-07, 0.99999999900668135, -3.2674026533975023E-08, -11.999995855265297]
    [-0.99999999900668157, -5.4029384779127251E-07, 2.0348642006017746E-08, -0.75000588945113122]
    [2.0348624352439234E-08, 3.2674037528216351E-08, 0.99999999900682701, -0.18732875655405223]
  #21 objects/buildingsets/human/hightech/delta/ext/outpost/comms/dish/comms_dish_a.cgf
    [-5.4029384845740633E-07, 0.99999999900668135, -3.2674026533975023E-08, -11.999992983415723]
    [-0.99999999900668157, -5.4029384779127251E-07, 2.0348642006017746E-08, -5.2500058852601796]
    [2.0348624352439234E-08, 3.2674037528216351E-08, 0.99999999900682701, -0.18732881918549538]
  #22 objects/buildingsets/human/brand/decal/ident/primary_ident_arrow_b.cgf
    [-0.93306429216522802, -0.93306422555108437, -9.4276598082139256E-07, 4.3750000245636329]
    [0.93306422555153934, -0.93306429216444597, -1.2242680578605102E-06, 7.3866387718589976]
    [1.9905197289443871E-07, -1.5323244709194263E-06, 1.319552129442237, 1.2948370006633922]
  #23 objects/buildingsets/human/hightech/prop/tech/sensor/sensor_perimeter_1_a.cgf
    [-1.0000000158312516, -5.0856386998184282E-08, 1.5752192224399617E-05, 15.378416355582885]
    [5.0581721638522886E-08, -1.0000000158032991, -1.7436643654124747E-05, -17.881113257841207]
    [1.5752193108769661E-05, -1.7436642855188448E-05, 1.0000000156792344, -3.1335977837443352E-05]
