# IncludedObjects
# Cgfs: 43, Materials: 29, Palettes: 2, Placements: 53

[CGFs]
      0: objects/buildingsets/human/lowtech/bravo/int/prop/light/light_fluorescent_a.cgf
      1: objects/buildingsets/human/utilitarian/int/addons/cables/cables_hanging_alpha_4m_c.cgf
      2: objects/buildingsets/human/lowtech/prop/utilitarian/improvised/improvised_beam_horizontal_1_a.cgf
      3: objects/buildingsets/human/colonialism/ruin/structure/col_a_ruin_struct_scaffold_2m_a.cgf
      4: objects/buildingsets/human/colonialism/ruin/structure/col_a_ruin_struct_sheet_4m_bare_c.cgf
      5: objects/buildingsets/human/colonialism/ruin/structure/col_a_ruin_struct_sheet_2m_bare_a.cgf
      6: objects/buildingsets/human/utilitarian/int/addons/cables/cables_tileable_corner_001_a.cgf
      7: data/objects/buildingsets/human/lowtech/bravo/int/prop/light/light_cold_ceiling_a.cgf
      8: objects/buildingsets/human/colonialism/ruin/structure/col_a_ruin_struct_sheet_2m_a.cgf
      9: data/objects/buildingsets/human/lowtech/prop/light/light_hung_6_box_a_damaged.cgf
     10: objects/buildingsets/human/lowtech/bravo/int/walkway/addon/walkway_addon_railing_tarp_a.cgf
     11: objects/buildingsets/human/lowtech/alpha/int/elev/elev_util_cab_wide_a.cgf
     12: objects/buildingsets/human/colonialism/props/light/col_light_ceiling_broken_a.cgf
     13: data/objects/buildingsets/human/lowtech/bravo/int/prop/light/light_cold_generic_e.cgf
     14: objects/buildingsets/human/utilitarian/int/grating/util_grating_str_01m_a.cgf
     15: objects/buildingsets/human/lowtech/prop/utilitarian/improvised/improvised_panel_8_a.cgf
     16: objects/buildingsets/human/lowtech/prop/utilitarian/improvised/improvised_scrap_1_a.cgf
     17: objects/spaceships/derelicts/wreckage/debris_glass_c.cgf
     18: objects/buildingsets/human/universal/prop/utility/waste/trash_bag_pile_1_small_a.cgf
     19: objects/buildingsets/human/lowtech/bravo/int/walkway/addon/walkway_addon_railing_carpet_a.cgf
     20: objects/buildingsets/human/lowtech/bravo/int/cable/cable_straight_04x01x02_d.cgf
     21: objects/buildingsets/human/universal/prop/utility/waste/trash_bag_pile_1_small_d.cgf
     22: objects/buildingsets/human/lowtech/bravo/int/cable/cable_straight_08x01x02_a.cgf
     23: objects/buildingsets/human/lowtech/bravo/int/walkway/addon/walkway_addon_railing_carpet_b.cgf
     24: objects/buildingsets/human/lowtech/prop/utilitarian/improvised/improvised_panel_8_d.cgf
     25: objects/buildingsets/human/lowtech/prop/utilitarian/improvised/improvised_panel_7_a.cgf
     26: objects/buildingsets/human/universal/prop/cable/cable_addons_pile_1_a.cgf
     27: objects/buildingsets/human/lowtech/bravo/int/walkway/addon/walkway_addon_railing_panel_c.cgf
     28: objects/buildingsets/human/lowtech/bravo/int/cable/cable_straight_04x01x02_c.cgf
     29: objects/buildingsets/human/lowtech/prop/utilitarian/improvised/improvised_panel_8_b.cgf
     30: objects/buildingsets/human/lowtech/bravo/int/cable/cable_hanging_f.cgf
     31: objects/buildingsets/human/lowtech/bravo/int/cable/cable_straight_04x01x02_b.cgf
     32: objects/buildingsets/human/lowtech/bravo/int/walkway/addon/walkway_addon_railing_cable_e.cgf
     33: objects/buildingsets/human/lowtech/prop/utilitarian/improvised/improvised_panel_3_b.cgf
     34: objects/spaceships/derelicts/wreckage/debris_glass_b.cgf
     35: objects/buildingsets/human/lowtech/prop/utilitarian/improvised/improvised_scrap_board_1_a.cgf
     36: objects/buildingsets/human/universal/prop/utility/waste/trash_bag_pile_1_small_c.cgf
     37: objects/buildingsets/human/lowtech/bravo/int/walkway/addon/walkway_addon_railing_cable_g.cgf
     38: objects/buildingsets/human/lowtech/alpha/int/elev/elev_util_cab_hatch_a.cgf
     39: objects/buildingsets/human/lowtech/bravo/int/cable/cable_straight_08x01x02_d.cgf
     40: objects/buildingsets/human/lowtech/prop/utilitarian/improvised/improvised_panel_5_a.cgf
     41: objects/buildingsets/human/universal/prop/utility/waste/trash_bag_scattered_3_med_a.cgf
     42: objects/buildingsets/human/universal/prop/utility/waste/trash_bag_pile_1_small_b.cgf

[Materials]
      0: materials/decals/dirty_rust/dirty_rust_g
      1: materials/decals/dirty_rust/dirty_rust_f
      2: materials/pu/decal/graffiti/graffiti_generic_a
      3: materials/pu/decal/graffiti/graffiti_buff_002_b
      4: materials/decals/terrain/desert_sand_black_01
      5: materials/decals/garbage/garbage_pile_02
      6: materials/pu/decal/graffiti/graffiti_cluster_light_001_a
      7: materials/decals/dirty_rust/dirty_rust_d
      8: materials/pu/decal/graffiti/graffiti_generic_h
      9: materials/pu/decal/graffiti/graffiti_extinguisher_005_white
     10: materials/decals/dirty_rust/dirty_rust_c
     11: materials/decals/graffiti/graff_tag4
     12: materials/decals/dirty_rust/dirty_rust_e
     13: materials/pu/decal/water/puddle_ice_d
     14: materials/decals/garbage/garbage_pile_06
     15: materials/pu/decal/graffiti/graffiti_chalk_face_a
     16: materials/pu/decal/graffiti/graffiti_cluster_heavy_003_a
     17: materials/pu/decal/graffiti/graffiti_exit_a
     18: materials/decals/graffiti/graff_tag5
     19: materials/decals/garbage/garbage_pile_03
     20: materials/decals/graffiti/graff_tag2
     21: materials/pu/decal/graffiti/graffiti_cluster_heavy_002_a
     22: materials/pu/decal/graffiti/graffiti_generic_g
     23: materials/decals/graffiti/graff_symbol1
     24: materials/decals/graffiti/graff_tag7
     25: materials/decals/garbage/garbage_pile_04
     26: materials/pu/decal/graffiti/graffiti_generic_i
     27: materials/pu/decal/graffiti/graffiti_scratches_001_a
     28: materials/pu/decal/graffiti/graffiti_buff_004_a

[Palettes]
      0: Libs/Foundry/Records/TintPalettes/default
      1: Libs/Foundry/Records/TintPalettes/Generic/gen_darkgrey_white_orange_a

[Placements]
  #0 <invalid cgf index>
    [0.92943104581355740, 0.10068189991255660, 0.35499355574622199, 156.35045500000001084]
    [-0.36899199964277463, 0.24975329559609030, 0.89524719159121069, -299.15714300000001913]
    [0.00147437816543104, -0.96306063406325637, 0.26927937136018315, -27.49921199999999999]
  #1 objects/buildingsets/human/lowtech/bravo/int/prop/light/light_fluorescent_a.cgf
    [0.00000104282179296, 0.53032977545654225, 0.53033102788551700, -2.68399600000000760]
    [0.75000044658223852, -0.00000032609887013, -0.00000114867288112, -1.12166100000001734]
    [-0.00000058164642976, 0.53033102788644215, -0.53032977545632354, 0.13987300000000147]
  #2 objects/buildingsets/human/utilitarian/int/addons/cables/cables_hanging_alpha_4m_c.cgf
    [0.53432601690292358, 0.00000000000000000, 0.00000000000000000, 0.68737899999999286]
    [0.00000000000000000, 0.53432601690292358, 0.00000000000000000, -4.32589999999999009]
    [0.00000000000000000, 0.00000000000000000, 0.53432601690292358, 3.44826300000000074]
  #3 objects/buildingsets/human/lowtech/prop/utilitarian/improvised/improvised_beam_horizontal_1_a.cgf
    [-0.09435206942462168, -0.00013321584487723, -1.80036111885404493, -2.40877399999999398]
    [1.80036112378262492, -0.00000709547704505, -0.09435206915789295, -4.19706999999999653]
    [-0.00000011383778768, -1.80283179227451806, 0.00013340462571390, 1.89736500000000063]
  #4 objects/buildingsets/human/colonialism/ruin/structure/col_a_ruin_struct_scaffold_2m_a.cgf
    [0.83013922350738922, -0.00364641360019941, -0.02340134838612823, 0.15397200000001021]
    [-0.00000028440850707, 0.82057339975451826, -0.12787237957868164, -4.42372999999997774]
    [0.02368373784586752, 0.12782037837157115, 0.82023964868718724, 0.17500199999999921]
  #5 objects/buildingsets/human/colonialism/ruin/structure/col_a_ruin_struct_sheet_4m_bare_c.cgf
    [-0.00000064012127343, 1.00000085349446177, 0.00000000000000000, -0.21930100000000152]
    [1.00000085349446177, 0.00000064012127299, 0.00000000000000000, -3.34228100000001405]
    [0.00000000000000000, 0.00000000000000000, -1.00000085349466694, 3.18909700000000029]
  #6 objects/buildingsets/human/colonialism/ruin/structure/col_a_ruin_struct_sheet_2m_bare_a.cgf
    [-0.00000064652377685, 1.01000287905230701, 0.00000000000000000, 0.73207400000001144]
    [1.01000287905230701, 0.00000064652377685, 0.00000000000000000, -1.04726499999998168]
    [0.00000000000000000, 0.00000000000000000, -1.01000287905251396, 3.42073900000000108]
  #7 objects/buildingsets/human/utilitarian/int/addons/cables/cables_tileable_corner_001_a.cgf
    [-0.00000050249582690, 0.78500164989434895, 0.00000000000000000, 0.09050099999998906]
    [0.78500164989434895, 0.00000050249582655, 0.00000000000000000, -3.93565399999999954]
    [0.00000000000000000, 0.00000000000000000, -0.78500164989451005, 3.38390899999999917]
  #8 data/objects/buildingsets/human/lowtech/bravo/int/prop/light/light_cold_ceiling_a.cgf
    [-0.00000064012100026, -1.00000042674731060, 0.00000000000000000, 1.68437199999999621]
    [1.00000042674731060, -0.00000064012100026, 0.00000000000000000, -1.60123700000002600]
    [0.00000000000000000, 0.00000000000000000, 1.00000042674751533, 3.47426899999999961]
  #9 objects/buildingsets/human/colonialism/ruin/structure/col_a_ruin_struct_sheet_2m_a.cgf
    [-0.53541772242169294, 0.09017027354319554, -0.83976110031163020, -2.17912999999998647]
    [-0.06052848591550863, -0.99582530138888670, -0.06833588235470824, -2.66707700000000614]
    [-0.84241657522880597, 0.01424121460991801, 0.53863997521247098, 2.50231499999999940]
  #10 data/objects/buildingsets/human/lowtech/prop/light/light_hung_6_box_a_damaged.cgf
    [0.00000030067530922, 0.06536699007066750, 0.74714640137365462, 2.73875300000000266]
    [-0.75000039231717042, -0.00000073994765552, 0.00000036656102531, -3.20514500000001590]
    [0.00000076907988948, -0.74714640137334865, 0.06536699007033114, 0.18004499999999979]
  #11 objects/buildingsets/human/lowtech/bravo/int/walkway/addon/walkway_addon_railing_tarp_a.cgf
    [-0.94292002916336048, 0.00000000000000000, 0.00000000000000000, 0.62609199999999987]
    [0.00000000000000000, -0.94292002916336048, 0.00000000000000000, -4.22587800000002289]
    [0.00000000000000000, 0.00000000000000000, 0.94292002916336048, 1.20195899999999867]
  #12 objects/buildingsets/human/lowtech/alpha/int/elev/elev_util_cab_wide_a.cgf
    [1.00000000000000000, 0.00000000000000000, 0.00000000000000000, 0.00000000000000000]
    [0.00000000000000000, 1.00000000000000000, 0.00000000000000000, 0.00000000000000000]
    [0.00000000000000000, 0.00000000000000000, 1.00000000000000000, 0.00000000000000000]
  #13 objects/buildingsets/human/colonialism/props/light/col_light_ceiling_broken_a.cgf
    [0.99862963438812280, -0.05233404201508569, 0.00000000000000000, -1.61037600000000225]
    [0.05233404201508569, 0.99862963438812280, 0.00000000000000000, -3.50261599999998907]
    [0.00000000000000000, 0.00000000000000000, 0.99999999931589634, 3.48460199999999887]
  #14 data/objects/buildingsets/human/lowtech/bravo/int/prop/light/light_cold_generic_e.cgf
    [0.57229924782825214, 0.00000000000000000, 0.00000000000000000, 1.82722599999999602]
    [0.00000000000000000, -0.00000036634061038, -0.57229924782813490, -0.64289400000001251]
    [0.00000000000000000, 0.57229924782813490, -0.00000036634061038, 0.03414700000000082]
  #15 objects/buildingsets/human/utilitarian/int/addons/cables/cables_tileable_corner_001_a.cgf
    [-0.78500002622604359, 0.00000000000000000, 0.00000000000000000, 0.87839500000001181]
    [0.00000000000000000, 0.78500002622604359, 0.00000000000000000, -3.14744100000001481]
    [0.00000000000000000, 0.00000000000000000, -0.78500002622604359, 3.38390899999999917]
  #16 data/objects/buildingsets/human/lowtech/bravo/int/prop/light/light_cold_generic_e.cgf
    [0.57229900360107422, 0.00000000000000000, 0.00000000000000000, -0.00285900000000083]
    [0.00000000000000000, -0.57229900360107422, 0.00000000000000000, -0.27888999999998987]
    [0.00000000000000000, 0.00000000000000000, -0.57229900360107422, 2.56055699999999931]
  #17 objects/buildingsets/human/utilitarian/int/grating/util_grating_str_01m_a.cgf
    [0.83088705159771792, -0.00584464193906629, 0.02088433625700525, 0.21335899999999697]
    [0.00817820939759672, 0.82576571511867269, -0.09427464387965941, -4.24283200000002125]
    [-0.02008562250318912, 0.09444803729136805, 0.82554209091572550, 0.03603700000000032]
  #18 objects/buildingsets/human/lowtech/prop/utilitarian/improvised/improvised_panel_8_a.cgf
    [0.39795676919505557, 0.00022354320646454, 0.91740422368682994, -2.36000400000000354]
    [-0.00184316987795659, 0.99999822174318376, 0.00055587178213823, -1.14755600000000868]
    [-0.91740239935090717, -0.00191214462633651, 0.39795644375521011, 0.48997900000000172]
  #19 objects/buildingsets/human/lowtech/prop/utilitarian/improvised/improvised_scrap_1_a.cgf
    [-0.26725118012065541, 0.96362735234605557, 0.00000280259013128, 0.29793499999999540]
    [0.96362735235005548, 0.26725118012065530, 0.00000038143507614, -1.51358399999998028]
    [-0.00000038143408202, 0.00000280259026658, -1.00000043373250924, 3.47746199999999916]
  #20 objects/spaceships/derelicts/wreckage/debris_glass_c.cgf
    [0.37580549716949452, 0.65091388958194341, 0.00000000000000000, 1.02363500000001295]
    [-0.65091388958194341, 0.37580549716949452, -0.00000000000000000, -3.22439300000002049]
    [-0.00000000000000000, 0.00000000000000000, 0.75161071263886692, 0.01967499999999944]
  #21 objects/buildingsets/human/universal/prop/utility/waste/trash_bag_pile_1_small_a.cgf
    [-0.00000064012113707, -1.00000064012113654, 0.00000000000000000, 1.99594600000000355]
    [1.00000064012113654, -0.00000064012113707, 0.00000000000000000, -1.77839899999997897]
    [0.00000000000000000, 0.00000000000000000, 1.00000064012134127, 0.02038599999999846]
  #22 objects/buildingsets/human/lowtech/bravo/int/walkway/addon/walkway_addon_railing_carpet_a.cgf
    [-0.00000051308781965, -0.80154851723821008, 0.00000000000000000, -0.97567100000000551]
    [0.80154851723821008, -0.00000051308781965, 0.00000000000000000, -2.03615600000000541]
    [0.00000000000000000, 0.00000000000000000, 0.80154851723837428, 0.00792300000000168]
  #23 objects/buildingsets/human/lowtech/bravo/int/cable/cable_straight_04x01x02_d.cgf
    [0.33395104313717944, -0.35543632162942157, -0.09911125155097950, 1.46306999999998766]
    [0.36274667552764883, 0.34072872131641907, 0.00032556655569437, -3.04308099999997239]
    [0.06762298655852050, -0.07245880116652416, 0.48770705546699011, 3.28123199999999926]
  #24 objects/buildingsets/human/universal/prop/utility/waste/trash_bag_pile_1_small_d.cgf
    [-1.00000000000000000, 0.00000000000000000, 0.00000000000000000, 0.58609100000001035]
    [0.00000000000000000, -1.00000000000000000, 0.00000000000000000, -4.70406800000000658]
    [0.00000000000000000, 0.00000000000000000, 1.00000000000000000, 0.07552000000000092]
  #25 objects/buildingsets/human/lowtech/bravo/int/cable/cable_straight_08x01x02_a.cgf
    [-0.02073817541472279, -0.38418044132007939, -0.38362057281441481, 2.29684199999999805]
    [0.02073862787768955, -0.38418070722757836, 0.38362028205864063, -0.23991000000000895]
    [-0.54252121128403952, -0.00000033057136783, 0.02932852886988747, -0.11213100000000153]
  #26 objects/buildingsets/human/lowtech/bravo/int/walkway/addon/walkway_addon_railing_carpet_b.cgf
    [0.14839540700345380, -0.78769114010621077, 0.00000000000000000, 0.56399500000000558]
    [0.78769114010621077, 0.14839540700345380, 0.00000000000000000, -1.92681800000002568]
    [0.00000000000000000, 0.00000000000000000, 0.80154758375379243, 0.00792300000000168]
  #27 objects/buildingsets/human/lowtech/prop/utilitarian/improvised/improvised_panel_8_d.cgf
    [0.13017556647444742, -0.08641730020653460, -0.98771815005337138, 2.15095299999998701]
    [-0.00000027378759393, 0.99619480273943506, -0.08715897441828582, -2.84423900000001595]
    [0.99149134828286101, 0.01134623491454483, 0.12968014906022507, 0.43498900000000162]
  #28 objects/buildingsets/human/lowtech/prop/utilitarian/improvised/improvised_panel_7_a.cgf
    [0.13017331690648445, 0.99149120486853426, -0.00000110151648466, 0.10588899999999057]
    [0.00000104553012647, 0.00000097370133126, 0.99999995088263172, -4.70822099999998045]
    [0.99149120486859488, -0.13017331690750319, -0.00000090988403750, 0.99810099999999835]
  #29 objects/buildingsets/human/universal/prop/cable/cable_addons_pile_1_a.cgf
    [-0.00000064012113707, 1.00000064012113654, 0.00000000000000000, -1.77592200000000844]
    [-1.00000064012113654, -0.00000064012113707, -0.00000000000000000, -3.15066200000001118]
    [-0.00000000000000000, 0.00000000000000000, 1.00000064012134127, 0.04523400000000066]
  #30 objects/buildingsets/human/lowtech/bravo/int/walkway/addon/walkway_addon_railing_panel_c.cgf
    [-0.07928264934786682, 0.47776456276716239, 0.00000000000000000, 0.49178399999999556]
    [-0.47776456276716239, -0.07928264934786682, -0.00000000000000000, -3.18781400000000303]
    [-0.00000000000000000, 0.00000000000000000, 0.48429816840838324, 0.00792300000000168]
  #31 objects/buildingsets/human/lowtech/bravo/int/cable/cable_straight_04x01x02_c.cgf
    [0.28593747539848413, -0.39509229898772014, -0.09911149617782897, 1.44891999999998689]
    [0.40320674436393766, 0.29172841570957292, 0.00032557377872617, -2.91244799999998349]
    [0.05783886836240885, -0.08048515378285079, 0.48770693921490949, 3.20996699999999890]
  #32 objects/buildingsets/human/lowtech/prop/utilitarian/improvised/improvised_panel_8_b.cgf
    [0.26689688819807944, -0.00000280266099630, -0.96372537687263493, 2.41462999999998829]
    [0.00000038091993236, 1.00000027547894965, -0.00000280266089136, -1.82428399999997737]
    [0.96372537687663484, 0.00000038091916027, 0.26689688819807950, 0.48661799999999999]
  #33 objects/buildingsets/human/lowtech/bravo/int/cable/cable_hanging_f.cgf
    [0.54301254866231408, 0.00000000000000000, 0.01806701051614189, 2.73340400000000727]
    [0.00000000000000000, 0.54331302660044178, 0.00000000000000000, -4.49219199999998864]
    [-0.01806701051614189, 0.00000000000000000, 0.54301254866231408, 3.34703599999999923]
  #34 objects/buildingsets/human/lowtech/bravo/int/cable/cable_straight_04x01x02_b.cgf
    [-0.00000038511671055, 0.60163137085355733, 0.00000000000000000, -2.46430900000001429]
    [-0.60163137085355733, -0.00000038511671055, -0.00000000000000000, -2.74351100000001225]
    [-0.00000000000000000, 0.00000000000000000, 0.60163137085368057, 1.72259899999999888]
  #35 objects/buildingsets/human/lowtech/prop/utilitarian/improvised/improvised_scrap_1_a.cgf
    [-0.99291024207674927, 0.11886076242520759, 0.00000011907191582, -0.28589500000001067]
    [0.11886076242520759, 0.99291024207474976, 0.00000199645060097, -3.35412800000000288]
    [0.00000011907199740, 0.00000199645059610, -0.99999931483037763, 3.47746199999999916]
  #36 objects/buildingsets/human/lowtech/bravo/int/walkway/addon/walkway_addon_railing_cable_e.cgf
    [0.76226249493530873, -0.19005278872402104, 0.00000000000000000, 1.53823700000000940]
    [0.19005278872402104, 0.76226249493530873, 0.00000000000000000, -4.53905200000002651]
    [0.00000000000000000, 0.00000000000000000, 0.78559797204854021, 0.08579699999999946]
  #37 objects/buildingsets/human/universal/prop/utility/waste/trash_bag_pile_1_small_a.cgf
    [-0.00000064012113707, -1.00000064012113654, 0.00000000000000000, -2.10724799999999846]
    [1.00000064012113654, -0.00000064012113707, 0.00000000000000000, -1.80320299999999634]
    [0.00000000000000000, 0.00000000000000000, 1.00000064012134127, 0.02038599999999846]
  #38 objects/buildingsets/human/lowtech/prop/utilitarian/improvised/improvised_panel_3_b.cgf
    [0.00000000000000000, -1.00000000000000000, 0.00000000000000000, 0.57760200000001305]
    [0.00000000000000000, 0.00000000000000000, 1.00000000000000000, -4.67525200000000041]
    [-1.00000000000000000, 0.00000000000000000, 0.00000000000000000, 0.45281999999999911]
  #39 objects/spaceships/derelicts/wreckage/debris_glass_b.cgf
    [0.27194750308990462, 0.47102665695842949, 0.00000000000000000, -1.87382900000000063]
    [-0.47102665695842949, 0.27194750308990462, -0.00000000000000000, -1.59712600000000293]
    [-0.00000000000000000, 0.00000000000000000, 0.54389480233062315, 0.02767199999999903]
  #40 objects/buildingsets/human/lowtech/prop/utilitarian/improvised/improvised_scrap_board_1_a.cgf
    [-0.00529159918494972, 0.00908622803470179, -0.99994408026429860, -1.08803399999999328]
    [-0.16511407888352778, 0.98622478747971909, 0.00983533082686021, -4.54075799999998253]
    [0.98625963323556787, 0.16515699572870360, -0.00371844448109343, 1.15108199999999883]
  #41 objects/buildingsets/human/universal/prop/utility/waste/trash_bag_pile_1_small_c.cgf
    [-0.31491318645209493, -0.94912037408750627, 0.00000000000000000, -2.23520500000000766]
    [0.94912037408750627, -0.31491318645209493, 0.00000000000000000, -3.66038200000002689]
    [0.00000000000000000, 0.00000000000000000, 0.99999989975470516, 0.02038599999999846]
  #42 objects/buildingsets/human/lowtech/bravo/int/cable/cable_straight_04x01x02_b.cgf
    [0.00000000000000006, 0.00000000000000000, 0.56628799438476540, -1.36195599999999217]
    [0.56628799438476540, 0.00000000000000000, 0.00000000000000000, -0.83247999999997546]
    [0.00000000000000006, 0.56628799438476540, 0.00000000000000006, 3.48718799999999973]
  #43 objects/buildingsets/human/lowtech/bravo/int/walkway/addon/walkway_addon_railing_cable_g.cgf
    [0.48429799079895025, 0.00000000000000000, 0.00000000000000000, 0.60040000000000759]
    [0.00000000000000000, 0.48429799079895025, 0.00000000000000000, -1.83539899999999534]
    [0.00000000000000000, 0.00000000000000000, 0.48429799079895025, 0.00199599999999833]
  #44 objects/buildingsets/human/lowtech/prop/utilitarian/improvised/improvised_panel_7_a.cgf
    [0.48397807595741699, -0.00405530747187326, -0.87507047588172138, 2.27416199999998980]
    [0.00837275510188706, 0.99996472850133822, -0.00000335347895756, -2.36276199999997516]
    [0.87503981638012185, -0.00732512938797438, 0.48399506558940131, 0.23297300000000121]
  #45 objects/buildingsets/human/lowtech/bravo/int/cable/cable_straight_04x01x02_b.cgf
    [-0.00000038511671055, 0.60163137085355733, 0.00000000000000000, -2.46430900000001429]
    [-0.60163137085355733, -0.00000038511671055, -0.00000000000000000, -5.15003999999998996]
    [-0.00000000000000000, 0.00000000000000000, 0.60163137085368057, 1.72259899999999888]
  #46 objects/buildingsets/human/lowtech/alpha/int/elev/elev_util_cab_hatch_a.cgf
    [1.01999998092651367, 0.00000000000000000, 0.00000000000000000, 0.00000000000000000]
    [0.00000000000000000, 1.01999998092651367, 0.00000000000000000, -3.15625000000000000]
    [0.00000000000000000, 0.00000000000000000, 1.01999998092651367, 3.62500000000000000]
  #47 objects/buildingsets/human/lowtech/bravo/int/cable/cable_straight_08x01x02_d.cgf
    [-0.00000038831796180, 0.60663238256539831, 0.00000000000000000, 2.22147599999999557]
    [-0.60663238256539831, -0.00000038831796180, -0.00000000000000000, -4.91584499999999025]
    [-0.00000000000000000, 0.00000000000000000, 0.60663238256552254, 3.32321800000000067]
  #48 objects/buildingsets/human/lowtech/prop/utilitarian/improvised/improvised_panel_5_a.cgf
    [0.00836254851683362, 0.99996476492952835, 0.00043583327666203, 1.56877399999999056]
    [-0.05233546993741262, 0.00000242207409716, 0.99862938663423684, -4.50159500000000889]
    [0.99859437192367673, -0.00837389768715841, 0.05233365522100694, 1.06896300000000011]
  #49 objects/buildingsets/human/lowtech/prop/utilitarian/improvised/improvised_scrap_board_1_a.cgf
    [-1.20603157377397996, 0.00000340703946671, -0.00000016779944738, -0.27284199999999714]
    [-0.00000016779725089, -0.11850782629385616, -1.20019500584632310, -0.00171399999999267]
    [-0.00000340703957489, -1.20019500584149919, 0.11850782629385628, 3.28635900000000092]
  #50 objects/buildingsets/human/universal/prop/utility/waste/trash_bag_scattered_3_med_a.cgf
    [-1.00000000000000000, 0.00000000000000000, 0.00000000000000000, 0.05940400000000068]
    [0.00000000000000000, -1.00000000000000000, 0.00000000000000000, -4.64911999999998216]
    [0.00000000000000000, 0.00000000000000000, 1.00000000000000000, 0.01607200000000120]
  #51 objects/buildingsets/human/universal/prop/utility/waste/trash_bag_pile_1_small_b.cgf
    [-0.99996399895656651, 0.00829392564183212, 0.00000000000000000, 2.09761800000001131]
    [-0.00829392564183212, -0.99996399895656651, 0.00000000000000000, -4.25238600000000133]
    [0.00000000000000000, 0.00000000000000000, 0.99999839420459091, 0.02038599999999846]
  #52 objects/buildingsets/human/lowtech/prop/utilitarian/improvised/improvised_panel_3_b.cgf
    [-0.00000039817622622, -0.12187025276128798, 0.99254644115250878, -2.22979900000001408]
    [1.00000039817622621, -0.00000004852581770, 0.00000039520823896, -1.39015899999998283]
    [-0.00000000000000022, 0.99254644115258750, 0.12187025276129763, 0.93521900000000002]
