# IncludedObjects
# Cgfs: 6, Materials: 0, Palettes: 1, Placements: 55

[CGFs]
      0: objects/space/3d/asteroid/seta/smooth/seta_smooth_5000_7800_5500.cgf
      1: objects/space/3d/asteroid/seta/smooth/seta_smooth_200x200x200.cgf
      2: objects/space/3d/asteroid/seta/smooth/seta_smooth_125x200x125.cgf
      3: objects/space/3d/asteroid/seta/smooth/seta_smooth_160x130x100.cgf
      4: objects/space/3d/asteroid/seta/smooth/seta_smooth_250x300x250.cgf
      5: objects/space/3d/asteroid/seta/smooth/seta_smooth_750_700_550.cgf

[Palettes]
      0: Libs/Foundry/Records/TintPalettes/default

[Placements]
  #0 objects/space/3d/asteroid/seta/smooth/seta_smooth_5000_7800_5500.cgf
    [-0.83791144466614831, 0.18969161247455502, 0.51178265579941051, -2047.97800027715038595]
    [0.52371332297227036, 0.54349957737037091, 0.65599736924958529, 4478.95579911315144273]
    [-0.15371645963148203, 0.81769510532828649, -0.55474854527374085, 302.21755708104831228]
  #1 objects/space/3d/asteroid/seta/smooth/seta_smooth_200x200x200.cgf
    [-0.32814369717889491, 0.48784276655760683, 0.80890740678824979, -4516.14998773607567273]
    [0.90324931955617183, -0.08862649476763935, 0.41986432902095799, 6073.41497188409630326]
    [0.27651839787034682, 0.86842087905596033, -0.41156141230270193, 3800.52542457136314624]
  #2 objects/space/3d/asteroid/seta/smooth/seta_smooth_200x200x200.cgf
    [0.01310088071718108, 0.34057065740998033, -0.94012768905414290, -4816.23826410001220211]
    [0.99602791790747114, 0.07836914251051141, 0.04226986801008987, 6632.56225843870743120]
    [0.08807287416598528, -0.93694716089223329, -0.33819116490919987, 5316.32094161008353694]
  #3 objects/space/3d/asteroid/seta/smooth/seta_smooth_125x200x125.cgf
    [0.69181826655926182, -0.55196188881988895, -0.46553786663031543, -2327.72512225621630932]
    [-0.71239522872678362, -0.62694426899103095, -0.31533136156748187, 4324.06108192665851675]
    [-0.11781540673289949, 0.54979896579665266, -0.82694653579701216, 4712.09964737154768954]
  #4 objects/space/3d/asteroid/seta/smooth/seta_smooth_200x200x200.cgf
    [-0.50287177340691136, -0.76249762503949192, 0.40708397516700340, -598.64892911805509357]
    [-0.55450771788709918, -0.07669345079501136, -0.82863702362786174, 1708.05146798764167215]
    [0.66305443353640003, -0.64242937194086536, -0.38424384413212953, -3652.74999974694947014]
  #5 objects/space/3d/asteroid/seta/smooth/seta_smooth_160x130x100.cgf
    [0.49707272627809101, 0.85486450154074234, -0.14874621570742044, 1847.17298505279472920]
    [0.85597053211406493, -0.45498831548810714, 0.24556084543952394, 2267.72429863935940375]
    [0.14224345620851908, -0.24938397034714829, -0.95790108173603306, -3593.68494216970793786]
  #6 objects/space/3d/asteroid/seta/smooth/seta_smooth_250x300x250.cgf
    [0.08293144318524261, -0.82186523489090491, 0.56361323713861122, -8841.55795443572242220]
    [-0.78913011521737786, -0.39954982561134494, -0.46651213036735284, 8895.27589039652229985]
    [0.60860168144456739, -0.40607566068479878, -0.68169386150322930, 642.99539804084815842]
  #7 objects/space/3d/asteroid/seta/smooth/seta_smooth_250x300x250.cgf
    [0.72943896921179174, 0.66821853598283965, -0.14629699327242413, -1387.13218914029221196]
    [-0.30774361462892097, 0.51157659374510123, 0.80223642915517646, 8602.54815301440430630]
    [0.61091135995881374, -0.54016053981892531, 0.57880388161462992, 621.32312563600839894]
  #8 objects/space/3d/asteroid/seta/smooth/seta_smooth_250x300x250.cgf
    [0.08911933187180925, -0.16321735575071414, -0.98255683648095626, -1789.71073539051394619]
    [0.92962768655488848, -0.34050664521841528, 0.14088181713657733, 9343.38948205701308325]
    [-0.35756147237129132, -0.92596728710621468, 0.12138564219803274, -2575.88756276272215473]
  #9 objects/space/3d/asteroid/seta/smooth/seta_smooth_250x300x250.cgf
    [0.34170000874774664, 0.83684962976403154, -0.42769592029864167, -161.47117706351673405]
    [-0.38043137633424173, 0.53930126955521518, 0.75128297439185765, 9939.09670087161066476]
    [0.85936783217475232, -0.09400445135441900, 0.50264310519824118, 1490.71912768805896121]
  #10 objects/space/3d/asteroid/seta/smooth/seta_smooth_250x300x250.cgf
    [-0.61926746873575866, 0.27395712910172365, -0.73583651701737107, -4575.26246302405525057]
    [-0.26005543954903704, 0.81269923301940394, 0.52143188549122810, 7326.20653286853303143]
    [0.74086372344910467, 0.51426407055161993, -0.43203413662940460, 1691.94756555269941600]
  #11 objects/space/3d/asteroid/seta/smooth/seta_smooth_250x300x250.cgf
    [0.52836552273206416, -0.17162784841161124, 0.83148890443395385, -2206.72942056717238302]
    [0.33797960557209550, 0.94092907481473653, -0.02055004974976565, 6994.61630171687647817]
    [-0.77884510832674980, 0.29188422358357785, 0.55516118327708086, 1388.37578949291037134]
  #12 objects/space/3d/asteroid/seta/smooth/seta_smooth_250x300x250.cgf
    [-0.45958133756070146, 0.51932215794307302, 0.72047865781543086, -2640.27139375297247170]
    [0.50393561036891299, 0.82047401644264950, -0.26994683713063944, 6445.27897802737152233]
    [-0.73132338995842738, 0.23901232299627287, -0.63877947265695512, 2681.78363054220335471]
  #13 objects/space/3d/asteroid/seta/smooth/seta_smooth_200x200x200.cgf
    [0.35630145765956184, -0.86630053464026135, 0.35010388964510836, -2031.15175374171121803]
    [-0.50942385378427701, 0.13400221672159607, 0.85001813021972616, 11874.42316579361067852]
    [-0.78328582717818429, -0.48121395261220473, -0.39356895627842897, 1375.66353715183322493]
  #14 objects/space/3d/asteroid/seta/smooth/seta_smooth_125x200x125.cgf
    [0.03682586934656684, 0.33882741485911200, -0.94012753424597284, -1729.28999520450815908]
    [0.99906833287795371, 0.00869896873993959, 0.04226980652877316, 9691.62687675690540345]
    [0.02250030995315289, -0.94080829781810738, -0.33819140315693913, -3054.67965913724401616]
  #15 objects/space/3d/asteroid/seta/smooth/seta_smooth_250x300x250.cgf
    [0.17081956520457731, -0.21942256012408431, 0.96055940569074116, -1343.91032996351532347]
    [-0.95297804894702209, 0.21086829785328179, 0.21764042546049395, 6710.95794661825311778]
    [-0.25030675176168221, -0.95256929232370813, -0.17308445612897663, 1431.80841614562723407]
  #16 objects/space/3d/asteroid/seta/smooth/seta_smooth_200x200x200.cgf
    [-0.92035524698478743, 0.01011348525760833, 0.39095270544813898, -1691.18531061644989677]
    [0.30010083262095927, 0.65926868541377237, 0.68942321677378027, 11569.05177176803044858]
    [-0.25077039446769261, 0.75183947687152208, -0.60979643440231568, 2347.77694109588264837]
  #17 objects/space/3d/asteroid/seta/smooth/seta_smooth_125x200x125.cgf
    [0.55063661767250383, -0.83198952440731710, 0.06777035884060376, -4448.86151137864089833]
    [-0.02115588448960249, 0.06725147931077893, 0.99751177540151770, 6682.09426261437147332]
    [-0.83447697320678693, -0.55070023133253854, 0.01942965209779504, 2634.41734223515140911]
  #18 objects/space/3d/asteroid/seta/smooth/seta_smooth_250x300x250.cgf
    [-0.77595618226399932, -0.63026928139375549, 0.02554506256742406, -1586.18626364616284263]
    [-0.08232894401427582, 0.06104233928925355, -0.99473398045682848, 7689.87191592424824194]
    [0.62539096752964773, -0.77397311311788508, -0.09925558919696380, -14.45129210946197418]
  #19 objects/space/3d/asteroid/seta/smooth/seta_smooth_250x300x250.cgf
    [0.82399908524128906, -0.51440180516122480, -0.23752093886759884, -4789.75910487034798280]
    [-0.11945437616953371, -0.56750967087412563, 0.81465534522916061, 8048.29116084403540299]
    [-0.55385563603489651, -0.64290237388220051, -0.52907502125990147, 2373.18822557601652079]
  #20 objects/space/3d/asteroid/seta/smooth/seta_smooth_125x200x125.cgf
    [-0.09928559984413435, -0.89026271330147611, -0.44449376232929350, -1042.13641484836716700]
    [0.55992861490816237, 0.31928261465816354, -0.76455123567033723, 7571.33192950681041111]
    [0.82257057426799784, -0.32479369923554013, 0.46678339416294146, 2080.67758073524510110]
  #21 objects/space/3d/asteroid/seta/smooth/seta_smooth_125x200x125.cgf
    [-0.23166709562561555, 0.97044741508579024, -0.06754426564181741, -4651.31756268595654547]
    [-0.97000696778472650, -0.23569876235275111, -0.05943595156010226, 7449.35466584791174682]
    [-0.07359956329262679, 0.05174905257182823, 0.99594437410150827, 3120.35381121631326096]
  #22 objects/space/3d/asteroid/seta/smooth/seta_smooth_250x300x250.cgf
    [0.35557357815792817, -0.46263761218781235, 0.81211689337798043, -5094.27264112077955360]
    [-0.61070437817171019, 0.54276319158490927, 0.57658326245846125, 7033.51643434634206642]
    [-0.70753626847155160, -0.70098112375048827, -0.08954256612153978, 2443.44825805274012964]
  #23 objects/space/3d/asteroid/seta/smooth/seta_smooth_125x200x125.cgf
    [0.27453563390038738, 0.00158257302192012, 0.96157561622150278, -1908.57223063450510381]
    [0.67299863944311311, -0.71456532818788110, -0.19096912732084476, 5146.65473218674924283]
    [0.68680637850623594, 0.69956691727424958, -0.19723871635349013, 3980.97892666489406110]
  #24 objects/space/3d/asteroid/seta/smooth/seta_smooth_250x300x250.cgf
    [0.64904642896031328, 0.44841173070607682, 0.61454500503194065, -4620.05852446164772118]
    [0.17099100971684461, -0.87313518019524261, 0.45650513917380814, 7428.56450377955843578]
    [0.74128315645274245, -0.19121136802309840, -0.64337967413406594, 3911.46129165119509707]
  #25 objects/space/3d/asteroid/seta/smooth/seta_smooth_160x130x100.cgf
    [0.87909036131142604, 0.04202491938781919, -0.47479895405128147, -844.11847405602838990]
    [-0.12540436130503832, -0.94062231859973555, -0.31544160138784960, 5639.05311007960699499]
    [-0.45986289998587515, 0.33684353024943625, -0.82162190411044667, 6755.80561154261704360]
  #26 objects/space/3d/asteroid/seta/smooth/seta_smooth_160x130x100.cgf
    [-0.07806311167195527, 0.77072947608633058, 0.63236241414202898, -102.64540301487977558]
    [-0.73602505172924448, -0.47238670829991680, 0.48488959421736944, 7394.23326444506892585]
    [0.67243830300988017, -0.42758258856624715, 0.60415217961365686, 7412.61040109321220370]
  #27 objects/space/3d/asteroid/seta/smooth/seta_smooth_250x300x250.cgf
    [0.93017126296394481, 0.36681437709412895, -0.01512475979908419, -717.71648220652059535]
    [-0.04707272709316482, 0.16002253362550692, 0.98599040114088354, 5934.05714002286185860]
    [0.36409573461652400, -0.91642791616962116, 0.16611530496897048, 6803.42998174493368424]
  #28 objects/space/3d/asteroid/seta/smooth/seta_smooth_250x300x250.cgf
    [-0.80068739035680592, -0.32526412345043237, 0.50309342256782941, -226.65484146878407046]
    [-0.59802971005644601, 0.48372092296273878, -0.63904191841322999, 6460.15424529767187778]
    [-0.03549940456956625, -0.81253760380395945, -0.58182684158700415, 7278.16691600159174413]
  #29 objects/space/3d/asteroid/seta/smooth/seta_smooth_200x200x200.cgf
    [0.99494611610236650, -0.06421951028157410, 0.07718899094125728, -2466.57924530773607330]
    [0.09538640652272898, 0.84461884321598424, -0.52680214778006718, 5495.94640324836836953]
    [-0.03136429935476626, 0.53150251547307459, 0.84647588066187518, 7348.00567937755113235]
  #30 objects/space/3d/asteroid/seta/smooth/seta_smooth_250x300x250.cgf
    [0.30999227542628360, 0.95025938228260143, 0.03019798516284858, 62.47716541760382825]
    [-0.09361730172670628, 0.06211717665715297, -0.99366859663044937, 6596.40314941417454975]
    [-0.94611870964558031, 0.30520253192921687, 0.10821656301393738, 5686.32731023369160539]
  #31 objects/space/3d/asteroid/seta/smooth/seta_smooth_160x130x100.cgf
    [0.71590431975291025, -0.65740867614839438, -0.23514881032622162, 4.72009586250169377]
    [-0.69803970135331006, -0.66674433700547386, -0.26113730089669601, 6421.78202171940938570]
    [0.01488978870244158, 0.35109250506076822, -0.93622244824424605, 6253.44896456362221215]
  #32 objects/space/3d/asteroid/seta/smooth/seta_smooth_250x300x250.cgf
    [0.38565600903331432, -0.24552157918292472, 0.88937542033817052, -1019.32514052337774046]
    [0.74962328456710647, 0.64535719185689788, -0.14689815384503760, 6364.87186414584539307]
    [-0.53789814591704754, 0.72334866456210478, 0.43293456265918601, 6798.43380482609245519]
  #33 objects/space/3d/asteroid/seta/smooth/seta_smooth_250x300x250.cgf
    [-0.69697450870656008, 0.11790074866498820, 0.70733720394857824, 53.32595565581777919]
    [0.41752040895400133, 0.86867449839888355, 0.26661075812997270, 6344.26316610830508580]
    [-0.58301219089521683, 0.48114862746140163, -0.65466995957648511, 6354.58245385123700544]
  #34 objects/space/3d/asteroid/seta/smooth/seta_smooth_125x200x125.cgf
    [0.08716117243198707, 0.65568625121145696, 0.74998565372956350, -1543.31616549088266765]
    [-0.27855053195141560, -0.70678021339077823, 0.65028558489057875, 7292.22966651689785067]
    [0.95645833258824076, -0.26558855536179404, 0.12103796136324527, 5419.56650058326886210]
  #35 objects/space/3d/asteroid/seta/smooth/seta_smooth_160x130x100.cgf
    [-0.06060279737180484, 0.57230545522175369, -0.81779816141658501, -2981.01415080834294713]
    [0.32068199034924971, 0.78703344975860912, 0.52701183664972839, 4149.93288565785587707]
    [0.94524622610120446, -0.23031474296426963, -0.23122447352507233, 8738.61519567015602661]
  #36 objects/space/3d/asteroid/seta/smooth/seta_smooth_250x300x250.cgf
    [0.48210317058390434, -0.49104968224317314, 0.72556643969514500, -3082.23993250854891812]
    [0.87610999643063359, 0.27283755148812316, -0.39748064177056941, 3117.54672270953233237]
    [-0.00277902812594418, 0.82730272331046228, 0.56174940759722269, 8471.01766514674272912]
  #37 objects/space/3d/asteroid/seta/smooth/seta_smooth_250x300x250.cgf
    [0.30999227542628360, 0.95025938228260143, 0.03019798516284858, -5735.19941108750481362]
    [-0.09361730172670628, 0.06211717665715297, -0.99366859663044937, 5575.22421310250683746]
    [-0.94611870964558031, 0.30520253192921687, 0.10821656301393738, 4185.54425422419080860]
  #38 objects/space/3d/asteroid/seta/smooth/seta_smooth_200x200x200.cgf
    [0.63672519675018113, 0.15854877964893485, 0.75461465920919280, -2078.85151541543018539]
    [-0.59387138298465902, 0.72504069292947571, 0.34875887037660219, -382.43639273298128956]
    [-0.49183104811862088, -0.67020761982113319, 0.55580926767944394, 6068.14673462887731148]
  #39 objects/space/3d/asteroid/seta/smooth/seta_smooth_160x130x100.cgf
    [-0.80068739035680592, -0.32526412345043237, 0.50309342256782941, 590.24129575217511956]
    [-0.59802971005644601, 0.48372092296273878, -0.63904191841322999, -1050.03536750089574525]
    [-0.03549940456956625, -0.81253760380395945, -0.58182684158700415, 1350.58512396709465975]
  #40 objects/space/3d/asteroid/seta/smooth/seta_smooth_250x300x250.cgf
    [0.17706914821659825, 0.47891502634295202, 0.85981793696098729, -1483.31235046978963510]
    [0.95337429126898554, 0.13346385739759500, -0.27067476783583738, -1387.08613566651843030]
    [-0.24438483570851605, 0.86765647968453197, -0.43295294867252954, 4527.83073269001943117]
  #41 objects/space/3d/asteroid/seta/smooth/seta_smooth_250x300x250.cgf
    [0.17706914821659825, 0.47891502634295202, 0.85981793696098729, 457.44769161654767231]
    [0.95337429126898554, 0.13346385739759500, -0.27067476783583738, -1461.61132832188036446]
    [-0.24438483570851605, 0.86765647968453197, -0.43295294867252954, 2233.85589978365305797]
  #42 objects/space/3d/asteroid/seta/smooth/seta_smooth_250x300x250.cgf
    [0.53975564795714215, -0.83544377480334531, -0.10342941283516874, -4903.98791750465170480]
    [0.81697749594218838, 0.49022853710331771, 0.30368380979613901, 5200.23984523183753481]
    [-0.20300668811919023, -0.24841454134289953, 0.94714233567452755, -416.62272601228733038]
  #43 objects/space/3d/asteroid/seta/smooth/seta_smooth_125x200x125.cgf
    [0.55021291372980607, 0.68032745393178029, -0.48416969550094868, -4988.62366677484624233]
    [-0.25626952733019631, -0.41426795466873156, -0.87333154079442643, 3594.80563824234013737]
    [-0.79472741740595421, 0.60459623403649354, -0.05358838364771801, 481.08593797713228923]
  #44 objects/space/3d/asteroid/seta/smooth/seta_smooth_250x300x250.cgf
    [-0.86659001691807380, 0.00222370130523810, 0.49901583501201446, -1717.03043654518569383]
    [-0.34512324956806928, -0.72494335933103959, -0.59610995146172796, -689.24557789886057435]
    [0.36043264425938049, -0.68880489746853035, 0.62899612720418108, -1942.86665924303088104]
  #45 objects/space/3d/asteroid/seta/smooth/seta_smooth_250x300x250.cgf
    [0.62662395942677651, 0.75110444586327629, -0.20780884612549336, -3507.56805776814053388]
    [0.72881079659812675, -0.65922915997044174, -0.18507222659802000, 3896.68521563925787632]
    [-0.27600222442145705, -0.03548263942219478, -0.96050181991775607, 1723.27029105018186783]
  #46 objects/space/3d/asteroid/seta/smooth/seta_smooth_200x200x200.cgf
    [0.73903520594048799, -0.63036732718682009, -0.23762161876250135, -4991.13302773058057937]
    [0.47511130147831576, 0.73777849314096944, -0.47953329683525409, 5312.94997939746644988]
    [0.47759423373356164, 0.24149526782413680, 0.84473890642639804, 75.00762977399244846]
  #47 objects/space/3d/asteroid/seta/smooth/seta_smooth_250x300x250.cgf
    [0.03233583279559300, -0.94514661495303998, 0.32504211656080934, -5918.62828982411065226]
    [-0.96812205530097850, 0.05120067226045096, 0.24519030278131337, 5695.68443917585318559]
    [-0.24838314623848712, -0.32260885725750493, -0.91336161801434512, 3128.11661586202262697]
  #48 objects/space/3d/asteroid/seta/smooth/seta_smooth_250x300x250.cgf
    [0.98808608752816196, 0.08666934618929939, -0.12717802480646864, -2137.08230416230890114]
    [0.14600175346166080, -0.26651608458321130, 0.95270803847444341, 2938.73803194899710434]
    [0.04867559500073718, -0.95992580078817569, -0.27599471980777146, 4213.33753887560214935]
  #49 objects/space/3d/asteroid/seta/smooth/seta_smooth_200x200x200.cgf
    [0.87414206097613534, -0.43501956329877028, 0.21594826194327407, -4443.77842711473931558]
    [0.36045118966629025, 0.28310294134677250, -0.88877875735502432, 3802.09836022854460680]
    [0.32550055630847974, 0.85475769619508679, 0.40427550469292245, -1896.23353864784348843]
  #50 objects/space/3d/asteroid/seta/smooth/seta_smooth_160x130x100.cgf
    [0.66634938981342118, 0.52299738464663204, -0.53146237941467211, -2848.59575316030350223]
    [-0.65244190593839801, 0.75401544947399901, -0.07602825603046885, 3468.88374392747391539]
    [0.36096825962374118, 0.39740970294187178, 0.84366313060184228, 2816.52455915019754684]
  #51 objects/space/3d/asteroid/seta/smooth/seta_smooth_200x200x200.cgf
    [0.08720941855990334, -0.96847651559209547, -0.23334022227649184, -4204.84213696871483990]
    [0.99526129733900626, 0.09481580539515935, -0.02155959965655329, 3405.11520429110214536]
    [0.04300430913905224, -0.23035430333481141, 0.97215607162719075, -1818.07488251792574374]
  #52 objects/space/3d/asteroid/seta/smooth/seta_smooth_160x130x100.cgf
    [0.35980128746623363, -0.76800957742128773, -0.52981543591092028, -621.66415748160534349]
    [-0.81906226189332376, 0.01196834234129015, -0.57357984930300410, 1318.13236125173511937]
    [0.44685581375035932, 0.64032657400223481, -0.62474141366386760, -2310.44909320770784689]
  #53 objects/space/3d/asteroid/seta/smooth/seta_smooth_750_700_550.cgf
    [-0.32814369717889491, 0.48784276655760683, 0.80890740678824979, -4374.32566054680228262]
    [0.90324931955617183, -0.08862649476763935, 0.41986432902095799, 4773.54141762166545959]
    [0.27651839787034682, 0.86842087905596033, -0.41156141230270193, -163.87321870056098305]
  #54 objects/space/3d/asteroid/seta/smooth/seta_smooth_750_700_550.cgf
    [-0.93960975419690085, -0.14853940119366904, -0.30833358079746492, -962.63368950152471371]
    [0.34223721698233828, -0.41487054657399847, -0.84306355503834718, 396.14271398677396974]
    [-0.00269036550389356, -0.89767394794253585, 0.44065211454733433, -2020.68324558946824254]
