# IncludedObjects
# Cgfs: 7, Materials: 0, Palettes: 2, Placements: 10

[CGFs]
      0: objects/buildingsets/citysets/lorville/skyline/rooftop/lorv_skyl_rooftop_med_vent_02a.cgf
      1: objects/buildingsets/citysets/lorville/skyline/rooftop/lorv_skyl_rooftop_med_antenna_02_a.cgf
      2: objects/buildingsets/citysets/lorville/skyline/rooftop/lorv_skyl_rooftop_med_chimney_01a.cgf
      3: objects/buildingsets/citysets/lorville/skyline/rooftop/lorv_skyl_rooftop_sml_vent_01a.cgf
      4: objects/buildingsets/citysets/lorville/skyline/rooftop/lorv_skyl_rooftop_sml_banner_01a.cgf
      5: objects/buildingsets/citysets/lorville/skyline/building/lorv_skyl_bldg_bloc_sml_05a.cgf
      6: objects/buildingsets/citysets/lorville/skyline/rooftop/lorv_skyl_rooftop_sml_container_02a.cgf

[Palettes]
      0: Libs/Foundry/Records/TintPalettes/Brand/Lorville/Lorville_Skyl_Root|Building
      1: Libs/Foundry/Records/TintPalettes/Brand/Lorville/Lorville_Skyl_Blue|Banner

[Placements]
  #0 objects/buildingsets/citysets/lorville/skyline/rooftop/lorv_skyl_rooftop_med_vent_02a.cgf
    [1.00000000000000000, 0.00000000000000000, 0.00000000000000000, 30.60514399999919988]
    [0.00000000000000000, 1.00000000000000000, 0.00000000000000000, 38.51428100000021004]
    [0.00000000000000000, 0.00000000000000000, 1.00000000000000000, 102.42836899997200817]
  #1 objects/buildingsets/citysets/lorville/skyline/rooftop/lorv_skyl_rooftop_med_antenna_02_a.cgf
    [-1.00000000000000000, 0.00000000000000000, 0.00000000000000000, -13.49211099999956787]
    [0.00000000000000000, -1.00000000000000000, 0.00000000000000000, 6.70146000000022468]
    [0.00000000000000000, 0.00000000000000000, 1.00000000000000000, 97.13327500002924353]
  #2 objects/buildingsets/citysets/lorville/skyline/rooftop/lorv_skyl_rooftop_med_chimney_01a.cgf
    [0.67849397659301758, 0.00000000000000000, 0.00000000000000000, -13.49211099999956787]
    [0.00000000000000000, 0.67849397659301758, 0.00000000000000000, -12.96784100000013495]
    [0.00000000000000000, 0.00000000000000000, 0.67849397659301758, 97.13327500002924353]
  #3 objects/buildingsets/citysets/lorville/skyline/rooftop/lorv_skyl_rooftop_med_vent_02a.cgf
    [1.00000000000000000, 0.00000000000000000, 0.00000000000000000, -14.82947600000079547]
    [0.00000000000000000, 1.00000000000000000, 0.00000000000000000, -1.75122099999998682]
    [0.00000000000000000, 0.00000000000000000, 1.00000000000000000, 118.02234699996188283]
  #4 objects/buildingsets/citysets/lorville/skyline/rooftop/lorv_skyl_rooftop_sml_vent_01a.cgf
    [1.00000000000000000, 0.00000000000000000, 0.00000000000000000, 21.15444700000080047]
    [0.00000000000000000, 1.00000000000000000, 0.00000000000000000, -100.86909599999989950]
    [0.00000000000000000, 0.00000000000000000, 1.00000000000000000, 92.80567100003827363]
  #5 objects/buildingsets/citysets/lorville/skyline/rooftop/lorv_skyl_rooftop_sml_banner_01a.cgf
    [-0.00000043664767041, -0.68213331006892075, 0.00000000000000000, -21.87901600000077451]
    [0.68213331006892075, -0.00000043664767041, 0.00000000000000000, -128.02667300000007344]
    [0.00000000000000000, 0.00000000000000000, 0.68213331006906053, 93.17650099995080382]
  #6 objects/buildingsets/citysets/lorville/skyline/rooftop/lorv_skyl_rooftop_med_vent_02a.cgf
    [1.00000000000000000, 0.00000000000000000, 0.00000000000000000, -27.93219099999987520]
    [0.00000000000000000, 1.00000000000000000, 0.00000000000000000, 38.51428100000021004]
    [0.00000000000000000, 0.00000000000000000, 1.00000000000000000, 102.42836899997200817]
  #7 objects/buildingsets/citysets/lorville/skyline/rooftop/lorv_skyl_rooftop_sml_banner_01a.cgf
    [-0.00000043664767041, -0.68213331006892075, 0.00000000000000000, 25.94505299999946146]
    [0.68213331006892075, -0.00000043664767041, 0.00000000000000000, -128.02667300000007344]
    [0.00000000000000000, 0.00000000000000000, 0.68213331006906053, 93.17650099995080382]
  #8 objects/buildingsets/citysets/lorville/skyline/building/lorv_skyl_bldg_bloc_sml_05a.cgf
    [1.00000000000000000, 0.00000000000000000, 0.00000000000000000, 0.00000000000000000]
    [0.00000000000000000, 1.00000000000000000, 0.00000000000000000, 0.00000000000000000]
    [0.00000000000000000, 0.00000000000000000, 1.00000000000000000, 0.00000000000000000]
  #9 objects/buildingsets/citysets/lorville/skyline/rooftop/lorv_skyl_rooftop_sml_container_02a.cgf
    [1.00000000000000000, 0.00000000000000000, 0.00000000000000000, 26.18283399999927497]
    [0.00000000000000000, 1.00000000000000000, 0.00000000000000000, 3.63328700000010940]
    [0.00000000000000000, 0.00000000000000000, 1.00000000000000000, 97.96446299995295703]
