# IncludedObjects
# Cgfs: 15, Materials: 8, Palettes: 1, Placements: 32

[CGFs]
      0: objects/planets/terrain_extension/crashpile_01/crashpile_01_e.cgf
      1: objects/spaceships/derelicts/drak/caterpillar/drak_caterpillar_der_module_join_b.cgf
      2: objects/spaceships/derelicts/wreckage/wreckage_mech_junk_02.cgf
      3: objects/spaceships/derelicts/wreckage/debris_med_a.cgf
      4: objects/spaceships/derelicts/wreckage/wreckage_panel_medium_01.cgf
      5: objects/spaceships/derelicts/wreckage/wreckage_panel_small_02.cgf
      6: objects/spaceships/derelicts/wreckage/debris_small_b.cgf
      7: objects/spaceships/derelicts/wreckage/wreckage_pipes_medium_02.cgf
      8: objects/spaceships/derelicts/drak/caterpillar/drak_caterpillar_der_hull_main.cgf
      9: objects/buildingsets/human/lowtech/alpha/ext/prop/shipping_container_1_025x05x025_a.cgf
     10: objects/spaceships/derelicts/wreckage/wreckage_panel_small_03.cgf
     11: Data/ObjectContainers/PU/derelict/DRAK/caterpillar/surface/component/ctplr_sfce_rear_sml_a//Brush/designer_227.cgf
     12: objects/spaceships/derelicts/drak/caterpillar/drak_caterpillar_door_single_grey.cgf
     13: Data/ObjectContainers/PU/derelict/DRAK/caterpillar/surface/component/ctplr_sfce_rear_sml_a//Brush/designer_230.cgf
     14: Data/ObjectContainers/PU/derelict/DRAK/caterpillar/surface/component/ctplr_sfce_rear_sml_a//Brush/designer_233.cgf

[Materials]
      0: objects/spaceships/derelicts/drak/caterpillar/drak_caterpillar_ext_delerict
      1: objects/spaceships/derelicts/materials/decal_burned_01
      2: objects/spaceships/derelicts/materials/decals/desert_sand_black_01_ext
      3: objects/spaceships/derelicts/materials/decals/scratches_generic_a
      4: objects/spaceships/derelicts/materials/decals/rust_leakings_a
      5: materials/bhvr/special/proxy_nodraw
      6: materials/ui/ui_general_transparent
      7: objects/spaceships/derelicts/materials/decals/dirt_leaking_streak_big_dark_a

[Palettes]
      0: Libs/Foundry/Records/TintPalettes/default

[Placements]
  #0 objects/planets/terrain_extension/crashpile_01/crashpile_01_e.cgf
    [1.0673229681170977, 0, 0, 9.0108799999999292]
    [0, 1.0632615562056609, -0.093022477742786366, 24.977224000000007]
    [0, 0.093022477742786366, 1.0632615562056609, -1.1581510000000037]
  #1 objects/planets/terrain_extension/crashpile_01/crashpile_01_e.cgf
    [1.0673229697017814, 0, 0, -4.9891200000000708]
    [0, 1.0666728152940126, -0.037248178019539384, 27.287513000000018]
    [0, 0.037248178019539384, 1.0666728152940126, -1.2386809999999997]
  #2 objects/planets/terrain_extension/crashpile_01/crashpile_01_e.cgf
    [1.0673229697017814, 0, 0, -4.9891200000000708]
    [0, 1.0666728152940126, -0.037248178019539384, 18.287513000000018]
    [0, 0.037248178019539384, 1.0666728152940126, -1.1552140000000009]
  #3 objects/spaceships/derelicts/drak/caterpillar/drak_caterpillar_der_module_join_b.cgf
    [1, 0, 0, 1.762128999999959]
    [0, 1, 0, 26.622149000000007]
    [0, 0, 1, -0.34491400000000283]
  #4 objects/spaceships/derelicts/wreckage/wreckage_mech_junk_02.cgf
    [-0.44344121650163681, -0.62986445829085569, -0.63767189622108877, -0.8039810000000216]
    [-0.18192122129957169, 0.75988804059053106, -0.62407501996878512, 29.512569000000013]
    [0.87764420597933901, -0.16073495416409622, -0.45155256367497815, -0.11866899999999703]
  #5 objects/planets/terrain_extension/crashpile_01/crashpile_01_e.cgf
    [1.0673229697017814, 0, 0, 8.6358799999999292]
    [0, 1.0666728152940126, -0.037248178019539384, 17.484754000000009]
    [0, 0.037248178019539384, 1.0666728152940126, -1.1448320000000081]
  #6 objects/spaceships/derelicts/wreckage/debris_med_a.cgf
    [0.20075701317059738, -0.96346442921347519, -0.17728035468820924, -1.2584370000000717]
    [0.97812845136930471, 0.20718270831080315, -0.018315754259387577, 29.12709700000002]
    [0.054376126562216652, -0.16972633228982872, 0.98398761061445084, -0.69156800000000374]
  #7 objects/spaceships/derelicts/wreckage/wreckage_mech_junk_02.cgf
    [-0.030021188635973431, -0.99954122079422381, -0.0035762768920629615, 0.00043599999992238736]
    [-0.53157894021311591, 0.01899571550789083, -0.84679378050655085, 30.172539]
    [0.84647461399921309, -0.023520720989558881, -0.53190621083923018, -0.12723200000000645]
  #8 objects/spaceships/derelicts/wreckage/wreckage_panel_medium_01.cgf
    [0.080414473095253, 0.91563959423682195, 0.080108819861521879, -2.3952679999999873]
    [-0.91913725283752512, 0.08010844383930131, 0.0070089021178618097, 27.74102400000001]
    [2.5512901302594324E-07, -0.080414847686471669, 0.91913722006480691, 3.4790189999999939]
  #9 objects/planets/terrain_extension/crashpile_01/crashpile_01_e.cgf
    [1.0673229697017814, 0, 0, 6.0108799999999292]
    [0, 1.0666728152940126, -0.037248178019539384, 2.2875120000000209]
    [0, 0.037248178019539384, 1.0666728152940126, -0.58683299999999861]
  #10 objects/spaceships/derelicts/wreckage/debris_med_a.cgf
    [0.00098688026848357531, -0.99999707901232104, 0.0010040580138024155, 5.6650169999999207]
    [0.99973926308053085, 0.0010094453581349157, 0.022727229782781376, 1.1868390000000204]
    [-0.022728220802915537, 0.00098136905817486873, 0.99973926850566353, -1.1044800000000095]
  #11 objects/spaceships/derelicts/wreckage/wreckage_panel_small_02.cgf
    [0.99999698334219367, 0.00098665905405873099, 0.001003275715400665, -0.2099830000000793]
    [-0.001009207159571383, 0.99973914954128862, 0.02272798114896311, 29.436837999999995]
    [-0.00098059122938085009, -0.022728971162584474, 0.99973915551131076, 0.17087099999999111]
  #12 objects/spaceships/derelicts/wreckage/debris_med_a.cgf
    [-0.20419754754591429, 1.1514075792683762, 0.0011732099085568581, 0.2900169999999207]
    [-1.1511060953137637, -0.20417116054537934, 0.026576737477928675, 30.132323000000014]
    [0.026373231687676801, 0.003485978601253179, 1.1690721658843211, -0.95867200000000707]
  #13 objects/spaceships/derelicts/wreckage/debris_small_b.cgf
    [1.5851324638743471, 0.0014198339909316461, 0.0017196769403819341, -0.83174100000007911]
    [-0.0016000288716388254, 1.5755537046491805, 0.17400535888170832, 29.431606000000016]
    [-0.0015534236225217008, -0.17400692251568725, 1.5755535785993975, -0.46611000000000047]
  #14 objects/planets/terrain_extension/crashpile_01/crashpile_01_e.cgf
    [1.0673229697017814, 0, 0, -4.9891200000000708]
    [0, 1.0666728152940126, -0.037248178019539384, 10.287512000000021]
    [0, 0.037248178019539384, 1.0666728152940126, -0.81663400000000763]
  #15 objects/planets/terrain_extension/crashpile_01/crashpile_01_e.cgf
    [0.93621701002120972, 0, 0, 2.0347739999999703]
    [0, 0.93621701002120972, 0, 29.244982000000022]
    [0, 0, 0.93621701002120972, -0.96871699999999805]
  #16 objects/spaceships/derelicts/wreckage/wreckage_mech_junk_02.cgf
    [-0.030021188635973431, -0.99954122079422381, -0.0035762768920629615, 2.318271999999979]
    [-0.53157894021311591, 0.01899571550789083, -0.84679378050655085, 29.537859999999995]
    [0.84647461399921309, -0.023520720989558881, -0.53190621083923018, -0.40080900000000952]
  #17 objects/spaceships/derelicts/wreckage/wreckage_panel_small_02.cgf
    [0.0014078171200454666, -0.99999704175950599, 1.1451226552712045E-05, 5.5400169999999207]
    [0.72299339925892248, 0.0010099343774416861, -0.69085135178887713, 0.31183900000002041]
    [0.69085065555945024, 0.00098087345123831792, 0.72299410454601076, -0.35448000000000945]
  #18 objects/spaceships/derelicts/wreckage/wreckage_pipes_medium_02.cgf
    [0.93346760811054397, -0.033752756723387609, -0.35706439308281573, -2.530210000000011]
    [-0.089649186042969398, 0.94199910536452536, -0.32341415200933132, 28.133473000000009]
    [0.34727115174724893, 0.33390783412740344, 0.87630149506784116, 3.1187960000000032]
  #19 objects/spaceships/derelicts/wreckage/debris_small_b.cgf
    [1.5851324416168799, 0.0010990731453595734, 0.0019412824739688641, 0.26503299999990304]
    [-0.0015998119854440025, 1.5214016005176345, 0.44495442974500782, 29.804456000000016]
    [-0.0015547157405194621, -0.44495594836603208, 1.5214012031276842, -0.30215900000000318]
  #20 objects/planets/terrain_extension/crashpile_01/crashpile_01_e.cgf
    [1.0673229697017814, 0, 0, -3.9891200000000708]
    [0, 1.0666728152940126, -0.037248178019539384, 2.2875120000000209]
    [0, 0.037248178019539384, 1.0666728152940126, -0.21183299999999861]
  #21 objects/spaceships/derelicts/drak/caterpillar/drak_caterpillar_der_hull_main.cgf
    [1, 0, 0, 2.262128999999959]
    [0, 1, 0, 28.472149000000002]
    [0, 0, 1, 2.1550859999999972]
  #22 objects/spaceships/derelicts/wreckage/wreckage_panel_small_02.cgf
    [0.95074381172798061, 0.03338235510864352, 0.30816847217268639, 1.7081779999999753]
    [-0.0079832379159256554, 0.99648924518363913, -0.083315284063706793, 29.44554500000001]
    [-0.30986845077584957, 0.076751462615632607, 0.94767438533128745, -0.050577000000004091]
  #23 objects/spaceships/derelicts/wreckage/wreckage_mech_junk_02.cgf
    [-0.18601343494107289, -0.98253869897212043, -0.0035760638923597802, -0.37456400000007761]
    [-0.522062141146025, 0.10191838874609771, -0.84679386157836145, 28.797539]
    [0.83237383668206277, -0.15564841228531148, -0.53190548873799992, -0.046507000000005405]
  #24 objects/planets/terrain_extension/crashpile_01/crashpile_01_e.cgf
    [1.0673229697017814, 0, 0, 8.6983799999999292]
    [0, 1.0666728152940126, -0.037248178019539384, 12.484753000000012]
    [0, 0.037248178019539384, 1.0666728152940126, -0.97915600000000325]
  #25 objects/buildingsets/human/lowtech/alpha/ext/prop/shipping_container_1_025x05x025_a.cgf
    [-0.99000507102627977, 0.14087476597885951, -0.0054487298684033408, 11.759795999999938]
    [-0.14090780613561488, -0.98999565584617955, 0.0062466455211784367, 17.254784999999998]
    [-0.0045142570623791468, 0.0069520299640356354, 0.99995835901655461, -1.3359410000000054]
  #26 objects/planets/terrain_extension/crashpile_01/crashpile_01_e.cgf
    [1.0673229697017814, 0, 0, -3.6141200000000708]
    [0, 1.0666728152940126, -0.037248178019539384, 0.28751200000002086]
    [0, 0.037248178019539384, 1.0666728152940126, -1.2118329999999986]
  #27 objects/spaceships/derelicts/wreckage/wreckage_panel_small_03.cgf
    [-0.76101047241465147, 0.00087791740936515167, 0.00060290943082457968, -2.5267180000000735]
    [-0.00074272875324840149, -0.74625204534418355, 0.14914894078454702, 27.200107000000003]
    [0.00076327764184581828, 0.14914820630559239, 0.7462521714049456, 3.878036999999992]
  #28 Data/ObjectContainers/PU/derelict/DRAK/caterpillar/surface/component/ctplr_sfce_rear_sml_a//Brush/designer_227.cgf
    [-6.4012100026111661E-07, -1.0000004267473106, 0, -1.6100570000000971]
    [1.0000004267473106, -6.4012100026111661E-07, 0, 2.6761979999999994]
    [0, 0, 1.0000004267475153, 0.59150499999999795]
  #29 objects/spaceships/derelicts/drak/caterpillar/drak_caterpillar_door_single_grey.cgf
    [0.9999265533590368, -0.01211261924790985, -0.00041655227475889938, 1.7984169999999722]
    [0.012112619237572213, 0.99756409628023723, 0.068696138473163956, 2.5082419999999956]
    [-0.0004165525753594118, -0.06869613847134122, 0.99763754350786293, 0.86596999999999014]
  #30 Data/ObjectContainers/PU/derelict/DRAK/caterpillar/surface/component/ctplr_sfce_rear_sml_a//Brush/designer_230.cgf
    [-1, 0, 0, 6.762128999999959]
    [0, -1, 0, 15.184649000000007]
    [0, 0, 1, -0.8449150000000003]
  #31 Data/ObjectContainers/PU/derelict/DRAK/caterpillar/surface/component/ctplr_sfce_rear_sml_a//Brush/designer_233.cgf
    [1, 0, 0, -3.237871000000041]
    [0, 1, 0, 14.184649000000007]
    [0, 0, 1, -0.8449150000000003]
