# IncludedObjects
# Cgfs: 51, Materials: 8, Palettes: 3, Placements: 101

[CGFs]
      0: objects/buildingsets/human/lowtech/bravo/int/prop/light/light_fluorescent_f.cgf
      1: objects/buildingsets/human/lowtech/prop/utilitarian/light/light_attachment_2_a.cgf
      2: objects/buildingsets/human/lowtech/prop/utilitarian/light/light_fluorescent_1_c.cgf
      3: objects/buildingsets/human/lowtech/prop/light/light_hazard_cage_2_b.cgf
      4: objects/buildingsets/human/lowtech/prop/utilitarian/heater/heater_hanging_1_a.cgf
      5: objects/buildingsets/human/brand/freight/assets/freight_decal_heavy_a.cgf
      6: objects/buildingsets/human/lowtech/bravo/int/prop/light/light_fluorescent_a.cgf
      7: objects/buildingsets/human/brand/freight/assets/freight_decal_keepclear_b.cgf
      8: objects/buildingsets/human/lowtech/alpha/int/hangar/roomsm/wall/roomsm_wall_straight_04x01x08_a.cgf
      9: objects/buildingsets/human/lowtech/prop/light/light_hazard_2_b.cgf
     10: objects/buildingsets/human/lowtech/alpha/int/hangar/roomsm/addon/roomsm_addon_cable_junctionbox_a.cgf
     11: objects/buildingsets/human/hightech/prop/medical/medical_kit_2_a.cgf
     12: objects/buildingsets/human/lowtech/alpha/int/hangar/wall/hangar_wall_shop_24m_alcove_a_door_frame_b.cgf
     13: objects/buildingsets/human/lowtech/alpha/int/hangar/roomsm/addon/roomsm_addon_cable_corner_00125x0025_a.cgf
     14: objects/buildingsets/human/brand/freight/assets/freight_decal_notice_a.cgf
     15: objects/buildingsets/human/lowtech/alpha/int/hangar/roomsm/addon/roomsm_addon_cable_straight_00125x0050_b.cgf
     16: objects/buildingsets/human/lowtech/alpha/int/hangar/roomsm/wall/roomsm_wall_straight_01x01x08_a.cgf
     17: objects/buildingsets/human/lowtech/alpha/int/hangar/floor/hangar_walkway_str_02m_e.cgf
     18: objects/buildingsets/human/lowtech/alpha/int/hangar/roomsm/addon/roomsm_addon_cable_junctionbox_c.cgf
     19: objects/buildingsets/human/brand/freight/assets/freight_decal_certificate.cgf
     20: objects/buildingsets/human/brand/freight/assets/freight_decal_freightmanager_b.cgf
     21: objects/buildingsets/human/lowtech/prop/utilitarian/light/light_fluorescent_1_b.cgf
     22: objects/buildingsets/human/universal/prop/utility/waste/trash_bag_scattered_1_lrg_b.cgf
     23: objects/buildingsets/human/brand/freight/assets/freight_decal_kiosk_bc.cgf
     24: objects/buildingsets/human/lowtech/alpha/int/hangar/roomsm/door/roomsm_doorway_trim_02x02x02_a.cgf
     25: objects/buildingsets/human/lowtech/alpha/int/hangar/roomsm/addon/roomsm_addon_cable_straight_00125x01_a.cgf
     26: objects/buildingsets/human/lowtech/alpha/int/hangar/wall/hangar_wall_shop_24m_alcove_elvator_shaft_a.cgf
     27: objects/buildingsets/human/lowtech/alpha/int/hangar/floor/hangar_walkway_str_12m_e.cgf
     28: objects/buildingsets/human/brand/freight/assets/freight_decal_6m.cgf
     29: objects/buildingsets/human/lowtech/alpha/int/hangar/floor/hangar_walkway_str_01m_e.cgf
     30: objects/buildingsets/human/lowtech/prop/sign/navigation/nav_sign_3_0225_0025_0075_a.cgf
     31: objects/buildingsets/human/universal/prop/medical/med-kit/med-kit_box_1.cgf
     32: objects/buildingsets/human/lowtech/alpha/int/hangar/floor/hangar_walkway_str_0050m_a.cgf
     33: objects/buildingsets/human/lowtech/alpha/int/hangar/floor/hangar_walkway_cargo_decal_04m_a.cgf
     34: objects/buildingsets/human/brand/freight/assets/freight_decal_lt_kiosk.cgf
     35: objects/buildingsets/human/brand/freight/assets/freight_decal_notice_b.cgf
     36: objects/buildingsets/human/lowtech/prop/utilitarian/cable/cable_terminal_2_wall_a.cgf
     37: objects/buildingsets/human/lowtech/prop/tech/camera/camera_security_1_a.cgf
     38: objects/buildingsets/human/lowtech/alpha/int/hangar/floor/hangar_walkway_str_04m_e.cgf
     39: objects/buildingsets/human/lowtech/alpha/int/hangar/roomsm/wall/roomsm_wall_straight_02x01x08_b.cgf
     40: objects/buildingsets/human/brand/freight/assets/freight_decal_passenger .cgf
     41: objects/buildingsets/human/brand/freight/assets/freight_decal_maxweight.cgf
     42: objects/buildingsets/human/brand/freight/assets/freight_decal_scu_s.cgf
     43: objects/buildingsets/human/lowtech/alpha/int/hangar/roomsm/door/roomsm_doorway_12x02x09_a.cgf
     44: objects/buildingsets/human/lowtech/alpha/int/hangar/roomsm/addon/roomsm_addon_cable_corner_00125x0050_a.cgf
     45: objects/buildingsets/human/lowtech/prop/signage/lowtech_signage_1_4x1_mount_a.cgf
     46: objects/buildingsets/human/lowtech/alpha/int/hangar/floor/hangar_walkway_cargo_decal_12m_a.cgf
     47: objects/buildingsets/human/universal/prop/utility/waste/trash_bag_scattered_1_med_a.cgf
     48: objects/buildingsets/human/brand/freight/assets/freight_decal_cargogrid.cgf
     49: objects/buildingsets/human/lowtech/prop/signage/lowtech_signage_1_1x1_c.cgf
     50: objects/buildingsets/human/brand/freight/assets/freight_decal_hazard.cgf

[Materials]
      0: materials/pu/decal/graffiti/graffiti_cluster_light_004_a
      1: materials/decals/dirty_rust/dirty_rust_f
      2: materials/decals/dirty_rust/dirty_rust_c
      3: materials/decals/damage_decals/crumpled_metal_a
      4: materials/decals/scratches/metal_scratches_01
      5: materials/pu/decal/graffiti/graffiti_tag_deadend_black
      6: materials/decals/scratches/scratches001d
      7: materials/pu/decal/graffiti/graffiti_roller_patch_001_white

[Palettes]
      0: Libs/Foundry/Records/TintPalettes/Brand/delta/hospital_prop
      1: Libs/Foundry/Records/TintPalettes/default
      2: Libs/Foundry/Records/TintPalettes/Brand/Arccorp/arccorp_area18_signage_red_grey

[Placements]
  #0 objects/buildingsets/human/lowtech/bravo/int/prop/light/light_fluorescent_f.cgf
    [0.00000036731503435, -0.00000114764299302, 0.57382149795731874, -10.88217887064217848]
    [0.00000000000073463, 0.57382149795743631, 0.00000114764299302, 5.93531023565418892]
    [-0.57382149795846638, 0.00000000000000000, 0.00000036731503437, 7.33983099999999666]
  #1 objects/buildingsets/human/lowtech/bravo/int/prop/light/light_fluorescent_f.cgf
    [0.20000017367876810, 0.00000000000025605, 0.00000040000034635, -9.02628508658375495]
    [0.00000040000034635, -0.00000012802425649, -0.20000017367872711, 7.04328294744396288]
    [0.00000000000000000, 0.20000017367912709, -0.00000012802425649, 9.08884900000000329]
  #2 objects/buildingsets/human/lowtech/bravo/int/prop/light/light_fluorescent_f.cgf
    [0.00000264012184848, 1.00000042674403011, 0.00000000000000000, -5.50399842242080695]
    [-1.00000042674403011, 0.00000264012184848, -0.00000000000000000, 6.71120499201659726]
    [-0.00000000000000000, 0.00000000000000000, 1.00000042674751533, 6.49620500000000334]
  #3 objects/buildingsets/human/lowtech/bravo/int/prop/light/light_fluorescent_f.cgf
    [0.00000036731503435, -0.00000114764299302, -0.57382149795731874, -10.93552284421195964]
    [0.00000000000073463, 0.57382149795743631, -0.00000114764299302, 5.92209512896620538]
    [0.57382149795846638, 0.00000000000000000, 0.00000036731503437, 7.35040999999999656]
  #4 objects/buildingsets/human/lowtech/prop/utilitarian/light/light_attachment_2_a.cgf
    [0.00000272967016903, 0.99619412109094341, 0.08715695824985556, -3.07668975237584164]
    [-0.99999953113365025, 0.00000272473058694, 0.00000017564055951, 3.37618484662726104]
    [-0.00000006250716651, -0.08715695825001012, 0.99619412109466765, 14.52013699999999830]
  #5 objects/buildingsets/human/lowtech/bravo/int/prop/light/light_fluorescent_f.cgf
    [0.00000000000000006, 0.99999999999799993, 0.00000199999999501, -5.23837256876953461]
    [0.00000000000000000, 0.00000199999999501, -0.99999999999799993, 7.28437952326946103]
    [-1.00000000000000000, 0.00000000000000000, 0.00000000000000000, 7.17870599999999826]
  #6 objects/buildingsets/human/lowtech/bravo/int/prop/light/light_fluorescent_f.cgf
    [0.00000000000000006, 0.99999999999799993, 0.00000199999999501, -5.23513155035954014]
    [0.00000000000000000, 0.00000199999999501, -0.99999999999799993, 7.27517452975147449]
    [-1.00000000000000000, 0.00000000000000000, 0.00000000000000000, 12.72060499999999905]
  #7 objects/buildingsets/human/lowtech/bravo/int/prop/light/light_fluorescent_f.cgf
    [0.00000264012184848, 1.00000042674403011, 0.00000000000000000, -5.50398371094087224]
    [-1.00000042674403011, 0.00000264012184848, -0.00000000000000000, 1.35546499203531212]
    [-0.00000000000000000, 0.00000000000000000, 1.00000042674751533, 6.50537200000000126]
  #8 objects/buildingsets/human/lowtech/prop/utilitarian/light/light_fluorescent_1_c.cgf
    [1.00000000524049804, -0.00000034729959485, -0.00000196961494032, -9.32292502194127337]
    [0.00000200000000543, 0.17364979786563395, 0.98480747264743096, 7.01096135416402078]
    [0.00000000000000000, -0.98480747264940049, 0.17364979786598125, 10.00064700000000073]
  #9 objects/buildingsets/human/lowtech/bravo/int/prop/light/light_fluorescent_f.cgf
    [0.00000036731503435, -0.00000114764299302, -0.57382149795731874, -10.93551781573989956]
    [0.00000000000073463, 0.57382149795743631, -0.00000114764299302, 3.90785912897223753]
    [0.57382149795846638, 0.00000000000000000, 0.00000036731503437, 7.34190900000000113]
  #10 objects/buildingsets/human/lowtech/bravo/int/prop/light/light_fluorescent_f.cgf
    [0.00000264012184848, 1.00000042674403011, 0.00000000000000000, 6.50624328903501237]
    [-1.00000042674403011, 0.00000264012184848, -0.00000000000000000, 1.35548901248925446]
    [-0.00000000000000000, 0.00000000000000000, 1.00000042674751533, 6.50537200000000126]
  #11 objects/buildingsets/human/lowtech/prop/light/light_hazard_cage_2_b.cgf
    [-0.00000399999998990, 0.00000000000000000, 1.99999999999599987, -8.14612840446363862]
    [1.99999999999599987, 0.00000000000000000, 0.00000399999999001, 4.20222370775163157]
    [0.00000000000000000, 2.00000000000000000, 0.00000000000000000, 13.41889299999999707]
  #12 objects/buildingsets/human/lowtech/bravo/int/prop/light/light_fluorescent_f.cgf
    [0.50000042674633338, 0.00000000000064012, 0.00000100000085097, 7.53781451858299079]
    [0.00000100000085097, -0.00000032006063645, -0.50000042674623091, 7.24071607564348341]
    [0.00000000000000000, 0.50000042674723089, -0.00000032006063645, 9.50699699999999837]
  #13 objects/buildingsets/human/lowtech/prop/utilitarian/light/light_attachment_2_a.cgf
    [-0.00000135987984841, -1.00000042674659073, -0.00000000000000000, -2.95345874791604501]
    [1.00000042674659073, -0.00000135987984841, 0.00000000000000000, 3.37395509308926478]
    [0.00000000000000000, -0.00000000000000000, 1.00000042674751533, 14.52013800000000288]
  #14 objects/buildingsets/human/lowtech/bravo/int/prop/light/light_fluorescent_f.cgf
    [-0.00000127724692263, 0.00000114764250327, -0.57382125307961807, -8.33960786627716288]
    [-0.00000000000255449, -0.57382125308103948, -0.00000114764250326, 5.93313032079617741]
    [-0.57382125308076559, -0.00000000000000000, 0.00000127724692268, 7.34175199999999961]
  #15 objects/buildingsets/human/lowtech/bravo/int/prop/light/light_fluorescent_f.cgf
    [0.00000000000000006, 0.99999999999799993, 0.00000199999999501, 6.24462744961749650]
    [0.00000000000000000, 0.00000199999999501, -0.99999999999799993, 7.27519748926941645]
    [-1.00000000000000000, 0.00000000000000000, 0.00000000000000000, 12.72060499999999905]
  #16 objects/buildingsets/human/lowtech/bravo/int/prop/light/light_fluorescent_f.cgf
    [1.00000085349266676, 0.00000000000128024, 0.00000200000170194, -10.37837039711308762]
    [0.00000200000170194, -0.00000064012127290, -1.00000085349246182, 3.69854624326665160]
    [0.00000000000000000, 1.00000085349446177, -0.00000064012127290, 11.28024899999999775]
  #17 objects/buildingsets/human/lowtech/bravo/int/prop/light/light_fluorescent_f.cgf
    [0.00000036731503435, -0.00000114764299302, 0.57382149795731874, -8.27533541534143069]
    [0.00000000000073463, 0.57382149795743631, 0.00000114764299302, 7.20766244934362277]
    [-0.57382149795846638, 0.00000000000000000, 0.00000036731503437, 7.33867399999999748]
  #18 objects/buildingsets/human/lowtech/prop/utilitarian/heater/heater_hanging_1_a.cgf
    [-0.98480766070602366, 0.00000200000000877, 0.17364874095136301, -8.32356024568485964]
    [-0.00000196961531644, -1.00000000690963198, 0.00000034729748103, 70.12283435301978329]
    [0.17364874095171029, -0.00000000000000000, 0.98480766070799386, 9.12660499999999786]
  #19 objects/buildingsets/human/lowtech/bravo/int/prop/light/light_fluorescent_f.cgf
    [0.00000036731503435, -0.00000114764299302, -0.57382149795731874, -10.93552541533597378]
    [0.00000000000073463, 0.57382149795743631, -0.00000114764299302, 7.20765712896363908]
    [0.57382149795846638, 0.00000000000000000, 0.00000036731503437, 7.33867399999999748]
  #20 objects/buildingsets/human/brand/freight/assets/freight_decal_heavy_a.cgf
    [-0.96830201148793138, 0.00000193660401809, 0.00000000000000000, -6.50626105463271642]
    [-0.00000193660401809, -0.96830201148793138, -0.00000000000000000, 7.52730998749297342]
    [-0.00000000000000000, 0.00000000000000000, 0.96830201148986816, 8.39791400000000010]
  #21 objects/buildingsets/human/lowtech/bravo/int/prop/light/light_fluorescent_f.cgf
    [0.00000036731503435, -0.00000114764299302, 0.57382149795731874, -10.88217481650212903]
    [0.00000000000073463, 0.57382149795743631, 0.00000114764299302, 3.90824023565824064]
    [-0.57382149795846638, 0.00000000000000000, 0.00000036731503437, 7.33983099999999666]
  #22 objects/buildingsets/human/lowtech/bravo/int/prop/light/light_fluorescent_a.cgf
    [0.13462110119750931, -0.68430081678088228, -0.06008108143160494, 10.45008738667115722]
    [-0.13112950699749926, 0.03449860803551040, -0.68674237055740839, 6.80667490018833377]
    [0.67430141375171870, 0.14332628257662092, -0.12155396009922430, 8.75853200000000243]
  #23 objects/buildingsets/human/lowtech/bravo/int/prop/light/light_fluorescent_f.cgf
    [0.00000000000000006, 0.99999999999799993, 0.00000199999999501, 6.24138643120772940]
    [0.00000000000000000, 0.00000199999999501, -0.99999999999799993, 7.28440248278740299]
    [-1.00000000000000000, 0.00000000000000000, 0.00000000000000000, 7.17870599999999826]
  #24 objects/buildingsets/human/lowtech/bravo/int/prop/light/light_fluorescent_f.cgf
    [0.50000042674633338, 0.00000000000064012, 0.00000100000085097, 9.43421751784518392]
    [0.00000100000085097, -0.00000032006063645, -0.50000042674623091, 7.24108686844947158]
    [0.00000000000000000, 0.50000042674723089, -0.00000032006063645, 11.50916099999999886]
  #25 objects/buildingsets/human/lowtech/bravo/int/prop/light/light_fluorescent_f.cgf
    [0.50000042674633338, 0.00000000000064012, 0.00000100000085097, 9.43421651857914867]
    [0.00000100000085097, -0.00000032006063645, -0.50000042674623091, 7.24071986844747073]
    [0.00000000000000000, 0.50000042674723089, -0.00000032006063645, 9.50699699999999837]
  #26 objects/buildingsets/human/brand/freight/assets/freight_decal_keepclear_b.cgf
    [-1.38490796088895340, 0.00000276981591479, 0.00000000000000000, 0.31249224999953640]
    [-0.00000276981591479, -1.38490796088895340, -0.00000000000000000, 3.87500062499225351]
    [-0.00000000000000000, 0.00000000000000000, 1.38490796089172341, 6.50518300000000238]
  #27 objects/buildingsets/human/lowtech/alpha/int/hangar/roomsm/wall/roomsm_wall_straight_04x01x08_a.cgf
    [-0.99999999999799982, 0.00000199999999495, 0.00000000000000000, 10.49998449997917760]
    [-0.00000199999999495, -0.99999999999799982, -0.00000000000000000, 7.75002099998444294]
    [-0.00000000000000000, 0.00000000000000000, 1.00000000000000000, 5.50000000000000000]
  #28 objects/buildingsets/human/lowtech/bravo/int/prop/light/light_fluorescent_f.cgf
    [-0.00000127724692263, 0.00000114764250327, -0.57382125307961807, -8.33960282215917914]
    [-0.00000000000255449, -0.57382125308103948, -0.00000114764250326, 3.91107132080221476]
    [-0.57382125308076559, -0.00000000000000000, 0.00000127724692268, 7.33983099999999666]
  #29 objects/buildingsets/human/lowtech/bravo/int/prop/light/light_fluorescent_f.cgf
    [0.00000264012184848, 1.00000042674403011, 0.00000000000000000, 6.50622957755507514]
    [-1.00000042674403011, 0.00000264012184848, -0.00000000000000000, 6.71122901247253623]
    [-0.00000000000000000, 0.00000000000000000, 1.00000042674751533, 6.49620500000000334]
  #30 objects/buildingsets/human/lowtech/bravo/int/prop/light/light_fluorescent_f.cgf
    [0.50000042674633338, 0.00000000000064012, 0.00000100000085097, 7.53781551784902604]
    [0.00000100000085097, -0.00000032006063645, -0.50000042674623091, 7.24108307564547715]
    [0.00000000000000000, 0.50000042674723089, -0.00000032006063645, 11.50916099999999886]
  #31 objects/buildingsets/human/lowtech/bravo/int/prop/light/light_fluorescent_f.cgf
    [0.20000017367876810, 0.00000000000025605, 0.00000040000034635, -10.56698691769685183]
    [0.00000040000034635, -0.00000012802425649, -0.20000017367872711, 6.95883786604013110]
    [0.00000000000000000, 0.20000017367912709, -0.00000012802425649, 8.28421300000000116]
  #32 objects/buildingsets/human/lowtech/prop/light/light_hazard_2_b.cgf
    [-0.99999999999799982, -0.00000199999999495, 0.00000000000000000, -10.41272835754699599]
    [-0.00000199999999495, 0.99999999999800004, -0.00000000000000000, 6.17876317455569080]
    [0.00000000000000000, 0.00000000000000000, -0.99999999999999978, 10.16169099999999759]
  #33 objects/buildingsets/human/lowtech/prop/light/light_hazard_cage_2_b.cgf
    [0.00000300001191344, 0.00000000000000000, -1.50000596046147749, 10.77339624707269650]
    [-1.50000596046147749, 0.00000000000000008, -0.00000300001191344, 3.87647454680018555]
    [0.00000000000000000, 1.50000596046447754, 0.00000000000000008, 13.41889299999999707]
  #34 objects/buildingsets/human/lowtech/prop/light/light_hazard_2_b.cgf
    [-0.00000399999998990, 0.00000000000000000, 1.99999999999599987, -8.17932340648360423]
    [1.99999999999599987, 0.00000000000000000, 0.00000399999999001, 4.20323364136163136]
    [0.00000000000000000, 2.00000000000000000, 0.00000000000000000, 13.41861099999999851]
  #35 objects/buildingsets/human/lowtech/prop/utilitarian/light/light_fluorescent_1_c.cgf
    [-0.00000090567865874, -0.66600029279607997, -0.00000094186822652, -8.29554865532935537]
    [0.66600029279607997, -0.00000090567999071, 0.00000094186566487, 4.82765640891238590]
    [-0.00000094186694569, -0.00000094186694569, 0.66600029279602990, 9.27450799999999731]
  #36 objects/buildingsets/human/lowtech/prop/light/light_hazard_2_b.cgf
    [0.00000300001191344, 0.00000000000000000, -1.50000596046147749, 10.80659124909243474]
    [-1.50000596046147749, 0.00000000000000008, -0.00000300001191344, 3.87546461319019286]
    [0.00000000000000000, 1.50000596046447754, 0.00000000000000008, 13.41861099999999851]
  #37 objects/buildingsets/human/lowtech/alpha/int/hangar/roomsm/addon/roomsm_addon_cable_junctionbox_a.cgf
    [1.00000085349540457, 0.00000000000701222, 0.00000200000170193, -10.16179920846752793]
    [0.00000200000170194, -0.00000350611055397, -1.00000085348925793, 7.10422367641584174]
    [0.00000000000000000, 1.00000085349125789, -0.00000350611055398, 9.31842999999999932]
  #38 objects/buildingsets/human/hightech/prop/medical/medical_kit_2_a.cgf
    [-0.99999999999799982, 0.00000199999999495, 0.00000000000000000, -10.57336389157285339]
    [-0.00000199999999495, -0.99999999999799982, -0.00000000000000000, 6.94577585328615044]
    [-0.00000000000000000, 0.00000000000000000, 1.00000000000000000, 8.08786500000000075]
  #39 objects/buildingsets/human/lowtech/bravo/int/prop/light/light_fluorescent_f.cgf
    [0.00000036731503435, -0.00000114764299302, 0.57382149795731874, -8.27532782054737481]
    [0.00000000000073463, 0.57382149795743631, 0.00000114764299302, 3.91026544935222731]
    [-0.57382149795846638, 0.00000000000000000, 0.00000036731503437, 7.33439899999999767]
  #40 objects/buildingsets/human/lowtech/alpha/int/hangar/wall/hangar_wall_shop_24m_alcove_a_door_frame_b.cgf
    [0.99999999999800004, -0.00000199999999495, 0.00000000000000000, 11.99997899998015782]
    [0.00000199999999495, 0.99999999999800004, 0.00000000000000000, 8.00002199997394214]
    [0.00000000000000000, 0.00000000000000000, 1.00000000000000000, 5.00000000000000000]
  #41 objects/buildingsets/human/lowtech/alpha/int/hangar/roomsm/addon/roomsm_addon_cable_corner_00125x0025_a.cgf
    [-1.00000042674551537, -0.00000000000128024, 0.00000200000084844, -10.08456406888370793]
    [-0.00000200000084844, 0.00000064012100004, -1.00000042674531042, 7.03443183088598545]
    [0.00000000000000000, -1.00000042674731038, -0.00000064012100015, 8.22322900000000345]
  #42 objects/buildingsets/human/brand/freight/assets/freight_decal_keepclear_b.cgf
    [-1.38490796088895340, 0.00000276981591479, 0.00000000000000000, 0.31249224999953640]
    [-0.00000276981591479, -1.38490796088895340, -0.00000000000000000, 3.87500062499225351]
    [-0.00000000000000000, 0.00000000000000000, 1.38490796089172341, 6.50518300000000238]
  #43 objects/buildingsets/human/brand/freight/assets/freight_decal_notice_a.cgf
    [-0.00000176753794487, -1.12792365516457505, -0.00000001850329730, -8.33049813854512422]
    [1.12788571179735664, -0.00000176763025574, 0.00925164867388333, 4.56926433901290707]
    [-0.00925164867390097, -0.00000000400467225, 1.12788571179874175, 9.46462700000000012]
  #44 objects/buildingsets/human/lowtech/alpha/int/hangar/roomsm/addon/roomsm_addon_cable_straight_00125x0050_b.cgf
    [1.00000085349540457, 0.00000000000701222, 0.00000200000170193, -10.16179908372350837]
    [0.00000200000170194, -0.00000350611055397, -1.00000085348925793, 7.04185167641596976]
    [0.00000000000000000, 1.00000085349125789, -0.00000350611055398, 8.69215499999999963]
  #45 objects/buildingsets/human/lowtech/alpha/int/hangar/roomsm/wall/roomsm_wall_straight_01x01x08_a.cgf
    [-0.99999999999799982, 0.00000199999999495, 0.00000000000000000, -7.50001549998489736]
    [-0.00000199999999495, -0.99999999999799982, -0.00000000000000000, 7.74998499998453383]
    [-0.00000000000000000, 0.00000000000000000, 1.00000000000000000, 5.50000000000000000]
  #46 objects/buildingsets/human/lowtech/alpha/int/hangar/floor/hangar_walkway_str_02m_e.cgf
    [-0.00000135987984841, -1.00000042674659073, -0.00000000000000000, -5.50000900000486581]
    [1.00000042674659073, -0.00000135987984841, 0.00000000000000000, -0.00000300001796916]
    [0.00000000000000000, -0.00000000000000000, 1.00000042674751533, 6.25000000000000000]
  #47 objects/buildingsets/human/lowtech/alpha/int/hangar/roomsm/addon/roomsm_addon_cable_junctionbox_c.cgf
    [1.00000085349540457, 0.00000000000701222, 0.00000200000170193, -10.15724220846749404]
    [0.00000200000170194, -0.00000350611055397, -1.00000085348925793, 7.10422368552983841]
    [0.00000000000000000, 1.00000085349125789, -0.00000350611055398, 8.45432399999999973]
  #48 objects/buildingsets/human/brand/freight/assets/freight_decal_certificate.cgf
    [-0.00000065620592091, -0.48254719107466437, -0.00000000000000000, -8.33050088338512751]
    [0.48254719107466437, -0.00000065620592091, 0.00000000000000000, 5.94168433901016257]
    [0.00000000000000000, -0.00000000000000000, 0.48254719107511057, 8.32057300000000311]
  #49 objects/buildingsets/human/brand/freight/assets/freight_decal_freightmanager_b.cgf
    [-1.10112404823082977, 0.00000220224809090, 0.00000000000000000, -9.50000387498084820]
    [-0.00000220224809090, -1.10112404823082977, -0.00000000000000000, 1.93748099999616841]
    [-0.00000000000000000, 0.00000000000000000, 1.10112404823303223, 6.50022700000000242]
  #50 objects/buildingsets/human/lowtech/prop/utilitarian/light/light_fluorescent_1_b.cgf
    [-1.49999999999699973, 0.00000299999999242, 0.00000000000000000, 9.16696732175580564]
    [-0.00000299999999242, -1.49999999999699973, -0.00000000000000000, 3.83913133394228012]
    [-0.00000000000000000, 0.00000000000000000, 1.50000000000000000, 14.44508400000000137]
  #51 objects/buildingsets/human/universal/prop/utility/waste/trash_bag_scattered_1_lrg_b.cgf
    [-0.00000135987984841, -1.00000042674659073, -0.00000000000000000, 7.41369340718523517]
    [1.00000042674659073, -0.00000135987984841, 0.00000000000000000, 3.29641482739337022]
    [0.00000000000000000, -0.00000000000000000, 1.00000042674751533, 6.50000000000000000]
  #52 objects/buildingsets/human/brand/freight/assets/freight_decal_kiosk_bc.cgf
    [0.00000528024873305, 2.00000276083750705, 0.00000000000000000, -10.74438332723036638]
    [-2.00000276083750705, 0.00000528024873305, -0.00000000000000000, 3.66360451124072029]
    [-0.00000000000000000, 0.00000000000000000, 2.00000276084447748, 12.89820900000000137]
  #53 objects/buildingsets/human/lowtech/bravo/int/prop/light/light_fluorescent_f.cgf
    [0.20000017367876810, 0.00000000000025605, 0.00000040000034635, -9.02628508675780949]
    [0.00000040000034635, -0.00000012802425649, -0.20000017367872711, 7.04336994744396350]
    [0.00000000000000000, 0.20000017367912709, -0.00000012802425649, 7.78559800000000024]
  #54 objects/buildingsets/human/lowtech/alpha/int/hangar/floor/hangar_walkway_str_02m_e.cgf
    [0.00000264012297515, -1.00000085349118129, 0.00000000000000000, -5.00003699998990214]
    [-1.00000085349118129, -0.00000264012297515, -0.00000000000000000, 19.99998999996601867]
    [0.00000000000000000, 0.00000000000000000, -1.00000085349466650, 16.19999899999999826]
  #55 objects/buildingsets/human/lowtech/alpha/int/hangar/roomsm/door/roomsm_doorway_trim_02x02x02_a.cgf
    [0.99999999999800004, -0.00000199999999495, 0.00000000000000000, -10.50001399997881890]
    [0.00000199999999495, 0.99999999999800004, 0.00000000000000000, 6.99997899998605533]
    [0.00000000000000000, 0.00000000000000000, 1.00000000000000000, 6.25000000000000000]
  #56 objects/buildingsets/human/lowtech/bravo/int/prop/light/light_fluorescent_f.cgf
    [0.00000036731503435, -0.00000114764299302, 0.57382149795731874, -8.27533285512134853]
    [0.00000000000073463, 0.57382149795743631, 0.00000114764299302, 5.92755244934618730]
    [-0.57382149795846638, 0.00000000000000000, 0.00000036731503437, 7.33247800000000183]
  #57 objects/buildingsets/human/lowtech/alpha/int/hangar/roomsm/door/roomsm_doorway_trim_02x02x02_a.cgf
    [0.99999999999800004, -0.00000199999999495, 0.00000000000000000, 5.49998599998912141]
    [0.00000199999999495, 0.99999999999800004, 0.00000000000000000, 7.00001099998597454]
    [0.00000000000000000, 0.00000000000000000, 1.00000000000000000, 6.25000000000000000]
  #58 objects/buildingsets/human/lowtech/alpha/int/hangar/roomsm/addon/roomsm_addon_cable_straight_00125x01_a.cgf
    [1.00000085349540457, 0.00000000000701222, 0.00000200000170193, -10.16179908372350837]
    [0.00000200000170194, -0.00000350611055397, -1.00000085348925793, 7.04185167641596976]
    [0.00000000000000000, 1.00000085349125789, -0.00000350611055398, 9.16039099999999706]
  #59 objects/buildingsets/human/lowtech/alpha/int/hangar/wall/hangar_wall_shop_24m_alcove_elvator_shaft_a.cgf
    [0.99999999999800004, -0.00000199999999495, 0.00000000000000000, 11.99997899998015782]
    [0.00000199999999495, 0.99999999999800004, 0.00000000000000000, 8.00002199997394214]
    [0.00000000000000000, 0.00000000000000000, 1.00000000000000000, 5.25000000000000000]
  #60 objects/buildingsets/human/universal/prop/utility/waste/trash_bag_scattered_1_lrg_b.cgf
    [-0.99999999999799982, 0.00000199999999495, 0.00000000000000000, -4.56620783999062496]
    [-0.00000199999999495, -0.99999999999799982, -0.00000000000000000, 3.91999086759218329]
    [-0.00000000000000000, 0.00000000000000000, 1.00000000000000000, 6.50000000000000000]
  #61 objects/buildingsets/human/lowtech/prop/utilitarian/heater/heater_hanging_1_a.cgf
    [-0.98480766070602366, 0.00000200000000877, 0.17364874095136301, -8.31356018299715060]
    [-0.00000196961531644, -1.00000000690963198, 0.00000034729748103, 6.09149037289186168]
    [0.17364874095171029, -0.00000000000000000, 0.98480766070799386, 8.95823399999999737]
  #62 objects/buildingsets/human/lowtech/alpha/int/hangar/floor/hangar_walkway_str_12m_e.cgf
    [0.00000264012297515, -1.00000085349118129, 0.00000000000000000, 6.49996299998713312]
    [-1.00000085349118129, -0.00000264012297515, -0.00000000000000000, 20.00001299996596060]
    [0.00000000000000000, 0.00000000000000000, -1.00000085349466650, 15.99999899999999897]
  #63 objects/buildingsets/human/brand/freight/assets/freight_decal_6m.cgf
    [-0.89999997615634186, 0.00000179999994777, 0.00000000000000000, -6.50464105666679870]
    [-0.00000179999994777, -0.89999997615634186, -0.00000000000000000, 7.52832699073297107]
    [-0.00000000000000000, 0.00000000000000000, 0.89999997615814198, 8.75876499999999680]
  #64 objects/buildingsets/human/lowtech/alpha/int/hangar/floor/hangar_walkway_str_01m_e.cgf
    [-0.00000135987984841, -1.00000042674659073, -0.00000000000000000, 11.49999099998308338]
    [1.00000042674659073, -0.00000135987984841, 0.00000000000000000, 0.00001999998194435]
    [0.00000000000000000, -0.00000000000000000, 1.00000042674751533, 6.25000000000000000]
  #65 objects/buildingsets/human/lowtech/alpha/int/hangar/roomsm/wall/roomsm_wall_straight_01x01x08_a.cgf
    [0.00000264012184848, 1.00000042674403011, 0.00000000000000000, -11.00001674997793089]
    [-1.00000042674403011, 0.00000264012184848, -0.00000000000000000, 8.37497799998331516]
    [-0.00000000000000000, 0.00000000000000000, 1.00000042674751533, 5.50000000000000000]
  #66 objects/buildingsets/human/lowtech/alpha/int/hangar/roomsm/wall/roomsm_wall_straight_04x01x08_a.cgf
    [-0.64999997615684202, 0.00000129999994903, 0.00000000000000000, -8.31251474998316553]
    [-0.00000129999994903, -0.64999997615684202, -0.00000000000000000, 7.37498337498529111]
    [-0.00000000000000000, 0.00000000000000000, 0.64999997615814209, 5.18750000000000000]
  #67 objects/buildingsets/human/lowtech/prop/sign/navigation/nav_sign_3_0225_0025_0075_a.cgf
    [-1.11109995841757736, 0.00000222219991123, 0.00000000000000000, -9.59709038586868246]
    [-0.00000222219991123, -1.11109995841757736, -0.00000000000000000, 3.69292480582666016]
    [-0.00000000000000000, 0.00000000000000000, 1.11109995841979980, 11.13786499999999791]
  #68 objects/buildingsets/human/universal/prop/medical/med-kit/med-kit_box_1.cgf
    [0.00000264012184848, 1.00000042674403011, 0.00000000000000000, -10.86879887688212420]
    [-1.00000042674403011, 0.00000264012184848, -0.00000000000000000, 5.93843026241417604]
    [-0.00000000000000000, 0.00000000000000000, 1.00000042674751533, 8.21173499999999734]
  #69 objects/buildingsets/human/lowtech/alpha/int/hangar/floor/hangar_walkway_str_0050m_a.cgf
    [-0.00000135987984841, -1.00000042674659073, -0.00000000000000000, 11.99999100000218277]
    [1.00000042674659073, -0.00000135987984841, 0.00000000000000000, 0.00001099998194221]
    [0.00000000000000000, -0.00000000000000000, 1.00000042674751533, 6.25000000000000000]
  #70 objects/buildingsets/human/lowtech/alpha/int/hangar/floor/hangar_walkway_cargo_decal_04m_a.cgf
    [-0.00000135987984841, -1.00000042674659073, -0.00000000000000000, -7.50000899998292425]
    [1.00000042674659073, -0.00000135987984841, 0.00000000000000000, -0.00001600001796120]
    [0.00000000000000000, -0.00000000000000000, 1.00000042674751533, 6.25000000000000000]
  #71 objects/buildingsets/human/brand/freight/assets/freight_decal_lt_kiosk.cgf
    [-1.39999997615534189, 0.00000279999994524, 0.00000000000000000, -10.56834425636685637]
    [-0.00000279999994524, -1.39999997615534189, -0.00000000000000000, 3.62817286331879529]
    [-0.00000000000000000, 0.00000000000000000, 1.39999997615814209, 10.72003600000000034]
  #72 objects/buildingsets/human/brand/freight/assets/freight_decal_notice_b.cgf
    [-0.00000094569173320, -0.69542330378081096, -0.00000000000000000, -8.33049760681518592]
    [0.69542330378081096, -0.00000094569173320, 0.00000000000000000, 4.30339933901343130]
    [0.00000000000000000, -0.00000000000000000, 0.69542330378145401, 9.43137500000000273]
  #73 objects/buildingsets/human/lowtech/prop/utilitarian/cable/cable_terminal_2_wall_a.cgf
    [0.99999999999800004, -0.00000199999999495, 0.00000000000000000, -9.17686221790557966]
    [0.00000199999999495, 0.99999999999800004, 0.00000000000000000, 7.10894364628981634]
    [0.00000000000000000, 0.00000000000000000, 1.00000000000000000, 8.73006900000000030]
  #74 objects/buildingsets/human/lowtech/alpha/int/hangar/floor/hangar_walkway_str_02m_e.cgf
    [-0.00000135988042873, 1.00000085349374190, 0.00000000000000000, -7.00001700001189420]
    [1.00000085349374190, 0.00000135988042873, 0.00000000000000000, 4.99999899997603237]
    [0.00000000000000000, 0.00000000000000000, -1.00000085349466650, 16.19999800000000079]
  #75 objects/buildingsets/human/lowtech/prop/tech/camera/camera_security_1_a.cgf
    [-0.99999999999799982, 0.00000199999999495, 0.00000000000000000, -9.23571114360328238]
    [-0.00000199999999495, -0.99999999999799982, -0.00000000000000000, 6.07179252858989926]
    [-0.00000000000000000, 0.00000000000000000, 1.00000000000000000, 10.33916399999999669]
  #76 objects/buildingsets/human/lowtech/alpha/int/hangar/floor/hangar_walkway_str_04m_e.cgf
    [-0.00000135987984841, -1.00000042674659073, -0.00000000000000000, -7.50000899998292425]
    [1.00000042674659073, -0.00000135987984841, 0.00000000000000000, -0.00001600001796120]
    [0.00000000000000000, -0.00000000000000000, 1.00000042674751533, 6.25000000000000000]
  #77 objects/buildingsets/human/lowtech/alpha/int/hangar/roomsm/wall/roomsm_wall_straight_02x01x08_b.cgf
    [-0.99999999999799982, 0.00000199999999495, 0.00000000000000000, -5.50001549998876271]
    [-0.00000199999999495, -0.99999999999799982, -0.00000000000000000, 7.74998899998452373]
    [-0.00000000000000000, 0.00000000000000000, 1.00000000000000000, 5.50000000000000000]
  #78 objects/buildingsets/human/brand/freight/assets/freight_decal_passenger .cgf
    [-0.00000079275966458, -0.50631513939281547, 0.00000001767400675, -8.31733823648920634]
    [0.50623801491922049, -0.00000079294738186, -0.00883700339556256, 4.11823636533179993]
    [0.00883700339557941, 0.00000000383483347, 0.50623801491984144, 9.53123999999999683]
  #79 objects/buildingsets/human/brand/freight/assets/freight_decal_maxweight.cgf
    [-0.00000062754887773, -1.04853997413234290, -0.00000000234861561, -8.30311326281542961]
    [1.04853837746194278, -0.00000062755202072, 0.00182984778902077, 5.63139939378477550]
    [-0.00182984778902184, -0.00000000125345214, 1.04853837746213063, 9.44128099999999648]
  #80 objects/buildingsets/human/lowtech/alpha/int/hangar/floor/hangar_walkway_str_12m_e.cgf
    [-0.00000135988042873, 1.00000085349374190, 0.00000000000000000, -5.50001700001087102]
    [1.00000085349374190, 0.00000135988042873, 0.00000000000000000, 4.99999999997602629]
    [0.00000000000000000, 0.00000000000000000, -1.00000085349466650, 16.00000199999999850]
  #81 objects/buildingsets/human/lowtech/alpha/int/hangar/roomsm/wall/roomsm_wall_straight_01x01x08_a.cgf
    [-0.00000135987984841, -1.00000042674659073, -0.00000000000000000, 10.74998574997869127]
    [1.00000042674659073, -0.00000135987984841, 0.00000000000000000, 7.12502149998569223]
    [0.00000000000000000, -0.00000000000000000, 1.00000042674751533, 5.50000000000000000]
  #82 objects/buildingsets/human/lowtech/alpha/int/hangar/roomsm/door/roomsm_doorway_trim_02x02x02_a.cgf
    [0.99999999999800004, -0.00000199999999495, 0.00000000000000000, -8.50001399998291163]
    [0.00000199999999495, 0.99999999999800004, 0.00000000000000000, 6.99998299998604523]
    [0.00000000000000000, 0.00000000000000000, 1.00000000000000000, 6.25000000000000000]
  #83 objects/buildingsets/human/lowtech/alpha/int/hangar/floor/hangar_walkway_str_02m_e.cgf
    [-0.00000135988042873, 1.00000085349374190, 0.00000000000000000, 5.99998299998617313]
    [1.00000085349374190, 0.00000135988042873, 0.00000000000000000, 5.00001299997596860]
    [0.00000000000000000, 0.00000000000000000, -1.00000085349466650, 16.20000200000000135]
  #84 objects/buildingsets/human/brand/freight/assets/freight_decal_scu_s.cgf
    [-0.00000068852893362, -0.50631622225225370, -0.00000000000000000, -8.33073923808717609]
    [0.50631622225225370, -0.00000068852893362, 0.00000000000000000, 4.11903533852980175]
    [0.00000000000000000, -0.00000000000000000, 0.50631622225272188, 9.40069199999999938]
  #85 objects/buildingsets/human/lowtech/alpha/int/hangar/roomsm/door/roomsm_doorway_12x02x09_a.cgf
    [0.99999999999800004, -0.00000199999999495, 0.00000000000000000, -6.50001449998671887]
    [0.00000199999999495, 0.99999999999800004, 0.00000000000000000, 7.24998699998553775]
    [0.00000000000000000, 0.00000000000000000, 1.00000000000000000, 6.25000000000000000]
  #86 objects/buildingsets/human/lowtech/alpha/int/hangar/floor/hangar_walkway_str_04m_e.cgf
    [-0.00000135987984841, -1.00000042674659073, -0.00000000000000000, 10.49999099998308338]
    [1.00000042674659073, -0.00000135987984841, 0.00000000000000000, 0.00001899998195043]
    [0.00000000000000000, -0.00000000000000000, 1.00000042674751533, 6.25000000000000000]
  #87 objects/buildingsets/human/lowtech/alpha/int/hangar/roomsm/addon/roomsm_addon_cable_corner_00125x0050_a.cgf
    [0.00000000000000006, 0.99999999999799993, 0.00000199999999501, -9.84104106888418073]
    [0.00000000000000000, 0.00000199999999501, -0.99999999999799993, 7.03443231793198009]
    [-1.00000000000000000, 0.00000000000000000, 0.00000000000000000, 9.44808499999999896]
  #88 objects/buildingsets/human/lowtech/prop/signage/lowtech_signage_1_4x1_mount_a.cgf
    [0.00000000000000006, 1.00384998321332430, 0.00000200769996142, -10.50913960326886354]
    [0.00000000000000000, 0.00000200769996142, -1.00384998321332430, 3.30162398172744531]
    [-1.00384998321533203, 0.00000000000000000, 0.00000000000000000, 12.28992499999999666]
  #89 objects/buildingsets/human/lowtech/alpha/int/hangar/roomsm/wall/roomsm_wall_straight_01x01x08_a.cgf
    [-0.64999997615684202, 0.00000129999994903, 0.00000000000000000, -9.83827049998012626]
    [-0.00000129999994903, -0.64999997615684202, -0.00000000000000000, 7.24998032347355092]
    [-0.00000000000000000, 0.00000000000000000, 0.64999997615814209, 5.25000000000000000]
  #90 objects/buildingsets/human/lowtech/alpha/int/hangar/floor/hangar_walkway_str_02m_e.cgf
    [0.00000264012297515, -1.00000085349118129, 0.00000000000000000, 7.99996299998417726]
    [-1.00000085349118129, -0.00000264012297515, -0.00000000000000000, 20.00001599996595303]
    [0.00000000000000000, 0.00000000000000000, -1.00000085349466650, 16.19999899999999826]
  #91 objects/buildingsets/human/lowtech/alpha/int/hangar/floor/hangar_walkway_cargo_decal_12m_a.cgf
    [-0.00000135987984841, -1.00000042674659073, -0.00000000000000000, 6.49999099998501606]
    [1.00000042674659073, -0.00000135987984841, 0.00000000000000000, 0.00001399998197016]
    [0.00000000000000000, -0.00000000000000000, 1.00000042674751533, 6.25000000000000000]
  #92 objects/buildingsets/human/universal/prop/utility/waste/trash_bag_scattered_1_med_a.cgf
    [-0.99999999999799982, 0.00000199999999495, 0.00000000000000000, -9.74030783998040306]
    [-0.00000199999999495, -0.99999999999799982, -0.00000000000000000, 3.91998051939220460]
    [-0.00000000000000000, 0.00000000000000000, 1.00000000000000000, 6.50000000000000000]
  #93 objects/buildingsets/human/brand/freight/assets/freight_decal_cargogrid.cgf
    [-1.12792332966887843, 0.00000225584665364, 0.00000000000000000, -6.30018907145125695]
    [-0.00000225584665364, -1.12792332966887843, -0.00000000000000000, 7.53571939963695669]
    [-0.00000000000000000, 0.00000000000000000, 1.12792332967113440, 8.16414699999999982]
  #94 objects/buildingsets/human/lowtech/prop/signage/lowtech_signage_1_1x1_c.cgf
    [0.00000000000000009, 1.61814999580059671, 0.00000323629998353, -10.59238689754459983]
    [0.00000000000000000, 0.00000323629998353, -1.61814999580059671, 2.94876181523215308]
    [-1.61814999580383301, 0.00000000000000000, 0.00000000000000000, 12.66174300000000130]
  #95 objects/buildingsets/human/lowtech/prop/signage/lowtech_signage_1_4x1_mount_a.cgf
    [0.00000000000000000, -1.00384998321332430, 0.00000200769996142, -10.84894560326813462]
    [0.00000000000000000, -0.00000200769996136, -1.00384998321332430, 3.30162330211544486]
    [1.00384998321533203, 0.00000000000000000, 0.00000000000000006, 13.49147299999999916]
  #96 objects/buildingsets/human/brand/freight/assets/freight_decal_hazard.cgf
    [-0.00000225084332339, -0.82362040576264017, 0.00000000546757520, -8.33049967057110052]
    [0.82361794644355635, -0.00000225084996378, -0.00201273066134773, 5.33527733901137324]
    [0.00201273066135515, -0.00000000003296217, 0.82361794644663211, 9.45831499999999892]
  #97 objects/buildingsets/human/lowtech/alpha/int/hangar/floor/hangar_walkway_str_12m_e.cgf
    [-0.00000135987984841, -1.00000042674659073, -0.00000000000000000, 6.49999099998706242]
    [1.00000042674659073, -0.00000135987984841, 0.00000000000000000, 0.00001299998196913]
    [0.00000000000000000, -0.00000000000000000, 1.00000042674751533, 6.25000000000000000]
  #98 objects/buildingsets/human/lowtech/alpha/int/hangar/floor/hangar_walkway_str_0050m_a.cgf
    [-0.00000135987984841, -1.00000042674659073, -0.00000000000000000, -11.50000899998076420]
    [1.00000042674659073, -0.00000135987984841, 0.00000000000000000, -0.00002100001794147]
    [0.00000000000000000, -0.00000000000000000, 1.00000042674751533, 6.25000000000000000]
  #99 objects/buildingsets/human/lowtech/alpha/int/hangar/roomsm/door/roomsm_doorway_trim_02x02x02_a.cgf
    [0.99999999999800004, -0.00000199999999495, 0.00000000000000000, 7.49998599998502868]
    [0.00000199999999495, 0.99999999999800004, 0.00000000000000000, 7.00001499998596444]
    [0.00000000000000000, 0.00000000000000000, 1.00000000000000000, 6.25000000000000000]
  #100 objects/buildingsets/human/brand/freight/assets/freight_decal_maxweight.cgf
    [-1.12792332966887843, 0.00000225584665364, 0.00000000000000000, -6.71495911877451590]
    [-0.00000225584665364, -1.12792332966887843, -0.00000000000000000, 7.55938057009691633]
    [-0.00000000000000000, 0.00000000000000000, 1.12792332967113440, 8.16414699999999982]
