# IncludedObjects
# Cgfs: 5, Materials: 0, Palettes: 1, Placements: 8

[CGFs]
      0: objects/buildingsets/human/lowtech/alpha/ext/prop/shipping_container_yellow.cgf
      1: objects/buildingsets/human/hightech/delta/ext/outpost/base/base_floor_14x14x02_a.cgf
      2: objects/buildingsets/human/hightech/prop/storage/crate/crate_dry_1_0125x0125x0125_a.cgf
      3: objects/buildingsets/human/lowtech/alpha/ext/prop/shipping_container_1_025x05x025_a.cgf
      4: objects/buildingsets/human/lowtech/prop/storage/container/container_dry_2_025x025x025_a.cgf

[Palettes]
      0: Libs/Foundry/Records/TintPalettes/default

[Placements]
  #0 objects/buildingsets/human/lowtech/alpha/ext/prop/shipping_container_yellow.cgf
    [-1.00000042674731104, 0.00000064012100026, 0.00000000000000000, 4.49999699999995073]
    [-0.00000064012100026, -1.00000042674731104, 0.00000000000000000, 0.49999999999999289]
    [0.00000000000000000, 0.00000000000000000, 1.00000042674751533, 0.00000000000000000]
  #1 objects/buildingsets/human/hightech/delta/ext/outpost/base/base_floor_14x14x02_a.cgf
    [1.00000042674731038, 0.00000064012099993, 0.00000000000000000, -6.99999600000006694]
    [-0.00000064012099993, 1.00000042674731038, -0.00000000000000000, -6.99999500000002683]
    [-0.00000000000000000, 0.00000000000000000, 1.00000042674751533, -1.99999800000000016]
  #2 objects/buildingsets/human/lowtech/alpha/ext/prop/shipping_container_yellow.cgf
    [0.96592629543430397, 0.25881800839921310, 0.00000000000000000, -0.50000000000000000]
    [-0.25881800839921310, 0.96592629543430397, -0.00000000000000000, 0.49999999999999289]
    [-0.00000000000000000, 0.00000000000000000, 1.00000018484156961, 0.00000000000000000]
  #3 objects/buildingsets/human/hightech/prop/storage/crate/crate_dry_1_0125x0125x0125_a.cgf
    [0.17364669398799212, 0.98480869769839818, 0.00000000000000000, -4.74999700000017810]
    [-0.98480869769839818, 0.17364669398799212, 0.00000000000000000, -0.49999900000001674]
    [0.00000000000000000, 0.00000000000000000, 1.00000067269746107, 0.00000000000000000]
  #4 objects/buildingsets/human/lowtech/alpha/ext/prop/shipping_container_1_025x05x025_a.cgf
    [-1.00000042674731104, 0.00000064012100026, 0.00000000000000000, -4.49999700000006442]
    [-0.00000064012100026, -1.00000042674731104, 0.00000000000000000, 2.99999799999999084]
    [0.00000000000000000, 0.00000000000000000, 1.00000042674751533, 0.00000000000000000]
  #5 objects/buildingsets/human/lowtech/alpha/ext/prop/shipping_container_1_025x05x025_a.cgf
    [0.99619500266170347, 0.08715763280704146, 0.00000000000000000, 4.49999699999995073]
    [-0.08715763280704146, 0.99619500266170347, -0.00000000000000000, 2.99999799999999084]
    [-0.00000000000000000, 0.00000000000000000, 1.00000046814222965, 2.49999900000000030]
  #6 objects/buildingsets/human/lowtech/prop/storage/container/container_dry_2_025x025x025_a.cgf
    [0.98480783902040214, -0.17364719961933855, 0.00000000000000000, -4.49999700000000757]
    [0.17364719961933855, 0.98480783902040214, 0.00000000000000000, 2.49999899999998121]
    [0.00000000000000000, 0.00000000000000000, 0.99999991486583273, 2.49999900000000030]
  #7 objects/buildingsets/human/lowtech/alpha/ext/prop/shipping_container_1_025x05x025_a.cgf
    [-0.96592633214348922, -0.25881757772310127, 0.00000000000000000, -0.00000000000005684]
    [0.25881757772310127, -0.96592633214348922, 0.00000000000000000, 2.49999899999998121]
    [0.00000000000000000, 0.00000000000000000, 1.00000010883330770, 2.49999900000000030]
