# IncludedObjects
# Cgfs: 16, Materials: 2, Palettes: 1, Placements: 180

[CGFs]
      0: objects/planets/geology/sand_spikes_01/sand_spikes_01_b.cgf
      1: objects/planets/geology/spiky_rough_01/spiky_rough_01_ldg_a.cgf
      2: objects/planets/geology/spiky_rough_01/spiky_rough_01_ldg_b.cgf
      3: objects/planets/geology/spiky_rough_01/spiky_rough_01_ldg_c.cgf
      4: objects/planets/geology/spiky_rough_01/spiky_rough_01_bld_a.cgf
      5: objects/planets/geology/spiky_rough_01/spiky_rough_01_plr_a.cgf
      6: objects/planets/cave/sand01/dressing/scree_a/scree_a_02_flat.cgf
      7: objects/planets/geology/spiky_rough_01/spiky_rough_01_bld_b.cgf
      8: objects/planets/geology/sand_spikes_01/sand_spikes_broken_01_a.cgf
      9: objects/planets/cave/sand01/dressing/scree_a/scree_a_01_flat.cgf
     10: objects/planets/cave/sand01/dressing/scree_a/scree_a_03_flat.cgf
     11: objects/planets/geology/spiky_rough_01/spiky_rough_01_ldg_d.cgf
     12: objects/planets/geology/spiky_rough_01/spiky_rough_01_plt_a.cgf
     13: objects/planets/geology/sand_spikes_01/sand_spikes_01_c.cgf
     14: objects/planets/geology/sand_spikes_01/sand_spikes_01_d.cgf
     15: objects/planets/geology/spiky_rough_01/spiky_rough_01_plr_b.cgf

[Materials]
      0: objects/planets/cave/sand01/dressing/decals/sand_cave_glimmer_01
      1: materials/decals/mud/mud_dry_01

[Palettes]
      0: Libs/Foundry/Records/TintPalettes/default

[Placements]
  #0 objects/planets/geology/sand_spikes_01/sand_spikes_01_b.cgf
    [0.69578908181196675, 0.71824622459519949, 0.00000000000000000, 3.66032399999949121]
    [-0.71824622459519949, 0.69578908181196675, -0.00000000000000000, -21.21627300000000105]
    [-0.00000000000000000, 0.00000000000000000, 1.00000004275699794, 5.21134299999999939]
  #1 objects/planets/geology/spiky_rough_01/spiky_rough_01_ldg_a.cgf
    [-0.92718331392145781, 0.37460661342906121, 0.00000000000000000, -0.20641299999988405]
    [-0.37460661342906121, -0.92718331392145781, 0.00000000000000000, -22.71006399999987480]
    [0.00000000000000000, 0.00000000000000000, 0.99999950621946176, 4.21932999999999936]
  #2 objects/planets/geology/spiky_rough_01/spiky_rough_01_ldg_a.cgf
    [1.00000000000000000, 0.00000000000000000, 0.00000000000000000, -1.71369500000037078]
    [0.00000000000000000, 1.00000000000000000, 0.00000000000000000, -14.52877099999977872]
    [0.00000000000000000, 0.00000000000000000, 1.00000000000000000, 0.70752399999999938]
  #3 objects/planets/geology/spiky_rough_01/spiky_rough_01_ldg_a.cgf
    [-0.96903172794069981, 0.22495097107128725, -0.10185024796652185, 1.03968969460765948]
    [-0.22371857169807663, -0.97436952064713234, -0.02351467762367975, -7.56421308772360135]
    [-0.10452948423353894, -0.00000067668784915, 0.99452123611208432, 4.02125265323706316]
  #4 objects/planets/geology/spiky_rough_01/spiky_rough_01_ldg_b.cgf
    [-0.89100692102491397, -0.45398983763203049, 0.00000000000000000, 2.38420599999972183]
    [0.45398983763203049, -0.89100692102491397, 0.00000000000000000, -12.30224099999986720]
    [0.00000000000000000, 0.00000000000000000, 1.00000005299372563, 0.81582700000000052]
  #5 objects/planets/geology/spiky_rough_01/spiky_rough_01_ldg_a.cgf
    [0.42261746766766362, -0.90630801329943755, 0.00000000000000000, -2.58474200000000565]
    [0.90630801329943755, 0.42261746766766362, 0.00000000000000000, -17.97436199999992823]
    [0.00000000000000000, 0.00000000000000000, 0.99999986947429254, 2.39264799999999944]
  #6 objects/planets/geology/spiky_rough_01/spiky_rough_01_ldg_b.cgf
    [-0.75470906429710971, -0.65605842279164484, 0.00000000000000000, 1.87843499999962660]
    [0.65605842279164484, -0.75470906429710971, 0.00000000000000000, -8.52967699999999240]
    [0.00000000000000000, 0.00000000000000000, 0.99999921292372995, 0.55438300000000140]
  #7 objects/planets/geology/spiky_rough_01/spiky_rough_01_ldg_a.cgf
    [0.45600875562434662, -0.88281276307101397, 0.11268162864548363, -0.41247509924323822]
    [0.86535620217606546, 0.46940019795581772, 0.17556083502819686, -9.25110406365092786]
    [-0.20788017565581754, 0.01745247258421770, 0.97799834000439156, 4.03719398689037590]
  #8 objects/planets/geology/spiky_rough_01/spiky_rough_01_ldg_a.cgf
    [-0.81915210675699535, -0.57357677273668306, 0.00000000000000000, -0.19763100000000122]
    [0.57357677273668306, -0.81915210675699535, 0.00000000000000000, -20.80315599999994447]
    [0.00000000000000000, 0.00000000000000000, 1.00000024411369659, 4.26817400000000013]
  #9 objects/planets/geology/spiky_rough_01/spiky_rough_01_ldg_a.cgf
    [0.95105682012339754, -0.30901597390394886, 0.00000000000000000, -1.73339899999973568]
    [0.30901597390394886, 0.95105682012339754, 0.00000000000000000, -19.45765299999993658]
    [0.00000000000000000, 0.00000000000000000, 0.99999997361551696, 2.39264799999999944]
  #10 objects/planets/geology/spiky_rough_01/spiky_rough_01_ldg_a.cgf
    [0.80901693493212368, -0.58778554144700645, 0.00000000000000000, -2.72611800000049698]
    [0.58778554144700645, 0.80901693493212368, 0.00000000000000000, -19.83595000000013897]
    [0.00000000000000000, 0.00000000000000000, 1.00000012187055187, 3.18286399999999858]
  #11 objects/planets/geology/spiky_rough_01/spiky_rough_01_ldg_a.cgf
    [-0.92050559062825921, 0.39073122563382845, 0.00000000000000000, -0.05734200000006240]
    [-0.39073122563382845, -0.92050559062825921, 0.00000000000000000, -18.57402199999978620]
    [0.00000000000000000, 0.00000000000000000, 1.00000071653134048, 4.14939899999999895]
  #12 objects/planets/geology/spiky_rough_01/spiky_rough_01_ldg_a.cgf
    [-0.92050559062825921, 0.39073122563382845, 0.00000000000000000, 2.88868800000000192]
    [-0.39073122563382845, -0.92050559062825921, 0.00000000000000000, -17.65764499999977488]
    [0.00000000000000000, 0.00000000000000000, 1.00000071653134048, 5.16752999999999929]
  #13 objects/planets/geology/spiky_rough_01/spiky_rough_01_ldg_c.cgf
    [-0.10452896986161286, 0.99452144831631539, 0.00000000000000000, -4.21697899999981018]
    [-0.99452144831631539, -0.10452896986161286, -0.00000000000000000, -17.38371800000004441]
    [-0.00000000000000000, 0.00000000000000000, 0.99999960835067914, 2.83307600000000015]
  #14 objects/planets/geology/spiky_rough_01/spiky_rough_01_ldg_b.cgf
    [0.64278803720613709, 0.76604413342418709, 0.00000000000000000, -1.58030099999996310]
    [-0.76604413342418709, 0.64278803720613709, -0.00000000000000000, -16.73468999999977314]
    [-0.00000000000000000, 0.00000000000000000, 1.00000003756446532, 1.14007199999999997]
  #15 objects/planets/geology/spiky_rough_01/spiky_rough_01_ldg_b.cgf
    [-0.89100692102491397, -0.45398983763203049, 0.00000000000000000, 3.00371799999993527]
    [0.45398983763203049, -0.89100692102491397, 0.00000000000000000, -13.93704500000012558]
    [0.00000000000000000, 0.00000000000000000, 1.00000005299372563, 0.76543900000000065]
  #16 objects/planets/geology/spiky_rough_01/spiky_rough_01_bld_a.cgf
    [0.22488271391680262, -0.96820952831710749, 0.10952642251881309, -4.58436400000027788]
    [-0.97407540967408868, -0.22621893262510770, 0.00023186764610117, -14.35301799999979266]
    [0.02455247893924031, -0.10673924662612641, -0.99398283283969091, 8.86599100000000107]
  #17 objects/planets/geology/spiky_rough_01/spiky_rough_01_plr_a.cgf
    [0.98956990447479654, -0.14302677851957829, -0.01716785020720286, -3.33721599999989849]
    [0.14322637987021081, 0.98962863999726580, 0.01101586597229860, -23.14487700000017867]
    [0.01541423250439422, -0.01335985853806387, 0.99979193131012345, 3.55672200000000061]
  #18 objects/planets/cave/sand01/dressing/scree_a/scree_a_02_flat.cgf
    [-0.52261441903737416, 0.85241810058088130, -0.01606855994498572, 2.82760899999993853]
    [-0.85121142189053778, -0.52275262028122060, -0.04657747346735439, -11.88407800000004499]
    [-0.04810334769755636, -0.01066431402368197, 0.99878575688136828, 1.14002900000000018]
  #19 objects/planets/cave/sand01/dressing/scree_a/scree_a_02_flat.cgf
    [-0.51125355502664049, 0.85517102932287459, -0.08545326234625537, 0.98088600000028237]
    [-0.85206977596708677, -0.51734830293046774, -0.07954732745041940, -9.04092600000012681]
    [-0.11223567312651166, 0.03214328900347668, 0.99316157276448147, 0.02059699999999864]
  #20 objects/planets/geology/spiky_rough_01/spiky_rough_01_bld_b.cgf
    [-0.32856389742963715, -0.94365272903792197, -0.03957655718389851, -3.93484499999976833]
    [-0.93863469882119788, 0.33089848028790642, -0.09732476306364270, -20.16876099999990402]
    [0.10493654781860878, 0.00517052374884888, -0.99446598645176232, 9.19786900000000074]
  #21 objects/planets/geology/sand_spikes_01/sand_spikes_broken_01_a.cgf
    [0.69584023454982358, 0.69813043632320537, 0.16858373599317325, -1.45638800000051560]
    [-0.70338393326793291, 0.70987567683839148, -0.03643871614596197, -10.98645600000008926]
    [-0.14511245495400102, -0.09322355653484238, 0.98501368422211100, 5.08739100000000022]
  #22 objects/planets/geology/sand_spikes_01/sand_spikes_01_b.cgf
    [0.29387645392283973, 0.95584362884757157, 0.00000000000000000, 1.97958399999970425]
    [-0.95584362884757157, 0.29387645392283973, -0.00000000000000000, -22.29024600000002465]
    [-0.00000000000000000, 0.00000000000000000, 1.00000020648935717, 5.11466700000000074]
  #23 objects/planets/geology/spiky_rough_01/spiky_rough_01_plr_a.cgf
    [0.22488403386871836, 0.97261524090228513, -0.05870440973189657, -3.68780200000037439]
    [-0.97407584895166299, 0.22592239802611500, 0.01160835068707071, -13.62666799999988143]
    [0.02455310665633678, 0.05457203020932021, 0.99820763457248873, 5.05353700000000039]
  #24 objects/planets/cave/sand01/dressing/scree_a/scree_a_02_flat.cgf
    [-0.68681222415818344, -0.72042559576717469, 0.09631527282951383, -4.21182099999987258]
    [0.72505271278923411, -0.68836098009033919, 0.02141090460170179, -19.78350399999999354]
    [0.05087469404020682, 0.08453889118271071, 0.99512091901122079, 3.91123299999999929]
  #25 objects/planets/cave/sand01/dressing/scree_a/scree_a_01_flat.cgf
    [0.34883035178461791, -0.87333632265323946, -0.34000097589289102, 2.55256499999995867]
    [0.93603411613575405, 0.34264458566430089, 0.08021490974051591, -10.60027799999988929]
    [0.04644490826300802, -0.34623397558477437, 0.93699760674560117, 1.36833599999999933]
  #26 objects/planets/cave/sand01/dressing/scree_a/scree_a_03_flat.cgf
    [0.89711955066635884, 0.39591233852342395, -0.19603573851140579, 0.62124899999980698]
    [-0.34677090512058090, 0.90598278216029171, 0.24278635988777958, -9.73669999999992797]
    [0.27372710850526222, -0.14982889371085634, 0.95006570900929654, 4.80506899999999959]
  #27 objects/planets/cave/sand01/dressing/scree_a/scree_a_02_flat.cgf
    [-0.29844950231396616, -0.95145089869530830, 0.07529553486182031, -1.37142700000003970]
    [0.84984514101780395, -0.22901333429089976, 0.47467511482600905, -18.89978599999994913]
    [-0.43438631019711732, 0.20565606171116446, 0.87693469165296412, 0.21211900000000128]
  #28 objects/planets/cave/sand01/dressing/scree_a/scree_a_01_flat.cgf
    [0.45284034660892003, 0.78366262535122078, 0.42521556388136472, 0.34195199999976467]
    [-0.87489533399609865, 0.48243269614630974, 0.04262175380083616, -19.42542099999991478]
    [-0.17173683556875594, -0.39132000839828796, 0.90408786961898546, -0.06408100000000161]
  #29 objects/planets/cave/sand01/dressing/scree_a/scree_a_02_flat.cgf
    [-0.30423229069703572, -0.95055154040079060, 0.06240730833578356, -2.28402499999992870]
    [0.95256388770196687, -0.30412207502803656, 0.01148882594327956, -18.15491299999985131]
    [0.00805871814546066, 0.06294221411044068, 0.99798473161643442, 0.08307100000000034]
  #30 objects/planets/cave/sand01/dressing/scree_a/scree_a_03_flat.cgf
    [0.07690687991515871, 0.99703775011908891, -0.00065069286808526, 3.79117099999984930]
    [-0.99507127845106313, 0.07671419171231797, -0.06282873811975470, -17.53211000000010245]
    [-0.06259272613898807, 0.00547944973687441, 0.99802379380809292, 6.03383299999999956]
  #31 objects/planets/cave/sand01/dressing/scree_a/scree_a_01_flat.cgf
    [-0.81371238494395315, 0.58000231531919189, -0.03831086797422981, 3.17150700000001962]
    [-0.58126594503902718, -0.81200577317373956, 0.05267617357157180, -17.92932599999994636]
    [-0.00055634382245057, 0.06513211457209452, 0.99787561946600212, 5.89438900000000032]
  #32 objects/planets/geology/spiky_rough_01/spiky_rough_01_ldg_a.cgf
    [0.61974101665901660, 0.78047339530915427, 0.08235266427037624, -2.11153000000012980]
    [-0.74719866931521595, 0.61887957828748952, -0.24224331978333294, -13.74026400000002468]
    [-0.24003089524350690, 0.08859433740753424, 0.96671393004099249, 4.39094500000000032]
  #33 objects/planets/cave/sand01/dressing/scree_a/scree_a_01_flat.cgf
    [0.98531207235946472, -0.06363272265500423, 0.15846447200098618, 0.00957199999993463]
    [0.06845994513490126, 0.99733587782075994, -0.02518680090769102, -17.92944600000009814]
    [-0.15643959917861697, 0.03566532819628424, 0.98704337715716828, -0.15008999999999872]
  #34 objects/planets/cave/sand01/dressing/scree_a/scree_a_03_flat.cgf
    [-0.62354761634231282, -0.75793327058572024, -0.19163824149084618, 2.70913899999959540]
    [0.77911510827990116, -0.58221670054917396, -0.23238556271911989, -11.30676799999991999]
    [0.06455777499626582, -0.29421175885663953, 0.95355724670659670, 1.36645000000000039]
  #35 objects/planets/cave/sand01/dressing/scree_a/scree_a_02_flat.cgf
    [0.27717001723665385, -0.95764250918733429, 0.07809057002800102, -0.52308300000004238]
    [0.95947813112218538, 0.27157114136921828, -0.07517554162476991, -12.66693600000007791]
    [0.05078413559558220, 0.09576257493240857, 0.99410815900434257, -0.02076500000000081]
  #36 objects/planets/cave/sand01/dressing/scree_a/scree_a_02_flat.cgf
    [0.66234956889525831, 0.74825151907996057, 0.03759027009256638, -3.29916099999991275]
    [-0.74534995360257128, 0.65304324178330364, 0.13412041847770059, -22.08948299999974552]
    [0.07580772306134503, -0.11685248898726991, 0.99025198841939699, 4.01016800000000018]
  #37 objects/planets/cave/sand01/dressing/scree_a/scree_a_02_flat.cgf
    [0.64280473074396005, 0.72156039452270526, 0.25720121555351660, -2.51156400000036228]
    [-0.76418457028702325, 0.62732162450335216, 0.14996436929649756, -18.51184699999976147]
    [-0.05313954046852627, -0.29294703715773718, 0.95465072814725316, 3.15547699999999942]
  #38 objects/planets/cave/sand01/dressing/scree_a/scree_a_02_flat.cgf
    [0.86048843757470916, 0.46481993708953490, -0.20857151405224214, 2.91324100000019826]
    [-0.49813532737145183, 0.85348384665855981, -0.15305724650330157, -15.47278400000004694]
    [0.10686835834099963, 0.23560083014861549, 0.96595621246954610, 5.74333599999999933]
  #39 objects/planets/cave/sand01/dressing/scree_a/scree_a_02_flat.cgf
    [-0.06880978668012636, -0.98093812980824302, 0.18173099011139657, -0.54196800000045187]
    [0.99741272669737124, -0.07144603341346910, -0.00799193050038426, -7.31587899999976798]
    [0.02082354198202160, 0.18071082928068941, 0.98331608870267906, -0.10902000000000100]
  #40 objects/planets/cave/sand01/dressing/scree_a/scree_a_03_flat.cgf
    [0.17770040614283822, 0.97747730871980087, -0.11384219432338009, -0.68099700000038865]
    [-0.98358505396308438, 0.17273331279877929, -0.05218249595211114, -3.84265700000014476]
    [-0.03134287623852307, 0.12124636984772352, 0.99212716449134819, -0.35622299999999996]
  #41 objects/planets/cave/sand01/dressing/scree_a/scree_a_03_flat.cgf
    [-0.84464761480383643, 0.52289689076235735, 0.11465806671743294, -0.07308699999975943]
    [-0.52933473764991978, -0.84776043916803789, -0.03322946169946599, -14.10339900000008129]
    [0.07982710159720520, -0.08875980643740190, 0.99284769951786389, -0.12595900000000171]
  #42 objects/planets/cave/sand01/dressing/scree_a/scree_a_02_flat.cgf
    [-0.62766882767748811, 0.77706909770751764, -0.04686480047823772, 1.01675599999998667]
    [-0.77720615132633020, -0.62206056070638094, 0.09482671842919227, -11.44202200000017910]
    [0.04453414955238451, 0.09594334565544499, 0.99439048332230073, -0.16596699999999842]
  #43 objects/planets/cave/sand01/dressing/scree_a/scree_a_03_flat.cgf
    [0.32220168324141896, -0.93917851084864357, 0.11887005862509208, -1.59424599999965722]
    [0.94611729091522234, 0.32375932154055109, -0.00650110051103201, -16.45144600000003265]
    [-0.03237959092775600, 0.11455966671014084, 0.99288868238872807, 1.46651999999999916]
  #44 objects/planets/geology/sand_spikes_01/sand_spikes_broken_01_a.cgf
    [-0.71816063646948880, 0.69587611318899678, -0.00101960710595940, 1.45279200000004494]
    [-0.69571955074956637, -0.71796636574280548, 0.02231386669375456, -22.00623099999984333]
    [0.01479564836353171, 0.01673430712577885, 0.99975014680392038, 5.05256499999999953]
  #45 objects/planets/cave/sand01/dressing/scree_a/scree_a_03_flat.cgf
    [-0.96402645521500607, 0.20651712768490013, -0.16734358896565399, 0.61294799999996030]
    [-0.23648935399400298, -0.95380598833668484, 0.18527581928065015, -8.34436599999980899]
    [-0.12135067466901965, 0.21818574594916970, 0.96833320771907572, 0.05376599999999954]
  #46 objects/planets/cave/sand01/dressing/scree_a/scree_a_01_flat.cgf
    [0.61937110784358462, 0.78064497858626558, 0.08350273107982631, -1.74220799999966403]
    [-0.78455898056888018, 0.61937636296671117, 0.02898249347413471, -19.30992400000013731]
    [-0.02909458194338045, -0.08346374259106748, 0.99608592345006164, 3.12270200000000031]
  #47 objects/planets/cave/sand01/dressing/scree_a/scree_a_02_flat.cgf
    [-0.07576453424803693, -0.99480073008309222, 0.06805835724310040, -0.98673299999973096]
    [0.98581427312200676, -0.06447849319026962, 0.15496270531694653, -9.29770999999982450]
    [-0.14976865985049234, 0.07883354968770466, 0.98557359805573552, 4.79081000000000046]
  #48 objects/planets/cave/sand01/dressing/scree_a/scree_a_02_flat.cgf
    [-0.62513577731719538, -0.72388300726572186, -0.29188686546497383, 1.73306500000035157]
    [0.77996779970995600, -0.59337844730476108, -0.19887569034652786, -12.31677799999988565]
    [-0.02923665258956606, -0.35198679035886099, 0.93554786519944089, -0.05645799999999923]
  #49 objects/planets/geology/sand_spikes_01/sand_spikes_broken_01_a.cgf
    [0.70377857682615652, 0.70140939822365322, -0.11278524571416958, 3.27261600000019826]
    [-0.71020200722298654, 0.69856704145083548, -0.08727621842054663, -20.70007900000018708]
    [0.01757169609667580, 0.14152344487357083, 0.98977891006735774, 5.11264599999999980]
  #50 objects/planets/geology/spiky_rough_01/spiky_rough_01_bld_a.cgf
    [-0.27015312792717916, -0.94283268459728187, -0.19515382287106875, -4.16586300000017218]
    [-0.95139137637946380, 0.29254047657825966, -0.09631052262916673, -20.16150900000002366]
    [0.14789501234625754, 0.15964897955638813, -0.97603302551945104, 6.40849200000000074]
  #51 objects/planets/geology/spiky_rough_01/spiky_rough_01_ldg_a.cgf
    [0.41405081811574790, -0.90652117128826137, 0.08235289762796236, -3.78990700000031211]
    [0.89064717497013823, 0.38479378316054969, -0.24224381908025400, -14.26670400000011796]
    [0.18791020051948940, 0.17364856512805907, 0.96671435599848965, 4.35175699999999921]
  #52 objects/planets/cave/sand01/dressing/scree_a/scree_a_02_flat.cgf
    [-0.97605051837454115, -0.18143867669976757, -0.12002431272706925, -2.83747500000026776]
    [0.15509002370246441, -0.96724506109197428, 0.20095900031730463, -22.87480499999992389]
    [-0.15255462495820019, 0.17753152356130628, 0.97221915637023015, 3.98339200000000027]
  #53 objects/planets/cave/sand01/dressing/scree_a/scree_a_01_flat.cgf
    [0.16254767526026678, 0.95517916316933638, -0.24740964446629746, 1.05825999999979103]
    [-0.98157806436379502, 0.18205582834462802, 0.05797147217302027, -7.74963999999999942]
    [0.10041548430216732, 0.23342869205221575, 0.96717541785318506, 0.12134800000000112]
  #54 objects/planets/geology/sand_spikes_01/sand_spikes_01_b.cgf
    [0.76503255609978782, -0.64399145003324232, 0.00000000000000000, 4.81694599999991624]
    [0.64399145003324232, 0.76503255609978782, 0.00000000000000000, -18.08189700000002631]
    [0.00000000000000000, 0.00000000000000000, 0.99999989980424153, 5.96932600000000058]
  #55 objects/planets/cave/sand01/dressing/scree_a/scree_a_03_flat.cgf
    [0.08241617349444116, 0.97952633879023243, 0.18367034214766820, -3.91586100000040460]
    [-0.99565015580136851, 0.08896143381500680, -0.02767126972499488, -20.55115299999988565]
    [-0.04344433474170624, -0.18059092870818705, 0.98259787037682400, 3.98921799999999926]
  #56 objects/planets/geology/spiky_rough_01/spiky_rough_01_ldg_b.cgf
    [0.25881757772310116, 0.96592633214348911, 0.00000000000000000, -0.49084599999969214]
    [-0.96592633214348911, 0.25881757772310116, -0.00000000000000000, -15.49482899999975416]
    [-0.00000000000000000, 0.00000000000000000, 1.00000010883330770, 4.64419000000000004]
  #57 objects/planets/cave/sand01/dressing/scree_a/scree_a_03_flat.cgf
    [0.29541552463699561, -0.95475378639568564, 0.03427084946589028, -2.56380999999964843]
    [0.95512527705101080, 0.29434052121899218, -0.03315084709815626, -15.37244199999986449]
    [0.02156360123546151, 0.04252623764450661, 0.99886242604781394, 1.50497400000000070]
  #58 objects/planets/cave/sand01/dressing/scree_a/scree_a_01_flat.cgf
    [-0.78430419759196079, -0.61907047439260598, -0.04025470768413545, -2.87172900000041409]
    [0.60937288448235183, -0.78093545086472627, 0.13713598126004578, -22.00032400000009147]
    [-0.11633306242457328, 0.08302612500780197, 0.98973483785754446, 3.94368799999999986]
  #59 objects/planets/cave/sand01/dressing/scree_a/scree_a_01_flat.cgf
    [0.10787164906511149, 0.99414891036859587, -0.00563136682128349, 0.85171699999955308]
    [-0.99376970073176285, 0.10766735022907335, -0.02880250950041748, -10.16882900000018708]
    [-0.02802766823774329, 0.00870325565248358, 0.99956928929693079, -0.08650799999999848]
  #60 objects/planets/cave/sand01/dressing/scree_a/scree_a_01_flat.cgf
    [0.01982014696594481, -0.99559298328039403, -0.09166521623418593, 0.73687999999947351]
    [0.99342981529202301, 0.00927456371333436, 0.11406981637116362, -11.39758900000015274]
    [-0.11271691227704934, -0.09332380489960217, 0.98923521145173343, 4.93092599999999948]
  #61 objects/planets/geology/spiky_rough_01/spiky_rough_01_ldg_a.cgf
    [0.86781341566169456, -0.49671078628791959, 0.01335311477924212, -0.64079700000002049]
    [0.49437275231053929, 0.86040310698652134, -0.12370169987648046, -7.97115200000007462]
    [0.04995490628529982, 0.11395140878754142, 0.99222962013076865, 3.82479099999999939]
  #62 objects/planets/geology/spiky_rough_01/spiky_rough_01_bld_a.cgf
    [0.20478170268507595, -0.97838420836294981, 0.02878906926833121, 3.31995899999947142]
    [0.96153214999024350, 0.20658194278949887, 0.18105203916661036, -12.30136300000003757]
    [-0.18308575645984249, -0.00939452911283090, 0.98305206578400894, 2.23395400000000066]
  #63 objects/planets/cave/sand01/dressing/scree_a/scree_a_02_flat.cgf
    [0.82258258176276022, 0.51496079652681148, -0.24119152379195022, 1.47356099999979051]
    [-0.53525539923999677, 0.84438626000079242, -0.02266226895977035, -7.97252100000014252]
    [0.19198862125928909, 0.14774064738738996, 0.97021293917604046, 4.91873000000000005]
  #64 objects/planets/cave/sand01/dressing/scree_a/scree_a_03_flat.cgf
    [-0.80606484631984898, 0.54056793605141995, 0.24093124814753189, -0.00619300000016665]
    [-0.52262267181969813, -0.84118502758887259, 0.13883583310445863, -11.31677799999988565]
    [0.27771766728254726, -0.01400543347694251, 0.96056173222012375, -0.05942299999999889]
  #65 objects/planets/geology/sand_spikes_01/sand_spikes_01_b.cgf
    [0.99235335738611852, -0.12342942861130130, 0.00000000000000000, 2.40112899999985530]
    [0.12342942861130130, 0.99235335738611852, 0.00000000000000000, -3.76273099999980332]
    [0.00000000000000000, 0.00000000000000000, 1.00000000488140683, 0.05222200000000043]
  #66 objects/planets/cave/sand01/dressing/scree_a/scree_a_01_flat.cgf
    [0.92474119179629255, 0.21746857902496222, -0.31234769306804289, 2.77115099999991799]
    [-0.22129508748677723, 0.97492105632720560, 0.02360835057680098, -15.99256000000013955]
    [0.30964842722397962, 0.04728939732753299, 0.94967441813023823, 5.74030299999999905]
  #67 objects/planets/geology/sand_spikes_01/sand_spikes_01_b.cgf
    [0.65724613541171562, 0.75367582643461495, 0.00000000000000000, 2.52692000000024564]
    [-0.75367582643461495, 0.65724613541171562, -0.00000000000000000, -15.22256999999990512]
    [-0.00000000000000000, 0.00000000000000000, 0.99999986693275866, 0.40354200000000162]
  #68 objects/planets/cave/sand01/dressing/scree_a/scree_a_02_flat.cgf
    [-0.80410852900258178, -0.54335624330913501, -0.24119134208030252, 1.75420299999950657]
    [0.56439931198052762, -0.82519068333561196, -0.02266163772153724, -15.02155700000002980]
    [-0.18671552499302374, -0.15435065936140099, 0.97021285485891673, 5.53599099999999922]
  #69 objects/planets/cave/sand01/dressing/scree_a/scree_a_02_flat.cgf
    [0.52136017403095558, 0.85312337350781486, -0.01909463609134099, 1.95588500000030763]
    [-0.84967357453373693, 0.51692073045939047, -0.10415518123836265, -18.21768500000007407]
    [-0.07898678555225287, 0.07052655254852126, 0.99437800645033714, 4.90592499999999987]
  #70 objects/planets/geology/spiky_rough_01/spiky_rough_01_ldg_d.cgf
    [0.01745593376552286, -0.99984793406641770, 0.00000000000000000, -2.30787800000052812]
    [0.99984793406641770, 0.01745593376552286, 0.00000000000000000, -14.26608200000009674]
    [0.00000000000000000, 0.00000000000000000, 1.00000030044020982, 8.58665500000000037]
  #71 objects/planets/cave/sand01/dressing/scree_a/scree_a_02_flat.cgf
    [-0.77982986458088832, 0.59086993355003747, 0.20673844766287147, -1.36312600000019302]
    [-0.61677096914986906, -0.78171145176958468, -0.09232258441977079, -17.65051799999991999]
    [0.10705902918208629, -0.19950591371332516, 0.97403205104951551, -0.04361400000000160]
  #72 objects/planets/cave/sand01/dressing/scree_a/scree_a_01_flat.cgf
    [0.67730949030473875, 0.73419580490055680, 0.04699241789444518, 1.19107299999996030]
    [-0.73322011530025399, 0.67888785870024593, -0.03872274213540480, -16.33411200000000463]
    [-0.06033265941614940, -0.00822850568609793, 0.99814436572670018, 5.04490499999999997]
  #73 objects/planets/cave/sand01/dressing/scree_a/scree_a_02_flat.cgf
    [-0.97966076641282096, 0.17391133387434726, -0.10010288750422250, -1.59693599999991420]
    [-0.16985273249200802, -0.98431013473343087, -0.04779712660032055, -23.27370900000005349]
    [-0.10684469758315603, -0.02982220642900236, 0.99382886051234354, 4.06117599999999968]
  #74 objects/planets/cave/sand01/dressing/scree_a/scree_a_01_flat.cgf
    [-0.75232239569953452, 0.65312056324466627, 0.08627554282297366, -1.96143399999982648]
    [-0.64731948523889205, -0.70851600996364417, -0.28103642850842120, -14.16762400000015987]
    [-0.12242313283233970, -0.26727798260553187, 0.95581064184039499, 5.05635000000000012]
  #75 objects/planets/cave/sand01/dressing/scree_a/scree_a_02_flat.cgf
    [-0.34293764518667985, 0.90100995734672196, 0.26565854787611770, -0.42513800000051560]
    [-0.88162683863283386, -0.40633750310707817, 0.24004913404291731, -19.42713000000003376]
    [0.32423375009376210, -0.15188984862240756, 0.93370315677380677, 0.22750200000000120]
  #76 objects/planets/cave/sand01/dressing/scree_a/scree_a_02_flat.cgf
    [0.30440454894084878, 0.94295573575511049, -0.13480486489617102, 1.62650000000030559]
    [-0.94690016736008742, 0.28417443547869076, -0.15041596950731076, -9.75759299999981522]
    [-0.10352750478290879, 0.17343405442969947, 0.97938893455384668, 0.02000699999999966]
  #77 objects/planets/cave/sand01/dressing/scree_a/scree_a_01_flat.cgf
    [0.06680689864360542, 0.99544976521164952, -0.06794491021169426, -1.07241499999963708]
    [-0.98633165691366520, 0.07616779562363003, 0.14611035921440038, -22.40227099999992788]
    [0.15062074376906795, 0.05725503855460309, 0.98693219609887295, 4.09448100000000004]
  #78 objects/planets/geology/sand_spikes_01/sand_spikes_01_b.cgf
    [0.29387645392283973, 0.95584362884757157, 0.00000000000000000, 1.08006800000021030]
    [-0.95584362884757157, 0.29387645392283973, -0.00000000000000000, -23.25940499999978783]
    [-0.00000000000000000, 0.00000000000000000, 1.00000020648935717, 5.11466700000000074]
  #79 objects/planets/cave/sand01/dressing/scree_a/scree_a_03_flat.cgf
    [-0.97559473885128323, 0.21187702033305558, 0.05762486634644739, 0.11566700000003038]
    [-0.21338770374601232, -0.97673208619328045, -0.02139418452500108, -7.69186899999976958]
    [0.05175118217648798, -0.03316853171715131, 0.99810783740436981, -0.06779900000000083]
  #80 objects/planets/cave/sand01/dressing/scree_a/scree_a_03_flat.cgf
    [-0.69148387656272903, 0.69796703531439841, 0.18625384532074837, -1.33089999999992870]
    [-0.71320871147885989, -0.70059071500071934, -0.02245913520153375, -12.97766700000011042]
    [0.11481206884731419, -0.14836811145851261, 0.98224412504111691, 5.13835500000000067]
  #81 objects/planets/cave/sand01/dressing/scree_a/scree_a_01_flat.cgf
    [0.87298984292330939, -0.47475813735627570, -0.11177414466474996, 3.51968599999963772]
    [0.48155870139204693, 0.87535497029672316, 0.04306863521438115, -16.67029400000001260]
    [0.07739486749870529, -0.09142429239334442, 0.99279990304896548, 6.02394400000000019]
  #82 objects/planets/geology/sand_spikes_01/sand_spikes_broken_01_a.cgf
    [0.69454329707913298, 0.71624769346707751, 0.06781556244268637, -3.39974700000038865]
    [-0.70519255067245290, 0.69642048103498932, -0.13304916570558886, -15.42371199999979581]
    [-0.14252429751591975, 0.04458537452982454, 0.98878666527189174, 1.61073400000000078]
  #83 objects/planets/geology/spiky_rough_01/spiky_rough_01_plt_a.cgf
    [-0.72021914260480147, -0.54848486632504023, 0.42479277337587235, -3.31380999999964843]
    [0.58702028851147037, -0.80813720633832375, -0.04818297294643930, -18.19251100000019505]
    [0.36971844662644643, 0.21465965950417890, 0.90400755698170743, 0.43192900000000023]
  #84 objects/planets/cave/sand01/dressing/scree_a/scree_a_01_flat.cgf
    [0.67539548724697251, 0.69441573264478562, -0.24825020596121930, 2.81216700000004494]
    [-0.73614440376388046, 0.65491440019056335, -0.17081857020860738, -18.54260799999974552]
    [0.04396352251017818, 0.29811802591657854, 0.95351627674101969, 5.14166200000000018]
  #85 objects/planets/cave/sand01/dressing/scree_a/scree_a_02_flat.cgf
    [-0.08486759724217723, -0.86331996157352431, 0.49747023454593825, -3.69313500000043859]
    [0.95012142605944994, 0.08026152001941747, 0.30137661408790867, -18.76962499999990541]
    [-0.30011208914880327, 0.49823411336943180, 0.81344698757440792, 3.51968399999999981]
  #86 objects/planets/cave/sand01/dressing/scree_a/scree_a_03_flat.cgf
    [0.07925519671594511, 0.99638587306813053, -0.03054893385682930, -2.86839599999984785]
    [-0.99489112429190529, 0.07713975538105793, -0.06511943305152625, -19.52469400000018140]
    [-0.06252756363971422, 0.03555392673141223, 0.99740947142849612, 3.91143899999999967]
  #87 objects/planets/geology/spiky_rough_01/spiky_rough_01_bld_a.cgf
    [0.20478170268507595, -0.97838420836294981, 0.02878906926833121, 0.12080700000024081]
    [0.96153214999024350, 0.20658194278949887, 0.18105203916661036, -21.40429899999980989]
    [-0.18308575645984249, -0.00939452911283090, 0.98305206578400894, -0.26050800000000152]
  #88 objects/planets/cave/sand01/dressing/scree_a/scree_a_01_flat.cgf
    [0.47550123034069997, 0.87234813915800713, -0.11360872052168483, 1.47964700000011362]
    [-0.86749726566520935, 0.48641919484484097, 0.10413692081300145, -13.70642700000007608]
    [0.14610513794660804, 0.04903802933020721, 0.98805273020803086, -0.13202700000000078]
  #89 objects/planets/cave/sand01/dressing/scree_a/scree_a_03_flat.cgf
    [-0.69148387656272903, 0.69796703531439841, 0.18625384532074837, -0.03542199999992590]
    [-0.71320871147885989, -0.70059071500071934, -0.02245913520153375, -10.25958899999977803]
    [0.11481206884731419, -0.14836811145851261, 0.98224412504111691, 4.89271899999999960]
  #90 objects/planets/geology/sand_spikes_01/sand_spikes_broken_01_a.cgf
    [0.78051623115553048, -0.37569477196738843, -0.49964795796211864, 1.83804599999984930]
    [0.31720712561412595, 0.92674258289015277, -0.20131580959847370, -15.95642700000007608]
    [0.53867827414790659, -0.00136163542725756, 0.84251058959906988, 0.47389799999999838]
  #91 objects/planets/cave/sand01/dressing/scree_a/scree_a_03_flat.cgf
    [-0.96948472596366608, -0.06406546259277336, -0.23662970861208593, 2.72769400000015594]
    [0.03973841800144111, -0.99355132283971803, 0.10618504315627750, -16.95544999999992797]
    [-0.24190671886041004, 0.09354155097138239, 0.96577935056821884, 5.92952299999999966]
  #92 objects/planets/geology/spiky_rough_01/spiky_rough_01_bld_a.cgf
    [0.09021668503843219, 0.99550631303540571, 0.02878889908136024, -2.03122200000052544]
    [-0.97991683066909563, 0.08356807110182540, 0.18105262419181511, -19.24680200000011610]
    [0.17783313801172917, -0.04454467939003117, 0.98305229607886468, 1.15532199999999996]
  #93 objects/planets/cave/sand01/dressing/scree_a/scree_a_01_flat.cgf
    [0.66853497491745939, -0.74318014235965490, 0.02728552619315225, -0.70419099999980972]
    [0.71128826830585312, 0.64969548184940562, 0.26826296214753820, -18.45864900000015041]
    [-0.21709496380113213, -0.15993527907248556, 0.96295935523023679, 0.04603600000000085]
  #94 objects/planets/geology/spiky_rough_01/spiky_rough_01_ldg_a.cgf
    [-0.98365248159225727, -0.17563930019365345, -0.03970344154018027, 0.35530199999993783]
    [0.17612341255148167, -0.98432565152186247, -0.00901592438624449, -17.12125800000012532]
    [-0.03749760784198661, -0.01586126000044056, 0.99916969600893313, 4.28836699999999915]
  #95 objects/planets/geology/sand_spikes_01/sand_spikes_01_c.cgf
    [0.68314896835495242, 0.73027921459062850, 0.00000000000000000, 2.24142500000016298]
    [-0.73027921459062850, 0.68314896835495242, -0.00000000000000000, -22.98504999999977372]
    [-0.00000000000000000, 0.00000000000000000, 1.00000012211376310, 5.13753200000000021]
  #96 objects/planets/cave/sand01/dressing/scree_a/scree_a_03_flat.cgf
    [0.07925519671594511, 0.99638587306813053, -0.03054893385682930, -0.37909700000000157]
    [-0.99489112429190529, 0.07713975538105793, -0.06511943305152625, -18.33428000000003522]
    [-0.06252756363971422, 0.03555392673141223, 0.99740947142849612, 4.90581700000000076]
  #97 objects/planets/cave/sand01/dressing/scree_a/scree_a_03_flat.cgf
    [-0.95867047193696109, 0.26538582562035595, -0.10257234126615494, 2.20327999999972235]
    [-0.23524215589424638, -0.94211766494385363, -0.23890422534526676, -11.48718800000006013]
    [-0.16003702610097945, -0.20490110872661710, 0.96561041901804900, 1.22239899999999935]
  #98 objects/planets/geology/spiky_rough_01/spiky_rough_01_plt_a.cgf
    [0.89036296492706501, -0.05125418239733861, 0.45235682796973747, -0.27132900000015070]
    [-0.19108180105413436, 0.85980512829370603, 0.47352168588516430, -21.47131899999976667]
    [-0.41320870795515741, -0.50804335492593578, 0.75574493946265053, 0.42135199999999884]
  #99 objects/planets/cave/sand01/dressing/scree_a/scree_a_02_flat.cgf
    [0.29381672976335560, 0.90789705305708568, -0.29899010524931985, 2.31216700000004494]
    [-0.95423814896990511, 0.29682392212682063, -0.03640778734437314, -8.27918099999988044]
    [0.05569288138738390, 0.29600492053187771, 0.95356164072348271, 1.04304600000000036]
  #100 objects/planets/geology/spiky_rough_01/spiky_rough_01_ldg_d.cgf
    [0.01745593376552286, -0.99984793406641770, 0.00000000000000000, -2.30787800000052812]
    [0.99984793406641770, 0.01745593376552286, 0.00000000000000000, -14.26608200000009674]
    [0.00000000000000000, 0.00000000000000000, 1.00000030044020982, 8.58665500000000037]
  #101 objects/planets/cave/sand01/dressing/scree_a/scree_a_01_flat.cgf
    [-0.94661923348982613, -0.31893679035234840, 0.04682165152862858, -2.66089999999985594]
    [0.32192460531519806, -0.92782325685359246, 0.18843956335981737, -17.66841100000010556]
    [-0.01665808466721485, 0.19345346806487301, 0.98096849104030115, 3.15423099999999934]
  #102 objects/planets/geology/spiky_rough_01/spiky_rough_01_bld_a.cgf
    [0.98722747814710232, 0.15829657766339345, -0.01803153867038271, -1.55322599999999511]
    [0.15464490909939099, -0.97931656409183965, -0.13048009764115909, -9.71984100000008766]
    [-0.03831311755006834, 0.12602498677191981, -0.99128746800722933, 2.00740599999999958]
  #103 objects/planets/cave/sand01/dressing/scree_a/scree_a_03_flat.cgf
    [0.33286298770568090, -0.94248045240421319, -0.03054854233663114, -1.51515900000049442]
    [0.94025453133113879, 0.33418754038347553, -0.06511903985010080, -19.97191199999997480]
    [0.07158235057752553, -0.00704768583920931, 0.99740998711533047, 3.11832599999999971]
  #104 objects/planets/cave/sand01/dressing/scree_a/scree_a_01_flat.cgf
    [-0.69291719646712080, -0.72101115809462979, 0.00274762055071501, 0.00071899999966263]
    [0.72096677094435779, -0.69281976898679964, 0.01437231959873675, -15.14891699999998309]
    [-0.00845900169736680, 0.01193977720155990, 0.99989237805184095, 5.00080700000000000]
  #105 objects/planets/cave/sand01/dressing/scree_a/scree_a_03_flat.cgf
    [0.38452148474211373, 0.88377871526216678, -0.26660552850627034, 1.17187300000023242]
    [-0.92228652388409837, 0.38004611689206358, -0.07037481442877105, -8.79901100000006409]
    [0.03912663085853937, 0.27294730094589925, 0.96123304940729215, 4.81220399999999948]
  #106 objects/planets/geology/spiky_rough_01/spiky_rough_01_bld_a.cgf
    [-0.78648111445505364, 0.52478310330216915, -0.32565345550106473, -0.74843599999985599]
    [-0.45912233826429993, -0.84945620818907042, -0.26005932181229469, -20.17475699999977223]
    [-0.41310308289573539, -0.05501696868506763, 0.90902090077426023, 0.27960099999999954]
  #107 objects/planets/cave/sand01/dressing/scree_a/scree_a_02_flat.cgf
    [-0.67541152827035944, 0.71471013894680779, -0.18168582172703721, 3.62954900000022462]
    [-0.73589322335075291, -0.66917531712624179, 0.10327929040194368, -16.23230599999988044]
    [-0.04776488622861914, 0.20345728123152743, 0.97791855663339289, 5.88521300000000025]
  #108 objects/planets/geology/sand_spikes_01/sand_spikes_broken_01_a.cgf
    [0.68133803034755747, 0.69391151219670022, 0.23294982470846584, -0.88705200000003970]
    [-0.71548029205106767, 0.69853236026338694, 0.01186644597536064, -9.13123099999984333]
    [-0.15448870274986135, -0.17475604165366096, 0.97241651868780710, 0.03579699999999875]
  #109 objects/planets/cave/sand01/dressing/scree_a/scree_a_02_flat.cgf
    [0.82417141761228685, 0.34375334979197469, 0.45008344263290745, 0.18667800000002899]
    [-0.41245304471825733, 0.90892989644808109, 0.06106493003402042, -20.00330200000007608]
    [-0.38810302334320018, -0.23596625666441559, 0.89089615860783156, 0.07354199999999977]
  #110 objects/planets/cave/sand01/dressing/scree_a/scree_a_03_flat.cgf
    [-0.89103892896566739, -0.43920976133347450, 0.11465870673501301, -0.76390300000002753]
    [0.43843809218480917, -0.89814813107577740, -0.03322920973285332, -16.78383500000018103]
    [0.11757496673228589, 0.02066220238787568, 0.99285014327612486, -0.00920599999999894]
  #111 objects/planets/cave/sand01/dressing/scree_a/scree_a_02_flat.cgf
    [0.17708455588108965, 0.98198943071680900, -0.06585640574443029, -1.33480599999984406]
    [-0.98309034281569774, 0.17331949115890655, -0.05910143818581522, -3.38049899999987247]
    [-0.04662280643216631, 0.07520877670588401, 0.99607690565311946, -0.48401399999999839]
  #112 objects/planets/cave/sand01/dressing/scree_a/scree_a_01_flat.cgf
    [-0.93179145903512017, 0.15786587577998493, -0.32687009513627241, 1.41226399999959540]
    [-0.21378404525549116, -0.96640471566085306, 0.14268610480225241, -9.18836000000010245]
    [-0.29336338528244377, 0.20283320185230919, 0.93423639051523855, 4.88004800000000039]
  #113 objects/planets/cave/sand01/dressing/scree_a/scree_a_02_flat.cgf
    [0.81147076209551117, 0.58253729072379801, -0.04653310276061860, 1.17764100000022154]
    [-0.58438914787514196, 0.80860487559945471, -0.06817111906649723, -15.65570500000012544]
    [-0.00208532542270170, 0.08251231753617315, 0.99658777402941978, 5.00279500000000077]
  #114 objects/planets/cave/sand01/dressing/scree_a/scree_a_02_flat.cgf
    [-0.02392734622526688, 0.97648170544437940, 0.21426655999220362, -0.75765800000044692]
    [-0.99951511281740479, -0.02763415797890235, 0.01432097267114791, -13.89124099999980899]
    [0.01990525177100014, -0.21382008778660969, 0.97666982584018647, -0.03119999999999834]
  #115 objects/planets/cave/sand01/dressing/scree_a/scree_a_02_flat.cgf
    [0.61050603535837689, -0.68296042968013593, 0.40105840337464588, -1.31722799999988638]
    [0.32303780439889956, 0.67706614114686703, 0.66123250682110968, -19.49817500000017390]
    [-0.72313855405132044, -0.27412935384397380, 0.63397487303595146, 0.66666500000000006]
  #116 objects/planets/geology/sand_spikes_01/sand_spikes_broken_01_a.cgf
    [0.70426087869770992, 0.70585348130625247, 0.07607677567228538, -3.95785299999988638]
    [-0.70988997327084491, 0.70144489990086056, 0.06349390825511204, -16.00989299999991999]
    [-0.00854626926596722, -0.09872240608814900, 0.99507841196094582, 1.57568299999999972]
  #117 objects/planets/cave/sand01/dressing/scree_a/scree_a_01_flat.cgf
    [-0.73848590098659206, 0.66448978990666141, 0.11441740063029539, -0.44498699999985547]
    [-0.66790353758861853, -0.74416679258956975, 0.01095890946819975, -16.33772799999997005]
    [0.09242773898457815, -0.06832680535430009, 0.99337203964549214, -0.06067000000000178]
  #118 objects/planets/cave/sand01/dressing/scree_a/scree_a_01_flat.cgf
    [0.60359026108638569, 0.79282513709807478, 0.08430615509414278, -1.76504600000043865]
    [-0.79140409925641053, 0.60860188360787737, -0.05730382211304162, -14.89383499999985361]
    [-0.09674077465830144, -0.03213220088995637, 0.99479101989520857, 1.44227799999999995]
  #119 objects/planets/geology/sand_spikes_01/sand_spikes_broken_01_a.cgf
    [0.70197896747477795, 0.71170730402486115, -0.02642371506580312, 4.46744000000035157]
    [-0.71211861598036408, 0.70086506781177149, -0.04092925106304591, -18.09631899999976667]
    [-0.01061018823704138, 0.04754829351338641, 0.99881257190060924, 6.10053699999999921]
  #120 objects/planets/cave/sand01/dressing/scree_a/scree_a_02_flat.cgf
    [-0.37307128950751889, -0.89340090548906814, 0.25030563975540870, -1.38463200000023789]
    [0.91603645564594294, -0.39751177706816748, -0.05349651667707153, -17.35556099999985236]
    [0.14729325561501330, 0.20933104748286857, 0.96668789569690472, 0.01943299999999937]
  #121 objects/planets/geology/spiky_rough_01/spiky_rough_01_plt_a.cgf
    [0.67444599608317413, -0.56667632174397908, -0.47328682632915392, 3.28394699999989825]
    [-0.69470882191121142, -0.70412849393654586, -0.14691014947927150, -13.01912899999979345]
    [-0.25000425268531956, 0.42787952233777155, -0.86857173753115469, 3.14117700000000077]
  #122 objects/planets/cave/sand01/dressing/scree_a/scree_a_01_flat.cgf
    [0.10494661237342720, 0.98334088060318114, -0.14841660271384430, 1.37222500000007130]
    [-0.99443058107629423, 0.10522591486473103, -0.00599108807826705, -12.59802799999988565]
    [0.00972598821831480, 0.14821871086559163, 0.98890706629982994, -0.09566399999999931]
  #123 objects/planets/cave/sand01/dressing/scree_a/scree_a_01_flat.cgf
    [0.72482837450387272, -0.68427714383116056, 0.07992819667973747, -0.15511900000001333]
    [0.68739391414852469, 0.72607076407579341, -0.01762813166776355, -13.57532300000002579]
    [-0.04597100157464838, 0.06771952941947014, 0.99664468645027193, -0.11671199999999970]
  #124 objects/planets/geology/sand_spikes_01/sand_spikes_01_b.cgf
    [-0.88368597010477667, -0.46808083991147093, 0.00000000000000000, -1.89290700000037759]
    [0.46808083991147093, -0.88368597010477667, 0.00000000000000000, -11.15031099999987418]
    [0.00000000000000000, 0.00000000000000000, 1.00000028322608392, 5.08827900000000000]
  #125 objects/planets/cave/sand01/dressing/scree_a/scree_a_01_flat.cgf
    [0.25339573305737173, -0.96735830861240435, -0.00294362507411411, 0.22183500000028289]
    [0.96730183339407438, 0.25341275258490403, -0.01045464688624517, -19.12561599999980899]
    [0.01085934079449965, -0.00019821100359197, 0.99994109583095880, 4.87774899999999967]
  #126 objects/planets/geology/spiky_rough_01/spiky_rough_01_plr_a.cgf
    [0.60635624374007469, -0.74542899266114582, -0.27688961550554136, 0.34600200000022596]
    [0.73898136370391276, 0.65682069071270344, -0.14997753480832499, -20.69271100000014485]
    [0.29366441114463027, -0.11367644324602372, 0.94912539554855491, -0.99768999999999863]
  #127 objects/planets/cave/sand01/dressing/scree_a/scree_a_02_flat.cgf
    [0.92351852969967463, -0.36352391422045915, 0.12232737435547747, -2.42226000000027852]
    [0.36647087390166799, 0.93042799511565100, -0.00171520037761846, -14.39543400000002293]
    [-0.11319329180042696, 0.04641343685210035, 0.99248837222230324, 1.46621400000000079]
  #128 objects/planets/cave/sand01/dressing/scree_a/scree_a_03_flat.cgf
    [-0.89552398462786720, -0.41917352621813331, 0.14943982882954887, -0.26107599999977538]
    [0.44059627743371604, -0.88235185759115853, 0.16532402814928393, -18.24646600000005492]
    [0.06255899483128605, 0.21389405996850219, 0.97485261339466667, -0.03356300000000090]
  #129 objects/planets/geology/spiky_rough_01/spiky_rough_01_plr_a.cgf
    [0.22488403386871836, 0.97261524090228513, -0.05870440973189657, 4.94683900000018184]
    [-0.97407584895166299, 0.22592239802611500, 0.01160835068707071, -15.86952999999994063]
    [0.02455310665633678, 0.05457203020932021, 0.99820763457248873, 4.84127299999999927]
  #130 objects/planets/cave/sand01/dressing/scree_a/scree_a_02_flat.cgf
    [-0.71458684555196128, 0.68341189207365216, 0.14937486306699146, -2.11428599999999278]
    [-0.69279531585328702, -0.66177571369396826, -0.28650755465861194, -13.92627200000015364]
    [-0.09695006073085204, -0.30822088559509397, 0.94636123926708560, 5.10530999999999935]
  #131 objects/planets/cave/sand01/dressing/scree_a/scree_a_02_flat.cgf
    [0.00639844075822518, -0.99532978574408382, 0.09631618018173695, -2.25164700000004814]
    [0.99973416480407062, 0.00849880983792616, 0.02141258866058363, -15.46102400000017951]
    [-0.02213116982159026, 0.09615361064607041, 0.99512000456244110, 1.37126999999999910]
  #132 objects/planets/geology/spiky_rough_01/spiky_rough_01_ldg_a.cgf
    [-0.95097202651192692, 0.30671809766275249, -0.03970318575920542, -0.08695900000020629]
    [-0.30660669018691117, -0.95179366567785284, -0.00901582551028359, -14.93988499999977648]
    [-0.04055455493425109, 0.00359946428606581, 0.99917090706866940, 4.30363099999999932]
  #133 objects/planets/cave/sand01/dressing/scree_a/scree_a_02_flat.cgf
    [-0.29755086789359364, -0.79304171382883004, -0.53155294496275740, 2.57095599999956903]
    [0.90942829834315708, -0.40487254405582784, 0.09496633823524103, -9.68396600000005492]
    [-0.29052342993951052, -0.45515192557273970, 0.84168466390863317, 1.29040499999999980]
  #134 objects/planets/cave/sand01/dressing/scree_a/scree_a_02_flat.cgf
    [-0.22606859338604657, 0.97396116046130554, -0.01708589513719400, 4.47811600000022736]
    [-0.97261810360556944, -0.22665811087143975, -0.05137513143743620, -16.84250299999985145]
    [-0.05391005878755917, 0.00500374903197068, 0.99853289724097982, 6.00996600000000036]
  #135 objects/planets/cave/sand01/dressing/scree_a/scree_a_01_flat.cgf
    [0.17762298328650250, -0.98409351530611555, 0.00323993830886103, 0.55825999999979103]
    [0.97985314423358161, 0.17655021281651281, -0.09337187129643733, -12.50159299999995710]
    [0.09131461987741779, 0.01975964944745668, 0.99562626758726436, -0.12801500000000132]
  #136 objects/planets/geology/spiky_rough_01/spiky_rough_01_ldg_b.cgf
    [0.25881757772310116, 0.96592633214348911, 0.00000000000000000, -0.49084599999969214]
    [-0.96592633214348911, 0.25881757772310116, -0.00000000000000000, -15.49482899999975416]
    [-0.00000000000000000, 0.00000000000000000, 1.00000010883330770, 4.64419000000000004]
  #137 objects/planets/cave/sand01/dressing/scree_a/scree_a_01_flat.cgf
    [-0.06656670074123812, -0.90244190943836922, -0.42563780063955153, 1.75454900000022462]
    [0.99727036933032465, -0.07383453314277552, 0.00057884623539285, -7.06580200000007608]
    [-0.03194914239541150, -0.42443742141384821, 0.90489346914174307, 0.90438299999999927]
  #138 objects/planets/cave/sand01/dressing/scree_a/scree_a_01_flat.cgf
    [-0.06694916285893171, -0.99578342449893165, -0.06271394551234531, 0.33853399999952671]
    [0.99274555717061275, -0.07277263966755317, 0.09570924464168887, -10.83167099999991478]
    [-0.09986954584133449, -0.05585134094230552, 0.99343170847544837, -0.11236800000000002]
  #139 objects/planets/cave/sand01/dressing/scree_a/scree_a_01_flat.cgf
    [0.42480080966033595, -0.90326906392387718, -0.06040756363311680, 0.28072799999972631]
    [0.90517567428692225, 0.42275683387311969, 0.04397114470734943, -16.60740099999975428]
    [-0.01418006576931868, -0.07335844222542839, 0.99720472730684540, 5.00754599999999961]
  #140 objects/planets/cave/sand01/dressing/scree_a/scree_a_02_flat.cgf
    [0.48828074167339230, -0.87264248101021180, 0.00879031618948745, 1.01773299999968003]
    [0.86732151140209535, 0.48636940700291681, 0.10582271874367613, -20.25696400000015274]
    [-0.09662072852941056, -0.04404715972069364, 0.99434628502874833, -0.13324700000000078]
  #141 objects/planets/geology/spiky_rough_01/spiky_rough_01_plr_a.cgf
    [0.10627565417974624, 0.98919037571435242, 0.10103189523698093, -4.54092000000036933]
    [-0.98739926514785048, 0.09300662327767212, 0.12803131314011068, -19.52406599999994796]
    [0.11725073324531018, -0.11336545573054639, 0.98661040787782783, 3.58747299999999925]
  #142 objects/planets/cave/sand01/dressing/scree_a/scree_a_02_flat.cgf
    [0.82957732688959895, -0.55813046419628343, -0.01708638064698175, 3.40043700000023819]
    [0.55674616416360956, 0.82909253965727503, -0.05137480054094659, -17.06212800000002972]
    [0.04284002983985351, 0.03310659114974025, 0.99853331753258456, 5.87382099999999951]
  #143 objects/planets/cave/sand01/dressing/scree_a/scree_a_02_flat.cgf
    [-0.85405950444283829, 0.52016976116018643, 0.00246589937698714, 1.07091399999990244]
    [-0.51744565260373088, -0.85005277049076500, 0.09828826072732721, -10.19984699999986333]
    [0.05322271776865535, 0.08266804201055290, 0.99515508105912254, 4.79081000000000046]
  #144 objects/planets/geology/sand_spikes_01/sand_spikes_01_d.cgf
    [0.92659343441506181, -0.37606468686216171, 0.00000000000000000, -4.28975499999978638]
    [0.37606468686216171, 0.92659343441506181, 0.00000000000000000, -15.40630899999996473]
    [0.00000000000000000, 0.00000000000000000, 1.00000002070291738, 1.49086999999999925]
  #145 objects/planets/geology/spiky_rough_01/spiky_rough_01_bld_a.cgf
    [-0.97257174492556320, -0.20068755717401141, -0.11760028477759714, -2.55419400000027963]
    [0.22995319127062488, -0.90567961723398194, -0.35618405686268773, -23.16204400000015085]
    [-0.03502645298484348, -0.37345690103977841, 0.92698663003781445, 3.88783699999999932]
  #146 objects/planets/geology/spiky_rough_01/spiky_rough_01_plt_a.cgf
    [0.30528291831480386, -0.37360363898022247, 0.87591220219580235, 2.82974600000034116]
    [-0.94486167719553993, -0.00439471453015120, 0.32743949468718270, -13.75510799999983647]
    [-0.11848323080502088, -0.92757777714566980, -0.35434547632652247, 0.41326899999999966]
  #147 objects/planets/geology/spiky_rough_01/spiky_rough_01_bld_a.cgf
    [0.23445589758805604, -0.95246967942011662, 0.19450269194757913, -1.26758799999970506]
    [0.97035386189710437, 0.21721925095884631, -0.10596478196829633, -12.72611999999980981]
    [0.05867853177176328, 0.21358057519716911, 0.97516128056383178, 0.51153700000000057]
  #148 objects/planets/cave/sand01/dressing/scree_a/scree_a_02_flat.cgf
    [0.42191544106514633, -0.88624507789110007, -0.19119842742505463, 1.56522899999981746]
    [0.90663497229447065, 0.41253160683761642, 0.08849020577324732, -10.00103300000000672]
    [0.00045138522386681, -0.21068258451752772, 0.97755432635614037, 4.98817000000000021]
  #149 objects/planets/cave/sand01/dressing/scree_a/scree_a_03_flat.cgf
    [-0.62397965814871648, -0.76327384304495138, 0.16751891162737542, 0.29947100000026694]
    [0.77512128014395065, -0.63175250485441425, 0.00871393659577831, -11.95838000000003376]
    [0.09917936427217509, 0.13528478165108912, 0.98583043195521369, -0.02377800000000008]
  #150 objects/planets/cave/sand01/dressing/scree_a/scree_a_01_flat.cgf
    [-0.79815035272020707, 0.56032849848105482, -0.22132776337219587, 1.83511600000019826]
    [-0.59612632408664312, -0.78765441202494535, 0.15566606420587456, -19.71423899999990681]
    [-0.08710574481811680, 0.25618448743896910, 0.96269418208072566, -0.08596100000000106]
  #151 objects/planets/cave/sand01/dressing/scree_a/scree_a_03_flat.cgf
    [-0.26064221353041994, -0.96156901640500969, -0.08631913396811589, 0.27456900000015594]
    [0.96219270159173154, -0.26604852114725358, 0.05834140101253193, -14.83435599999984333]
    [-0.07906434849354452, -0.06784939762740672, 0.99455800118043902, 5.05991299999999988]
  #152 objects/planets/geology/sand_spikes_01/sand_spikes_01_b.cgf
    [-0.30752233732103385, 0.95154128101554802, 0.00000000000000000, -1.29950900000039837]
    [-0.95154128101554802, -0.30752233732103385, -0.00000000000000000, -9.41586700000016208]
    [-0.00000000000000000, 0.00000000000000000, 1.00000039871397117, 0.03611099999999823]
  #153 objects/planets/geology/sand_spikes_01/sand_spikes_broken_01_a.cgf
    [0.73651705512319410, 0.66041538920975096, -0.14626646021093181, 1.97329900000022462]
    [-0.65664668677149407, 0.74997212304927341, 0.07972878762423408, -4.04065499999978783]
    [0.16234990742135463, 0.03732377953723204, 0.98602696677949875, -0.01763899999999907]
  #154 objects/planets/geology/spiky_rough_01/spiky_rough_01_bld_a.cgf
    [-0.95127022596310684, 0.04327388778439637, -0.30530296519279987, -3.75450900000032561]
    [0.05864049968786884, 0.99742168880116655, -0.04133810867442341, -21.33445100000017192]
    [0.30272730586428698, -0.05722689986749986, -0.95135631229266482, 7.43137899999999973]
  #155 objects/planets/geology/sand_spikes_01/sand_spikes_broken_01_a.cgf
    [0.07556232203697356, 0.94418118418844998, -0.32064424424091337, 2.02700999999979103]
    [-0.87680780102266576, 0.21605240575080814, 0.42956948505106235, -15.08533299999999144]
    [0.47486726567128984, 0.24868404421219706, 0.84419063640867775, 0.37619600000000020]
  #156 objects/planets/geology/sand_spikes_01/sand_spikes_broken_01_a.cgf
    [0.69100229579615691, 0.72263117723589665, -0.01788996705473325, 0.47378800000024057]
    [-0.72276341826424373, 0.69109415467651425, -0.00139736217834704, -22.94861399999990681]
    [0.01135387394431540, 0.01389579392238931, 0.99983900628443190, 5.06855200000000039]
  #157 objects/planets/geology/sand_spikes_01/sand_spikes_01_d.cgf
    [0.92659343441506181, -0.37606468686216171, 0.00000000000000000, 2.58013299999947776]
    [0.37606468686216171, 0.92659343441506181, 0.00000000000000000, -15.94109799999978350]
    [0.00000000000000000, 0.00000000000000000, 1.00000002070291738, 0.29009500000000088]
  #158 objects/planets/geology/spiky_rough_01/spiky_rough_01_plr_b.cgf
    [0.40410633232884152, 0.89577673388192958, 0.18515402684374677, -4.63090999999985797]
    [-0.91432956446531843, 0.38972320217643047, 0.11007802541338822, -18.61785000000008949]
    [0.02644651518240755, -0.21377503869739359, 0.97652481438698457, 3.50663300000000078]
  #159 objects/planets/cave/sand01/dressing/scree_a/scree_a_01_flat.cgf
    [0.17553110567942773, 0.97885596556087484, -0.10502122603672477, -1.01693499999964843]
    [-0.98406005818353681, 0.17136405749961270, -0.04753724832692192, -3.85095799999999144]
    [-0.02853526099729188, 0.11169148032221934, 0.99333296552397754, -0.44069000000000003]
  #160 objects/planets/geology/spiky_rough_01/spiky_rough_01_bld_a.cgf
    [0.20478170268507595, -0.97838420836294981, 0.02878906926833121, 3.59269599999970524]
    [0.96153214999024350, 0.20658194278949887, 0.18105203916661036, -13.97086499999977605]
    [-0.18308575645984249, -0.00939452911283090, 0.98305206578400894, 2.23395400000000066]
  #161 objects/planets/geology/spiky_rough_01/spiky_rough_01_bld_a.cgf
    [0.22488271391680262, -0.96820952831710749, 0.10952642251881309, 4.02662400000008347]
    [-0.97407540967408868, -0.22621893262510770, 0.00023186764610117, -15.53155999999989945]
    [0.02455247893924031, -0.10673924662612641, -0.99398283283969091, 8.86599100000000107]
  #162 objects/planets/cave/sand01/dressing/scree_a/scree_a_01_flat.cgf
    [0.42157078148677773, -0.89903978544905339, 0.11834421879744483, -0.23519699999997101]
    [0.89813984574796912, 0.43196460034135004, 0.08216577924039709, -9.68591900000001260]
    [-0.12499082935508307, 0.07165097332268186, 0.98956720052024283, 4.85750999999999955]
  #163 objects/planets/cave/sand01/dressing/scree_a/scree_a_02_flat.cgf
    [0.56990321082420592, 0.76496469157593405, -0.30006602240447228, 2.07486199999948440]
    [-0.81932828966027937, 0.55680150565165898, -0.13665102975701032, -17.25769600000012360]
    [0.06254399189263861, 0.32373039834625683, 0.94408005229003322, 5.16750700000000052]
  #164 objects/planets/geology/sand_spikes_01/sand_spikes_broken_01_a.cgf
    [0.69151552112080139, 0.72103489520367592, -0.04376231372361711, 2.66519400000015594]
    [-0.71992731297232271, 0.69288868847907148, 0.04012612078181959, -21.49109499999985928]
    [0.05925474023461301, 0.00375784927451771, 0.99823590923355998, 5.11133599999999966]
  #165 objects/planets/cave/sand01/dressing/scree_a/scree_a_02_flat.cgf
    [0.49496315459065987, 0.84389784041019822, -0.20699645489798318, 2.10904200000004494]
    [-0.86613094495252740, 0.49822417059327090, -0.03986833109067495, -13.34729599999991478]
    [0.06948585168918105, 0.19901942764292532, 0.97752882598283419, -0.07283999999999935]
  #166 objects/planets/geology/spiky_rough_01/spiky_rough_01_bld_a.cgf
    [0.23445519875220155, 0.96758277669132087, -0.09387639936269972, -2.25025000000005093]
    [0.97035354855004508, -0.22710496366471297, 0.08267874348410427, -13.93215999999983978]
    [0.05867877745255751, -0.11047784419551564, -0.99214409001289217, 3.38535599999999981]
  #167 objects/planets/cave/sand01/dressing/scree_a/scree_a_02_flat.cgf
    [-0.98234209252708604, -0.12301677126163919, 0.14095538943812611, -3.68327899999985675]
    [0.14616299948418382, -0.97492739399920514, 0.16778107338282078, -18.05364899999995032]
    [0.11678152852689820, 0.18542110179822183, 0.97569391930904303, 3.22809200000000018]
  #168 objects/planets/geology/spiky_rough_01/spiky_rough_01_bld_a.cgf
    [0.95161896062200568, 0.30592901037123360, 0.02878830136764292, 0.90856699999949342]
    [-0.30595773288255940, 0.93467109931056769, 0.18105185362376791, -21.29285900000013498]
    [0.02848142151861528, -0.18110038272879347, 0.98305210029856827, 0.20256699999999839]
  #169 objects/planets/geology/sand_spikes_01/sand_spikes_01_b.cgf
    [0.99944448888166959, 0.03332736833665323, 0.00000000000000000, 2.85891400000036811]
    [-0.03332736833665323, 0.99944448888166959, -0.00000000000000000, -22.28366000000005442]
    [-0.00000000000000000, 0.00000000000000000, 0.99999999991809430, 5.11466700000000074]
  #170 objects/planets/cave/sand01/dressing/scree_a/scree_a_02_flat.cgf
    [0.73623329234968116, 0.67471326184373159, -0.05218027107042866, -3.57853299999987939]
    [-0.66981622600610802, 0.73753643412266878, 0.08594451047853757, -21.33702399999992849]
    [0.09647274110196112, -0.02832401445157187, 0.99493265480155169, 3.81799700000000009]
  #171 objects/planets/geology/sand_spikes_01/sand_spikes_broken_01_a.cgf
    [0.68608614493544351, 0.72454464971202093, -0.06573048417648210, 1.09537000000000262]
    [-0.71394675251104733, 0.68790314383939810, 0.13064816693536069, -22.47131899999976667]
    [0.13987666193943596, -0.04270783907346954, 0.98924729171988324, 5.06428099999999937]
  #172 objects/planets/cave/sand01/dressing/scree_a/scree_a_03_flat.cgf
    [0.29647669442662677, -0.95129170103241578, -0.08452940009748990, 1.23160000000007130]
    [0.95481913238852867, 0.29334212104543850, 0.04764844926656748, -19.29505000000017390]
    [-0.02053154545585820, -0.09483696452093039, 0.99528084281461882, -0.17261999999999844]
  #173 objects/planets/cave/sand01/dressing/scree_a/scree_a_01_flat.cgf
    [0.48758254044433008, -0.85523741210089232, 0.17558949332102983, -0.76555699999971694]
    [0.86766162276467662, 0.49702214928133948, 0.01147721538703070, -14.87149499999986801]
    [-0.09708763877618769, 0.14675621634070826, 0.98439628114400057, -0.02568300000000079]
  #174 objects/planets/cave/sand01/dressing/scree_a/scree_a_01_flat.cgf
    [-0.72862242029770186, 0.62071211477911137, -0.28952552872560072, 2.85611199999948440]
    [-0.59123187610292338, -0.78340308986975604, -0.19163418285945968, -17.35608499999989363]
    [-0.34576499229565300, 0.03154777213748303, 0.93779022214662955, 0.22419700000000020]
  #175 objects/planets/geology/spiky_rough_01/spiky_rough_01_bld_a.cgf
    [0.22488347163377809, 0.97342365445496215, 0.04328325593716879, 4.86645099999986996]
    [-0.97407607019918663, 0.22347079787277047, 0.03516019161570361, -17.18189799999981915]
    [0.02455322305289786, -0.05006813913748041, 0.99844376295916681, 6.19224400000000053]
  #176 objects/planets/cave/sand01/dressing/scree_a/scree_a_02_flat.cgf
    [0.98215757310825180, 0.05929395991201964, 0.17846768620400244, -0.67172000000027765]
    [-0.06587030776250674, 0.99734195583779051, 0.03114663378076217, -17.85168999999996231]
    [-0.17614650509258231, -0.04234662393334419, 0.98345267262846270, -0.20368799999999965]
  #177 objects/planets/geology/spiky_rough_01/spiky_rough_01_plt_a.cgf
    [-0.67515285247262968, -0.53727381946763797, -0.50547562214373765, -2.89017200000034791]
    [0.60052385614901549, -0.00235511169623341, -0.79960345641679553, -18.14516499999990629]
    [0.42841552243453923, -0.84340466694963556, 0.32423578422744570, 2.07240299999999955]
  #178 objects/planets/geology/spiky_rough_01/spiky_rough_01_plr_b.cgf
    [0.20478170268507595, -0.97838420836294981, 0.02878906926833121, -2.98301100000026054]
    [0.96153214999024350, 0.20658194278949887, 0.18105203916661036, -14.52021899999999732]
    [-0.18308575645984249, -0.00939452911283090, 0.98305206578400894, 1.17966000000000015]
  #179 objects/planets/cave/sand01/dressing/scree_a/scree_a_03_flat.cgf
    [0.07047239537265916, 0.99420636678310570, -0.08115953013671455, 1.13540899999952671]
    [-0.99308051442091294, 0.07758859062345215, 0.08815117739541060, -17.17517700000007608]
    [0.09393753755326140, 0.07438574088250403, 0.99279505850171634, 5.06056399999999940]
