# IncludedObjects
# Cgfs: 84, Materials: 14, Palettes: 3, Placements: 138

[CGFs]
      0: objects/buildingsets/human/lowtech/bravo/int/roomsm/floor/roomsm_floor_end_04x04x0025_a.cgf
      1: objects/buildingsets/human/universal/prop/storage/box_cardboard/box_cardboard_005x005x004_red.cgf
      2: objects/buildingsets/human/lowtech/bravo/int/roomsm_b/ceiling/roomsm_b_ceiling_straight_04x02x005_a.cgf
      3: objects/buildingsets/human/lowtech/bravo/int/prop/light/light_fluorescent_hexagon_half_b.cgf
      4: objects/buildingsets/human/lowtech/prop/medical/desk/desk_medical_draws_1_a.cgf
      5: objects/buildingsets/human/lowtech/bravo/int/roomsm/wall/roomsm_wall_straight_02x01x04_c.cgf
      6: objects/buildingsets/human/lowtech/bravo/int/roomsm/wall/roomsm_wall_straight_04x01x04_panel_c.cgf
      7: objects/buildingsets/human/lowtech/bravo/grimhex_hosp/shelves/hosp_grimhex_shelf_c.cgf
      8: objects/buildingsets/human/shop/alpha/shippart/dumpersdepot/prop/prop_dumper_dolly_a.cgf
      9: objects/buildingsets/human/lowtech/bravo/int/roomsm/wall/roomsm_wall_straight_04x01x04_d.cgf
     10: objects/buildingsets/human/universal/prop/crates/crate_basket_1_a.cgf
     11: objects/buildingsets/human/lowtech/bravo/int/roomsm/partition/roomsm_partition_end_03x01x005_a.cgf
     12: objects/buildingsets/human/lowtech/prop/furniture/seat/seat_desk_1_a.cgf
     13: data/objects/buildingsets/human/lowtech/bravo/levski_hosp/sign/levski_hosp_sign_insurance_b.cgf
     14: objects/buildingsets/human/lowtech/prop/furniture/counter/counter_admin_office_end_0075x01x01_b.cgf
     15: objects/buildingsets/human/universal/prop/storage/box_cardboard/box_cardboard_open_005x005x004_grey.cgf
     16: objects/buildingsets/human/lowtech/prop/furniture/counter/counter_admin_office_end_0075x01x01_a.cgf
     17: objects/buildingsets/human/lowtech/alpha/int/universal/prop/grate_1x2_a.cgf
     18: objects/buildingsets/human/lowtech/bravo/int/roomsm/addon/roomsm_addon_topcase_a.cgf
     19: objects/buildingsets/human/lowtech/bravo/int/roomsm/addon/roomsm_addon_pillar_straight_d.cgf
     20: objects/buildingsets/human/lowtech/bravo/int/cable/cable_straight_box_a.cgf
     21: objects/buildingsets/human/hightech/prop/maintenance/cable/cable_hanging_1_h.cgf
     22: objects/buildingsets/human/lowtech/bravo/int/roomsm/addon/roomsm_addon_fan_b.cgf
     23: objects/buildingsets/human/lowtech/bravo/int/roomsm/wall/roomsm_wall_straight_01x01x04_a.cgf
     24: objects/buildingsets/human/lowtech/bravo/int/shanty/beam/shanty_beam_01x01x02_a.cgf
     25: objects/buildingsets/human/lowtech/bravo/int/roomsm/wall/roomsm_wall_straight_02x01x04_b.cgf
     26: objects/buildingsets/human/lowtech/bravo/levski_hosp/display/levski_hosp_sign_display_b.cgf
     27: objects/buildingsets/human/universal/prop/medical/rag/rag_bloody_1_f.cgf
     28: objects/buildingsets/human/universal/prop/storage/box_cardboard/box_cardboard_005x005x004_grey.cgf
     29: objects/buildingsets/human/universal/prop/dressing/stationery/stationery_paper_1_a.cgf
     30: objects/buildingsets/human/lowtech/bravo/int/roomsm/floor/roomsm_floor_end_02x04x0025_a.cgf
     31: objects/buildingsets/human/lowtech/prop/furniture/counter/counter_admin_office_straight_02x01x01_a.cgf
     32: objects/buildingsets/human/universal/prop/storage/box_cardboard/box_cardboard_open_005x005x008_grey.cgf
     33: objects/buildingsets/human/lowtech/bravo/int/walkway/addon/walkway_addon_railing_carpet_b.cgf
     34: objects/buildingsets/human/lowtech/bravo/int/roomsm/addon/roomsm_addon_stack_attach_a.cgf
     35: objects/buildingsets/human/lowtech/bravo/int/roomsm/wall/roomsm_wall_straight_01x01x04_b.cgf
     36: objects/buildingsets/human/lowtech/prop/furniture/counter/counter_admin_office_straight_02x01x01_b.cgf
     37: objects/buildingsets/human/universal/prop/storage/box_cardboard/box_cardboard_005x01x008_a.cgf
     38: objects/buildingsets/human/lowtech/alpha/int/universal/prop/cable_hanging_e.cgf
     39: objects/buildingsets/human/universal/prop/dressing/stationery/stationery_scissor_1_a.cgf
     40: objects/buildingsets/human/lowtech/bravo/pod/pod_exterior_cap_frame_half_b.cgf
     41: objects/buildingsets/human/universal/prop/dressing/stationery/stationery_pen_1_a.cgf
     42: objects/buildingsets/human/hightech/prop/dressing/cup/cup_coffee_1_a.cgf
     43: data/objects/buildingsets/human/lowtech/loc/stanton/hurston/lorville/mpoh_hospital/mpoh_pharmacy/mpoh_pharmacy_console_a_patch.cgf
     44: objects/buildingsets/human/lowtech/prop/medical/desk/desk_seat_stool_1_a.cgf
     45: objects/buildingsets/human/universal/prop/dressing/stationery/stationery_pen_1_b.cgf
     46: objects/buildingsets/human/universal/prop/light/lamp/lamp_desk_1_a.cgf
     47: objects/buildingsets/human/lowtech/prop/medical/desk/desk_medical_straight_02x0075_1_a.cgf
     48: objects/buildingsets/human/lowtech/prop/medical/desk/desk_medical_end_cap_1_a.cgf
     49: objects/buildingsets/human/lowtech/bravo/int/roomsm/addon/roomsm_addon_pillar_straight_e.cgf
     50: objects/buildingsets/human/lowtech/bravo/int/roomsm/wall/wall_fs/roomsm_wall_cornerin_plain_03x03x04_b.cgf
     51: objects/buildingsets/human/lowtech/bravo/int/roomsm_b/ceiling/roomsm_b_ceiling_straight_02x02x005_c.cgf
     52: objects/buildingsets/human/lowtech/bravo/prop/drapes/drapes_1_right_a.cgf
     53: objects/buildingsets/human/universal/prop/dressing/stationery/stationery_paper_1_b.cgf
     54: objects/buildingsets/human/lowtech/bravo/int/roomsm/wall/roomsm_wall_door_02x01x04_a.cgf
     55: objects/buildingsets/human/lowtech/bravo/int/roomsm/wall/roomsm_wall_straight_04x01x04_panel_square_a.cgf
     56: objects/buildingsets/human/universal/prop/medical/diagnostic/diagnostic_monitor_1_a.cgf
     57: objects/buildingsets/human/lowtech/prop/utility/waste/waste_trashcan_2_a.cgf
     58: objects/buildingsets/human/universal/prop/dressing/box/box_file_3_a.cgf
     59: objects/buildingsets/human/lowtech/bravo/int/roomsm/wall/wall_fs/roomsm_wall_straight_02x01x04_f.cgf
     60: objects/buildingsets/human/universal/prop/storage/storage_tray_1_stand_a.cgf
     61: objects/buildingsets/human/hightech/prop/maintenance/cable/cable_hanging_1_a.cgf
     62: objects/buildingsets/human/lowtech/alpha/int/universal/prop/trashcan.cgf
     63: objects/buildingsets/human/universal/prop/dressing/stationery/stationery_file_2_f.cgf
     64: objects/buildingsets/human/universal/prop/dressing/stationery/stationery_file_2_c.cgf
     65: objects/buildingsets/human/universal/prop/dressing/box/box_file_1_a.cgf
     66: objects/buildingsets/human/universal/prop/dressing/box/box_file_2_a.cgf
     67: objects/buildingsets/human/universal/prop/medical/rag/rag_bloody_2_b.cgf
     68: objects/buildingsets/human/lowtech/bravo/int/walkway/addon/walkway_addon_railing_cable_f.cgf
     69: objects/buildingsets/human/lowtech/alpha/ext/prop/trash_bag_a.cgf
     70: objects/buildingsets/human/universal/prop/dressing/stationery/stationery_file_2_e.cgf
     71: objects/buildingsets/human/lowtech/bravo/int/roomsm/wall/roomsm_wall_cornerin_03x03x04_b.cgf
     72: objects/buildingsets/human/universal/prop/dressing/stationery/stationery_file_2_h.cgf
     73: objects/buildingsets/human/lowtech/bravo/int/roomsm/wall/wall_fs/roomsm_wall_straight_01x01x04_b.cgf
     74: objects/buildingsets/human/lowtech/bravo/int/roomsm/wall/roomsm_wall_cornerout_02x02x04_b.cgf
     75: objects/buildingsets/human/universal/prop/storage/box_cardboard/box_cardboard_open_005x005x004_a.cgf
     76: objects/buildingsets/human/universal/prop/dressing/stationery/stationery_file_2_a.cgf
     77: objects/buildingsets/human/universal/prop/dressing/stationery/stationery_file_1_open_b.cgf
     78: objects/buildingsets/human/universal/prop/dressing/stationery/stationery_file_2_b.cgf
     79: objects/buildingsets/human/universal/prop/dressing/stationery/stationery_file_2_g.cgf
     80: objects/buildingsets/human/universal/prop/crates/crate_basket_1_b.cgf
     81: objects/buildingsets/human/lowtech/charlie/int/prop/uee_lawless_prop_coffeemaker_01.cgf
     82: objects/buildingsets/human/lowtech/prop/medical/desk/desk_medical_legs_1_a.cgf
     83: objects/buildingsets/human/universal/prop/dressing/cup/cup_disposable_1_c.cgf

[Materials]
      0: objects/buildingsets/human/lowtech/bravo/int/lowtech_bravo_int_grim_accent
      1: objects/buildingsets/human/lowtech/bravo/int/lowtech_bravo_int_grim
      2: materials/decals/garbage/garbage_pile_05
      3: materials/decals/weathered/gloss_wear_dark_b
      4: materials/decals/weathered/gloss_wear_dark_c
      5: objects/buildingsets/human/lowtech/bravo/int/lowtech_bravo_int_c
      6: materials/decals/scratches/scratches_big_e
      7: materials/decals/leakings/rust_leakings_a
      8: materials/decals/leakings/rust_leakings_c
      9: materials/decals/garbage/garbage_pile_01
     10: objects/buildingsets/human/shop/india/cafemusain/cafemusain_levski_c_accent
     11: materials/decals/weathered/gloss_wear_dark_a
     12: materials/decals/garbage/garbage_pile_04
     13: materials/decals/garbage/garbage_pile_06

[Palettes]
      0: Libs/Foundry/Records/TintPalettes/default
      1: Libs/Foundry/Records/TintPalettes/Brand/Levski/levski_lightgreen
      2: Libs/Foundry/Records/TintPalettes/generic/gen_darkblue_grey_lightblue_a<111>

[Placements]
  #0 objects/buildingsets/human/lowtech/bravo/int/roomsm/floor/roomsm_floor_end_04x04x0025_a.cgf
    [-0.99999999999933320, -0.00000199999999495, 0.00000000000000000, 6.00000000000000000]
    [0.00000199999999495, -0.99999999999933320, 0.00000000000000000, -4.00000400000000411]
    [0.00000000000000000, 0.00000000000000000, 1.00000000000133338, -0.25000000000000000]
  #1 objects/buildingsets/human/universal/prop/storage/box_cardboard/box_cardboard_005x005x004_red.cgf
    [-0.00000039742594421, 0.62086092105237867, 0.00000000000000000, 2.90721900000000000]
    [-0.62086092105237867, -0.00000039742594421, -0.00000000000000000, -1.44898299999999836]
    [-0.00000000000000000, 0.00000000000000000, 0.62086092105250579, 1.75590000000000002]
  #2 objects/buildingsets/human/lowtech/bravo/int/roomsm_b/ceiling/roomsm_b_ceiling_straight_04x02x005_a.cgf
    [-0.00000064012100026, 1.00000042674731060, 0.00000000000000000, 0.12500000000000000]
    [-1.00000042674731060, -0.00000064012100026, -0.00000000000000000, -2.00000000000000000]
    [-0.00000000000000000, 0.00000000000000000, 1.00000042674751533, 3.75250000000000039]
  #3 objects/buildingsets/human/lowtech/bravo/int/roomsm_b/ceiling/roomsm_b_ceiling_straight_04x02x005_a.cgf
    [-0.00000064012100026, 1.00000042674731060, 0.00000000000000000, 0.12500000000000000]
    [-1.00000042674731060, -0.00000064012100026, -0.00000000000000000, -6.00000000000000000]
    [-0.00000000000000000, 0.00000000000000000, 1.00000042674751533, 3.75250000000000039]
  #4 objects/buildingsets/human/lowtech/bravo/int/prop/light/light_fluorescent_hexagon_half_b.cgf
    [-0.00000044808488346, 0.70000058552518407, 0.00000000000000000, 2.18042500000000006]
    [0.70000058552518407, 0.00000044808488346, 0.00000000000000000, -4.60052500000000464]
    [0.00000000000000000, 0.00000000000000000, -0.70000058552532751, 3.37383100000000002]
  #5 objects/buildingsets/human/lowtech/prop/medical/desk/desk_medical_draws_1_a.cgf
    [1.00000000000000000, 0.00000000000000000, 0.00000000000000000, 5.29729000000000028]
    [0.00000000000000000, 1.00000000000000000, 0.00000000000000000, -7.57500000000000284]
    [0.00000000000000000, 0.00000000000000000, 1.00000000000000000, -0.06250000000000000]
  #6 objects/buildingsets/human/lowtech/bravo/int/roomsm/wall/roomsm_wall_straight_02x01x04_c.cgf
    [1.00000000000000000, 0.00000000000000000, 0.00000000000000000, 2.00000000000000000]
    [0.00000000000000000, 1.00000000000000000, 0.00000000000000000, -9.00000000000000000]
    [0.00000000000000000, 0.00000000000000000, 1.00000000000000000, -0.24750000000000005]
  #7 objects/buildingsets/human/lowtech/prop/medical/desk/desk_medical_draws_1_a.cgf
    [1.00000000000000000, 0.00000000000000000, 0.00000000000000000, 3.20337400000000017]
    [0.00000000000000000, 1.00000000000000000, 0.00000000000000000, -7.57500000000000284]
    [0.00000000000000000, 0.00000000000000000, 1.00000000000000000, -0.06250000000000000]
  #8 objects/buildingsets/human/lowtech/bravo/int/roomsm/wall/roomsm_wall_straight_02x01x04_c.cgf
    [-0.99999999999933320, -0.00000199999999495, 0.00000000000000000, 4.00000000000000000]
    [0.00000199999999495, -0.99999999999933320, 0.00000000000000000, 0.00000000000000000]
    [0.00000000000000000, 0.00000000000000000, 1.00000000000133338, -0.24750000000000005]
  #9 objects/buildingsets/human/lowtech/bravo/int/roomsm_b/ceiling/roomsm_b_ceiling_straight_04x02x005_a.cgf
    [-0.00000064012100026, 1.00000042674731060, 0.00000000000000000, 0.12500000000000000]
    [-1.00000042674731060, -0.00000064012100026, -0.00000000000000000, -8.00000000000000000]
    [-0.00000000000000000, 0.00000000000000000, 1.00000042674751533, 3.75250000000000039]
  #10 objects/buildingsets/human/lowtech/bravo/int/roomsm/wall/roomsm_wall_straight_04x01x04_panel_c.cgf
    [1.80343108844173416, 0.00000000000000000, 0.00000000000000000, 0.71875000000000000]
    [0.00000000000000000, -0.00000115441361879, -1.80343108844136468, -7.12500000000000000]
    [0.00000000000000000, 1.80343108844136468, -0.00000115441361879, 3.78125000000000000]
  #11 objects/buildingsets/human/lowtech/bravo/grimhex_hosp/shelves/hosp_grimhex_shelf_c.cgf
    [-0.00000062091738857, -0.97000044255513285, 0.00000000000000000, 3.50000000000000000]
    [0.97000044255513285, -0.00000062091738857, 0.00000000000000000, -1.00000000000000000]
    [0.00000000000000000, 0.00000000000000000, 0.97000044255533158, 0.00000000000000000]
  #12 objects/buildingsets/human/lowtech/bravo/int/roomsm_b/ceiling/roomsm_b_ceiling_straight_04x02x005_a.cgf
    [-0.00000064012100026, 1.00000042674731060, 0.00000000000000000, 0.12500000000000000]
    [-1.00000042674731060, -0.00000064012100026, -0.00000000000000000, -4.00000000000000000]
    [-0.00000000000000000, 0.00000000000000000, 1.00000042674751533, 3.75250000000000039]
  #13 objects/buildingsets/human/lowtech/bravo/int/roomsm/floor/roomsm_floor_end_04x04x0025_a.cgf
    [-0.99999999999933320, -0.00000199999999495, 0.00000000000000000, 6.00000000000000000]
    [0.00000199999999495, -0.99999999999933320, 0.00000000000000000, -0.00000400000000411]
    [0.00000000000000000, 0.00000000000000000, 1.00000000000133338, -0.25000000000000000]
  #14 objects/buildingsets/human/shop/alpha/shippart/dumpersdepot/prop/prop_dumper_dolly_a.cgf
    [-0.17364980511646574, 0.98480746917144713, 0.00000000000000000, 3.30507900000000010]
    [-0.98480746917144713, -0.17364980511646574, -0.00000000000000000, -2.20204999999999984]
    [-0.00000000000000000, 0.00000000000000000, 1.00000000307642845, 0.00000000000000000]
  #15 objects/buildingsets/human/lowtech/bravo/int/roomsm/wall/roomsm_wall_straight_04x01x04_d.cgf
    [1.00000000000000000, 0.00000000000000000, 0.00000000000000000, 0.87500000000000000]
    [0.00000000000000000, 1.00000000000000000, 0.00000000000000000, -0.74999699999999336]
    [0.00000000000000000, 0.00000000000000000, 1.00000000000000000, -0.25000000000000000]
  #16 objects/buildingsets/human/universal/prop/crates/crate_basket_1_a.cgf
    [0.17364979733176009, -0.98480746961971100, 0.00000000000000000, 3.11262699999999981]
    [0.98480746961971100, 0.17364979733176009, 0.00000000000000000, -1.52244699999999966]
    [0.00000000000000000, 0.00000000000000000, 1.00000000216606955, 0.96445399999999992]
  #17 objects/buildingsets/human/lowtech/bravo/int/roomsm/partition/roomsm_partition_end_03x01x005_a.cgf
    [1.04038521033065479, 0.00000000000000000, 0.00000000000000000, 0.90625000000000000]
    [0.00000000000000000, 0.10874889826818231, -1.03468597313398303, -7.40625000000000000]
    [0.00000000000000000, 1.03468597313398303, 0.10874889826818231, 3.59375000000000000]
  #18 objects/buildingsets/human/lowtech/prop/furniture/seat/seat_desk_1_a.cgf
    [0.64278803720613709, -0.76604413342418709, 0.00000000000000000, 2.48462400000000017]
    [0.76604413342418709, 0.64278803720613709, 0.00000000000000000, -5.91875000000000284]
    [0.00000000000000000, 0.00000000000000000, 1.00000003756446532, 0.00000000000000000]
  #19 data/objects/buildingsets/human/lowtech/bravo/levski_hosp/sign/levski_hosp_sign_insurance_b.cgf
    [-0.00000052869432289, -1.08022534356169708, -0.00000000000000000, 0.20946299999999995]
    [1.07866779531834589, -0.00000052793201260, 0.05798775919145584, -4.40877799999999809]
    [-0.05798775919144891, 0.00000002838092928, 1.07866779531847512, 3.09963400000000000]
  #20 objects/buildingsets/human/lowtech/prop/furniture/counter/counter_admin_office_end_0075x01x01_b.cgf
    [-0.00000064012100026, 1.00000042674731060, 0.00000000000000000, 1.48462399999999994]
    [-1.00000042674731060, -0.00000064012100026, -0.00000000000000000, -7.57500000000000284]
    [-0.00000000000000000, 0.00000000000000000, 1.00000042674751533, 0.00000000000000000]
  #21 objects/buildingsets/human/universal/prop/storage/box_cardboard/box_cardboard_open_005x005x004_grey.cgf
    [0.17364719961933842, -0.98480783902040214, 0.00000000000000000, 1.84375000000000000]
    [0.98480783902040214, 0.17364719961933842, 0.00000000000000000, -7.56250000000000000]
    [0.00000000000000000, 0.00000000000000000, 0.99999991486583273, 0.00000000000000000]
  #22 objects/buildingsets/human/lowtech/prop/furniture/counter/counter_admin_office_end_0075x01x01_a.cgf
    [-0.00000064012100026, 1.00000042674731060, 0.00000000000000000, 1.48462399999999994]
    [-1.00000042674731060, -0.00000064012100026, -0.00000000000000000, -1.38750000000000284]
    [-0.00000000000000000, 0.00000000000000000, 1.00000042674751533, 0.00000000000000000]
  #23 objects/buildingsets/human/lowtech/alpha/int/universal/prop/grate_1x2_a.cgf
    [-0.47782742036171666, 0.00000000000000000, 0.00000000000000000, 1.90845799999999999]
    [0.00000000000000000, 0.00000030586723553, 0.47782742036161879, -1.61822600000000705]
    [0.00000000000000000, 0.47782742036161879, -0.00000030586723553, 3.13546999999999976]
  #24 objects/buildingsets/human/lowtech/bravo/int/roomsm/addon/roomsm_addon_topcase_a.cgf
    [-0.51403397321701050, 0.00000000000000000, 0.00000000000000000, 0.87490999999999985]
    [0.00000000000000000, -0.51403397321701050, 0.00000000000000000, -1.03108699999999942]
    [0.00000000000000000, 0.00000000000000000, 0.51403397321701050, 3.03468599999999977]
  #25 objects/buildingsets/human/lowtech/bravo/int/roomsm/addon/roomsm_addon_pillar_straight_d.cgf
    [0.00000238499424866, -1.07149241396484785, 0.00000000000000000, 0.69883899999999999]
    [1.07149241396484785, 0.00000238499424866, 0.00000000000000000, -0.85674000000000206]
    [0.00000000000000000, 0.00000000000000000, 1.07149241396750217, -0.23461099999999990]
  #26 objects/buildingsets/human/lowtech/bravo/int/cable/cable_straight_box_a.cgf
    [0.00000000000000000, 0.00000000000000000, 1.00000000000000000, 1.04598499999999994]
    [1.00000000000000000, 0.00000000000000000, 0.00000000000000000, -7.74638600000000110]
    [0.00000000000000000, 1.00000000000000000, 0.00000000000000000, 3.45624399999999987]
  #27 objects/buildingsets/human/hightech/prop/maintenance/cable/cable_hanging_1_h.cgf
    [-0.00000008694976577, -0.13583338593460739, 0.00000000000000000, 2.20062999999999986]
    [0.13583338593460739, -0.00000008694976577, 0.00000000000000000, -1.52816400000000385]
    [0.00000000000000000, 0.00000000000000000, 0.13583338593463520, 3.50113699999999994]
  #28 objects/buildingsets/human/lowtech/bravo/int/roomsm/addon/roomsm_addon_fan_b.cgf
    [0.66863101720809937, 0.00000000000000000, 0.00000000000000000, 1.50450499999999998]
    [0.00000000000000000, 0.66863101720809937, 0.00000000000000000, -8.15941500000000275]
    [0.00000000000000000, 0.00000000000000000, 0.66863101720809937, 2.53442699999999999]
  #29 objects/buildingsets/human/lowtech/bravo/int/roomsm/wall/roomsm_wall_straight_01x01x04_a.cgf
    [1.00000000000000000, 0.00000000000000000, 0.00000000000000000, 0.00000000000000000]
    [0.00000000000000000, 1.00000000000000000, 0.00000000000000000, -9.00000000000000000]
    [0.00000000000000000, 0.00000000000000000, 1.00000000000000000, -0.24750000000000005]
  #30 objects/buildingsets/human/lowtech/bravo/int/shanty/beam/shanty_beam_01x01x02_a.cgf
    [-1.00000000000000000, 0.00000000000000000, 0.00000000000000000, 1.09081600000000001]
    [0.00000000000000000, -1.00000000000000000, 0.00000000000000000, -7.90625000000000000]
    [0.00000000000000000, 0.00000000000000000, 1.00000000000000000, 0.00000000000000000]
  #31 objects/buildingsets/human/lowtech/bravo/int/roomsm/addon/roomsm_addon_pillar_straight_d.cgf
    [-0.00000179326035074, -0.88487899303254580, 0.00000179325853362, 0.84375000000000000]
    [-0.00000000000000005, 0.00000179325853357, 0.88487899303436279, -4.62500000000000000]
    [-0.88487899303436279, 0.00000179326035069, -0.00000000000363424, 3.81250000000000000]
  #32 objects/buildingsets/human/lowtech/bravo/int/roomsm/wall/roomsm_wall_straight_02x01x04_b.cgf
    [-0.99999999999933320, -0.00000199999999495, 0.00000000000000000, 2.00000000000000000]
    [0.00000199999999495, -0.99999999999933320, 0.00000000000000000, 0.00000400000000411]
    [0.00000000000000000, 0.00000000000000000, 1.00000000000133338, -0.24750000000000005]
  #33 objects/buildingsets/human/lowtech/bravo/int/shanty/beam/shanty_beam_01x01x02_a.cgf
    [-1.00000000000000000, 0.00000000000000000, 0.00000000000000000, 1.09081600000000001]
    [0.00000000000000000, -1.00000000000000000, 0.00000000000000000, -7.90625000000000000]
    [0.00000000000000000, 0.00000000000000000, 1.00000000000000000, 2.00000000000000000]
  #34 objects/buildingsets/human/lowtech/bravo/levski_hosp/display/levski_hosp_sign_display_b.cgf
    [-0.00000237290886042, -1.20787138838591113, -0.00000001940876519, 0.25000000000000000]
    [1.20756763735557970, -0.00000237274737546, 0.02708675124064853, -4.43686700000000656]
    [-0.02708675124063438, 0.00000003380905921, 1.20756763735791073, 3.09436399999999967]
  #35 objects/buildingsets/human/universal/prop/medical/rag/rag_bloody_1_f.cgf
    [-0.17364971662177126, -0.98480851973166328, 0.00000000000000000, 1.22246199999999994]
    [0.98480851973166328, -0.17364971662177126, 0.00000000000000000, -6.06032900000000296]
    [0.00000000000000000, 0.00000000000000000, 1.00000102230892307, 0.99768200000000018]
  #36 objects/buildingsets/human/universal/prop/storage/box_cardboard/box_cardboard_005x005x004_grey.cgf
    [1.00000000000000000, 0.00000000000000000, 0.00000000000000000, 1.46875000000000000]
    [0.00000000000000000, 1.00000000000000000, 0.00000000000000000, -6.71875000000000000]
    [0.00000000000000000, 0.00000000000000000, 1.00000000000000000, 0.00000000000000000]
  #37 objects/buildingsets/human/universal/prop/dressing/stationery/stationery_paper_1_a.cgf
    [0.08715638386881717, -0.99619412383474892, 0.00000000000000000, 1.16079599999999994]
    [0.99619412383474892, 0.08715638386881717, 0.00000000000000000, -2.61381699999999739]
    [0.00000000000000000, 0.00000000000000000, 0.99999948380585268, 1.00587900000000019]
  #38 objects/buildingsets/human/lowtech/bravo/int/roomsm/floor/roomsm_floor_end_02x04x0025_a.cgf
    [1.00000000000000000, 0.00000000000000000, 0.00000000000000000, 0.00000000000000000]
    [0.00000000000000000, 1.00000000000000000, 0.00000000000000000, -4.00000400000000411]
    [0.00000000000000000, 0.00000000000000000, 1.00000000000000000, -0.25000000000000000]
  #39 objects/buildingsets/human/lowtech/prop/furniture/counter/counter_admin_office_straight_02x01x01_a.cgf
    [-0.00000064012100026, 1.00000042674731060, 0.00000000000000000, 1.48462399999999994]
    [-1.00000042674731060, -0.00000064012100026, -0.00000000000000000, -1.38750000000000284]
    [-0.00000000000000000, 0.00000000000000000, 1.00000042674751533, 0.00000000000000000]
  #40 objects/buildingsets/human/universal/prop/storage/box_cardboard/box_cardboard_open_005x005x008_grey.cgf
    [0.90630833148532053, -0.42261705463863108, 0.00000000000000000, 2.06250000000000000]
    [0.42261705463863108, 0.90630833148532053, 0.00000000000000000, -1.75000000000000000]
    [0.00000000000000000, 0.00000000000000000, 0.99999998329556861, 0.00000000000000000]
  #41 objects/buildingsets/human/lowtech/bravo/int/walkway/addon/walkway_addon_railing_carpet_b.cgf
    [-0.08715464848509222, -0.99619517280470760, 0.00000000000000000, 2.17358399999999996]
    [0.99619517280470760, -0.08715464848509222, 0.00000000000000000, -4.47635400000000061]
    [0.00000000000000000, 0.00000000000000000, 1.00000037753590942, 0.00249199999999994]
  #42 objects/buildingsets/human/lowtech/bravo/int/roomsm/addon/roomsm_addon_pillar_straight_d.cgf
    [-0.00000179326035074, -0.88487899303254580, 0.00000179325853362, 0.84374299999999991]
    [-0.00000000000000005, 0.00000179325853357, 0.88487899303436279, -8.06250000000000000]
    [-0.88487899303436279, 0.00000179326035069, -0.00000000000363424, 3.81250000000000000]
  #43 objects/buildingsets/human/lowtech/bravo/int/roomsm/addon/roomsm_addon_stack_attach_a.cgf
    [1.25000000000000000, 0.00000000000000000, 0.00000000000000000, 0.63632400000000011]
    [0.00000000000000000, 1.25000000000000000, 0.00000000000000000, -7.88799000000000206]
    [0.00000000000000000, 0.00000000000000000, 1.25000000000000000, 2.70288899999999988]
  #44 objects/buildingsets/human/lowtech/bravo/int/roomsm/floor/roomsm_floor_end_02x04x0025_a.cgf
    [1.00000000000000000, 0.00000000000000000, 0.00000000000000000, 0.00000000000000000]
    [0.00000000000000000, 1.00000000000000000, 0.00000000000000000, -8.00000399999999701]
    [0.00000000000000000, 0.00000000000000000, 1.00000000000000000, -0.25000000000000000]
  #45 objects/buildingsets/human/lowtech/bravo/int/roomsm/addon/roomsm_addon_pillar_straight_d.cgf
    [0.00000238499424866, -1.07149241396484785, 0.00000000000000000, 0.69882400000000011]
    [1.07149241396484785, 0.00000238499424866, 0.00000000000000000, -8.10673899999999747]
    [0.00000000000000000, 0.00000000000000000, 1.07149241396750217, -0.23461099999999990]
  #46 objects/buildingsets/human/lowtech/bravo/int/roomsm/wall/roomsm_wall_straight_01x01x04_b.cgf
    [1.00000000000000000, 0.00000000000000000, 0.00000000000000000, 1.00000000000000000]
    [0.00000000000000000, 1.00000000000000000, 0.00000000000000000, -9.00000000000000000]
    [0.00000000000000000, 0.00000000000000000, 1.00000000000000000, -0.24750000000000005]
  #47 objects/buildingsets/human/lowtech/prop/furniture/counter/counter_admin_office_straight_02x01x01_b.cgf
    [-0.00000064012100026, 1.00000042674731060, 0.00000000000000000, 1.48462399999999994]
    [-1.00000042674731060, -0.00000064012100026, -0.00000000000000000, -5.57500000000000284]
    [-0.00000000000000000, 0.00000000000000000, 1.00000042674751533, 0.00000000000000000]
  #48 objects/buildingsets/human/universal/prop/storage/box_cardboard/box_cardboard_005x005x004_red.cgf
    [-0.08715464848509222, -0.99619517280470760, 0.00000000000000000, 1.46875000000000000]
    [0.99619517280470760, -0.08715464848509222, 0.00000000000000000, -6.68750000000000000]
    [0.00000000000000000, 0.00000000000000000, 1.00000037753590942, 0.37500000000000000]
  #49 objects/buildingsets/human/universal/prop/storage/box_cardboard/box_cardboard_005x01x008_a.cgf
    [0.17364719961933842, -0.98480783902040214, 0.00000000000000000, 1.46875000000000000]
    [0.98480783902040214, 0.17364719961933842, 0.00000000000000000, -6.06250000000000000]
    [0.00000000000000000, 0.00000000000000000, 0.99999991486583273, 0.00000000000000000]
  #50 objects/buildingsets/human/lowtech/prop/furniture/counter/counter_admin_office_end_0075x01x01_b.cgf
    [-0.00000064012100026, 1.00000042674731060, 0.00000000000000000, 1.48462399999999994]
    [-1.00000042674731060, -0.00000064012100026, -0.00000000000000000, -3.38750000000000284]
    [-0.00000000000000000, 0.00000000000000000, 1.00000042674751533, 0.00000000000000000]
  #51 objects/buildingsets/human/lowtech/prop/furniture/counter/counter_admin_office_end_0075x01x01_a.cgf
    [-0.00000064012100026, 1.00000042674731060, 0.00000000000000000, 1.48462399999999994]
    [-1.00000042674731060, -0.00000064012100026, -0.00000000000000000, -5.57500000000000284]
    [-0.00000000000000000, 0.00000000000000000, 1.00000042674751533, 0.00000000000000000]
  #52 objects/buildingsets/human/lowtech/alpha/int/universal/prop/cable_hanging_e.cgf
    [-0.00000034178258054, -0.53393456276871742, 0.00000000000000000, 0.93231900000000012]
    [0.53393456276871742, -0.00000034178258054, 0.00000000000000000, -1.22069500000000630]
    [0.00000000000000000, 0.00000000000000000, 0.53393456276882678, 3.32000000000000028]
  #53 objects/buildingsets/human/universal/prop/dressing/stationery/stationery_scissor_1_a.cgf
    [-0.57357680983667392, -0.81915258519159717, 0.00000000000000000, 1.23192300000000010]
    [0.81915258519159717, -0.57357680983667392, 0.00000000000000000, -2.22757000000000005]
    [0.00000000000000000, 0.00000000000000000, 1.00000065730403054, 1.00587900000000019]
  #54 objects/buildingsets/human/lowtech/bravo/int/roomsm/addon/roomsm_addon_pillar_straight_d.cgf
    [0.00000238499526670, 1.07149287122376524, 0.00000000000000000, 1.04258899999999999]
    [1.07149287122376524, -0.00000238499526658, 0.00000000000000000, -0.85674000000000206]
    [0.00000000000000000, 0.00000000000000000, -1.07149287122641934, 4.04663899999999988]
  #55 objects/buildingsets/human/lowtech/bravo/int/roomsm/wall/roomsm_wall_straight_01x01x04_a.cgf
    [1.00000000000000000, 0.00000000000000000, 0.00000000000000000, -0.12500000000000000]
    [0.00000000000000000, 1.00000000000000000, 0.00000000000000000, -0.75000000000000000]
    [0.00000000000000000, 0.00000000000000000, 1.00000000000000000, -0.25000000000000000]
  #56 objects/buildingsets/human/lowtech/bravo/pod/pod_exterior_cap_frame_half_b.cgf
    [-0.00000068588961576, -1.07150040099293475, 0.00000000000000000, -0.31250000000000000]
    [1.07150040099293475, -0.00000068588961576, 0.00000000000000000, -7.71875000000000000]
    [0.00000000000000000, 0.00000000000000000, 1.07150040099315413, -1.12500000000000000]
  #57 objects/buildingsets/human/universal/prop/dressing/stationery/stationery_pen_1_a.cgf
    [0.08715638386881717, -0.99619412383474892, 0.00000000000000000, 1.22831800000000002]
    [0.99619412383474892, 0.08715638386881717, 0.00000000000000000, -2.89848800000000040]
    [0.00000000000000000, 0.00000000000000000, 0.99999948380585268, 1.00587900000000019]
  #58 objects/buildingsets/human/universal/prop/crates/crate_basket_1_a.cgf
    [-0.00000064012100026, -1.00000042674731060, 0.00000000000000000, 2.85040799999999983]
    [1.00000042674731060, -0.00000064012100026, 0.00000000000000000, -1.52244699999999966]
    [0.00000000000000000, 0.00000000000000000, 1.00000042674751533, 0.96445399999999992]
  #59 objects/buildingsets/human/hightech/prop/dressing/cup/cup_coffee_1_a.cgf
    [-0.81915210675699535, -0.57357677273668306, 0.00000000000000000, 1.11606099999999997]
    [0.57357677273668306, -0.81915210675699535, 0.00000000000000000, -3.23928700000000447]
    [0.00000000000000000, 0.00000000000000000, 1.00000024411369659, 0.99873900000000004]
  #60 data/objects/buildingsets/human/lowtech/loc/stanton/hurston/lorville/mpoh_hospital/mpoh_pharmacy/mpoh_pharmacy_console_a_patch.cgf
    [-0.00000064012100026, -1.00000042674731060, 0.00000000000000000, 0.04260000000000019]
    [1.00000042674731060, -0.00000064012100026, 0.00000000000000000, -3.01860000000000639]
    [0.00000000000000000, 0.00000000000000000, 1.00000042674751533, 0.00000000000000000]
  #61 data/objects/buildingsets/human/lowtech/loc/stanton/hurston/lorville/mpoh_hospital/mpoh_pharmacy/mpoh_pharmacy_console_a_patch.cgf
    [-0.00000064012100026, -1.00000042674731060, 0.00000000000000000, 0.04260000000000019]
    [1.00000042674731060, -0.00000064012100026, 0.00000000000000000, -5.89950000000000330]
    [0.00000000000000000, 0.00000000000000000, 1.00000042674751533, 0.00000000000000000]
  #62 objects/buildingsets/human/lowtech/prop/medical/desk/desk_seat_stool_1_a.cgf
    [-0.57357680983667392, -0.81915258519159717, 0.00000000000000000, 4.48462400000000017]
    [0.81915258519159717, -0.57357680983667392, 0.00000000000000000, -6.95000000000000284]
    [0.00000000000000000, 0.00000000000000000, 1.00000065730403054, 0.00000000000000000]
  #63 objects/buildingsets/human/universal/prop/dressing/stationery/stationery_pen_1_b.cgf
    [0.86602542443567943, 0.50000001836480490, 0.00000000000000000, 3.90190700000000001]
    [-0.50000001836480490, 0.86602542443567943, -0.00000000000000000, -7.52924900000000008]
    [-0.00000000000000000, 0.00000000000000000, 1.00000002706690161, 1.00000000000000000]
  #64 objects/buildingsets/human/universal/prop/light/lamp/lamp_desk_1_a.cgf
    [-0.00000051209680784, -0.80000035331878239, 0.00000000000000000, 3.86126000000000014]
    [0.80000035331878239, -0.00000051209680784, 0.00000000000000000, -7.71197599999999994]
    [0.00000000000000000, 0.00000000000000000, 0.80000035331894626, 0.92024099999999986]
  #65 objects/buildingsets/human/lowtech/prop/medical/desk/desk_medical_straight_02x0075_1_a.cgf
    [1.00000000000000000, 0.00000000000000000, 0.00000000000000000, 5.25000000000000000]
    [0.00000000000000000, 1.00000000000000000, 0.00000000000000000, -7.87500000000000000]
    [0.00000000000000000, 0.00000000000000000, 1.00000000000000000, 1.00000000000000000]
  #66 objects/buildingsets/human/lowtech/prop/medical/desk/desk_medical_end_cap_1_a.cgf
    [-1.00000000000000000, 0.00000000000000000, 0.00000000000000000, 3.25000000000000000]
    [0.00000000000000000, -1.00000000000000000, 0.00000000000000000, -7.37500000000000000]
    [0.00000000000000000, 0.00000000000000000, 1.00000000000000000, 1.00000000000000000]
  #67 objects/buildingsets/human/lowtech/bravo/int/roomsm/addon/roomsm_addon_pillar_straight_e.cgf
    [-0.00000068588450310, 1.07149241396712624, 0.00000000000000000, 7.32383999999999968]
    [-1.07149241396712624, -0.00000068588450310, -0.00000000000000000, -8.63799900000000065]
    [-0.00000000000000000, 0.00000000000000000, 1.07149241396734562, -0.51586100000000001]
  #68 objects/buildingsets/human/lowtech/bravo/int/roomsm/wall/wall_fs/roomsm_wall_cornerin_plain_03x03x04_b.cgf
    [0.00000222586295115, -1.00000042674518408, 0.00000000000000000, 7.00000000000000000]
    [1.00000042674518408, 0.00000222586295115, 0.00000000000000000, -9.00000000000000000]
    [0.00000000000000000, 0.00000000000000000, 1.00000042674766121, -0.24750000000000005]
  #69 objects/buildingsets/human/lowtech/bravo/int/roomsm_b/ceiling/roomsm_b_ceiling_straight_02x02x005_c.cgf
    [-0.00000064012100026, 1.00000042674731060, 0.00000000000000000, 4.12500000000000000]
    [-1.00000042674731060, -0.00000064012100026, -0.00000000000000000, -8.00000000000000000]
    [-0.00000000000000000, 0.00000000000000000, 1.00000042674751533, 3.75250000000000039]
  #70 objects/buildingsets/human/lowtech/bravo/prop/drapes/drapes_1_right_a.cgf
    [-0.00000064012100026, -1.00000042674731060, 0.00000000000000000, 5.67212400000000017]
    [1.00000042674731060, -0.00000064012100026, 0.00000000000000000, -6.10625000000000284]
    [0.00000000000000000, 0.00000000000000000, 1.00000042674751533, -0.25000000000000000]
  #71 objects/buildingsets/human/hightech/prop/dressing/cup/cup_coffee_1_a.cgf
    [-0.98480858431016194, 0.17364866315185978, 0.00000000000000000, 4.33779900000000040]
    [-0.17364866315185978, -0.98480858431016194, 0.00000000000000000, -7.65825999999999851]
    [0.00000000000000000, 0.00000000000000000, 1.00000090297229938, 1.00000000000000000]
  #72 objects/buildingsets/human/universal/prop/dressing/stationery/stationery_paper_1_b.cgf
    [0.99619476639472293, -0.08715494785227522, 0.00000000000000000, 4.09478299999999962]
    [0.08715494785227522, 0.99619476639472293, 0.00000000000000000, -7.38518799999999942]
    [0.00000000000000000, 0.00000000000000000, 0.99999999876368473, 1.00249999999999995]
  #73 objects/buildingsets/human/lowtech/bravo/int/roomsm/wall/roomsm_wall_door_02x01x04_a.cgf
    [0.00000222586295115, -1.00000042674518408, 0.00000000000000000, 6.50000000000000000]
    [1.00000042674518408, 0.00000222586295115, 0.00000000000000000, -6.00000000000000000]
    [0.00000000000000000, 0.00000000000000000, 1.00000042674766121, -0.24750000000000005]
  #74 objects/buildingsets/human/lowtech/bravo/int/roomsm/wall/roomsm_wall_straight_04x01x04_panel_c.cgf
    [0.00000000000000020, 0.00000000000000000, -1.80343031883232618, 6.28125000000000000]
    [-1.80343031883232618, 0.00000000000000000, 0.00000000000000000, -5.37500000000000000]
    [-0.00000000000000020, 1.80343031883232618, 0.00000000000000020, 3.84375000000000000]
  #75 objects/buildingsets/human/lowtech/bravo/int/roomsm_b/ceiling/roomsm_b_ceiling_straight_02x02x005_c.cgf
    [-0.00000064012100026, 1.00000042674731060, 0.00000000000000000, 4.12500000000000000]
    [-1.00000042674731060, -0.00000064012100026, -0.00000000000000000, -6.00000000000000000]
    [-0.00000000000000000, 0.00000000000000000, 1.00000042674751533, 3.75250000000000039]
  #76 objects/buildingsets/human/lowtech/bravo/int/roomsm/addon/roomsm_addon_pillar_straight_d.cgf
    [-0.00000068588450310, 1.07149241396712624, 0.00000000000000000, 6.57384000000000057]
    [-1.07149241396712624, -0.00000068588450310, -0.00000000000000000, -6.13799900000000065]
    [-0.00000000000000000, 0.00000000000000000, 1.07149241396734562, -0.51586100000000001]
  #77 objects/buildingsets/human/lowtech/bravo/int/roomsm/wall/roomsm_wall_door_02x01x04_a.cgf
    [-0.00000350610905807, 1.00000042674396106, 0.00000000000000000, 6.50000000000000000]
    [-1.00000042674396106, -0.00000350610905807, -0.00000000000000000, -4.00000000000000000]
    [-0.00000000000000000, 0.00000000000000000, 1.00000042675010747, -0.24750000000000005]
  #78 objects/buildingsets/human/lowtech/bravo/int/roomsm/wall/roomsm_wall_straight_04x01x04_panel_square_a.cgf
    [1.80343108844173416, 0.00000000000000000, 0.00000000000000000, 3.59375000000000000]
    [0.00000000000000000, -0.00000115441361879, -1.80343108844136468, -5.21875000000000000]
    [0.00000000000000000, 1.80343108844136468, -0.00000115441361879, 3.78125000000000000]
  #79 objects/buildingsets/human/universal/prop/medical/diagnostic/diagnostic_monitor_1_a.cgf
    [0.96592539669059385, 0.25882069197974411, 0.00000000000000000, 3.83748900000000015]
    [-0.25882069197974411, 0.96592539669059385, -0.00000000000000000, -7.40697300000000070]
    [-0.00000000000000000, 0.00000000000000000, 1.00000001128437721, 1.00000000000000000]
  #80 objects/buildingsets/human/lowtech/prop/utility/waste/waste_trashcan_2_a.cgf
    [-0.00000064012100026, -1.00000042674731060, 0.00000000000000000, 5.65948399999999996]
    [1.00000042674731060, -0.00000064012100026, 0.00000000000000000, -6.55709199999999726]
    [0.00000000000000000, 0.00000000000000000, 1.00000042674751533, 0.00466199999999994]
  #81 objects/buildingsets/human/universal/prop/dressing/box/box_file_3_a.cgf
    [0.08715638386881717, -0.99619412383474892, 0.00000000000000000, 5.73392400000000002]
    [0.99619412383474892, 0.08715638386881717, 0.00000000000000000, -3.59889400000000137]
    [0.00000000000000000, 0.00000000000000000, 0.99999948380585268, 1.75873999999999997]
  #82 objects/buildingsets/human/lowtech/bravo/int/roomsm/wall/wall_fs/roomsm_wall_straight_02x01x04_f.cgf
    [-0.00000350610905807, 1.00000042674396106, 0.00000000000000000, 6.25000000000000000]
    [-1.00000042674396106, -0.00000350610905807, -0.00000000000000000, -6.50000000000000000]
    [-0.00000000000000000, 0.00000000000000000, 1.00000042675010747, -0.25000000000000000]
  #83 objects/buildingsets/human/universal/prop/storage/storage_tray_1_stand_a.cgf
    [0.99619476639472293, -0.08715494785227522, 0.00000000000000000, 3.50794300000000003]
    [0.08715494785227522, 0.99619476639472293, 0.00000000000000000, -7.62514399999999881]
    [0.00000000000000000, 0.00000000000000000, 0.99999999876368473, 1.00000000000000000]
  #84 objects/buildingsets/human/hightech/prop/maintenance/cable/cable_hanging_1_a.cgf
    [-0.00000061856066816, -0.96631876141716677, 0.00000000000000000, 3.67185399999999973]
    [0.96631876141716677, -0.00000061856066816, 0.00000000000000000, -7.96953700000000254]
    [0.00000000000000000, 0.00000000000000000, 0.96631876141736472, 3.54213199999999961]
  #85 objects/buildingsets/human/lowtech/bravo/grimhex_hosp/shelves/hosp_grimhex_shelf_c.cgf
    [0.97000002861022949, 0.00000000000000000, 0.00000000000000000, 6.00000000000000000]
    [0.00000000000000000, 0.97000002861022949, 0.00000000000000000, -3.00000000000000000]
    [0.00000000000000000, 0.00000000000000000, 0.97000002861022949, 0.00000000000000000]
  #86 objects/buildingsets/human/lowtech/bravo/int/roomsm/addon/roomsm_addon_pillar_straight_d.cgf
    [1.07149195671081543, 0.00000000000000000, 0.00000000000000000, 5.07384000000000057]
    [0.00000000000000000, 1.07149195671081543, 0.00000000000000000, -0.23174899999999354]
    [0.00000000000000000, 0.00000000000000000, 1.07149195671081543, -0.23461099999999990]
  #87 objects/buildingsets/human/lowtech/bravo/int/roomsm_b/ceiling/roomsm_b_ceiling_straight_02x02x005_c.cgf
    [-0.00000064012100026, 1.00000042674731060, 0.00000000000000000, 4.12500000000000000]
    [-1.00000042674731060, -0.00000064012100026, -0.00000000000000000, -4.00000000000000000]
    [-0.00000000000000000, 0.00000000000000000, 1.00000042674751533, 3.75250000000000039]
  #88 objects/buildingsets/human/lowtech/alpha/int/universal/prop/trashcan.cgf
    [0.64278803720613709, 0.76604413342418709, 0.00000000000000000, 5.18750000000000000]
    [-0.76604413342418709, 0.64278803720613709, -0.00000000000000000, -1.78125000000000000]
    [-0.00000000000000000, 0.00000000000000000, 1.00000003756446532, 0.00000000000000000]
  #89 objects/buildingsets/human/lowtech/bravo/int/walkway/addon/walkway_addon_railing_carpet_b.cgf
    [-0.99999999999933320, -0.00000199999999495, 0.00000000000000000, 5.33254499999999965]
    [0.00000199999999495, -0.99999999999933320, 0.00000000000000000, -4.99953399999999704]
    [0.00000000000000000, 0.00000000000000000, 1.00000000000133338, 0.00249199999999994]
  #90 objects/buildingsets/human/lowtech/bravo/int/roomsm/wall/roomsm_wall_straight_04x01x04_panel_c.cgf
    [1.80343108844173416, 0.00000000000000000, 0.00000000000000000, 4.09375000000000000]
    [0.00000000000000000, -0.00000115441361879, -1.80343108844136468, -3.93750000000000000]
    [0.00000000000000000, 1.80343108844136468, -0.00000115441361879, 3.78125000000000000]
  #91 objects/buildingsets/human/lowtech/bravo/int/roomsm/wall/roomsm_wall_straight_04x01x04_panel_c.cgf
    [-1.80343185805048600, 0.00000000000000000, 0.00000000000000000, 6.96875000000000000]
    [0.00000000000000000, 0.00000115441411083, 1.80343185805011585, -3.93750000000000000]
    [0.00000000000000000, 1.80343185805011585, -0.00000115441411143, 3.78125000000000000]
  #92 objects/buildingsets/human/lowtech/bravo/int/roomsm/wall/roomsm_wall_straight_04x01x04_panel_c.cgf
    [0.00000000000000020, 0.00000000000000000, -1.80343031883232618, 7.28125000000000000]
    [-1.80343031883232618, 0.00000000000000000, 0.00000000000000000, 0.25000000000000000]
    [-0.00000000000000020, 1.80343031883232618, 0.00000000000000020, 3.78125000000000000]
  #93 objects/buildingsets/human/universal/prop/dressing/stationery/stationery_file_2_f.cgf
    [-0.99619556743388049, -0.00000000000000001, -0.08715695820536229, 5.60856800000000000]
    [0.08715695820533925, 0.00000072689442729, -0.99619556743361726, -2.26599099999999964]
    [0.00000006335384565, -1.00000097196852455, -0.00000072412830282, 1.12480499999999983]
  #94 objects/buildingsets/human/universal/prop/dressing/stationery/stationery_file_2_c.cgf
    [-0.99619556743388049, -0.00000000000000001, -0.08715695820536229, 5.60856800000000000]
    [0.08715695820533925, 0.00000072689442729, -0.99619556743361726, -2.21804299999999444]
    [0.00000006335384565, -1.00000097196852455, -0.00000072412830282, 1.12480499999999983]
  #95 objects/buildingsets/human/universal/prop/dressing/box/box_file_1_a.cgf
    [0.08715638386881717, -0.99619412383474892, 0.00000000000000000, 5.73840000000000039]
    [0.99619412383474892, 0.08715638386881717, 0.00000000000000000, -3.56507799999999975]
    [0.00000000000000000, 0.00000000000000000, 0.99999948380585268, 0.95299900000000015]
  #96 objects/buildingsets/human/lowtech/bravo/int/roomsm/addon/roomsm_addon_pillar_straight_d.cgf
    [-0.00000068588450310, 1.07149241396712624, 0.00000000000000000, 6.57384000000000057]
    [-1.07149241396712624, -0.00000068588450310, -0.00000000000000000, -1.85674899999999354]
    [-0.00000000000000000, 0.00000000000000000, 1.07149241396734562, -0.51586100000000001]
  #97 objects/buildingsets/human/universal/prop/dressing/box/box_file_2_a.cgf
    [0.08715638386881717, -0.99619412383474892, 0.00000000000000000, 5.73840000000000039]
    [0.99619412383474892, 0.08715638386881717, 0.00000000000000000, -2.45105800000000329]
    [0.00000000000000000, 0.00000000000000000, 0.99999948380585268, 0.95299900000000015]
  #98 objects/buildingsets/human/universal/prop/storage/box_cardboard/box_cardboard_005x005x004_grey.cgf
    [-0.61142890378945636, -0.10781162293565780, 0.00000000000000000, 5.55237099999999995]
    [0.10781162293565780, -0.61142890378945636, 0.00000000000000000, -2.42410900000000140]
    [0.00000000000000000, 0.00000000000000000, 0.62086121672173777, 1.34864799999999985]
  #99 objects/buildingsets/human/universal/prop/medical/rag/rag_bloody_2_b.cgf
    [-0.17364971662177126, -0.98480851973166328, 0.00000000000000000, 4.84169200000000011]
    [0.98480851973166328, -0.17364971662177126, 0.00000000000000000, -1.74520099999999445]
    [0.00000000000000000, 0.00000000000000000, 1.00000102230892307, 0.00048300000000001]
  #100 objects/buildingsets/human/universal/prop/dressing/box/box_file_3_a.cgf
    [0.08715638386881717, -0.99619412383474892, 0.00000000000000000, 5.73840000000000039]
    [0.99619412383474892, 0.08715638386881717, 0.00000000000000000, -2.64784699999999873]
    [0.00000000000000000, 0.00000000000000000, 0.99999948380585268, 0.95299900000000015]
  #101 objects/buildingsets/human/lowtech/bravo/int/walkway/addon/walkway_addon_railing_cable_f.cgf
    [0.98480734437548312, -0.17364663464502716, 0.00000000000000000, 4.40638199999999980]
    [0.17364663464502716, 0.98480734437548312, 0.00000000000000000, -2.19605699999999615]
    [0.00000000000000000, 0.00000000000000000, 0.99999932962949278, 0.00000500000000003]
  #102 objects/buildingsets/human/lowtech/bravo/int/roomsm/addon/roomsm_addon_pillar_straight_d.cgf
    [-0.00000068588450310, 1.07149241396712624, 0.00000000000000000, 6.57384000000000057]
    [-1.07149241396712624, -0.00000068588450310, -0.00000000000000000, -3.88799899999999354]
    [-0.00000000000000000, 0.00000000000000000, 1.07149241396734562, -0.51586100000000001]
  #103 objects/buildingsets/human/lowtech/alpha/ext/prop/trash_bag_a.cgf
    [1.00000000000000000, 0.00000000000000000, 0.00000000000000000, 5.00000000000000000]
    [0.00000000000000000, 1.00000000000000000, 0.00000000000000000, -1.40625000000000000]
    [0.00000000000000000, 0.00000000000000000, 1.00000000000000000, 0.00000000000000000]
  #104 objects/buildingsets/human/universal/prop/dressing/box/box_file_1_a.cgf
    [0.08715638386881717, -0.99619412383474892, 0.00000000000000000, 5.73840000000000039]
    [0.99619412383474892, 0.08715638386881717, 0.00000000000000000, -2.31446499999999844]
    [0.00000000000000000, 0.00000000000000000, 0.99999948380585268, 0.95299900000000015]
  #105 objects/buildingsets/human/universal/prop/dressing/stationery/stationery_file_2_f.cgf
    [-0.99619556743388049, -0.00000000000000001, -0.08715695820536229, 5.60856800000000000]
    [0.08715695820533925, 0.00000072689442729, -0.99619556743361726, -3.51660300000000348]
    [0.00000006335384565, -1.00000097196852455, -0.00000072412830282, 1.12480499999999983]
  #106 objects/buildingsets/human/universal/prop/dressing/stationery/stationery_file_2_e.cgf
    [-0.99619556743388049, -0.00000000000000001, -0.08715695820536229, 5.60856800000000000]
    [0.08715695820533925, 0.00000072689442729, -0.99619556743361726, -2.24013999999999669]
    [0.00000006335384565, -1.00000097196852455, -0.00000072412830282, 1.12480499999999983]
  #107 objects/buildingsets/human/lowtech/bravo/int/roomsm/wall/wall_fs/roomsm_wall_straight_02x01x04_f.cgf
    [-0.00000350610905807, 1.00000042674396106, 0.00000000000000000, 6.25000000000000000]
    [-1.00000042674396106, -0.00000350610905807, -0.00000000000000000, -2.00000000000000000]
    [-0.00000000000000000, 0.00000000000000000, 1.00000042675010747, -0.25000000000000000]
  #108 objects/buildingsets/human/lowtech/bravo/int/roomsm/wall/roomsm_wall_cornerin_03x03x04_b.cgf
    [-0.99999999999933320, -0.00000199999999495, 0.00000000000000000, 7.00000000000000000]
    [0.00000199999999495, -0.99999999999933320, 0.00000000000000000, 0.00000000000000000]
    [0.00000000000000000, 0.00000000000000000, 1.00000000000133338, -0.24750000000000005]
  #109 objects/buildingsets/human/lowtech/bravo/int/roomsm_b/ceiling/roomsm_b_ceiling_straight_02x02x005_c.cgf
    [-0.00000064012100026, 1.00000042674731060, 0.00000000000000000, 4.12500000000000000]
    [-1.00000042674731060, -0.00000064012100026, -0.00000000000000000, -2.00000000000000000]
    [-0.00000000000000000, 0.00000000000000000, 1.00000042674751533, 3.75250000000000039]
  #110 objects/buildingsets/human/universal/prop/dressing/stationery/stationery_file_2_h.cgf
    [-0.99619556743388049, -0.00000000000000001, -0.08715695820536229, 5.60856800000000000]
    [0.08715695820533925, 0.00000072689442729, -0.99619556743361726, -2.37068200000000218]
    [0.00000006335384565, -1.00000097196852455, -0.00000072412830282, 1.12480499999999983]
  #111 objects/buildingsets/human/universal/prop/storage/box_cardboard/box_cardboard_005x005x004_grey.cgf
    [-0.00000039742594421, 0.62086092105237867, 0.00000000000000000, 5.55237099999999995]
    [-0.62086092105237867, -0.00000039742594421, -0.00000000000000000, -2.80868599999999446]
    [-0.00000000000000000, 0.00000000000000000, 0.62086092105250579, 1.34864799999999985]
  #112 objects/buildingsets/human/lowtech/bravo/int/roomsm/wall/wall_fs/roomsm_wall_straight_01x01x04_b.cgf
    [0.00000222586295115, -1.00000042674518408, 0.00000000000000000, 7.00000000000000000]
    [1.00000042674518408, 0.00000222586295115, 0.00000000000000000, -4.00000000000000000]
    [0.00000000000000000, 0.00000000000000000, 1.00000042674766121, -0.24750000000000005]
  #113 objects/buildingsets/human/lowtech/bravo/int/roomsm/wall/roomsm_wall_cornerout_02x02x04_b.cgf
    [1.00000000000000000, 0.00000000000000000, 0.00000000000000000, 5.24999799999999972]
    [0.00000000000000000, 1.00000000000000000, 0.00000000000000000, -1.75000599999999906]
    [0.00000000000000000, 0.00000000000000000, 1.00000000000000000, -0.25000000000000000]
  #114 objects/buildingsets/human/universal/prop/dressing/stationery/stationery_file_2_f.cgf
    [0.99619507359650827, -0.00000000000000001, 0.08715704267722779, 5.60856800000000000]
    [-0.08715704267720475, -0.00000072689406742, 0.99619507359624504, -2.58882300000000498]
    [0.00000006335390637, -1.00000048737271330, -0.00000072412793607, 1.12480499999999983]
  #115 objects/buildingsets/human/universal/prop/storage/box_cardboard/box_cardboard_open_005x005x004_a.cgf
    [0.05411194507092853, -0.61849830617054824, 0.00000000000000000, 3.72932500000000022]
    [0.61849830617054824, 0.05411194507092853, 0.00000000000000000, -1.49172900000000652]
    [0.00000000000000000, 0.00000000000000000, 0.62086090015010320, 1.35133299999999990]
  #116 objects/buildingsets/human/universal/prop/dressing/stationery/stationery_file_2_f.cgf
    [0.99619507359650827, -0.00000000000000001, 0.08715704267722779, 5.60409199999999963]
    [-0.08715704267720475, -0.00000072689406742, 0.99619507359624504, -3.53986999999999341]
    [0.00000006335390637, -1.00000048737271330, -0.00000072412793607, 1.93054699999999979]
  #117 objects/buildingsets/human/universal/prop/dressing/stationery/stationery_paper_1_a.cgf
    [-0.25881814238013173, 0.96592518768361146, 0.00000000000000000, 5.51894300000000015]
    [-0.96592518768361146, -0.25881814238013173, -0.00000000000000000, -3.05808100000000138]
    [-0.00000000000000000, 0.00000000000000000, 0.99999914951299929, 0.96449700000000016]
  #118 objects/buildingsets/human/universal/prop/dressing/stationery/stationery_file_2_a.cgf
    [0.93969206911762648, 0.00000000000000008, -0.34202042448986120, 5.52977700000000016]
    [0.34202042448980408, 0.00000057773544848, 0.93969206911746983, -3.72269000000000005]
    [0.00000019759740688, -0.99999957776513970, 0.00000054289364817, 1.92979600000000007]
  #119 objects/buildingsets/human/universal/prop/dressing/stationery/stationery_file_1_open_b.cgf
    [0.99619476639472293, -0.08715494785227522, 0.00000000000000000, 4.20632200000000012]
    [0.08715494785227522, 0.99619476639472293, 0.00000000000000000, -7.36804099999999806]
    [0.00000000000000000, 0.00000000000000000, 0.99999999876368473, 1.00000000000000000]
  #120 objects/buildingsets/human/universal/prop/dressing/stationery/stationery_file_2_e.cgf
    [-0.99619556743388049, -0.00000000000000001, -0.08715695820536229, 5.60856800000000000]
    [0.08715695820533925, 0.00000072689442729, -0.99619556743361726, -3.49075299999999800]
    [0.00000006335384565, -1.00000097196852455, -0.00000072412830282, 1.12480499999999983]
  #121 objects/buildingsets/human/lowtech/bravo/int/roomsm/wall/roomsm_wall_straight_04x01x04_panel_c.cgf
    [0.00000000000000020, 0.00000000000000000, -1.80343031883232618, 6.00000000000000000]
    [-1.80343031883232618, 0.00000000000000000, 0.00000000000000000, 0.25000000000000000]
    [-0.00000000000000020, 1.80343031883232618, 0.00000000000000020, 3.78125000000000000]
  #122 objects/buildingsets/human/universal/prop/dressing/stationery/stationery_file_2_a.cgf
    [-0.99619556743388049, -0.00000000000000001, -0.08715695820536229, 5.60856800000000000]
    [0.08715695820533925, 0.00000072689442729, -0.99619556743361726, -2.40246399999999483]
    [0.00000006335384565, -1.00000097196852455, -0.00000072412830282, 1.12480499999999983]
  #123 objects/buildingsets/human/universal/prop/dressing/stationery/stationery_file_2_b.cgf
    [-0.99619556743388049, -0.00000000000000001, -0.08715695820536229, 5.60856800000000000]
    [0.08715695820533925, 0.00000072689442729, -0.99619556743361726, -2.54575199999999313]
    [0.00000006335384565, -1.00000097196852455, -0.00000072412830282, 1.12480499999999983]
  #124 objects/buildingsets/human/universal/prop/dressing/stationery/stationery_file_2_b.cgf
    [-0.99619556743388049, -0.00000000000000001, -0.08715695820536229, 5.60409199999999963]
    [0.08715695820533925, 0.00000072689442729, -0.99619556743361726, -3.49679899999999577]
    [0.00000006335384565, -1.00000097196852455, -0.00000072412830282, 1.93054699999999979]
  #125 objects/buildingsets/human/universal/prop/dressing/stationery/stationery_paper_1_b.cgf
    [-0.00000064012100026, -1.00000042674731060, 0.00000000000000000, 5.48242299999999982]
    [1.00000042674731060, -0.00000064012100026, 0.00000000000000000, -2.77153900000000419]
    [0.00000000000000000, 0.00000000000000000, 1.00000042674751533, 0.96449700000000016]
  #126 objects/buildingsets/human/universal/prop/dressing/stationery/stationery_file_2_b.cgf
    [0.99619507359650827, -0.00000000000000001, 0.08715704267722779, 5.60409199999999963]
    [-0.08715704267720475, -0.00000072689406742, 0.99619507359624504, -3.55778800000000217]
    [0.00000006335390637, -1.00000048737271330, -0.00000072412793607, 1.93054699999999979]
  #127 objects/buildingsets/human/universal/prop/dressing/stationery/stationery_file_2_g.cgf
    [0.99619476639472293, -0.08715494785227522, 0.00000000000000000, 4.63677500000000009]
    [0.08715494785227522, 0.99619476639472293, 0.00000000000000000, -7.58036100000000346]
    [0.00000000000000000, 0.00000000000000000, 0.99999999876368473, 1.00000000000000000]
  #128 objects/buildingsets/human/universal/prop/dressing/stationery/stationery_file_2_c.cgf
    [-0.99619556743388049, -0.00000000000000001, -0.08715695820536229, 5.60856800000000000]
    [0.08715695820533925, 0.00000072689442729, -0.99619556743361726, -3.46865599999999574]
    [0.00000006335384565, -1.00000097196852455, -0.00000072412830282, 1.12480499999999983]
  #129 objects/buildingsets/human/universal/prop/dressing/stationery/stationery_file_2_b.cgf
    [0.99619507359650827, -0.00000000000000001, 0.08715704267722779, 5.60856800000000000]
    [-0.08715704267720475, -0.00000072689406742, 0.99619507359624504, -2.60674000000000206]
    [0.00000006335390637, -1.00000048737271330, -0.00000072412793607, 1.12480499999999983]
  #130 objects/buildingsets/human/universal/prop/dressing/box/box_file_2_a.cgf
    [0.34201883882588258, 0.93969335461041059, 0.00000000000000000, 5.39157300000000017]
    [-0.93969335461041059, 0.34201883882588258, -0.00000000000000000, -3.73351700000000619]
    [-0.00000000000000000, 0.00000000000000000, 1.00000024340535631, 1.75798999999999994]
  #131 objects/buildingsets/human/universal/prop/crates/crate_basket_1_b.cgf
    [-0.25881814238013173, -0.96592518768361146, 0.00000000000000000, 4.07391699999999979]
    [0.96592518768361146, -0.25881814238013173, 0.00000000000000000, -1.49737500000000523]
    [0.00000000000000000, 0.00000000000000000, 0.99999914951299929, 0.96445399999999992]
  #132 objects/buildingsets/human/universal/prop/dressing/stationery/stationery_file_2_h.cgf
    [0.93969206911762648, 0.00000000000000008, -0.34202042448986120, 5.54320900000000005]
    [0.34202042448980408, 0.00000057773544848, 0.93969206911746983, -3.75149399999999389]
    [0.00000019759740688, -0.99999957776513970, 0.00000054289364817, 1.92979600000000007]
  #133 objects/buildingsets/human/universal/prop/dressing/stationery/stationery_paper_1_a.cgf
    [0.93969273530166131, 0.34201988504203734, 0.00000000000000000, 5.51894300000000015]
    [-0.34201988504203734, 0.93969273530166131, -0.00000000000000000, -3.05808100000000138]
    [-0.00000000000000000, 0.00000000000000000, 1.00000001927144311, 1.00981800000000010]
  #134 objects/buildingsets/human/lowtech/charlie/int/prop/uee_lawless_prop_coffeemaker_01.cgf
    [1.00000000000000000, 0.00000000000000000, 0.00000000000000000, 5.07984500000000061]
    [0.00000000000000000, 1.00000000000000000, 0.00000000000000000, -7.58573200000000014]
    [0.00000000000000000, 0.00000000000000000, 1.00000000000000000, 1.00000000000000000]
  #135 objects/buildingsets/human/lowtech/prop/medical/desk/desk_medical_end_cap_1_a.cgf
    [1.00000000000000000, 0.00000000000000000, 0.00000000000000000, 5.25000000000000000]
    [0.00000000000000000, 1.00000000000000000, 0.00000000000000000, -7.87500000000000000]
    [0.00000000000000000, 0.00000000000000000, 1.00000000000000000, 1.00000000000000000]
  #136 objects/buildingsets/human/lowtech/prop/medical/desk/desk_medical_legs_1_a.cgf
    [1.00000000000000000, 0.00000000000000000, 0.00000000000000000, 4.25000000000000000]
    [0.00000000000000000, 1.00000000000000000, 0.00000000000000000, -7.62500000000000000]
    [0.00000000000000000, 0.00000000000000000, 1.00000000000000000, 0.00000000000000000]
  #137 objects/buildingsets/human/universal/prop/dressing/cup/cup_disposable_1_c.cgf
    [0.86602542443567943, 0.50000001836480490, 0.00000000000000000, 4.81829000000000018]
    [-0.50000001836480490, 0.86602542443567943, -0.00000000000000000, -7.67581200000000052]
    [-0.00000000000000000, 0.00000000000000000, 1.00000002706690161, 1.00000000000000000]
