# IncludedObjects
# Cgfs: 50, Materials: 3, Palettes: 9, Placements: 88

[CGFs]
      0: objects/buildingsets/human/hightech/prop/habitation/cabinet/cabinet_kitchen_3_end_005x0075x005_a.cgf
      1: objects/buildingsets/human/hightech/loc/stanton/microtech/newbab/int/corridors/corridor_int_light_straight_end.cgf
      2: objects/buildingsets/human/hightech/loc/stanton/microtech/newbab/int/corridors/corridor_int_light_curve_02x02x04.cgf
      3: objects/buildingsets/human/hightech/loc/stanton/microtech/newbab/int/corridors/corridor_int_light_straight_02x02x04.cgf
      4: objects/buildingsets/human/hightech/loc/stanton/microtech/newbab/int/corridors/corridor_int_light_straight_04x02x04.cgf
      5: objects/buildingsets/human/lowtech/prop/light/light_landing_1_a.cgf
      6: objects/buildingsets/human/hightech/prop/light/light_attachment_7_a.cgf
      7: objects/buildingsets/human/brand/microtech/signs/microtech_customs_secure_area_a.cgf
      8: objects/buildingsets/human/brand/decal/logo/secondary_logo_large.cgf
      9: objects/buildingsets/human/hightech/prop/storage/crate/crate_slaver_1_0075x015x0075_a.cgf
     10: objects/buildingsets/human/hightech/delta/int/roomsm_b/floor/elev_lobby_a_event_floor.cgf
     11: objects/buildingsets/human/hightech/delta/int/roomsm_c/wall/roomsm_c_wall_straight_door_04x01x04_b.cgf
     12: objects/buildingsets/human/hightech/delta/int/roomsm_a/door/roomsm_a_door_signage_frame_a.cgf
     13: objects/buildingsets/human/hightech/delta/int/trim/trim_straight_02x002x005_a.cgf
     14: objects/buildingsets/human/hightech/delta/int/roomsm_b/ceiling/roomsm_b_ceiling_straight_04x01x0025_b.cgf
     15: objects/buildingsets/human/hightech/delta/int/roomsm_b/ceiling/roomsm_b_ceiling_straight_04x01x0025_e.cgf
     16: objects/buildingsets/human/hightech/delta/int/trim/trim_cornerin_02x02x005_b.cgf
     17: objects/buildingsets/human/hightech/delta/int/roomsm_c/wall/roomsm_c_wall_straight_02x01x04_a.cgf
     18: objects/buildingsets/human/hightech/delta/int/roomsm_c/wall/roomsm_c_wall_straight_01x01x04_a.cgf
     19: objects/buildingsets/human/hightech/delta/int/roomsm_b/ceiling/roomsm_b_ceiling_straight_02x01x0025_c.cgf
     20: objects/buildingsets/human/hightech/delta/int/roomsm_b/ceiling/roomsm_b_ceiling_straight_02x02x0025_d.cgf
     21: objects/buildingsets/human/hightech/delta/int/roomsm_b/ceiling/roomsm_b_ceiling_straight_04x04x0025_e.cgf
     22: objects/buildingsets/human/hightech/delta/int/roomsm_c/wall/roomsm_c_wall_cornerin_01x01x04_a.cgf
     23: objects/buildingsets/human/hightech/delta/int/roomsm_b/ceiling/roomsm_b_ceiling_straight_04x02x0025_e.cgf
     24: objects/buildingsets/human/hightech/delta/int/roomsm_b/ceiling/roomsm_b_ceiling_straight_04x02x0025_g.cgf
     25: objects/buildingsets/human/hightech/delta/int/roomsm_b/ceiling/roomsm_b_ceiling_straight_04x02x0025_f.cgf
     26: objects/buildingsets/human/hightech/delta/int/roomsm_c/wall/roomsm_c_wall_straight_04x01x04_a.cgf
     27: objects/planet/flora/plants/hosta_01/hosta_01_medium_a.cgf
     28: objects/planet/flora/plants/hosta_01/hosta_01_large_a.cgf
     29: objects/planet/flora/plants/hosta_01/hosta_01_large_b.cgf
     30: objects/buildingsets/human/hightech/prop/furniture/planter/planter_interior_2_b.cgf
     31: objects/buildingsets/human/hightech/prop/furniture/couch/couch_lounge_3_right_a.cgf
     32: objects/buildingsets/human/universal/prop/storage/bag/bag_holdall_1_a.cgf
     33: objects/buildingsets/human/hightech/prop/hydroponic/hydroponic_stool_1_a.cgf
     34: objects/buildingsets/human/hightech/prop/furniture/couch/couch_lounge_3_left_a.cgf
     35: objects/buildingsets/human/hightech/prop/utility/waste/waste_recycle_1_a.cgf
     36: objects/buildingsets/human/lowtech/alpha/ext/prop/trash_deposit_a.cgf
     37: objects/buildingsets/human/lowtech/charlie/int/prop/uee_lawless_prop_bottleliquor_base_05_broken.cgf
     38: objects/buildingsets/human/universal/prop/dressing/can/can_drink_1_pips_open_d.cgf
     39: objects/buildingsets/human/lowtech/alpha/ext/prop/trash_bag_a.cgf
     40: objects/buildingsets/human/lowtech/charlie/int/prop/uee_lawless_prop_bottleliquor_base_06_broken.cgf
     41: objects/buildingsets/human/hightech/prop/trashcan/trashcan_2_a.cgf
     42: objects/buildingsets/human/universal/prop/medical/chair/chair_folding_1_b.cgf
     43: objects/buildingsets/human/hightech/prop/tech/sensor/sensor_slaver_1_a.cgf
     44: objects/buildingsets/human/hightech/prop/habitation/cabinet/cabinet_kitchen_3_start_005x0075x005_a.cgf
     45: objects/buildingsets/human/hightech/prop/env/barrier/barrier_slaver_3_a.cgf
     46: objects/buildingsets/human/hightech/delta/int/elev/elevator_door_double_a.cgf
     47: objects/buildingsets/human/hightech/delta/int/roomsm_c/addon/roomsm_c_wall_light_a.cgf
     48: objects/buildingsets/human/hightech/delta/int/roomsm_c/wall/roomsm_c_wall_straight_transition_09x01x04_a.cgf
     49: objects/buildingsets/human/hightech/prop/storage/crate/crate_slaver_1_open_0075x015x0075_a.cgf

[Materials]
      0: objects/buildingsets/human/hightech/hightech_a_default
      1: objects/buildingsets/human/brand/crusader/crusader_brand_a
      2: objects/buildingsets/human/shop/crusader_showroom/crusader_showroom_palette_a

[Palettes]
      0: Libs/Foundry/Records/TintPalettes/default
      1: Libs/Foundry/Records/TintPalettes/Generic/gen_white_lightgreen_darkgreen<231>
      2: Libs/Foundry/Records/TintPalettes/brand/crusaderindustries/crusaderindustries_default<231>
      3: Libs/Foundry/Records/TintPalettes/brand/crusaderindustries/crusaderindustries_default<132>
      4: Libs/Foundry/Records/TintPalettes/Generic/gen_white_lightgreen_darkgreen
      5: Libs/Foundry/Records/TintPalettes/brand/microtech/microtech_default
      6: Libs/Foundry/Records/TintPalettes/hdh_jacket_02_tint_01
      7: Libs/Foundry/Records/TintPalettes/Generic/gen_white_lightgreen_darkgreen<132>
      8: Libs/Foundry/Records/TintPalettes/Generic/gen_white_lightgreen_darkgreen<321>

[Placements]
  #0 objects/buildingsets/human/hightech/prop/habitation/cabinet/cabinet_kitchen_3_end_005x0075x005_a.cgf
    [-0.64840774721065553, 0.75599883982221394, -0.08962007828557143, -1.69912999999996828]
    [-0.76121297155190115, -0.64553173421850973, 0.06198550592848787, 4.50678699999980381]
    [-0.01099164162307117, 0.10841192365949663, 0.99404459130871992, 0.76495400000000036]
  #1 objects/buildingsets/human/hightech/loc/stanton/microtech/newbab/int/corridors/corridor_int_light_straight_end.cgf
    [-0.00000064012100026, 1.00000042674731060, 0.00000000000000000, 3.00000000000000000]
    [-1.00000042674731060, -0.00000064012100026, -0.00000000000000000, 4.50000000000000000]
    [-0.00000000000000000, 0.00000000000000000, 1.00000042674751533, 4.25000000000000000]
  #2 objects/buildingsets/human/hightech/loc/stanton/microtech/newbab/int/corridors/corridor_int_light_straight_end.cgf
    [-0.00000064012100026, 1.00000042674731060, 0.00000000000000000, -3.00000000000000000]
    [-1.00000042674731060, -0.00000064012100026, -0.00000000000000000, 4.50000000000000000]
    [-0.00000000000000000, 0.00000000000000000, 1.00000042674751533, 4.25000000000000000]
  #3 objects/buildingsets/human/hightech/loc/stanton/microtech/newbab/int/corridors/corridor_int_light_curve_02x02x04.cgf
    [1.00000000000000000, 0.00000000000000000, 0.00000000000000000, 2.00000000000000000]
    [0.00000000000000000, 1.00000000000000000, 0.00000000000000000, 7.50000000000000000]
    [0.00000000000000000, 0.00000000000000000, 1.00000000000000000, 4.25000000000000000]
  #4 objects/buildingsets/human/hightech/loc/stanton/microtech/newbab/int/corridors/corridor_int_light_straight_02x02x04.cgf
    [-0.00000064012100026, -1.00000042674731060, 0.00000000000000000, -3.00000000000000000]
    [1.00000042674731060, -0.00000064012100026, 0.00000000000000000, 4.50000000000000000]
    [0.00000000000000000, 0.00000000000000000, 1.00000042674751533, 4.25000000000000000]
  #5 objects/buildingsets/human/hightech/loc/stanton/microtech/newbab/int/corridors/corridor_int_light_straight_02x02x04.cgf
    [-0.00000064012100026, -1.00000042674731060, 0.00000000000000000, 3.00000000000000000]
    [1.00000042674731060, -0.00000064012100026, 0.00000000000000000, 4.50000000000000000]
    [0.00000000000000000, 0.00000000000000000, 1.00000042674751533, 4.25000000000000000]
  #6 objects/buildingsets/human/hightech/loc/stanton/microtech/newbab/int/corridors/corridor_int_light_curve_02x02x04.cgf
    [-0.00000064012100026, -1.00000042674731060, 0.00000000000000000, -3.00000000000000000]
    [1.00000042674731060, -0.00000064012100026, 0.00000000000000000, 6.50000000000000000]
    [0.00000000000000000, 0.00000000000000000, 1.00000042674751533, 4.25000000000000000]
  #7 objects/buildingsets/human/hightech/loc/stanton/microtech/newbab/int/corridors/corridor_int_light_straight_04x02x04.cgf
    [1.00000000000000000, 0.00000000000000000, 0.00000000000000000, -2.00000000000000000]
    [0.00000000000000000, 1.00000000000000000, 0.00000000000000000, 7.50000000000000000]
    [0.00000000000000000, 0.00000000000000000, 1.00000000000000000, 4.25000000000000000]
  #8 objects/buildingsets/human/lowtech/prop/light/light_landing_1_a.cgf
    [-0.00000038407261542, 0.60000027989025451, 0.00000000000000000, -3.75572599999998147]
    [-0.60000027989025451, -0.00000038407261542, -0.00000000000000000, 9.11201999999980217]
    [-0.00000000000000000, 0.00000000000000000, 0.60000027989037741, 0.22933399999999970]
  #9 objects/buildingsets/human/lowtech/prop/light/light_landing_1_a.cgf
    [-0.00000038407261542, 0.60000027989025451, 0.00000000000000000, -1.25572599999998147]
    [-0.60000027989025451, -0.00000038407261542, -0.00000000000000000, 9.11201999999980217]
    [-0.00000000000000000, 0.00000000000000000, 0.60000027989037741, 0.22933399999999970]
  #10 objects/buildingsets/human/hightech/prop/light/light_attachment_7_a.cgf
    [-0.00000038407261542, 0.60000027989025451, 0.00000000000000000, 4.74922900000001391]
    [-0.60000027989025451, -0.00000038407261542, -0.00000000000000000, 2.80096899999989546]
    [-0.00000000000000000, 0.00000000000000000, 0.60000027989037741, 0.34362799999999982]
  #11 objects/buildingsets/human/hightech/prop/light/light_attachment_7_a.cgf
    [-0.00000038407261542, 0.60000027989025451, 0.00000000000000000, 4.74922900000001391]
    [-0.60000027989025451, -0.00000038407261542, -0.00000000000000000, 7.79846199999997225]
    [-0.00000000000000000, 0.00000000000000000, 0.60000027989037741, 0.34362799999999982]
  #12 objects/buildingsets/human/hightech/prop/light/light_attachment_7_a.cgf
    [-0.00000038407261542, 0.60000027989025451, 0.00000000000000000, -4.68163200000003599]
    [-0.60000027989025451, -0.00000038407261542, -0.00000000000000000, 2.80412099999989550]
    [-0.00000000000000000, 0.00000000000000000, 0.60000027989037741, 0.34362799999999982]
  #13 objects/buildingsets/human/lowtech/prop/light/light_landing_1_a.cgf
    [-0.00000038407261542, 0.60000027989025451, 0.00000000000000000, 3.74427400000001853]
    [-0.60000027989025451, -0.00000038407261542, -0.00000000000000000, 9.11201999999980217]
    [-0.00000000000000000, 0.00000000000000000, 0.60000027989037741, 0.22933399999999970]
  #14 objects/buildingsets/human/lowtech/prop/light/light_landing_1_a.cgf
    [-0.00000038407261542, 0.60000027989025451, 0.00000000000000000, 1.24427400000001853]
    [-0.60000027989025451, -0.00000038407261542, -0.00000000000000000, 9.11201999999980217]
    [-0.00000000000000000, 0.00000000000000000, 0.60000027989037741, 0.22933399999999970]
  #15 objects/buildingsets/human/hightech/prop/light/light_attachment_7_a.cgf
    [-0.00000038407261542, 0.60000027989025451, 0.00000000000000000, -4.68163200000003599]
    [-0.60000027989025451, -0.00000038407261542, -0.00000000000000000, 7.79846199999997225]
    [-0.00000000000000000, 0.00000000000000000, 0.60000027989037741, 0.34362799999999982]
  #16 objects/buildingsets/human/brand/microtech/signs/microtech_customs_secure_area_a.cgf
    [1.00000000000000000, 0.00000000000000000, 0.00000000000000000, 2.50000000000000000]
    [0.00000000000000000, 1.00000000000000000, 0.00000000000000000, 9.21874899999988884]
    [0.00000000000000000, 0.00000000000000000, 1.00000000000000000, 2.90625000000000000]
  #17 objects/buildingsets/human/brand/decal/logo/secondary_logo_large.cgf
    [0.62939900159835815, 0.00000000000000000, 0.00000000000000000, 0.00000000000000000]
    [0.00000000000000000, 0.62939900159835815, 0.00000000000000000, 5.50000000000000000]
    [0.00000000000000000, 0.00000000000000000, 0.62939900159835815, 0.25449900000000003]
  #18 objects/buildingsets/human/brand/microtech/signs/microtech_customs_secure_area_a.cgf
    [1.00000000000000000, 0.00000000000000000, 0.00000000000000000, -2.50000000000000000]
    [0.00000000000000000, 1.00000000000000000, 0.00000000000000000, 9.21874899999988884]
    [0.00000000000000000, 0.00000000000000000, 1.00000000000000000, 2.90625000000000000]
  #19 objects/buildingsets/human/hightech/prop/storage/crate/crate_slaver_1_0075x015x0075_a.cgf
    [0.93969234335320073, 0.34202088903394118, 0.00000000000000000, 2.79600244364735318]
    [-0.34202088903394118, 0.93969234335320073, -0.00000000000000000, 2.11253858022928398]
    [-0.00000000000000000, 0.00000000000000000, 0.99999999434609865, 1.00767600000000002]
  #20 objects/buildingsets/human/hightech/delta/int/roomsm_b/floor/elev_lobby_a_event_floor.cgf
    [1.00000000000000000, 0.00000000000000000, 0.00000000000000000, -5.00004999999998745]
    [0.00000000000000000, 1.00000000000000000, 0.00000000000000000, 0.99996699999996963]
    [0.00000000000000000, 0.00000000000000000, 1.00000000000000000, -0.00499999999999989]
  #21 objects/buildingsets/human/hightech/delta/int/roomsm_c/wall/roomsm_c_wall_straight_door_04x01x04_b.cgf
    [-1.00000000000000000, 0.00000000000000000, 0.00000000000000000, -0.50000000000000000]
    [0.00000000000000000, -1.00000000000000000, 0.00000000000000000, 9.99999899999988884]
    [0.00000000000000000, 0.00000000000000000, 1.00000000000000000, 0.25000000000000000]
  #22 objects/buildingsets/human/hightech/delta/int/roomsm_a/door/roomsm_a_door_signage_frame_a.cgf
    [1.00000000000000000, 0.00000000000000000, 0.00000000000000000, -2.50000000000000000]
    [0.00000000000000000, 1.00000000000000000, 0.00000000000000000, 9.99999899999988884]
    [0.00000000000000000, 0.00000000000000000, 1.00000000000000000, 0.25000000000000000]
  #23 objects/buildingsets/human/hightech/delta/int/trim/trim_straight_02x002x005_a.cgf
    [-1.00000000000000000, 0.00000000000000000, 0.00000000000000000, -1.00000000000000000]
    [0.00000000000000000, -1.00000000000000000, 0.00000000000000000, 8.99999899999988884]
    [0.00000000000000000, 0.00000000000000000, 1.00000000000000000, 4.25000000000000000]
  #24 objects/buildingsets/human/hightech/delta/int/roomsm_b/ceiling/roomsm_b_ceiling_straight_04x01x0025_b.cgf
    [1.00000000000000000, 0.00000000000000000, 0.00000000000000000, -4.00000000000000000]
    [0.00000000000000000, 1.00000000000000000, 0.00000000000000000, 1.37500000000000000]
    [0.00000000000000000, 0.00000000000000000, 1.00000000000000000, 4.37500000000000000]
  #25 objects/buildingsets/human/hightech/delta/int/roomsm_b/ceiling/roomsm_b_ceiling_straight_04x01x0025_e.cgf
    [-1.00000000000000000, 0.00000000000000000, 0.00000000000000000, 4.99999900000000252]
    [0.00000000000000000, -1.00000000000000000, 0.00000000000000000, 5.00000000000000000]
    [0.00000000000000000, 0.00000000000000000, 1.00000000000000000, 4.25000000000000000]
  #26 objects/buildingsets/human/hightech/delta/int/trim/trim_cornerin_02x02x005_b.cgf
    [-0.00000064012100026, 1.00000042674731060, 0.00000000000000000, -5.00000000000000000]
    [-1.00000042674731060, -0.00000064012100026, -0.00000000000000000, 8.99999899999988884]
    [-0.00000000000000000, 0.00000000000000000, 1.00000042674751533, 4.25000000000000000]
  #27 objects/buildingsets/human/hightech/delta/int/roomsm_b/ceiling/roomsm_b_ceiling_straight_04x01x0025_e.cgf
    [1.00000000000000000, 0.00000000000000000, 0.00000000000000000, -5.00000000000000000]
    [0.00000000000000000, 1.00000000000000000, 0.00000000000000000, 4.00000000000000000]
    [0.00000000000000000, 0.00000000000000000, 1.00000000000000000, 4.25000000000000000]
  #28 objects/buildingsets/human/hightech/delta/int/roomsm_c/wall/roomsm_c_wall_straight_02x01x04_a.cgf
    [-0.00000064012100026, 1.00000042674731060, 0.00000000000000000, -6.00000000000000000]
    [-1.00000042674731060, -0.00000064012100026, -0.00000000000000000, 4.50000000000000000]
    [-0.00000000000000000, 0.00000000000000000, 1.00000042674751533, 0.25000000000000000]
  #29 objects/buildingsets/human/hightech/delta/int/roomsm_c/wall/roomsm_c_wall_straight_01x01x04_a.cgf
    [-1.00000000000000000, 0.00000000000000000, 0.00000000000000000, 0.50000000000000000]
    [0.00000000000000000, -1.00000000000000000, 0.00000000000000000, 9.99999899999988884]
    [0.00000000000000000, 0.00000000000000000, 1.00000000000000000, 0.25000000000000000]
  #30 objects/buildingsets/human/hightech/delta/int/roomsm_a/door/roomsm_a_door_signage_frame_a.cgf
    [1.00000000000000000, 0.00000000000000000, 0.00000000000000000, 2.50000000000000000]
    [0.00000000000000000, 1.00000000000000000, 0.00000000000000000, 9.99999899999988884]
    [0.00000000000000000, 0.00000000000000000, 1.00000000000000000, 0.25000000000000000]
  #31 objects/buildingsets/human/hightech/delta/int/trim/trim_cornerin_02x02x005_b.cgf
    [-0.00000064012100026, -1.00000042674731060, 0.00000000000000000, 4.99999900000000252]
    [1.00000042674731060, -0.00000064012100026, 0.00000000000000000, 2.00000000000000000]
    [0.00000000000000000, 0.00000000000000000, 1.00000042674751533, 4.25000000000000000]
  #32 objects/buildingsets/human/hightech/delta/int/roomsm_b/ceiling/roomsm_b_ceiling_straight_02x01x0025_c.cgf
    [-1.00000000000000000, 0.00000000000000000, 0.00000000000000000, 1.00000000000000000]
    [0.00000000000000000, -1.00000000000000000, 0.00000000000000000, 5.00000000000000000]
    [0.00000000000000000, 0.00000000000000000, 1.00000000000000000, 4.25000000000000000]
  #33 objects/buildingsets/human/hightech/delta/int/roomsm_b/ceiling/roomsm_b_ceiling_straight_02x02x0025_d.cgf
    [-0.00000064012100026, -1.00000042674731060, 0.00000000000000000, 1.00000000000000000]
    [1.00000042674731060, -0.00000064012100026, 0.00000000000000000, 2.00000000000000000]
    [0.00000000000000000, 0.00000000000000000, 1.00000042674751533, 4.25000000000000000]
  #34 objects/buildingsets/human/hightech/delta/int/roomsm_b/ceiling/roomsm_b_ceiling_straight_04x04x0025_e.cgf
    [-0.00000064012100026, 1.00000042674731060, 0.00000000000000000, -5.00000000000000000]
    [-1.00000042674731060, -0.00000064012100026, -0.00000000000000000, 8.99999899999988884]
    [-0.00000000000000000, 0.00000000000000000, 1.00000042674751533, 4.25000000000000000]
  #35 objects/buildingsets/human/hightech/delta/int/roomsm_b/ceiling/roomsm_b_ceiling_straight_04x04x0025_e.cgf
    [-1.00000000000000000, 0.00000000000000000, 0.00000000000000000, 4.99999900000000252]
    [0.00000000000000000, -1.00000000000000000, 0.00000000000000000, 8.99999899999988884]
    [0.00000000000000000, 0.00000000000000000, 1.00000000000000000, 4.25000000000000000]
  #36 objects/buildingsets/human/hightech/delta/int/trim/trim_cornerin_02x02x005_b.cgf
    [1.00000000000000000, 0.00000000000000000, 0.00000000000000000, -5.00000000000000000]
    [0.00000000000000000, 1.00000000000000000, 0.00000000000000000, 2.00000000000000000]
    [0.00000000000000000, 0.00000000000000000, 1.00000000000000000, 4.25000000000000000]
  #37 objects/buildingsets/human/hightech/delta/int/trim/trim_straight_02x002x005_a.cgf
    [-0.00000064012100026, -1.00000042674731060, 0.00000000000000000, 4.99999900000000252]
    [1.00000042674731060, -0.00000064012100026, 0.00000000000000000, 5.00000000000000000]
    [0.00000000000000000, 0.00000000000000000, 1.00000042674751533, 4.25000000000000000]
  #38 objects/buildingsets/human/hightech/delta/int/roomsm_c/wall/roomsm_c_wall_cornerin_01x01x04_a.cgf
    [1.00000000000000000, 0.00000000000000000, 0.00000000000000000, -6.00000000000000000]
    [0.00000000000000000, 1.00000000000000000, 0.00000000000000000, 1.00000000000000000]
    [0.00000000000000000, 0.00000000000000000, 1.00000000000000000, 0.25000000000000000]
  #39 objects/buildingsets/human/hightech/delta/int/trim/trim_straight_02x002x005_a.cgf
    [-1.00000000000000000, 0.00000000000000000, 0.00000000000000000, 3.00000000000000000]
    [0.00000000000000000, -1.00000000000000000, 0.00000000000000000, 8.99999899999988884]
    [0.00000000000000000, 0.00000000000000000, 1.00000000000000000, 4.25000000000000000]
  #40 objects/buildingsets/human/hightech/delta/int/trim/trim_cornerin_02x02x005_b.cgf
    [-1.00000000000000000, 0.00000000000000000, 0.00000000000000000, 4.99999900000000252]
    [0.00000000000000000, -1.00000000000000000, 0.00000000000000000, 8.99999899999988884]
    [0.00000000000000000, 0.00000000000000000, 1.00000000000000000, 4.25000000000000000]
  #41 objects/buildingsets/human/hightech/delta/int/roomsm_b/ceiling/roomsm_b_ceiling_straight_04x02x0025_e.cgf
    [-0.00000064012100026, 1.00000042674731060, 0.00000000000000000, -1.00000000000000000]
    [-1.00000042674731060, -0.00000064012100026, -0.00000000000000000, 8.99999899999988884]
    [-0.00000000000000000, 0.00000000000000000, 1.00000042674751533, 4.25000000000000000]
  #42 objects/buildingsets/human/hightech/delta/int/roomsm_c/wall/roomsm_c_wall_straight_02x01x04_a.cgf
    [-0.00000064012100026, -1.00000042674731060, 0.00000000000000000, 5.99999900000000252]
    [1.00000042674731060, -0.00000064012100026, 0.00000000000000000, 2.50000000000000000]
    [0.00000000000000000, 0.00000000000000000, 1.00000042674751533, 0.25000000000000000]
  #43 objects/buildingsets/human/hightech/delta/int/roomsm_b/ceiling/roomsm_b_ceiling_straight_04x02x0025_g.cgf
    [-1.00000000000000000, 0.00000000000000000, 0.00000000000000000, 4.99999900000000252]
    [0.00000000000000000, -1.00000000000000000, 0.00000000000000000, 2.00000000000000000]
    [0.00000000000000000, 0.00000000000000000, 1.00000000000000000, 4.25000000000000000]
  #44 objects/buildingsets/human/hightech/delta/int/trim/trim_straight_02x002x005_a.cgf
    [-1.00000000000000000, 0.00000000000000000, 0.00000000000000000, 1.00000000000000000]
    [0.00000000000000000, -1.00000000000000000, 0.00000000000000000, 8.99999899999988884]
    [0.00000000000000000, 0.00000000000000000, 1.00000000000000000, 4.25000000000000000]
  #45 objects/buildingsets/human/hightech/delta/int/roomsm_b/ceiling/roomsm_b_ceiling_straight_04x01x0025_b.cgf
    [-1.00000000000000000, 0.00000000000000000, 0.00000000000000000, 3.99999900000000252]
    [0.00000000000000000, -1.00000000000000000, 0.00000000000000000, 2.37500000000000000]
    [0.00000000000000000, 0.00000000000000000, 1.00000000000000000, 4.37500000000000000]
  #46 objects/buildingsets/human/hightech/delta/int/roomsm_c/wall/roomsm_c_wall_straight_door_04x01x04_b.cgf
    [-1.00000000000000000, 0.00000000000000000, 0.00000000000000000, 4.49999900000000252]
    [0.00000000000000000, -1.00000000000000000, 0.00000000000000000, 9.99999899999988884]
    [0.00000000000000000, 0.00000000000000000, 1.00000000000000000, 0.25000000000000000]
  #47 objects/buildingsets/human/hightech/delta/int/roomsm_b/ceiling/roomsm_b_ceiling_straight_04x02x0025_f.cgf
    [1.00000000000000000, 0.00000000000000000, 0.00000000000000000, -5.00000000000000000]
    [0.00000000000000000, 1.00000000000000000, 0.00000000000000000, 2.00000000000000000]
    [0.00000000000000000, 0.00000000000000000, 1.00000000000000000, 4.25000000000000000]
  #48 objects/buildingsets/human/hightech/delta/int/trim/trim_straight_02x002x005_a.cgf
    [-0.00000064012100026, 1.00000042674731060, 0.00000000000000000, -5.00000000000000000]
    [-1.00000042674731060, -0.00000064012100026, -0.00000000000000000, 7.00000000000000000]
    [-0.00000000000000000, 0.00000000000000000, 1.00000042674751533, 4.25000000000000000]
  #49 objects/buildingsets/human/hightech/delta/int/roomsm_c/wall/roomsm_c_wall_straight_04x01x04_a.cgf
    [-0.00000064012100026, -1.00000042674731060, 0.00000000000000000, 5.99999900000000252]
    [1.00000042674731060, -0.00000064012100026, 0.00000000000000000, 4.50000000000000000]
    [0.00000000000000000, 0.00000000000000000, 1.00000042674751533, 0.25000000000000000]
  #50 objects/buildingsets/human/hightech/delta/int/roomsm_c/wall/roomsm_c_wall_straight_04x01x04_a.cgf
    [-0.00000064012100026, 1.00000042674731060, 0.00000000000000000, -6.00000000000000000]
    [-1.00000042674731060, -0.00000064012100026, -0.00000000000000000, 8.49999899999988884]
    [-0.00000000000000000, 0.00000000000000000, 1.00000042674751533, 0.25000000000000000]
  #51 objects/buildingsets/human/hightech/delta/int/roomsm_c/wall/roomsm_c_wall_cornerin_01x01x04_a.cgf
    [-0.00000064012100026, 1.00000042674731060, 0.00000000000000000, -6.00000000000000000]
    [-1.00000042674731060, -0.00000064012100026, -0.00000000000000000, 9.99999899999988884]
    [-0.00000000000000000, 0.00000000000000000, 1.00000042674751533, 0.25000000000000000]
  #52 objects/buildingsets/human/hightech/delta/int/roomsm_c/wall/roomsm_c_wall_cornerin_01x01x04_a.cgf
    [-1.00000000000000000, 0.00000000000000000, 0.00000000000000000, 5.99999900000000252]
    [0.00000000000000000, -1.00000000000000000, 0.00000000000000000, 9.99999899999988884]
    [0.00000000000000000, 0.00000000000000000, 1.00000000000000000, 0.25000000000000000]
  #53 objects/buildingsets/human/hightech/delta/int/roomsm_c/wall/roomsm_c_wall_cornerin_01x01x04_a.cgf
    [-0.00000064012100026, -1.00000042674731060, 0.00000000000000000, 5.99999900000000252]
    [1.00000042674731060, -0.00000064012100026, 0.00000000000000000, 1.00000000000000000]
    [0.00000000000000000, 0.00000000000000000, 1.00000042674751533, 0.25000000000000000]
  #54 objects/planet/flora/plants/hosta_01/hosta_01_medium_a.cgf
    [0.48976450620321665, 0.48976375306894671, 0.00000000000000000, -4.70674499999995533]
    [-0.48976375306894671, 0.48976450620321665, -0.00000000000000000, 2.73488899999983914]
    [-0.00000000000000000, 0.00000000000000000, 0.69263107449540617, 0.79803400000000035]
  #55 objects/planet/flora/plants/hosta_01/hosta_01_large_a.cgf
    [-0.00000016459110593, -0.25712509995223631, 0.00000000000000000, -4.70674499999995533]
    [0.25712509995223631, -0.00000016459110593, 0.00000000000000000, 7.73488899999983914]
    [0.00000000000000000, 0.00000000000000000, 0.25712509995228899, 0.79803400000000035]
  #56 objects/planet/flora/plants/hosta_01/hosta_01_large_b.cgf
    [0.30126521798213729, 0.30126475471222464, 0.00000000000000000, 4.73075500000004467]
    [-0.30126475471222464, 0.30126521798213729, -0.00000000000000000, 7.76613899999983914]
    [-0.00000000000000000, 0.00000000000000000, 0.42605302956045460, 0.79803400000000035]
  #57 objects/buildingsets/human/hightech/prop/furniture/planter/planter_interior_2_b.cgf
    [-0.70710823567003778, 0.70710613896567265, 0.00000000000000000, -4.68464800000003834]
    [-0.70710613896567265, -0.70710823567003778, 0.00000000000000000, 2.80117999999993117]
    [0.00000000000000000, 0.00000000000000000, 1.00000057435750267, 0.23930499999999988]
  #58 objects/buildingsets/human/hightech/prop/furniture/planter/planter_interior_2_b.cgf
    [-0.70710823567003778, 0.70710613896567265, 0.00000000000000000, 4.75285199999996166]
    [-0.70710613896567265, -0.70710823567003778, 0.00000000000000000, 7.80117999999993117]
    [0.00000000000000000, 0.00000000000000000, 1.00000057435750267, 0.23930499999999988]
  #59 objects/planet/flora/plants/hosta_01/hosta_01_medium_a.cgf
    [-0.60616995049081224, 0.60616815308679761, 0.00000000000000000, 4.73075500000004467]
    [-0.60616815308679761, -0.60616995049081224, 0.00000000000000000, 2.79738899999983914]
    [0.00000000000000000, 0.00000000000000000, 0.85725249413150906, 0.79803400000000035]
  #60 objects/buildingsets/human/hightech/prop/furniture/planter/planter_interior_2_b.cgf
    [-0.70710823567003778, 0.70710613896567265, 0.00000000000000000, 4.75285199999996166]
    [-0.70710613896567265, -0.70710823567003778, 0.00000000000000000, 2.80117999999993117]
    [0.00000000000000000, 0.00000000000000000, 1.00000057435750267, 0.23930499999999988]
  #61 objects/buildingsets/human/hightech/prop/furniture/planter/planter_interior_2_b.cgf
    [-0.70710823567003778, 0.70710613896567265, 0.00000000000000000, -4.68464800000003834]
    [-0.70710613896567265, -0.70710823567003778, 0.00000000000000000, 7.80117999999993117]
    [0.00000000000000000, 0.00000000000000000, 1.00000057435750267, 0.23930499999999988]
  #62 objects/buildingsets/human/hightech/prop/furniture/couch/couch_lounge_3_right_a.cgf
    [-0.85714123252845220, 0.01234147635007287, -0.51493145991021316, -2.76300200000002860]
    [-0.51506201493925607, -0.01233861209973866, 0.85706282871346295, 1.79215499999986605]
    [0.00422388570824897, 0.99984661801553831, 0.01693257737531051, 0.74988800000000033]
  #63 objects/buildingsets/human/universal/prop/storage/bag/bag_holdall_1_a.cgf
    [0.75950905314589612, -0.62929538852086819, -0.16471469720650017, -2.74093200000004344]
    [0.64856740928646084, 0.75205811245996856, 0.11733085866315354, 2.12713599999983671]
    [0.05003931555195335, -0.19594266704715946, 0.97933659046804389, 1.16043099999999999]
  #64 objects/buildingsets/human/hightech/prop/hydroponic/hydroponic_stool_1_a.cgf
    [0.58778110722765586, 0.04229856375379828, -0.80791228423963402, -2.80623700000001008]
    [-0.80901880540138393, 0.03072490516491031, -0.58697752107234169, 2.71372199999996155]
    [-0.00000527778742214, 0.99863149822228192, 0.05227990307156117, 1.05555199999999960]
  #65 objects/buildingsets/human/hightech/prop/furniture/couch/couch_lounge_3_left_a.cgf
    [-0.61567873822411578, 0.01233908137790100, -0.78790122938176033, -1.58672699999999622]
    [-0.78799497803935736, -0.01233686492447513, 0.61555879105116118, 2.97630899999990106]
    [-0.00212480005944156, 0.99984821734419460, 0.01731867171934956, 0.74971399999999999]
  #66 objects/buildingsets/human/hightech/prop/utility/waste/waste_recycle_1_a.cgf
    [0.70710662795756585, 0.70699913430425887, 0.01233697297868928, -2.34315400000002683]
    [-0.70710676478591361, 0.70699895303164972, 0.01233951850428932, 2.56401499999992666]
    [0.00000180192096699, -0.01744891446330369, 0.99984763613841354, 0.19509699999999963]
  #67 objects/buildingsets/human/lowtech/alpha/ext/prop/trash_deposit_a.cgf
    [1.00000000000000000, 0.00000000000000000, 0.00000000000000000, -1.41762900000003356]
    [0.00000000000000000, 1.00000000000000000, 0.00000000000000000, 2.84617199999979675]
    [0.00000000000000000, 0.00000000000000000, 1.00000000000000000, 0.25160200000000010]
  #68 objects/buildingsets/human/lowtech/charlie/int/prop/uee_lawless_prop_bottleliquor_base_05_broken.cgf
    [-0.00000019289132085, -0.70710457924099723, 0.70710919161677421, -0.44108900000003359]
    [-0.00000013639431613, 0.70710919161679942, 0.70710457924098524, 3.16496699999993325]
    [-1.00000014742623766, 0.00000003994865572, -0.00000023284023722, 0.31430399999999992]
  #69 objects/buildingsets/human/universal/prop/dressing/can/can_drink_1_pips_open_d.cgf
    [-0.00000019289132085, -0.70710457924099723, 0.70710919161677421, -0.04288399999995818]
    [-0.00000013639431613, 0.70710919161679942, 0.70710457924098524, 3.25642099999981838]
    [-1.00000014742623766, 0.00000003994865572, -0.00000023284023722, 0.31430399999999992]
  #70 objects/buildingsets/human/lowtech/alpha/ext/prop/trash_bag_a.cgf
    [-0.00000064012300026, 0.00000282842741936, 1.00000042674464384, -1.27024400000004789]
    [0.00000000000181054, 1.00000042674484879, -0.00000282842741936, 3.17888499999980922]
    [-1.00000042674864376, -0.00000000000000000, -0.00000064012300022, 0.54232200000000041]
  #71 objects/buildingsets/human/lowtech/charlie/int/prop/uee_lawless_prop_bottleliquor_base_06_broken.cgf
    [-0.00000064012300026, 0.00000282842741936, 1.00000042674464384, -0.10358599999995022]
    [0.00000000000181054, 1.00000042674484879, -0.00000282842741936, 3.51049299999999675]
    [-1.00000042674864376, -0.00000000000000000, -0.00000064012300022, 0.31430399999999992]
  #72 objects/buildingsets/human/hightech/prop/trashcan/trashcan_2_a.cgf
    [-0.58621669557509393, -0.70710691943108905, 0.39541179984149522, -2.59842100000003029]
    [0.58621717649342797, -0.70710713871673703, -0.39541069471133417, 3.32075199999985671]
    [0.55919594861308541, 0.00000083800624155, 0.82903594143209880, 0.84917399999999965]
  #73 objects/buildingsets/human/lowtech/alpha/ext/prop/trash_deposit_a.cgf
    [-0.70710480546743992, -0.70710919269374384, 0.00000000000000000, -0.81676600000002963]
    [0.70710919269374384, -0.70710480546743992, 0.00000000000000000, 3.64367099999981292]
    [0.00000000000000000, 0.00000000000000000, 1.00000030815352470, 0.25160200000000010]
  #74 objects/buildingsets/human/hightech/prop/furniture/planter/planter_interior_2_b.cgf
    [-0.00000064012300026, 0.00000282842741936, 1.00000042674464384, -1.29480399999999918]
    [0.00000000000181054, 1.00000042674484879, -0.00000282842741936, 3.75241899999991801]
    [-1.00000042674864376, -0.00000000000000000, -0.00000064012300022, 0.54232200000000041]
  #75 objects/buildingsets/human/universal/prop/medical/chair/chair_folding_1_b.cgf
    [-0.76604380358777635, -0.05602238934572224, -0.64034260363595075, -1.37412600000004659]
    [0.64278857965831160, -0.06676526961050855, -0.76312876226046289, 4.26134099999990212]
    [-0.00000034993452775, -0.99619483928613672, 0.08715566151458619, 1.57744399999999985]
  #76 objects/buildingsets/human/universal/prop/medical/chair/chair_folding_1_b.cgf
    [-0.76604380358777635, -0.05602238934572224, -0.64034260363595075, -1.37412600000004659]
    [0.64278857965831160, -0.06676526961050855, -0.76312876226046289, 4.26134099999990212]
    [-0.00000034993452775, -0.99619483928613672, 0.08715566151458619, 1.49772699999999981]
  #77 objects/buildingsets/human/universal/prop/medical/chair/chair_folding_1_b.cgf
    [-0.76604380358777635, -0.05602238934572224, -0.64034260363595075, -1.37412600000004659]
    [0.64278857965831160, -0.06676526961050855, -0.76312876226046289, 4.26134099999990212]
    [-0.00000034993452775, -0.99619483928613672, 0.08715566151458619, 1.42009600000000002]
  #78 objects/buildingsets/human/universal/prop/medical/chair/chair_folding_1_b.cgf
    [-0.76604380358777635, -0.05602238934572224, -0.64034260363595075, -1.37412600000004659]
    [0.64278857965831160, -0.06676526961050855, -0.76312876226046289, 4.26134099999990212]
    [-0.00000034993452775, -0.99619483928613672, 0.08715566151458619, 1.34442299999999992]
  #79 objects/buildingsets/human/hightech/prop/tech/sensor/sensor_slaver_1_a.cgf
    [0.93969234335320073, 0.34202088903394118, 0.00000000000000000, 3.11739426676240328]
    [-0.34202088903394118, 0.93969234335320073, -0.00000000000000000, 2.01223877329789502]
    [-0.00000000000000000, 0.00000000000000000, 0.99999999434609865, 1.75183700000000009]
  #80 objects/buildingsets/human/hightech/prop/habitation/cabinet/cabinet_kitchen_3_start_005x0075x005_a.cgf
    [-0.64840774721065553, 0.75599883982221394, -0.08962007828557143, -2.01066000000002987]
    [-0.76121297155190115, -0.64553173421850973, 0.06198550592848787, 4.14106199999991986]
    [-0.01099164162307117, 0.10841192365949663, 0.99404459130871992, 0.75966999999999985]
  #81 objects/buildingsets/human/hightech/prop/env/barrier/barrier_slaver_3_a.cgf
    [-0.90630891751122156, -0.42261845294135086, 0.00000000000000000, 1.39373612683959891]
    [0.42261845294135086, -0.90630891751122156, 0.00000000000000000, 2.00354407434792847]
    [0.00000000000000000, 0.00000000000000000, 1.00000110536284081, 0.25767600000000002]
  #82 objects/buildingsets/human/hightech/prop/storage/crate/crate_slaver_1_0075x015x0075_a.cgf
    [-0.98480731337709926, -0.17364851283766380, 0.00000000000000000, 2.84153423192628907]
    [0.17364851283766380, -0.98480731337709926, 0.00000000000000000, 2.12559914450412180]
    [0.00000000000000000, 0.00000000000000000, 0.99999962524580610, 0.25767600000000002]
  #83 objects/buildingsets/human/hightech/delta/int/elev/elevator_door_double_a.cgf
    [-1.00000000000000000, 0.00000000000000000, 0.00000000000000000, 2.50000000000000000]
    [0.00000000000000000, -1.00000000000000000, 0.00000000000000000, 9.99999899999988884]
    [0.00000000000000000, 0.00000000000000000, 1.00000000000000000, 0.25000000000000000]
  #84 objects/buildingsets/human/hightech/delta/int/roomsm_c/addon/roomsm_c_wall_light_a.cgf
    [0.80000001192092896, 0.00000000000000000, 0.00000000000000000, 0.00000000000000000]
    [0.00000000000000000, 0.80000001192092896, 0.00000000000000000, 0.50000000000000000]
    [0.00000000000000000, 0.00000000000000000, 0.80000001192092896, 1.75000000000000000]
  #85 objects/buildingsets/human/hightech/delta/int/roomsm_c/wall/roomsm_c_wall_straight_transition_09x01x04_a.cgf
    [1.00000000000000000, 0.00000000000000000, 0.00000000000000000, -4.50000000000000000]
    [0.00000000000000000, 1.00000000000000000, 0.00000000000000000, 1.00000000000000000]
    [0.00000000000000000, 0.00000000000000000, 1.00000000000000000, 0.25000000000000000]
  #86 objects/buildingsets/human/hightech/prop/storage/crate/crate_slaver_1_open_0075x015x0075_a.cgf
    [-0.93969214488443165, -0.34202091916498240, 0.00000000000000000, 2.53160228462581927]
    [0.34202091916498240, -0.93969214488443165, 0.00000000000000000, 1.17098733688294487]
    [0.00000000000000000, 0.00000000000000000, 0.99999981815196504, 0.25767600000000002]
  #87 objects/buildingsets/human/hightech/prop/tech/sensor/sensor_slaver_1_a.cgf
    [0.26517003973799336, 0.14493992601321123, -0.95324579558953215, 2.93959127368145801]
    [0.96028466230089971, -0.12872361697027992, 0.24755580526463075, 1.06406285102548281]
    [-0.08682451446153841, -0.98103156280410164, -0.17331721036049663, 0.51696600000000004]
