# IncludedObjects
# Cgfs: 60, Materials: 1, Palettes: 1, Placements: 192

[CGFs]
      0: objects/spaceships/coolers/medium_component/jspn/cool_jspn_s02_pl03.cgf
      1: objects/buildingsets/human/universal/prop/dressing/bedding/bedding_phoenix_mattress_2_a.cgf
      2: objects/buildingsets/human/universal/prop/dressing/bedding/bedding_phoenix_pillow_1_b.cgf
      3: objects/buildingsets/human/universal/prop/dressing/bedding/bedding_phoenix_pillow_2_b.cgf
      4: objects/buildingsets/human/universal/prop/dressing/bedding/bedding_phoenix_pillow_4_a.cgf
      5: objects/buildingsets/human/universal/prop/dressing/bedding/bedding_phoenix_pillow_3_b.cgf
      6: objects/buildingsets/human/universal/prop/dressing/bedding/bedding_phoenix_guest_1_a.cgf
      7: objects/buildingsets/human/universal/prop/dressing/bedding/bedding_phoenix_pillow_5_b.cgf
      8: data/objects/spaceships/ships/rsi/constellation/constellation_phoenix/rsi_constellation_phoenix_hottub.cgf
      9: objects/buildingsets/human/universal/prop/dressing/bottle/bottle_alcohol_10_hippocampus_a.cgf
     10: objects/buildingsets/human/universal/prop/dressing/bedding/bedding_phoenix_pillow_4_b.cgf
     11: objects/buildingsets/human/universal/prop/dressing/bottle/bottle_alcohol_01_beer-smoltz_a.cgf
     12: objects/buildingsets/human/universal/prop/dressing/bottle/bottle_alcohol_18_jonesin_a.cgf
     13: objects/buildingsets/human/universal/prop/dressing/bottle/bottle_alcohol_05_blackbeard_a.cgf
     14: objects/buildingsets/human/universal/prop/dressing/bottle/bottle_alcohol_emergency_whiskey_1_a.cgf
     15: objects/buildingsets/human/universal/prop/dressing/bottle/bottle_alcohol_12_prime_a.cgf
     16: objects/buildingsets/human/universal/prop/dressing/can/can_drink_1_pips_b.cgf
     17: objects/buildingsets/human/universal/prop/dressing/bottle/bottle_alcohol_04_3-degree_a.cgf
     18: objects/buildingsets/human/universal/prop/dressing/bottle/bottle_alcohol_08_cathcart_a.cgf
     19: objects/buildingsets/human/universal/prop/dressing/bottle/bottle_water_3_a.cgf
     20: objects/buildingsets/human/universal/prop/dressing/medical/medical_tray_3_a.cgf
     21: objects/buildingsets/human/universal/prop/dressing/bottle/bottle_alcohol_17_trise_a.cgf
     22: objects/buildingsets/human/universal/prop/dressing/bottle/bottle_alcohol_20_leviathan_a.cgf
     23: objects/buildingsets/human/universal/prop/dressing/bottle/bottle_water_1_a.cgf
     24: objects/buildingsets/human/universal/prop/dressing/can/can_drink_1_pips_a.cgf
     25: objects/buildingsets/human/universal/prop/dressing/literature/literature_book_7_a.cgf
     26: objects/buildingsets/human/universal/prop/dressing/literature/literature_book_3_a.cgf
     27: objects/buildingsets/human/universal/prop/dressing/literature/literature_book_1_a.cgf
     28: objects/buildingsets/human/universal/prop/dressing/consumables/bar_mmhc_cigar_a.cgf
     29: objects/buildingsets/human/universal/prop/dressing/bottle/bottle_alcohol_19_radegast_a.cgf
     30: objects/buildingsets/human/universal/prop/dressing/bottle/bottle_alcohol_16_tevarin_a.cgf
     31: objects/buildingsets/human/universal/prop/dressing/bottle/bottle_alcohol_15_starlight_a.cgf
     32: objects/buildingsets/human/universal/prop/dressing/bottle/bottle_alcohol_07_bitters_a.cgf
     33: objects/buildingsets/human/universal/prop/dressing/bottle/bottle_alcohol_7_bitters_b.cgf
     34: objects/buildingsets/human/universal/prop/dressing/bottle/bottle_alcohol_02_dolan_a.cgf
     35: objects/buildingsets/human/universal/prop/dressing/bottle/bottle_alcohol_03_most_a.cgf
     36: objects/buildingsets/human/universal/prop/dressing/bottle/bottle_alcohol_14_soles_a.cgf
     37: objects/buildingsets/human/universal/prop/dressing/bedding/bedding_phoenix_pillow_1_a.cgf
     38: objects/buildingsets/human/universal/prop/dressing/bedding/bedding_phoenix_pillow_3_a.cgf
     39: objects/buildingsets/human/universal/prop/dressing/consumables/bar_mmhc_cigarbox_a_closed.cgf
     40: objects/buildingsets/human/universal/prop/dressing/bottle/bottle_spirit_18_radegast_b.cgf
     41: objects/buildingsets/human/universal/prop/dressing/gambling/gambling_card_1_deck_a.cgf
     42: objects/spaceships/shields/medium_component/behr/shld_behr_s02_pl03.cgf
     43: objects/buildingsets/human/universal/prop/dressing/bottle/bottle_alcohol_11_jynx_a.cgf
     44: objects/buildingsets/human/universal/prop/dressing/bottle/bottle_alcohol_13_sky_a.cgf
     45: objects/buildingsets/human/universal/prop/dressing/bottle/bottle_alcohol_06_absynthe_a.cgf
     46: objects/buildingsets/human/universal/prop/dressing/literature/literature_book_4_a.cgf
     47: objects/buildingsets/human/universal/prop/dressing/can/can_drink_1_pips_c.cgf
     48: objects/buildingsets/human/universal/prop/dressing/linen/linen_towel_1_f.cgf
     49: objects/buildingsets/human/universal/prop/dressing/bottle/bottle_alcohol_09_chibanzaa_a.cgf
     50: objects/buildingsets/human/universal/prop/dressing/gambling/gambling_card_1_c5_a.cgf
     51: objects/buildingsets/human/universal/prop/dressing/literature/literature_book_5_a.cgf
     52: objects/buildingsets/human/universal/prop/dressing/bedding/bedding_phoenix_master_1_c.cgf
     53: objects/buildingsets/human/universal/prop/dressing/gambling/gambling_card_1_d1_a.cgf
     54: objects/buildingsets/human/universal/prop/dressing/gambling/gambling_card_1_h2_a.cgf
     55: objects/spaceships/ships/rsi/constellation/constellation_phoenix/rsi_constellation_phoenix_int_body.cgf
     56: objects/buildingsets/human/universal/prop/dressing/cleaning/cleaning_sponge_5_a.cgf
     57: objects/buildingsets/human/universal/prop/dressing/literature/literature_book_6_a.cgf
     58: objects/buildingsets/human/universal/prop/dressing/bedding/bedding_phoenix_mattress_1_a.cgf
     59: objects/spaceships/ships/rsi/constellation/constellation_phoenix/rsi_constellation_phoenix_int_cargo_hold.cgf

[Materials]
      0: objects/spaceships/ships/rsi/constellation/constellation_phoenix/rsi_constellation_phoenix_interior

[Palettes]
      0: Libs/Foundry/Records/TintPalettes/default

[Placements]
  #0 objects/spaceships/coolers/medium_component/jspn/cool_jspn_s02_pl03.cgf
    [-0.00000064012100026, -1.00000042674731060, 0.00000000000000000, -1.68907500000000255]
    [1.00000042674731060, -0.00000064012100026, 0.00000000000000000, -12.13449999999999918]
    [0.00000000000000000, 0.00000000000000000, 1.00000042674751533, 0.77249599999999985]
  #1 objects/spaceships/coolers/medium_component/jspn/cool_jspn_s02_pl03.cgf
    [-0.00000064012100026, -1.00000042674731060, 0.00000000000000000, 1.69459999999999411]
    [1.00000042674731060, -0.00000064012100026, 0.00000000000000000, -12.13449999999999918]
    [0.00000000000000000, 0.00000000000000000, 1.00000042674751533, 0.77249999999999996]
  #2 objects/buildingsets/human/universal/prop/dressing/bedding/bedding_phoenix_mattress_2_a.cgf
    [1.00000000000000000, 0.00000000000000000, 0.00000000000000000, -3.47717400000000509]
    [0.00000000000000000, 1.00000000000000000, 0.00000000000000000, 10.29540400000000133]
    [0.00000000000000000, 0.00000000000000000, 1.00000000000000000, 0.31827600000000000]
  #3 objects/buildingsets/human/universal/prop/dressing/bedding/bedding_phoenix_pillow_1_b.cgf
    [0.98768805870322607, 0.00000000000000000, 0.15643621833980478, -4.54094000000000619]
    [0.00000000000000000, 0.99999999585670318, 0.00000000000000000, 10.33323099999999961]
    [-0.15643621833980478, 0.00000000000000000, 0.98768805870322607, 0.40268799999999993]
  #4 objects/buildingsets/human/universal/prop/dressing/bedding/bedding_phoenix_pillow_2_b.cgf
    [0.07166032735681979, -0.81906770534157525, -0.00000039518417773, -3.35595700000000363]
    [-0.52648588703783028, -0.04606261444625913, 0.62983962621521405, 10.87119099999999960]
    [-0.62744283937555512, -0.05489479089511121, -0.52849707066310159, 0.52542599999999995]
  #5 objects/buildingsets/human/universal/prop/dressing/bedding/bedding_phoenix_pillow_4_a.cgf
    [-0.63641725591873466, 0.00000000000000000, 0.00000000000000000, -2.88039000000000556]
    [0.00000000000000000, 0.27898723755786015, 0.57200790633606313, 10.89077499999999965]
    [0.00000000000000000, 0.57200790633606313, -0.27898723755786015, 0.57522800000000007]
  #6 objects/buildingsets/human/universal/prop/dressing/bedding/bedding_phoenix_pillow_3_b.cgf
    [-0.83254853832598119, 0.06522176375472619, 0.21333242443479175, -2.52397799999999961]
    [0.22307981034155180, 0.24341447794881810, 0.79616986918252131, 10.85277400000000014]
    [-0.00000069334587084, 0.82425553313815159, -0.25200096535904803, 0.52665600000000001]
  #7 objects/buildingsets/human/universal/prop/dressing/bedding/bedding_phoenix_guest_1_a.cgf
    [1.00000000000000000, 0.00000000000000000, 0.00000000000000000, -3.28568199999999422]
    [0.00000000000000000, 1.00000000000000000, 0.00000000000000000, 10.36842000000000041]
    [0.00000000000000000, 0.00000000000000000, 1.00000000000000000, 0.27678899999999995]
  #8 objects/buildingsets/human/universal/prop/dressing/bedding/bedding_phoenix_pillow_5_b.cgf
    [-0.99999932698163285, 0.00000000000000000, 0.00000000000000000, -4.50126199999999699]
    [0.00000000000000000, 0.70710504782303196, 0.70710756275612430, 10.86710400000000121]
    [0.00000000000000000, 0.70710756275612430, -0.70710504782303207, 0.53431300000000004]
  #9 objects/buildingsets/human/universal/prop/dressing/bedding/bedding_phoenix_pillow_2_b.cgf
    [-0.00000041781583443, 0.82219781898912148, 0.00000000000000000, -4.02689800000000275]
    [0.37327154634118531, 0.00000018968520588, 0.73258283234230048, 10.91518500000000103]
    [0.73258283234220578, 0.00000037227623363, -0.37327154634123355, 0.52542599999999995]
  #10 objects/buildingsets/human/universal/prop/dressing/bedding/bedding_phoenix_pillow_2_b.cgf
    [0.01928784717395040, -0.82163807133773858, -0.02332711978873467, 2.93170299999999884]
    [-0.33314448896027582, -0.02914536398532537, 0.75111290301219169, 10.89807199999999909]
    [-0.75143065166696088, -0.00816843463624042, -0.33360238046033547, 0.54075700000000015]
  #11 objects/buildingsets/human/universal/prop/dressing/bedding/bedding_phoenix_guest_1_a.cgf
    [1.00000000000000000, 0.00000000000000000, 0.00000000000000000, 2.86178800000000422]
    [0.00000000000000000, 1.00000000000000000, 0.00000000000000000, 10.36842000000000041]
    [0.00000000000000000, 0.00000000000000000, 1.00000000000000000, 0.25464399999999987]
  #12 objects/buildingsets/human/universal/prop/dressing/bedding/bedding_phoenix_pillow_5_b.cgf
    [-0.96592672284065517, 0.08426257705456855, 0.24471781313338919, 4.07018899999999917]
    [0.25881844979856589, 0.31447590035302053, 0.91330134238124117, 10.86548300000000111]
    [-0.00000072988058497, 0.94551898450514082, -0.32556915362820760, 0.56569899999999995]
  #13 objects/buildingsets/human/universal/prop/dressing/bedding/bedding_phoenix_pillow_1_b.cgf
    [-0.98768637251914548, -0.00000000000000000, -0.15643611117488654, 4.06885099999999511]
    [0.00000000000000000, -0.99999831366835290, 0.00000000000000000, 10.39332200000000128]
    [-0.15643611117488654, 0.00000000000000000, 0.98768637251914537, 0.39771100000000015]
  #14 objects/buildingsets/human/universal/prop/dressing/bedding/bedding_phoenix_mattress_2_a.cgf
    [1.00000000000000000, 0.00000000000000000, 0.00000000000000000, 3.05682699999999841]
    [0.00000000000000000, 1.00000000000000000, 0.00000000000000000, 10.29540400000000133]
    [0.00000000000000000, 0.00000000000000000, 1.00000000000000000, 0.28763600000000000]
  #15 objects/buildingsets/human/universal/prop/dressing/bedding/bedding_phoenix_pillow_3_b.cgf
    [-0.85551117982012781, -0.04666607435321098, -0.09395048472507228, 2.02489900000000489]
    [-0.09779219864408005, 0.63413217788332787, 0.57551443225183041, 10.84614299999999965]
    [0.03796184874281339, 0.58189556911034335, -0.63471272207402607, 0.54285199999999989]
  #16 objects/buildingsets/human/universal/prop/dressing/bedding/bedding_phoenix_pillow_2_b.cgf
    [-0.00000017955078832, 0.82219692234198472, 0.00000105441512363, 3.58705799999999897]
    [0.49481046995681288, -0.00000073403698624, 0.65663565082194175, 10.91782900000000112]
    [0.65663565082232744, 0.00000077795850869, -0.49481046995623390, 0.52638000000000007]
  #17 objects/buildingsets/human/universal/prop/dressing/bedding/bedding_phoenix_pillow_4_a.cgf
    [-0.63641780007654536, 0.00000000000000000, 0.00000000000000000, 2.43281500000000506]
    [0.00000000000000000, 0.39181794314432283, 0.50150405350746863, 10.86236699999999900]
    [0.00000000000000000, 0.50150405350746863, -0.39181794314432278, 0.52648800000000007]
  #18 data/objects/spaceships/ships/rsi/constellation/constellation_phoenix/rsi_constellation_phoenix_hottub.cgf
    [1.00000000000000000, 0.00000000000000000, 0.00000000000000000, 3.60999999999999943]
    [0.00000000000000000, 1.00000000000000000, 0.00000000000000000, -5.66000000000000014]
    [0.00000000000000000, 0.00000000000000000, 1.00000000000000000, -0.10000000000000009]
  #19 objects/buildingsets/human/universal/prop/dressing/bottle/bottle_alcohol_10_hippocampus_a.cgf
    [-0.41216866553965309, -0.74357212304437748, 0.00000000000000000, 1.07182799999999645]
    [0.74357212304437748, -0.41216866553965309, 0.00000000000000000, 7.74932300000000041]
    [0.00000000000000000, 0.00000000000000000, 0.85016616671181489, 1.37433500000000031]
  #20 objects/buildingsets/human/universal/prop/dressing/bedding/bedding_phoenix_pillow_4_b.cgf
    [0.00000080971554229, -0.66913172690480005, -0.74314463841087930, -5.74617700000000298]
    [-1.00000061077436175, -0.00000097494790608, -0.00000021173194629, -4.72971899999999934]
    [-0.00000058285039034, 0.74314463841068090, -0.66913172690525635, 0.53664099999999992]
  #21 objects/buildingsets/human/universal/prop/dressing/bottle/bottle_alcohol_01_beer-smoltz_a.cgf
    [-0.80901551715246245, 0.58778529489426912, 0.00000000000000000, -0.32308700000000101]
    [-0.58778529489426912, -0.80901551715246245, 0.00000000000000000, 7.76752199999999959]
    [0.00000000000000000, 0.00000000000000000, 0.99999882994301981, 0.45186299999999990]
  #22 objects/buildingsets/human/universal/prop/dressing/bottle/bottle_alcohol_18_jonesin_a.cgf
    [-1.00000000000000000, 0.00000000000000000, 0.00000000000000000, 0.95140399999999659]
    [0.00000000000000000, -1.00000000000000000, 0.00000000000000000, 7.84536299999999986]
    [0.00000000000000000, 0.00000000000000000, 1.00000000000000000, 1.85414399999999979]
  #23 objects/buildingsets/human/universal/prop/dressing/bottle/bottle_alcohol_18_jonesin_a.cgf
    [-0.79152711834787814, 0.33598314255038281, 0.00000000000000000, 0.81723800000000324]
    [-0.33598314255038281, -0.79152711834787814, 0.00000000000000000, 7.77059999999999995]
    [0.00000000000000000, 0.00000000000000000, 0.85988362652054673, 1.85415099999999988]
  #24 objects/buildingsets/human/universal/prop/dressing/bottle/bottle_alcohol_05_blackbeard_a.cgf
    [-0.87462069832266010, -0.48480959953570180, 0.00000000000000000, 0.91474499999999637]
    [0.48480959953570180, -0.87462069832266010, 0.00000000000000000, 7.85810399999999998]
    [0.00000000000000000, 0.00000000000000000, 1.00000085686782558, 0.95362800000000014]
  #25 objects/buildingsets/human/universal/prop/dressing/bottle/bottle_alcohol_emergency_whiskey_1_a.cgf
    [-0.96592624618143830, 0.25881867371917705, 0.00000000000000000, -0.82253000000000043]
    [-0.25881867371917705, -0.96592624618143830, 0.00000000000000000, 7.87006500000000031]
    [0.00000000000000000, 0.00000000000000000, 1.00000030946391139, 1.04433600000000038]
  #26 objects/buildingsets/human/universal/prop/dressing/bottle/bottle_alcohol_12_prime_a.cgf
    [0.35836850283040306, 0.93357995860614251, 0.00000000000000000, -2.05359799999999382]
    [-0.93357995860614251, 0.35836850283040306, -0.00000000000000000, 7.81609200000000026]
    [-0.00000000000000000, 0.00000000000000000, 0.99999976146594727, 1.85476300000000016]
  #27 objects/buildingsets/human/universal/prop/dressing/can/can_drink_1_pips_b.cgf
    [-0.99984782088827373, 0.01745333521480037, 0.00000000000000000, -0.75173100000000659]
    [-0.01745333521480037, -0.99984782088827373, 0.00000000000000000, 7.68185599999999980]
    [0.00000000000000000, 0.00000000000000000, 1.00000014192256481, -0.00111300000000014]
  #28 objects/buildingsets/human/universal/prop/dressing/bottle/bottle_alcohol_04_3-degree_a.cgf
    [0.85716767964432206, 0.51503759187273657, 0.00000000000000000, -1.21828200000000209]
    [-0.51503759187273657, 0.85716767964432206, -0.00000000000000000, 7.85949399999999976]
    [-0.00000000000000000, 0.00000000000000000, 1.00000007603444652, 1.40380199999999977]
  #29 objects/buildingsets/human/universal/prop/dressing/bottle/bottle_alcohol_08_cathcart_a.cgf
    [0.95105618640601797, 0.30901721397150633, -0.00000000000000003, -2.37129099999999937]
    [-0.00000011125116410, 0.00000034239551398, -0.99999975411584019, 8.00656500000000015]
    [-0.30901721397148624, 0.95105618640595635, 0.00000036001598507, 1.48682599999999976]
  #30 objects/buildingsets/human/universal/prop/dressing/bottle/bottle_water_3_a.cgf
    [-0.22495045995370155, 0.97437036323603787, 0.00000000000000000, -0.27971800000000258]
    [-0.97437036323603787, -0.22495045995370155, -0.00000000000000000, 7.76604500000000009]
    [-0.00000000000000000, 0.00000000000000000, 1.00000015709304257, 0.00554899999999980]
  #31 objects/buildingsets/human/universal/prop/dressing/medical/medical_tray_3_a.cgf
    [0.43837168477160121, -0.89879359181559426, 0.00000000000000000, -2.33615100000000098]
    [0.89879359181559426, 0.43837168477160121, 0.00000000000000000, 5.77177299999999960]
    [0.00000000000000000, 0.00000000000000000, 0.99999982734911974, 0.90813299999999986]
  #32 objects/buildingsets/human/universal/prop/dressing/bottle/bottle_alcohol_12_prime_a.cgf
    [-0.99452310226171992, 0.10452853471459157, 0.00000000000000000, -2.06140299999999854]
    [-0.10452853471459157, -0.99452310226171992, 0.00000000000000000, 7.81420500000000029]
    [0.00000000000000000, 0.00000000000000000, 1.00000120775019874, 2.27242000000000033]
  #33 objects/buildingsets/human/universal/prop/dressing/bottle/bottle_alcohol_17_trise_a.cgf
    [0.00000000000000000, 1.00000000000000000, 0.00000000000000000, -2.68016400000000488]
    [0.00000000000000000, 0.00000000000000000, -1.00000000000000000, 7.97744199999999992]
    [-1.00000000000000000, 0.00000000000000000, 0.00000000000000000, 1.65599999999999969]
  #34 objects/buildingsets/human/universal/prop/dressing/bottle/bottle_alcohol_20_leviathan_a.cgf
    [-1.00000000000000000, 0.00000000000000000, 0.00000000000000000, -0.53390600000000177]
    [0.00000000000000000, -1.00000000000000000, 0.00000000000000000, 7.86952099999999977]
    [0.00000000000000000, 0.00000000000000000, 1.00000000000000000, 1.03496100000000002]
  #35 objects/buildingsets/human/universal/prop/dressing/bottle/bottle_alcohol_17_trise_a.cgf
    [0.62932125629110491, -0.77714576237385347, -0.00000061691883935, -2.60668900000000292]
    [0.00000023357306040, 0.00000098297077430, -1.00000038979733019, 8.01738300000000059]
    [0.77714576237406319, 0.62932125629063951, 0.00000080012440490, 1.41952199999999973]
  #36 objects/buildingsets/human/universal/prop/dressing/bottle/bottle_alcohol_01_beer-smoltz_a.cgf
    [-0.97437033102662274, 0.22495258543878435, 0.00000000000000000, 0.15377900000000011]
    [-0.22495258543878435, -0.97437033102662274, 0.00000000000000000, 7.66869800000000001]
    [0.00000000000000000, 0.00000000000000000, 1.00000060384007972, 0.45186299999999990]
  #37 objects/buildingsets/human/universal/prop/dressing/bottle/bottle_water_1_a.cgf
    [-0.10452896986161286, -0.99452144831631539, 0.00000000000000000, -0.70967600000000175]
    [0.99452144831631539, -0.10452896986161286, 0.00000000000000000, 7.75936000000000003]
    [0.00000000000000000, 0.00000000000000000, 0.99999960835067914, 0.44799200000000017]
  #38 objects/buildingsets/human/universal/prop/dressing/can/can_drink_1_pips_a.cgf
    [0.08715634424427005, -0.99619504004964965, 0.00000000000000000, -0.85164799999999730]
    [0.99619504004964965, 0.08715634424427005, 0.00000000000000000, 7.67026500000000055]
    [0.00000000000000000, 0.00000000000000000, 1.00000039308069733, -0.00111300000000014]
  #39 objects/buildingsets/human/universal/prop/dressing/bottle/bottle_alcohol_17_trise_a.cgf
    [1.00000042674751533, 0.00000000000000000, 0.00000000000000000, -2.37131800000000226]
    [0.00000000000000000, -0.00000064012100026, -1.00000042674731060, 7.98668499999999959]
    [0.00000000000000000, 1.00000042674731060, -0.00000064012100026, 1.03551799999999972]
  #40 objects/buildingsets/human/universal/prop/dressing/bottle/bottle_alcohol_12_prime_a.cgf
    [-0.93969341179083532, 0.34201978233938735, 0.00000000000000000, -2.16433399999999665]
    [-0.34201978233938735, -0.93969341179083532, 0.00000000000000000, 7.82575999999999983]
    [0.00000000000000000, 0.00000000000000000, 1.00000061983709898, 2.27242000000000033]
  #41 objects/buildingsets/human/universal/prop/dressing/bottle/bottle_water_1_a.cgf
    [-0.80901522063119102, 0.58778695014167814, 0.00000000000000000, -0.57371999999999446]
    [-0.58778695014167814, -0.80901522063119102, 0.00000000000000000, 7.65317299999999978]
    [0.00000000000000000, 0.00000000000000000, 0.99999956298479964, 0.44799200000000017]
  #42 objects/buildingsets/human/universal/prop/dressing/bottle/bottle_alcohol_12_prime_a.cgf
    [-0.79863647203386112, 0.60181557550711495, 0.00000000000000000, -2.16137200000000007]
    [-0.60181557550711495, -0.79863647203386112, 0.00000000000000000, 7.83504600000000018]
    [0.00000000000000000, 0.00000000000000000, 1.00000110069222026, 1.85476300000000016]
  #43 objects/buildingsets/human/universal/prop/dressing/bottle/bottle_alcohol_18_jonesin_a.cgf
    [-0.49999868821687127, 0.86602529559026242, 0.00000000000000000, -1.56802199999999914]
    [-0.86602529559026242, -0.49999868821687127, -0.00000000000000000, 7.86882199999999976]
    [-0.00000000000000000, 0.00000000000000000, 0.99999925041011561, 1.40278499999999973]
  #44 objects/buildingsets/human/universal/prop/dressing/literature/literature_book_7_a.cgf
    [-0.00000056563006629, -0.68199686786724278, -0.73135392097732199, 2.69800999999999647]
    [0.00000096434718004, -0.73135392097747098, 0.68199686786663583, -0.86518899999999999]
    [-0.99999914275398372, -0.00000031952143163, 0.00000107135844145, 0.79155100000000012]
  #45 objects/buildingsets/human/universal/prop/dressing/bottle/bottle_alcohol_18_jonesin_a.cgf
    [1.00000042674751533, 0.00000000000000000, 0.00000000000000000, -2.45042499999999563]
    [0.00000000000000000, -0.00000064012100026, -1.00000042674731060, 7.99567300000000003]
    [0.00000000000000000, 1.00000042674731060, -0.00000064012100026, 1.26735600000000037]
  #46 objects/buildingsets/human/universal/prop/dressing/literature/literature_book_3_a.cgf
    [-0.00000158512339736, -0.68199682608347156, 0.73135393367261659, 2.75667900000000543]
    [-0.00000165246808783, -0.73135393367075063, -0.68199682608531276, -0.92159000000000013]
    [0.99999912354142018, -0.00000228959016896, 0.00000003230826900, 0.77186900000000014]
  #47 objects/buildingsets/human/universal/prop/dressing/literature/literature_book_1_a.cgf
    [-0.00000046258577124, -0.55775401059449981, -0.59811869585334154, 2.87157799999999952]
    [0.00000078866712242, -0.59811869585346322, 0.55775401059400342, -1.03991900000000026]
    [-0.81782364276348074, -0.00000026131242768, 0.00000087618333765, 0.74446000000000012]
  #48 objects/buildingsets/human/universal/prop/dressing/bottle/bottle_water_1_a.cgf
    [-0.32556977204502713, -0.94551772328784145, 0.00000000000000000, -0.62060400000000016]
    [0.94551772328784145, -0.32556977204502713, 0.00000000000000000, 7.75847499999999979]
    [0.00000000000000000, 0.00000000000000000, 0.99999972076039811, 0.44799200000000017]
  #49 objects/buildingsets/human/universal/prop/dressing/consumables/bar_mmhc_cigar_a.cgf
    [0.06857633765490202, 0.89879431754478256, -0.43297385356579748, -1.41200700000000268]
    [-0.14060276627488613, 0.43837092964492397, 0.88772861132592895, 5.66251600000000010]
    [0.98768843530652828, 0.00000014453982300, 0.15643481700148631, 0.96690200000000015]
  #50 objects/buildingsets/human/universal/prop/dressing/bottle/bottle_alcohol_19_radegast_a.cgf
    [-0.97029542908596256, -0.24192123224459194, 0.00000000000000000, -0.02061899999999639]
    [0.24192123224459194, -0.97029542908596256, 0.00000000000000000, 7.86380400000000002]
    [0.00000000000000000, 0.00000000000000000, 0.99999955115782646, 1.03917999999999999]
  #51 objects/buildingsets/human/universal/prop/dressing/bottle/bottle_alcohol_16_tevarin_a.cgf
    [-0.81915326309855319, 0.57357617559546159, 0.00000000000000006, -2.37230300000000227]
    [0.00000038244114253, 0.00000054618361632, -1.00000084882727891, 7.99739399999999989]
    [-0.57357617559533414, -0.81915326309837100, -0.00000066676665376, 1.18810799999999972]
  #52 objects/buildingsets/human/universal/prop/dressing/bottle/bottle_alcohol_12_prime_a.cgf
    [-0.95630501027585324, 0.29237282011057542, 0.00000000000000000, -1.71261900000000367]
    [-0.29237282011057542, -0.95630501027585324, 0.00000000000000000, 7.83504600000000018]
    [0.00000000000000000, 0.00000000000000000, 1.00000056930889314, 1.40393800000000013]
  #53 objects/buildingsets/human/universal/prop/dressing/bottle/bottle_alcohol_04_3-degree_a.cgf
    [0.99862952963308327, 0.05233604180851161, 0.00000000000000000, -1.33243000000000222]
    [-0.05233604180851161, 0.99862952963308327, -0.00000000000000000, 7.84523700000000002]
    [-0.00000000000000000, 0.00000000000000000, 0.99999999936368766, 1.40380199999999977]
  #54 objects/buildingsets/human/universal/prop/dressing/bottle/bottle_alcohol_16_tevarin_a.cgf
    [-0.57357693331534754, -0.81915193465199065, -0.00000189537786201, -2.60857400000000439]
    [0.00000043775215073, 0.00000200731222899, -1.00000019523743555, 7.98218600000000045]
    [0.81915193465406644, -0.57357693331496662, -0.00000079276231669, 1.26829199999999975]
  #55 objects/buildingsets/human/universal/prop/dressing/bottle/bottle_alcohol_01_beer-smoltz_a.cgf
    [0.20791263467632279, 0.97814716874682284, 0.00000000000000000, -0.13875199999999666]
    [-0.97814716874682284, 0.20791263467632279, -0.00000000000000000, 7.76752199999999959]
    [-0.00000000000000000, 0.00000000000000000, 0.99999977369271220, 0.45186299999999990]
  #56 objects/buildingsets/human/universal/prop/dressing/bottle/bottle_alcohol_08_cathcart_a.cgf
    [-0.93969341179083532, -0.34201978233938735, 0.00000000000000000, -1.09934800000000621]
    [0.34201978233938735, -0.93969341179083532, 0.00000000000000000, 7.85971400000000031]
    [0.00000000000000000, 0.00000000000000000, 1.00000061983709898, 1.39853000000000005]
  #57 objects/buildingsets/human/universal/prop/dressing/can/can_drink_1_pips_a.cgf
    [0.99862952963308327, -0.05233604180851161, 0.00000000000000000, -0.85164799999999730]
    [0.05233604180851161, 0.99862952963308327, 0.00000000000000000, 7.77090000000000014]
    [0.00000000000000000, 0.00000000000000000, 0.99999999936368766, -0.00111300000000014]
  #58 objects/buildingsets/human/universal/prop/dressing/bottle/bottle_alcohol_15_starlight_a.cgf
    [-0.98768747993642925, 0.15643429597425490, 0.00000000000000000, -1.73058699999999988]
    [-0.15643429597425490, -0.98768747993642925, 0.00000000000000000, 7.78702000000000005]
    [0.00000000000000000, 0.00000000000000000, 0.99999912348968367, 0.95029100000000000]
  #59 objects/buildingsets/human/universal/prop/dressing/bottle/bottle_alcohol_07_bitters_a.cgf
    [-1.21220645723758857, -0.41739413132841335, 0.00000000000000000, -1.06643900000000258]
    [0.41739413132841335, -1.21220645723758857, 0.00000000000000000, 7.75322099999999992]
    [0.00000000000000000, 0.00000000000000000, 1.28205395979884762, 1.86131300000000000]
  #60 objects/buildingsets/human/universal/prop/dressing/bottle/bottle_alcohol_17_trise_a.cgf
    [0.00000000000000000, -1.00000000000000000, 0.00000000000000000, -2.29528799999999933]
    [0.00000000000000000, 0.00000000000000000, -1.00000000000000000, 7.99805600000000005]
    [1.00000000000000000, 0.00000000000000000, 0.00000000000000000, 1.11473900000000015]
  #61 objects/buildingsets/human/universal/prop/dressing/bottle/bottle_alcohol_18_jonesin_a.cgf
    [-0.49999868821687127, 0.86602529559026242, 0.00000000000000000, 0.85495600000000138]
    [-0.86602529559026242, -0.49999868821687127, -0.00000000000000000, 7.87177900000000008]
    [-0.00000000000000000, 0.00000000000000000, 0.99999925041011561, 1.85414399999999979]
  #62 objects/buildingsets/human/universal/prop/dressing/bottle/bottle_alcohol_08_cathcart_a.cgf
    [0.93969206911762648, 0.34202042448986114, -0.00000000000000003, -2.37276099999999701]
    [-0.00000021027880304, 0.00000057773544902, -0.99999957776511739, 7.99066900000000047]
    [-0.34202042448979653, 0.93969206911744885, 0.00000061481332457, 1.33704499999999982]
  #63 objects/buildingsets/human/universal/prop/dressing/bottle/bottle_alcohol_7_bitters_b.cgf
    [-0.96126133036608052, 0.27563909622725552, 0.00000000000000000, -2.03800900000000240]
    [-0.27563909622725552, -0.96126133036608052, 0.00000000000000000, 7.78632200000000019]
    [0.00000000000000000, 0.00000000000000000, 1.00000012831306462, 0.97769100000000009]
  #64 objects/buildingsets/human/universal/prop/dressing/bottle/bottle_alcohol_10_hippocampus_a.cgf
    [-0.99619411412947867, -0.08715497606106351, 0.00000000000000000, 1.01865899999999954]
    [0.08715497606106351, -0.99619411412947867, 0.00000000000000000, 7.85090399999999988]
    [0.00000000000000000, 0.00000000000000000, 0.99999935143900032, 1.37433500000000031]
  #65 objects/buildingsets/human/universal/prop/dressing/bottle/bottle_alcohol_7_bitters_b.cgf
    [0.96592592080910500, 0.25881871307257659, 0.00000000000000000, 1.58829400000000476]
    [-0.25881871307257659, 0.96592592080910500, -0.00000000000000000, 7.56003800000000048]
    [-0.00000000000000000, 0.00000000000000000, 1.00000000536373101, 0.97769100000000009]
  #66 objects/buildingsets/human/universal/prop/dressing/bottle/bottle_alcohol_7_bitters_b.cgf
    [-0.54463869812290422, -0.83867086401727953, 0.00000000000000000, -2.12136099999999317]
    [0.83867086401727953, -0.54463869812290422, 0.00000000000000000, 7.81577000000000055]
    [0.00000000000000000, 0.00000000000000000, 1.00000006482224912, 0.97769100000000009]
  #67 objects/buildingsets/human/universal/prop/dressing/bottle/bottle_alcohol_02_dolan_a.cgf
    [-1.00000000000000000, 0.00000000000000000, 0.00000000000000000, -1.22210599999999658]
    [0.00000000000000000, -1.00000000000000000, 0.00000000000000000, 7.85810399999999998]
    [0.00000000000000000, 0.00000000000000000, 1.00000000000000000, 1.85057399999999994]
  #68 objects/buildingsets/human/universal/prop/dressing/bottle/bottle_alcohol_01_beer-smoltz_a.cgf
    [-0.97437033102662274, 0.22495258543878435, 0.00000000000000000, -0.32308700000000101]
    [-0.22495258543878435, -0.97437033102662274, 0.00000000000000000, 7.66869800000000001]
    [0.00000000000000000, 0.00000000000000000, 1.00000060384007972, 0.45186299999999990]
  #69 objects/buildingsets/human/universal/prop/dressing/bottle/bottle_water_3_a.cgf
    [-0.66913249475628478, -0.74314387961289718, 0.00000000000000000, -0.00054799999999489]
    [0.74314387961289718, -0.66913249475628478, 0.00000000000000000, 7.76604500000000009]
    [0.00000000000000000, 0.00000000000000000, 1.00000056067228149, 0.00554899999999980]
  #70 objects/buildingsets/human/universal/prop/dressing/bottle/bottle_alcohol_05_blackbeard_a.cgf
    [-0.87462069832266010, -0.48480959953570180, 0.00000000000000000, -1.09481200000000456]
    [0.48480959953570180, -0.87462069832266010, 0.00000000000000000, 7.85810399999999998]
    [0.00000000000000000, 0.00000000000000000, 1.00000085686782558, 1.85057399999999994]
  #71 objects/buildingsets/human/universal/prop/dressing/bottle/bottle_alcohol_18_jonesin_a.cgf
    [-1.00000000000000000, 0.00000000000000000, 0.00000000000000000, -1.47157400000000393]
    [0.00000000000000000, -1.00000000000000000, 0.00000000000000000, 7.84240600000000043]
    [0.00000000000000000, 0.00000000000000000, 1.00000000000000000, 1.40278499999999973]
  #72 objects/buildingsets/human/universal/prop/dressing/bottle/bottle_water_1_a.cgf
    [0.69465854986100450, 0.71933966989494158, 0.00000000000000000, -0.85141799999999535]
    [-0.71933966989494158, 0.69465854986100450, -0.00000000000000000, 7.65531399999999973]
    [-0.00000000000000000, 0.00000000000000000, 1.00000003078977806, 0.44799200000000017]
  #73 objects/buildingsets/human/universal/prop/dressing/bottle/bottle_water_1_a.cgf
    [-0.89100639743251631, 0.45399345401710151, 0.00000000000000000, -0.86545499999999720]
    [-0.45399345401710151, -0.89100639743251631, 0.00000000000000000, 7.74816500000000019]
    [0.00000000000000000, 0.00000000000000000, 1.00000122827727056, 0.44799200000000017]
  #74 objects/buildingsets/human/universal/prop/dressing/bottle/bottle_alcohol_03_most_a.cgf
    [-0.98768747993642925, 0.15643429597425490, 0.00000000000000000, 0.65706099999999878]
    [-0.15643429597425490, -0.98768747993642925, 0.00000000000000000, 7.85832800000000020]
    [0.00000000000000000, 0.00000000000000000, 0.99999912348968367, 0.95168799999999987]
  #75 objects/buildingsets/human/universal/prop/dressing/bottle/bottle_alcohol_12_prime_a.cgf
    [-0.88294840217125059, 0.46947173500245715, 0.00000000000000000, -2.06140299999999854]
    [-0.46947173500245715, -0.88294840217125059, 0.00000000000000000, 7.81420500000000029]
    [0.00000000000000000, 0.00000000000000000, 1.00000079543117426, 1.13390799999999992]
  #76 objects/buildingsets/human/universal/prop/dressing/bottle/bottle_alcohol_05_blackbeard_a.cgf
    [-0.98162666777320806, 0.19080948751443527, 0.00000000000000000, 0.78634200000000476]
    [-0.19080948751443527, -0.98162666777320806, 0.00000000000000000, 7.81981700000000046]
    [0.00000000000000000, 0.00000000000000000, 0.99999958770444164, 0.95362800000000014]
  #77 objects/buildingsets/human/universal/prop/dressing/bottle/bottle_alcohol_7_bitters_b.cgf
    [1.00000000000000000, 0.00000000000000000, 0.00000000000000000, -2.05155499999999336]
    [0.00000000000000000, 1.00000000000000000, 0.00000000000000000, 7.82981100000000030]
    [0.00000000000000000, 0.00000000000000000, 1.00000000000000000, 0.97769100000000009]
  #78 objects/buildingsets/human/universal/prop/dressing/bottle/bottle_alcohol_14_soles_a.cgf
    [-1.10445390602059090, -0.01927933816362941, 0.00000000000000000, -0.30888600000000110]
    [0.01927933816362941, -1.10445390602059090, 0.00000000000000000, 7.87655499999999975]
    [0.00000000000000000, 0.00000000000000000, 1.10462216318710893, 1.02073799999999970]
  #79 objects/buildingsets/human/universal/prop/dressing/bedding/bedding_phoenix_pillow_1_a.cgf
    [-0.62931965764413511, 0.00000000000000000, -0.77714579342356727, -5.92714999999999748]
    [0.00000000000000000, 0.99999940786646302, 0.00000000000000000, -6.02266999999999975]
    [0.77714579342356727, 0.00000000000000000, -0.62931965764413511, 0.54100700000000002]
  #80 objects/buildingsets/human/universal/prop/dressing/bottle/bottle_alcohol_08_cathcart_a.cgf
    [-0.93969156334893955, -0.34202068795307061, 0.00000000000000000, -2.44447300000000212]
    [0.00000021027896502, -0.00000057773513790, -0.99999919260801795, 7.98695799999999956]
    [0.34202068795300600, -0.93969156334876203, 0.00000061481308787, 1.42251999999999956]
  #81 objects/buildingsets/human/universal/prop/dressing/bottle/bottle_alcohol_01_beer-smoltz_a.cgf
    [-0.81915240945737211, -0.57357505192666980, 0.00000000000000000, -0.13875199999999666]
    [0.57357505192666980, -0.81915240945737211, 0.00000000000000000, 7.66869800000000001]
    [0.00000000000000000, 0.00000000000000000, 0.99999950505612734, 0.45186299999999990]
  #82 objects/buildingsets/human/universal/prop/dressing/bottle/bottle_alcohol_18_jonesin_a.cgf
    [-0.68673419853326134, -0.51748953572093126, 0.00000000000000000, 0.91368599999999844]
    [0.51748953572093126, -0.68673419853326134, 0.00000000000000000, 7.74418299999999959]
    [0.00000000000000000, 0.00000000000000000, 0.85988329383456796, 1.85415099999999988]
  #83 objects/buildingsets/human/universal/prop/dressing/bottle/bottle_alcohol_02_dolan_a.cgf
    [-0.78801194652027007, 0.61566118763539623, 0.00000000000000000, -0.84633200000000386]
    [-0.61566118763539623, -0.78801194652027007, 0.00000000000000000, 7.76780199999999965]
    [0.00000000000000000, 0.00000000000000000, 1.00000076290935458, 1.03929899999999975]
  #84 objects/buildingsets/human/universal/prop/dressing/bottle/bottle_alcohol_7_bitters_b.cgf
    [-0.87462069832266010, 0.48480959953570180, 0.00000000000000000, -2.16962399999999889]
    [-0.48480959953570180, -0.87462069832266010, 0.00000000000000000, 7.82000700000000037]
    [0.00000000000000000, 0.00000000000000000, 1.00000085686782558, 0.97769100000000009]
  #85 objects/buildingsets/human/universal/prop/dressing/bottle/bottle_alcohol_15_starlight_a.cgf
    [-1.01477648232270257, 0.58588107275397261, 0.00000000000000000, -1.79958399999999585]
    [-0.58588107275397261, -1.01477648232270257, 0.00000000000000000, 7.84990699999999997]
    [0.00000000000000000, 0.00000000000000000, 1.17176274923150880, 0.95029100000000000]
  #86 objects/buildingsets/human/universal/prop/dressing/bottle/bottle_alcohol_08_cathcart_a.cgf
    [0.81534560009609758, -0.47074000776288982, 0.00000000000000000, -1.25997999999999877]
    [0.47074000776288982, 0.81534560009609758, 0.00000000000000000, 7.78510400000000047]
    [0.00000000000000000, 0.00000000000000000, 0.94148000642853324, 1.40281900000000004]
  #87 objects/buildingsets/human/universal/prop/dressing/bottle/bottle_water_3_a.cgf
    [-0.97437033102662274, 0.22495258543878435, 0.00000000000000000, 0.16021100000000388]
    [-0.22495258543878435, -0.97437033102662274, 0.00000000000000000, 7.74050200000000022]
    [0.00000000000000000, 0.00000000000000000, 1.00000060384007972, 0.00554899999999980]
  #88 objects/buildingsets/human/universal/prop/dressing/bottle/bottle_alcohol_08_cathcart_a.cgf
    [0.93969206911762648, 0.34202042448986114, -0.00000000000000003, -2.67943499999999801]
    [-0.00000021027880304, 0.00000057773544902, -0.99999957776511739, 7.99393900000000013]
    [-0.34202042448979653, 0.93969206911744885, 0.00000061481332457, 1.33704499999999982]
  #89 objects/buildingsets/human/universal/prop/dressing/bottle/bottle_alcohol_01_beer-smoltz_a.cgf
    [-0.40673476458943003, 0.91354642670237896, 0.00000000000000000, -0.04247599999999352]
    [-0.91354642670237896, -0.40673476458943003, -0.00000000000000000, 7.76752199999999959]
    [-0.00000000000000000, 0.00000000000000000, 1.00000012123314486, 0.45186299999999990]
  #90 objects/buildingsets/human/universal/prop/dressing/bedding/bedding_phoenix_pillow_3_a.cgf
    [-0.48175301856620373, 0.00000000000000000, -0.59491599745886325, -5.91357999999999606]
    [0.00000000000000000, 0.76551356286490624, 0.00000000000000000, -5.41413499999999992]
    [0.59491599745886325, 0.00000000000000000, -0.48175301856620373, 0.53487900000000010]
  #91 objects/buildingsets/human/universal/prop/dressing/bottle/bottle_alcohol_emergency_whiskey_1_a.cgf
    [-1.12386124187301695, -0.17800209653004101, 0.00000000000000000, -0.71038299999999310]
    [0.17800209653004101, -1.12386124187301695, 0.00000000000000000, 7.87006500000000031]
    [0.00000000000000000, 0.00000000000000000, 1.13787030779146825, 1.04433600000000038]
  #92 objects/buildingsets/human/universal/prop/dressing/bottle/bottle_water_1_a.cgf
    [-0.05233483041470077, -0.99862963675619565, 0.00000000000000000, -0.39118299999999806]
    [0.99862963675619565, -0.05233483041470077, 0.00000000000000000, 7.71650700000000001]
    [0.00000000000000000, 0.00000000000000000, 1.00000004294117240, 0.44799200000000017]
  #93 objects/buildingsets/human/universal/prop/dressing/bottle/bottle_water_3_a.cgf
    [-0.62931935944929440, 0.77714725432377452, 0.00000000000000000, 0.08962200000000564]
    [-0.77714725432377452, -0.62931935944929440, 0.00000000000000000, 7.76604500000000009]
    [0.00000000000000000, 0.00000000000000000, 1.00000035554026279, 0.00554899999999980]
  #94 objects/buildingsets/human/universal/prop/dressing/bottle/bottle_alcohol_15_starlight_a.cgf
    [-0.99619411412947867, -0.08715497606106351, 0.00000000000000000, -1.59335699999999747]
    [0.08715497606106351, -0.99619411412947867, 0.00000000000000000, 7.79610200000000031]
    [0.00000000000000000, 0.00000000000000000, 0.99999935143900032, 0.95029100000000000]
  #95 objects/buildingsets/human/universal/prop/dressing/consumables/bar_mmhc_cigarbox_a_closed.cgf
    [0.43837168477160121, -0.89879359181559426, 0.00000000000000000, -1.37980799999999704]
    [0.89879359181559426, 0.43837168477160121, 0.00000000000000000, 5.64356700000000000]
    [0.00000000000000000, 0.00000000000000000, 0.99999982734911974, 0.91009099999999998]
  #96 objects/buildingsets/human/universal/prop/dressing/bottle/bottle_alcohol_12_prime_a.cgf
    [-0.96592624618143830, 0.25881867371917705, 0.00000000000000000, -2.16433399999999665]
    [-0.25881867371917705, -0.96592624618143830, 0.00000000000000000, 7.82575999999999983]
    [0.00000000000000000, 0.00000000000000000, 1.00000030946391139, 1.13390799999999992]
  #97 objects/buildingsets/human/universal/prop/dressing/bottle/bottle_alcohol_08_cathcart_a.cgf
    [0.93969206911762648, 0.34202042448986114, -0.00000000000000003, -2.53141100000000563]
    [-0.00000021027880304, 0.00000057773544902, -0.99999957776511739, 7.97348899999999983]
    [-0.34202042448979653, 0.93969206911744885, 0.00000061481332457, 1.33704499999999982]
  #98 objects/buildingsets/human/universal/prop/dressing/bottle/bottle_alcohol_03_most_a.cgf
    [-0.99756458677502358, -0.06975547828002070, 0.00000000000000000, 0.53143400000000440]
    [0.06975547828002070, -0.99756458677502358, 0.00000000000000000, 7.82395499999999977]
    [0.00000000000000000, 0.00000000000000000, 1.00000046576874069, 0.95168799999999987]
  #99 objects/buildingsets/human/universal/prop/dressing/bottle/bottle_spirit_18_radegast_b.cgf
    [-0.92718331392145781, 0.37460661342906121, 0.00000000000000000, -1.61742800000000386]
    [-0.37460661342906121, -0.92718331392145781, 0.00000000000000000, 7.83429299999999973]
    [0.00000000000000000, 0.00000000000000000, 0.99999950621946176, 1.83426099999999970]
  #100 objects/buildingsets/human/universal/prop/dressing/bottle/bottle_alcohol_19_radegast_a.cgf
    [-0.58778684054091179, -0.80901638527303132, 0.00000000000000000, 1.06867200000000651]
    [0.80901638527303132, -0.58778684054091179, 0.00000000000000000, 7.81874499999999983]
    [0.00000000000000000, 0.00000000000000000, 1.00000044077655725, 1.85387699999999978]
  #101 objects/buildingsets/human/universal/prop/dressing/bottle/bottle_alcohol_01_beer-smoltz_a.cgf
    [-0.77714455284961348, 0.62932062421255142, 0.00000000000000000, 0.05750299999999697]
    [-0.62932062421255142, -0.77714455284961348, 0.00000000000000000, 7.66869800000000001]
    [0.00000000000000000, 0.00000000000000000, 0.99999905204110151, 0.45186299999999990]
  #102 objects/buildingsets/human/universal/prop/dressing/bottle/bottle_water_3_a.cgf
    [-0.35836724903317446, 0.93358126790787221, 0.00000000000000000, -0.21246200000000215]
    [-0.93358126790787221, -0.35836724903317446, -0.00000000000000000, 7.67971900000000041]
    [-0.00000000000000000, 0.00000000000000000, 1.00000053448389514, 0.00554899999999980]
  #103 objects/buildingsets/human/universal/prop/dressing/gambling/gambling_card_1_deck_a.cgf
    [-0.76604243459046450, 0.64278899555014901, 0.00000000000000000, 4.90098700000000065]
    [-0.64278899555014901, -0.76604243459046450, 0.00000000000000000, 0.59732699999999994]
    [0.00000000000000000, 0.00000000000000000, 0.99999935219661817, 0.62278199999999995]
  #104 objects/buildingsets/human/universal/prop/dressing/bottle/bottle_water_1_a.cgf
    [0.52991860961253689, 0.84804818687121419, 0.00000000000000000, -0.78272699999999418]
    [-0.84804818687121419, 0.52991860961253689, -0.00000000000000000, 7.72390899999999991]
    [-0.00000000000000000, 0.00000000000000000, 0.99999973003458265, 0.44799200000000017]
  #105 objects/buildingsets/human/universal/prop/dressing/bottle/bottle_alcohol_08_cathcart_a.cgf
    [-0.74314350348280789, -0.66913070542520003, 0.00000000000000000, 1.52184599999999648]
    [0.66913070542520003, -0.74314350348280789, 0.00000000000000000, 7.63026499999999963]
    [0.00000000000000000, 0.00000000000000000, 0.99999908385534453, 1.13635399999999986]
  #106 objects/buildingsets/human/universal/prop/dressing/bottle/bottle_water_1_a.cgf
    [-0.25882100444653178, -0.96592573548938299, 0.00000000000000000, -0.45689299999999378]
    [0.96592573548938299, -0.25882100444653178, 0.00000000000000000, 7.65704700000000038]
    [0.00000000000000000, 0.00000000000000000, 1.00000041941162077, 0.44799200000000017]
  #107 objects/buildingsets/human/universal/prop/dressing/bottle/bottle_water_1_a.cgf
    [-0.98162666777320806, 0.19080948751443527, 0.00000000000000000, -0.65661500000000217]
    [-0.19080948751443527, -0.98162666777320806, 0.00000000000000000, 7.68568600000000046]
    [0.00000000000000000, 0.00000000000000000, 0.99999958770444164, 0.44799200000000017]
  #108 objects/spaceships/shields/medium_component/behr/shld_behr_s02_pl03.cgf
    [1.00000000000000000, 0.00000000000000000, 0.00000000000000000, 2.29330000000000211]
    [0.00000000000000000, 1.00000000000000000, 0.00000000000000000, -9.24000000000000021]
    [0.00000000000000000, 0.00000000000000000, 1.00000000000000000, 0.95000000000000018]
  #109 objects/buildingsets/human/universal/prop/dressing/bottle/bottle_alcohol_20_leviathan_a.cgf
    [0.99939085528818306, -0.03489869429044492, 0.00000000000000000, -1.41921999999999571]
    [0.03489869429044492, 0.99939085528818306, 0.00000000000000000, 7.83760200000000040]
    [0.00000000000000000, 0.00000000000000000, 1.00000000024841196, 1.85157099999999986]
  #110 objects/buildingsets/human/universal/prop/dressing/bottle/bottle_alcohol_7_bitters_b.cgf
    [-0.95105569047781924, -0.30901613233639130, 0.00000000000000000, -2.09019000000000688]
    [0.30901613233639130, -0.95105569047781924, 0.00000000000000000, 7.78891500000000025]
    [0.00000000000000000, 0.00000000000000000, 0.99999894821663882, 0.97769100000000009]
  #111 objects/buildingsets/human/universal/prop/dressing/bottle/bottle_spirit_18_radegast_b.cgf
    [0.97029589802732896, 0.24192117877086725, 0.00000000000000000, 0.05315400000000636]
    [-0.24192117877086725, 0.97029589802732896, -0.00000000000000000, 7.75677600000000034]
    [-0.00000000000000000, 0.00000000000000000, 0.99999999323327327, 1.01809800000000017]
  #112 objects/buildingsets/human/universal/prop/dressing/bottle/bottle_alcohol_15_starlight_a.cgf
    [-0.99984782088827373, -0.01745333521480037, 0.00000000000000000, -1.67499100000000567]
    [0.01745333521480037, -0.99984782088827373, 0.00000000000000000, 7.85892400000000002]
    [0.00000000000000000, 0.00000000000000000, 1.00000014192256481, 0.95029100000000000]
  #113 objects/buildingsets/human/universal/prop/dressing/literature/literature_book_3_a.cgf
    [-0.00000158512339736, -0.68199682608347156, 0.73135393367261659, 2.70587899999999593]
    [-0.00000165246808783, -0.73135393367075063, -0.68199682608531276, -0.88559699999999975]
    [0.99999912354142018, -0.00000228959016896, 0.00000003230826900, 0.77186900000000014]
  #114 objects/buildingsets/human/universal/prop/dressing/bottle/bottle_alcohol_15_starlight_a.cgf
    [-1.17158400337175661, 0.02044881658377173, 0.00000000000000000, -1.40174000000000376]
    [-0.02044881658377173, -1.17158400337175661, 0.00000000000000000, 7.84990699999999997]
    [0.00000000000000000, 0.00000000000000000, 1.17176244651220540, 0.95029100000000000]
  #115 objects/buildingsets/human/universal/prop/dressing/bottle/bottle_alcohol_08_cathcart_a.cgf
    [-0.89879414296175619, -0.43836923056592314, 0.00000000000000000, 1.60012899999999547]
    [0.43836923056592314, -0.89879414296175619, 0.00000000000000000, 7.55779300000000021]
    [0.00000000000000000, 0.00000000000000000, 0.99999924686437525, 2.27174700000000040]
  #116 objects/spaceships/shields/medium_component/behr/shld_behr_s02_pl03.cgf
    [1.00000000000000000, 0.00000000000000000, 0.00000000000000000, 3.93080000000000496]
    [0.00000000000000000, 1.00000000000000000, 0.00000000000000000, -9.24000000000000021]
    [0.00000000000000000, 0.00000000000000000, 1.00000000000000000, 0.95000000000000018]
  #117 objects/buildingsets/human/universal/prop/dressing/bottle/bottle_water_3_a.cgf
    [0.92718386231408201, 0.37460652443681236, 0.00000000000000000, -0.31289700000000664]
    [-0.37460652443681236, 0.92718386231408201, -0.00000000000000000, 7.69030199999999997]
    [-0.00000000000000000, 0.00000000000000000, 0.99999998134314316, 0.00554899999999980]
  #118 objects/buildingsets/human/universal/prop/dressing/bottle/bottle_alcohol_18_jonesin_a.cgf
    [-0.68673419853326134, -0.51748953572093126, 0.00000000000000000, 0.76032200000000216]
    [0.51748953572093126, -0.68673419853326134, 0.00000000000000000, 7.85116799999999948]
    [0.00000000000000000, 0.00000000000000000, 0.85988329383456796, 1.85415099999999988]
  #119 objects/buildingsets/human/universal/prop/dressing/bottle/bottle_alcohol_08_cathcart_a.cgf
    [-0.99452310226171992, -0.10452853471459157, 0.00000000000000000, 1.52076900000000137]
    [0.10452853471459157, -0.99452310226171992, 0.00000000000000000, 7.62495100000000026]
    [0.00000000000000000, 0.00000000000000000, 1.00000120775019874, 1.87708799999999965]
  #120 objects/buildingsets/human/universal/prop/dressing/bottle/bottle_alcohol_16_tevarin_a.cgf
    [-1.07606026903551411, -0.62126325920309611, 0.00000000000000000, 0.63230400000000486]
    [0.62126325920309611, -1.07606026903551411, 0.00000000000000000, 7.84053700000000031]
    [0.00000000000000000, 0.00000000000000000, 1.24252715858947571, 1.85393399999999975]
  #121 objects/buildingsets/human/universal/prop/dressing/bottle/bottle_alcohol_16_tevarin_a.cgf
    [0.57357667740643503, 0.81915203733073882, 0.00000189537809966, -2.53038100000000554]
    [0.00000070627462043, 0.00000181929072108, -1.00000013256373599, 7.96035100000000018]
    [-0.81915203733262709, 0.57357667740668161, 0.00000046495637112, 1.18810799999999972]
  #122 objects/buildingsets/human/universal/prop/dressing/bottle/bottle_water_3_a.cgf
    [-0.83867108666001466, 0.54464017204207604, 0.00000000000000000, -0.03706599999999582]
    [-0.54464017204207604, -0.83867108666001466, 0.00000000000000000, 7.68605400000000039]
    [0.00000000000000000, 0.00000000000000000, 1.00000105430020025, 0.00554899999999980]
  #123 objects/buildingsets/human/universal/prop/dressing/bottle/bottle_alcohol_08_cathcart_a.cgf
    [-0.65605825091984027, 0.75470919906925260, 0.00000000000000000, 1.58733800000000258]
    [-0.75470919906925260, -0.65605825091984027, 0.00000000000000000, 7.54609100000000055]
    [0.00000000000000000, 0.00000000000000000, 0.99999920187955793, 1.87708799999999965]
  #124 objects/buildingsets/human/universal/prop/dressing/bedding/bedding_phoenix_pillow_4_b.cgf
    [-0.00000207720421793, -0.57357682333488302, -0.81915201166093710, -5.75944099999999537]
    [-1.00000019523736516, 0.00000072287040492, 0.00000202963905269, -6.10892899999999983]
    [-0.00000057201306235, 0.81915201166325180, -0.57357682333505333, 0.53664099999999992]
  #125 objects/buildingsets/human/universal/prop/dressing/bottle/bottle_alcohol_19_radegast_a.cgf
    [-0.86602587900346473, 0.49999993088320377, 0.00000000000000000, -1.72677099999999939]
    [-0.49999993088320377, -0.86602587900346473, 0.00000000000000000, 7.77200399999999991]
    [0.00000000000000000, 0.00000000000000000, 1.00000037699339495, 1.85534300000000041]
  #126 objects/buildingsets/human/universal/prop/dressing/bottle/bottle_alcohol_08_cathcart_a.cgf
    [0.58778439139542349, -0.80901745127020830, 0.00000000000000000, 1.52076900000000137]
    [0.80901745127020830, 0.58778439139542349, 0.00000000000000000, 7.62495100000000026]
    [0.00000000000000000, 0.00000000000000000, 0.99999986361390691, 2.27174700000000040]
  #127 objects/buildingsets/human/universal/prop/dressing/bottle/bottle_water_3_a.cgf
    [0.06975741738618498, 0.99756396088222321, 0.00000000000000000, -0.56129400000000373]
    [-0.99756396088222321, 0.06975741738618498, -0.00000000000000000, 7.67115300000000033]
    [-0.00000000000000000, 0.00000000000000000, 0.99999997666570961, 0.00554899999999980]
  #128 objects/buildingsets/human/universal/prop/dressing/bottle/bottle_alcohol_11_jynx_a.cgf
    [-0.99939164813972892, 0.03490067943120809, 0.00000000000000000, 0.88902000000000214]
    [-0.03490067943120809, -0.99939164813972892, 0.00000000000000000, 7.84784799999999994]
    [0.00000000000000000, 0.00000000000000000, 1.00000086189773008, 1.37433500000000031]
  #129 objects/buildingsets/human/universal/prop/dressing/bottle/bottle_alcohol_13_sky_a.cgf
    [-0.92050559062825921, -0.39073122563382845, 0.00000000000000000, -1.11986799999999675]
    [0.39073122563382845, -0.92050559062825921, 0.00000000000000000, 7.82004599999999961]
    [0.00000000000000000, 0.00000000000000000, 1.00000071653134048, 0.95614899999999992]
  #130 objects/buildingsets/human/universal/prop/dressing/bottle/bottle_alcohol_17_trise_a.cgf
    [0.00000000000000000, -1.00000000000000000, 0.00000000000000000, -2.52334000000000458]
    [0.00000000000000000, 0.00000000000000000, -1.00000000000000000, 8.01942599999999928]
    [1.00000000000000000, 0.00000000000000000, 0.00000000000000000, 1.65599999999999969]
  #131 objects/buildingsets/human/universal/prop/dressing/bottle/bottle_water_3_a.cgf
    [-0.13917438964104123, -0.99026839284463553, 0.00000000000000000, -0.09585199999999361]
    [0.99026839284463553, -0.13917438964104123, 0.00000000000000000, 7.76604500000000009]
    [0.00000000000000000, 0.00000000000000000, 1.00000050029940168, 0.00554899999999980]
  #132 objects/buildingsets/human/universal/prop/dressing/bottle/bottle_alcohol_06_absynthe_a.cgf
    [-0.98480858431016194, -0.17364866315185978, 0.00000000000000000, 0.39658500000000174]
    [0.17364866315185978, -0.98480858431016194, 0.00000000000000000, 7.83637000000000050]
    [0.00000000000000000, 0.00000000000000000, 1.00000090297229938, 1.39579100000000000]
  #133 objects/buildingsets/human/universal/prop/dressing/bottle/bottle_alcohol_12_prime_a.cgf
    [-0.97029542908596256, -0.24192123224459194, 0.00000000000000000, -1.62565399999999727]
    [0.24192123224459194, -0.97029542908596256, 0.00000000000000000, 7.79694500000000001]
    [0.00000000000000000, 0.00000000000000000, 0.99999955115782646, 1.40393800000000013]
  #134 objects/buildingsets/human/universal/prop/dressing/bottle/bottle_water_3_a.cgf
    [-0.97814787888792987, -0.20791078232089780, 0.00000000000000000, -0.18441400000000385]
    [0.20791078232089780, -0.97814787888792987, 0.00000000000000000, 7.76604500000000009]
    [0.00000000000000000, 0.00000000000000000, 1.00000008318911826, 0.00554899999999980]
  #135 objects/buildingsets/human/universal/prop/dressing/literature/literature_book_4_a.cgf
    [-0.00000056563006629, -0.68199686786724278, -0.73135392097732199, 2.70155599999999652]
    [0.00000096434718004, -0.73135392097747098, 0.68199686786663583, -0.89144199999999962]
    [-0.99999914275398372, -0.00000031952143163, 0.00000107135844145, 0.76144100000000003]
  #136 objects/buildingsets/human/universal/prop/dressing/bottle/bottle_water_1_a.cgf
    [0.99939085528818306, 0.03489869429044492, 0.00000000000000000, -0.45689299999999378]
    [-0.03489869429044492, 0.99939085528818306, -0.00000000000000000, 7.77231399999999972]
    [-0.00000000000000000, 0.00000000000000000, 1.00000000024841196, 0.44799200000000017]
  #137 objects/buildingsets/human/universal/prop/dressing/bottle/bottle_alcohol_08_cathcart_a.cgf
    [-0.40673476458943003, -0.91354642670237896, 0.00000000000000000, 1.59629499999999780]
    [0.91354642670237896, -0.40673476458943003, 0.00000000000000000, 7.55879600000000007]
    [0.00000000000000000, 0.00000000000000000, 1.00000012123314486, 1.13635399999999986]
  #138 objects/buildingsets/human/universal/prop/dressing/can/can_drink_1_pips_c.cgf
    [-0.88294840217125059, -0.46947173500245715, 0.00000000000000000, -0.66239400000000614]
    [0.46947173500245715, -0.88294840217125059, 0.00000000000000000, 7.70026000000000010]
    [0.00000000000000000, 0.00000000000000000, 1.00000079543117426, -0.00111300000000014]
  #139 objects/buildingsets/human/universal/prop/dressing/bottle/bottle_alcohol_17_trise_a.cgf
    [0.00000000000000000, 1.00000000000000000, 0.00000000000000000, -2.45211299999999710]
    [0.00000000000000000, 0.00000000000000000, -1.00000000000000000, 7.97744199999999992]
    [-1.00000000000000000, 0.00000000000000000, 0.00000000000000000, 1.11473900000000015]
  #140 objects/buildingsets/human/universal/prop/dressing/bottle/bottle_alcohol_10_hippocampus_a.cgf
    [-0.93358087434984638, -0.35836695426315229, 0.00000000000000000, 1.13403900000000135]
    [0.35836695426315229, -0.93358087434984638, 0.00000000000000000, 7.85768700000000031]
    [0.00000000000000000, 0.00000000000000000, 1.00000006142983389, 1.37433500000000031]
  #141 objects/buildingsets/human/universal/prop/dressing/bottle/bottle_water_1_a.cgf
    [-0.92050559062825921, 0.39073122563382845, 0.00000000000000000, -0.74257699999999716]
    [-0.39073122563382845, -0.92050559062825921, 0.00000000000000000, 7.64812899999999996]
    [0.00000000000000000, 0.00000000000000000, 1.00000071653134048, 0.44799200000000017]
  #142 objects/buildingsets/human/universal/prop/dressing/linen/linen_towel_1_f.cgf
    [1.00000000000000000, 0.00000000000000000, 0.00000000000000000, -2.88060500000000275]
    [0.00000000000000000, 1.00000000000000000, 0.00000000000000000, 6.23317299999999985]
    [0.00000000000000000, 0.00000000000000000, 1.00000000000000000, 0.82717099999999988]
  #143 objects/buildingsets/human/universal/prop/dressing/bottle/bottle_alcohol_01_beer-smoltz_a.cgf
    [0.39073110419214951, 0.92050501421785458, 0.00000000000000000, -0.22681099999999788]
    [-0.92050501421785458, 0.39073110419214951, -0.00000000000000000, 7.66869800000000001]
    [-0.00000000000000000, 0.00000000000000000, 1.00000013849170499, 0.45186299999999990]
  #144 objects/buildingsets/human/universal/prop/dressing/bottle/bottle_alcohol_01_beer-smoltz_a.cgf
    [0.65605774529367455, -0.75471073181742310, 0.00000000000000000, -0.22681099999999788]
    [0.75471073181742310, 0.65605774529367455, 0.00000000000000000, 7.76752199999999959]
    [0.00000000000000000, 0.00000000000000000, 1.00000002694010481, 0.45186299999999990]
  #145 objects/buildingsets/human/universal/prop/dressing/bottle/bottle_water_3_a.cgf
    [-0.97437033102662274, 0.22495258543878435, 0.00000000000000000, -0.55849100000000362]
    [-0.22495258543878435, -0.97437033102662274, 0.00000000000000000, 7.76604500000000009]
    [0.00000000000000000, 0.00000000000000000, 1.00000060384007972, 0.00554899999999980]
  #146 objects/buildingsets/human/universal/prop/dressing/bottle/bottle_alcohol_09_chibanzaa_a.cgf
    [-0.89100692102491397, -0.45398983763203049, 0.00000000000000000, 1.05293799999999749]
    [0.45398983763203049, -0.89100692102491397, 0.00000000000000000, 7.80391000000000012]
    [0.00000000000000000, 0.00000000000000000, 1.00000005299372563, 0.95368599999999981]
  #147 objects/buildingsets/human/universal/prop/dressing/can/can_drink_1_pips_b.cgf
    [0.62932060398339040, -0.77714561568256502, 0.00000000000000000, -0.76190300000000377]
    [0.77714561568256502, 0.62932060398339040, 0.00000000000000000, 7.77090000000000014]
    [0.00000000000000000, 0.00000000000000000, 0.99999986528631712, -0.00111300000000014]
  #148 objects/buildingsets/human/universal/prop/dressing/gambling/gambling_card_1_c5_a.cgf
    [-0.96592624618143830, -0.25881867371917705, 0.00000000000000000, 4.80209800000000087]
    [0.25881867371917705, -0.96592624618143830, 0.00000000000000000, 0.58141399999999965]
    [0.00000000000000000, 0.00000000000000000, 1.00000030946391139, 0.62278199999999995]
  #149 objects/buildingsets/human/universal/prop/dressing/bottle/bottle_alcohol_04_3-degree_a.cgf
    [-0.99984782088827373, 0.01745333521480037, 0.00000000000000000, -0.16625000000000512]
    [-0.01745333521480037, -0.99984782088827373, 0.00000000000000000, 7.86712800000000012]
    [0.00000000000000000, 0.00000000000000000, 1.00000014192256481, 1.04354800000000036]
  #150 objects/buildingsets/human/universal/prop/dressing/literature/literature_book_5_a.cgf
    [-0.68199866708703638, -0.00000181328217903, -0.73135447033144452, 2.66777299999999684]
    [-0.73135447033356948, 0.00000111099476400, 0.68199866708626333, -0.86587299999999967]
    [-0.00000042412471464, 1.00000077159022616, -0.00000208384736805, 0.79340199999999994]
  #151 objects/buildingsets/human/universal/prop/dressing/bottle/bottle_alcohol_7_bitters_b.cgf
    [-0.97029542908596256, 0.24192123224459194, 0.00000000000000000, 1.48595400000000666]
    [-0.24192123224459194, -0.97029542908596256, 0.00000000000000000, 7.61972800000000028]
    [0.00000000000000000, 0.00000000000000000, 0.99999955115782646, 0.97769100000000009]
  #152 objects/buildingsets/human/universal/prop/dressing/bottle/bottle_alcohol_16_tevarin_a.cgf
    [-0.81915210675699535, 0.57357677273668306, 0.00000000000000000, -1.80382899999999324]
    [-0.57357677273668306, -0.81915210675699535, 0.00000000000000000, 7.81848199999999949]
    [0.00000000000000000, 0.00000000000000000, 1.00000024411369659, 1.41564699999999988]
  #153 objects/buildingsets/human/universal/prop/dressing/bottle/bottle_alcohol_7_bitters_b.cgf
    [-0.99984782088827373, 0.01745333521480037, 0.00000000000000000, 1.57444599999999468]
    [-0.01745333521480037, -0.99984782088827373, 0.00000000000000000, 7.51664400000000033]
    [0.00000000000000000, 0.00000000000000000, 1.00000014192256481, 0.97769100000000009]
  #154 objects/buildingsets/human/universal/prop/dressing/bedding/bedding_phoenix_master_1_c.cgf
    [1.00000000000000000, 0.00000000000000000, 0.00000000000000000, -4.51803400000000011]
    [0.00000000000000000, 1.00000000000000000, 0.00000000000000000, -5.44999999999999929]
    [0.00000000000000000, 0.00000000000000000, 1.00000000000000000, 0.17345999999999995]
  #155 objects/buildingsets/human/universal/prop/dressing/bottle/bottle_alcohol_18_jonesin_a.cgf
    [0.00000000000000000, 1.00000000000000000, 0.00000000000000000, -2.29607900000000598]
    [0.00000000000000000, 0.00000000000000000, -1.00000000000000000, 7.99567300000000003]
    [-1.00000000000000000, 0.00000000000000000, 0.00000000000000000, 1.26735600000000037]
  #156 objects/buildingsets/human/universal/prop/dressing/bottle/bottle_alcohol_01_beer-smoltz_a.cgf
    [-0.99939164813972892, 0.03490067943120809, 0.00000000000000000, 0.15377900000000011]
    [-0.03490067943120809, -0.99939164813972892, 0.00000000000000000, 7.76752199999999959]
    [0.00000000000000000, 0.00000000000000000, 1.00000086189773008, 0.45186299999999990]
  #157 objects/buildingsets/human/universal/prop/dressing/gambling/gambling_card_1_d1_a.cgf
    [-0.99862863459571072, -0.05233406810511489, 0.00000000000000000, 4.83119000000000653]
    [0.05233406810511489, -0.99862863459571072, 0.00000000000000000, 0.55613299999999999]
    [0.00000000000000000, 0.00000000000000000, 0.99999900225896421, 0.62327000000000021]
  #158 objects/buildingsets/human/universal/prop/dressing/bottle/bottle_alcohol_06_absynthe_a.cgf
    [-0.99452310226171992, 0.10452853471459157, 0.00000000000000000, 0.53288000000000579]
    [-0.10452853471459157, -0.99452310226171992, 0.00000000000000000, 7.83637000000000050]
    [0.00000000000000000, 0.00000000000000000, 1.00000120775019874, 1.39579100000000000]
  #159 objects/buildingsets/human/universal/prop/dressing/bottle/bottle_alcohol_7_bitters_b.cgf
    [-0.83867138251221440, -0.54463842106712479, 0.00000000000000000, 1.53318899999999303]
    [0.54463842106712479, -0.83867138251221440, 0.00000000000000000, 7.54869799999999991]
    [0.00000000000000000, 0.00000000000000000, 1.00000034877365929, 0.97769100000000009]
  #160 objects/buildingsets/human/universal/prop/dressing/gambling/gambling_card_1_h2_a.cgf
    [-0.96592624618143830, -0.25881867371917705, 0.00000000000000000, 4.85970000000000368]
    [0.25881867371917705, -0.96592624618143830, 0.00000000000000000, 0.55617800000000006]
    [0.00000000000000000, 0.00000000000000000, 1.00000030946391139, 0.62420300000000006]
  #161 objects/buildingsets/human/universal/prop/dressing/bottle/bottle_alcohol_01_beer-smoltz_a.cgf
    [-0.95105569047781924, -0.30901613233639130, 0.00000000000000000, 0.05750299999999697]
    [0.30901613233639130, -0.95105569047781924, 0.00000000000000000, 7.76752199999999959]
    [0.00000000000000000, 0.00000000000000000, 0.99999894821663882, 0.45186299999999990]
  #162 objects/buildingsets/human/universal/prop/dressing/bottle/bottle_water_3_a.cgf
    [0.66913163743471848, 0.74314404664613531, 0.00000000000000000, 0.05310400000000470]
    [-0.74314404664613531, 0.66913163743471848, -0.00000000000000000, 7.68605400000000039]
    [-0.00000000000000000, 0.00000000000000000, 1.00000011114082432, 0.00554899999999980]
  #163 objects/buildingsets/human/universal/prop/dressing/bottle/bottle_alcohol_19_radegast_a.cgf
    [-0.97585841943457041, -0.56341173410491774, 0.00000000000000000, 0.13495500000000504]
    [0.56341173410491774, -0.97585841943457041, 0.00000000000000000, 7.85667699999999947]
    [0.00000000000000000, 0.00000000000000000, 1.12682404877977649, 1.03730499999999992]
  #164 objects/spaceships/ships/rsi/constellation/constellation_phoenix/rsi_constellation_phoenix_int_body.cgf
    [1.00000000000000000, 0.00000000000000000, 0.00000000000000000, 0.00000000000000000]
    [0.00000000000000000, 1.00000000000000000, 0.00000000000000000, 0.00000100000000014]
    [0.00000000000000000, 0.00000000000000000, 1.00000000000000000, -0.00000100000000014]
  #165 objects/buildingsets/human/universal/prop/dressing/bottle/bottle_alcohol_7_bitters_b.cgf
    [-0.89100692102491397, -0.45398983763203049, 0.00000000000000000, -1.07493399999999895]
    [0.45398983763203049, -0.89100692102491397, 0.00000000000000000, 7.76328499999999977]
    [0.00000000000000000, 0.00000000000000000, 1.00000005299372563, 1.40183799999999970]
  #166 objects/buildingsets/human/universal/prop/dressing/cleaning/cleaning_sponge_5_a.cgf
    [0.28348385708830381, -0.58122703401084619, 0.00000000000000000, -2.53294099999999389]
    [0.58122703401084619, 0.28348385708830381, 0.00000000000000000, 5.96234700000000029]
    [0.00000000000000000, 0.00000000000000000, 0.64667454124521340, 0.80572199999999983]
  #167 objects/buildingsets/human/universal/prop/dressing/bottle/bottle_alcohol_07_bitters_a.cgf
    [0.84518824859845831, 1.20705656077926249, 0.00000000000000000, -1.62909199999999998]
    [-1.20705656077926249, 0.84518824859845831, -0.00000000000000000, 7.73184499999999986]
    [-0.00000000000000000, 0.00000000000000000, 1.47354291301244111, 1.85326900000000006]
  #168 objects/buildingsets/human/universal/prop/dressing/literature/literature_book_6_a.cgf
    [-0.00000056563006629, -0.68199686786724278, -0.73135392097732199, 2.63062999999999647]
    [0.00000096434718004, -0.73135392097747098, 0.68199686786663583, -0.80766299999999980]
    [-0.99999914275398372, -0.00000031952143163, 0.00000107135844145, 0.82050299999999998]
  #169 objects/buildingsets/human/universal/prop/dressing/bottle/bottle_alcohol_15_starlight_a.cgf
    [-0.99862859975700657, -0.05233606607496374, 0.00000000000000000, -1.52236299999999858]
    [0.05233606607496374, -0.99862859975700657, 0.00000000000000000, 7.85892400000000002]
    [0.00000000000000000, 0.00000000000000000, 0.99999907203199068, 0.95029100000000000]
  #170 objects/buildingsets/human/universal/prop/dressing/bottle/bottle_water_3_a.cgf
    [-0.27563903538767048, -0.96126081453353251, 0.00000000000000000, -0.37301700000000437]
    [0.96126081453353251, -0.27563903538767048, 0.00000000000000000, 7.76604500000000009]
    [0.00000000000000000, 0.00000000000000000, 0.99999961569348428, 0.00554899999999980]
  #171 objects/buildingsets/human/universal/prop/dressing/bottle/bottle_alcohol_17_trise_a.cgf
    [-0.91354644462182089, 0.40673717582975688, 0.00000000000000000, 0.41405399999999304]
    [-0.40673717582975688, -0.91354644462182089, 0.00000000000000000, 7.82388200000000023]
    [0.00000000000000000, 0.00000000000000000, 1.00000111834094274, 1.86469600000000035]
  #172 objects/buildingsets/human/universal/prop/dressing/bottle/bottle_alcohol_03_most_a.cgf
    [-0.99984782088827373, 0.01745333521480037, 0.00000000000000000, 0.40559399999999357]
    [-0.01745333521480037, -0.99984782088827373, 0.00000000000000000, 7.84945300000000046]
    [0.00000000000000000, 0.00000000000000000, 1.00000014192256481, 0.95168799999999987]
  #173 objects/buildingsets/human/universal/prop/dressing/bottle/bottle_alcohol_01_beer-smoltz_a.cgf
    [-0.97437033102662274, 0.22495258543878435, 0.00000000000000000, -0.04247599999999352]
    [-0.22495258543878435, -0.97437033102662274, 0.00000000000000000, 7.66869800000000001]
    [0.00000000000000000, 0.00000000000000000, 1.00000060384007972, 0.45186299999999990]
  #174 objects/buildingsets/human/universal/prop/dressing/bottle/bottle_alcohol_13_sky_a.cgf
    [-0.99254657563907123, 0.12187025013063262, 0.00000000000000000, 0.67214199999999380]
    [-0.12187025013063262, -0.99254657563907123, 0.00000000000000000, 7.83850200000000008]
    [0.00000000000000000, 0.00000000000000000, 1.00000053133973377, 1.40577500000000022]
  #175 objects/buildingsets/human/universal/prop/dressing/bottle/bottle_alcohol_18_jonesin_a.cgf
    [-0.99452310226171992, 0.10452853471459157, 0.00000000000000000, 0.50911299999999926]
    [-0.10452853471459157, -0.99452310226171992, 0.00000000000000000, 7.87177900000000008]
    [0.00000000000000000, 0.00000000000000000, 1.00000120775019874, 1.85414399999999979]
  #176 objects/buildingsets/human/universal/prop/dressing/bottle/bottle_water_3_a.cgf
    [-0.82903855419706030, -0.55919168611234216, 0.00000000000000000, -0.46832100000000310]
    [0.55919168611234216, -0.82903855419706030, 0.00000000000000000, 7.76604500000000009]
    [0.00000000000000000, 0.00000000000000000, 1.00000013308114899, 0.00554899999999980]
  #177 objects/buildingsets/human/universal/prop/dressing/bottle/bottle_water_1_a.cgf
    [-0.91354363515334858, 0.40673726875833616, 0.00000000000000000, -0.53787599999999713]
    [-0.40673726875833616, -0.91354363515334858, 0.00000000000000000, 7.73422000000000054]
    [0.00000000000000000, 0.00000000000000000, 0.99999858956209775, 0.44799200000000017]
  #178 objects/buildingsets/human/universal/prop/dressing/bedding/bedding_phoenix_pillow_1_b.cgf
    [-0.65793304905154182, 0.00000000000000000, -0.87310851635288556, -5.78678200000000231]
    [0.00000000000000000, 1.09324945843215282, 0.00000000000000000, -5.41718200000000039]
    [0.87310851635288556, 0.00000000000000000, -0.65793304905154182, 0.55609500000000001]
  #179 objects/buildingsets/human/universal/prop/dressing/literature/literature_book_1_a.cgf
    [-0.00000046258577124, -0.55775401059449981, -0.59811869585334154, 2.84322799999999631]
    [0.00000078866712242, -0.59811869585346322, 0.55775401059400342, -0.99543699999999991]
    [-0.81782364276348074, -0.00000026131242768, 0.00000087618333765, 0.74446000000000012]
  #180 objects/buildingsets/human/universal/prop/dressing/bottle/bottle_alcohol_14_soles_a.cgf
    [-0.99984782088827373, -0.01745333521480037, 0.00000000000000000, -1.26756299999999555]
    [0.01745333521480037, -0.99984782088827373, 0.00000000000000000, 7.83879299999999990]
    [0.00000000000000000, 0.00000000000000000, 1.00000014192256481, 0.95414500000000002]
  #181 objects/buildingsets/human/universal/prop/dressing/can/can_drink_1_pips_c.cgf
    [0.95105682012339754, 0.30901597390394886, 0.00000000000000000, -0.67433599999999672]
    [-0.30901597390394886, 0.95105682012339754, -0.00000000000000000, 7.77090000000000014]
    [-0.00000000000000000, 0.00000000000000000, 0.99999997361551696, -0.00111300000000014]
  #182 objects/buildingsets/human/universal/prop/dressing/bedding/bedding_phoenix_mattress_1_a.cgf
    [1.00000000000000000, 0.00000000000000000, 0.00000000000000000, -4.85999999999999943]
    [0.00000000000000000, 1.00000000000000000, 0.00000000000000000, -5.42999999999999972]
    [0.00000000000000000, 0.00000000000000000, 1.00000000000000000, 0.28547099999999981]
  #183 objects/buildingsets/human/universal/prop/dressing/bottle/bottle_water_3_a.cgf
    [-0.99254649497839165, 0.12187224069426027, 0.00000000000000000, -0.41760299999999972]
    [-0.12187224069426027, -0.99254649497839165, 0.00000000000000000, 7.67633399999999977]
    [0.00000000000000000, 0.00000000000000000, 1.00000069387262469, 0.00554899999999980]
  #184 objects/buildingsets/human/universal/prop/dressing/bottle/bottle_alcohol_7_bitters_b.cgf
    [-0.30901705825259262, -0.95105624158827706, 0.00000000000000000, 1.52305800000000602]
    [0.95105624158827706, -0.30901705825259262, 0.00000000000000000, 7.58857500000000051]
    [0.00000000000000000, 0.00000000000000000, 0.99999975847752354, 0.97769100000000009]
  #185 objects/buildingsets/human/universal/prop/dressing/bottle/bottle_water_3_a.cgf
    [0.43837168477160121, -0.89879359181559426, 0.00000000000000000, -1.53924499999999398]
    [0.89879359181559426, 0.43837168477160121, 0.00000000000000000, 5.71473799999999965]
    [0.00000000000000000, 0.00000000000000000, 0.99999982734911974, 0.90954699999999988]
  #186 objects/buildingsets/human/universal/prop/dressing/bedding/bedding_phoenix_pillow_1_a.cgf
    [0.62932023134140458, 0.00000000000000000, -0.77714515550839680, -5.92714999999999748]
    [0.00000000000000000, -0.99999927315262038, -0.00000000000000000, -4.80945400000000056]
    [-0.77714515550839680, 0.00000000000000000, -0.62932023134140447, 0.54100700000000002]
  #187 objects/buildingsets/human/universal/prop/dressing/bottle/bottle_alcohol_18_jonesin_a.cgf
    [0.00000000000000000, 1.00000000000000000, 0.00000000000000000, -2.29631899999999689]
    [0.00000000000000000, 0.00000000000000000, -1.00000000000000000, 8.00733600000000045]
    [-1.00000000000000000, 0.00000000000000000, 0.00000000000000000, 1.57421900000000026]
  #188 objects/buildingsets/human/universal/prop/dressing/bottle/bottle_alcohol_17_trise_a.cgf
    [0.74314545576230384, 0.66912925689740554, 0.00000000000000000, -2.68748399999999776]
    [-0.00000038653582079, 0.00000042929274983, -0.99999956542785706, 8.02323900000000023]
    [-0.66912925689729386, 0.74314545576217983, 0.00000057766963380, 1.49874300000000016]
  #189 objects/buildingsets/human/universal/prop/dressing/bottle/bottle_alcohol_17_trise_a.cgf
    [0.86602481382272534, -0.50000061443266763, 0.00000037088639798, -2.53065899999999999]
    [-0.00000022769928956, -0.00000113615771828, -0.99999979629424207, 8.01865399999999973]
    [0.50000061443275334, 0.86602481382205931, -0.00000109779078474, 1.49874300000000016]
  #190 objects/buildingsets/human/universal/prop/dressing/bottle/bottle_alcohol_08_cathcart_a.cgf
    [-0.95105590055723954, -0.30901735504635297, -0.00000000000000003, -2.44594299999999976]
    [0.00000011125121492, -0.00000034239541121, -0.99999952585211571, 7.99184900000000020]
    [0.30901735504633299, -0.95105590055717804, 0.00000036001590325, 1.56974699999999956]
  #191 objects/spaceships/ships/rsi/constellation/constellation_phoenix/rsi_constellation_phoenix_int_cargo_hold.cgf
    [1.00000000000000000, 0.00000000000000000, 0.00000000000000000, 0.00000000000000000]
    [0.00000000000000000, 1.00000000000000000, 0.00000000000000000, 1.75000000000000000]
    [0.00000000000000000, 0.00000000000000000, 1.00000000000000000, -2.06000000000000005]
