# IncludedObjects
# Cgfs: 36, Materials: 3, Palettes: 1, Placements: 80

[CGFs]
      0: objects/spaceships/derelicts/wreckage/debris_small_g.cgf
      1: objects/spaceships/derelicts/wreckage/wreckage_girder_01.cgf
      2: objects/spaceships/derelicts/wreckage/debris_small_h.cgf
      3: objects/spaceships/derelicts/wreckage/wreckage_mech_junk_011.cgf
      4: objects/spaceships/derelicts/wreckage/wreckage_panel_medium_04.cgf
      5: objects/spaceships/derelicts/misc/freelancer/misc_door_a.cgf
      6: objects/spaceships/derelicts/wreckage/wreckage_mech_junk_06.cgf
      7: objects/spaceships/derelicts/wreckage/wreckage_internals_04.cgf
      8: objects/spaceships/derelicts/wreckage/debris_small_f.cgf
      9: objects/spaceships/derelicts/wreckage/wreckage_mech_junk_016.cgf
     10: objects/spaceships/derelicts/wreckage/wreckage_mech_junk_017.cgf
     11: objects/spaceships/derelicts/wreckage/wreckage_panel_medium_03.cgf
     12: objects/spaceships/derelicts/wreckage/wreckage_mech_junk_07.cgf
     13: objects/spaceships/derelicts/wreckage/wreckage_mech_junk_015.cgf
     14: objects/spaceships/derelicts/wreckage/wreckage_mech_junk_04.cgf
     15: objects/planets/terrain_extension/crashpile_01/crashpile_01_d.cgf
     16: objects/spaceships/derelicts/wreckage/debris_glass_b.cgf
     17: objects/spaceships/derelicts/wreckage/debris_glass_a.cgf
     18: objects/spaceships/derelicts/misc/freelancer/misc_freelancer_derelict_nose_escape_hatch_right.cgf
     19: objects/spaceships/derelicts/wreckage/wreckage_panel_small_03.cgf
     20: objects/spaceships/derelicts/misc/freelancer/misc_freelancer_derelict_wing_left.cgf
     21: objects/spaceships/derelicts/wreckage/wreckage_pipes_large_01.cgf
     22: objects/spaceships/derelicts/wreckage/wreckage_mech_junk_02.cgf
     23: objects/spaceships/derelicts/wreckage/debris_large_b.cgf
     24: objects/spaceships/derelicts/wreckage/wreckage_internals_02.cgf
     25: objects/spaceships/derelicts/wreckage/wreckage_internals_03.cgf
     26: objects/spaceships/derelicts/wreckage/wreckage_mech_junk_010.cgf
     27: objects/spaceships/derelicts/wreckage/wreckage_internals_01.cgf
     28: objects/spaceships/derelicts/wreckage/wreckage_pipes_medium_03.cgf
     29: objects/spaceships/derelicts/wreckage/wreckage_mech_junk_014.cgf
     30: objects/spaceships/derelicts/misc/freelancer/misc_freelancer_derelict_thruster_left.cgf
     31: objects/spaceships/derelicts/wreckage/wreckage_girder_03.cgf
     32: objects/planets/terrain_extension/crashpile_01/crashpile_01_b.cgf
     33: objects/spaceships/derelicts/wreckage/debris_trail_a.cgf
     34: objects/spaceships/derelicts/wreckage/wreckage_panel_medium_01.cgf
     35: objects/spaceships/derelicts/wreckage/wreckage_mech_junk_019.cgf

[Materials]
      0: objects/spaceships/derelicts/materials/decals/debris_ext
      1: objects/spaceships/derelicts/materials/decals/scratches_generic_a
      2: objects/spaceships/derelicts/materials/decals/scorch_04

[Palettes]
      0: Libs/Foundry/Records/TintPalettes/default

[Placements]
  #0 objects/spaceships/derelicts/wreckage/debris_small_g.cgf
    [-1.0929522464599079E-06, 1.4222875971380484, -0.13339664911874161, -11.754591837234329]
    [-1.4285295386224961, -1.785816939546923E-05, -0.00017870117748605853, -36.335479554953054]
    [-0.00017958794643417977, 0.13339664792785833, 1.4222875859121487, -0.92399207706330344]
  #1 objects/spaceships/derelicts/wreckage/wreckage_girder_01.cgf
    [-3.4840098195811807E-07, -0.095732037860757971, 0.77933759294692573, -15.149734716513194]
    [0.78480642956225954, -0.024525516838391884, -0.003012307247132489, -67.063244376768125]
    [0.024709815276929753, 0.77895159208017506, 0.095684633448343562, -1.3360127314081183]
  #2 objects/spaceships/derelicts/wreckage/debris_small_g.cgf
    [-1.4278339039216716, -8.7590489088781621E-07, -0.044557954729552117, 11.710616471798858]
    [-1.2062055686885014E-05, -1.4285289274205826, 0.00041460313084737811, 81.363799886166817]
    [-0.044557953105532552, 0.00041477762968422459, 1.4278338437273481, 1.3479011394811096]
  #3 objects/spaceships/derelicts/wreckage/debris_small_h.cgf
    [-0.001842652305262014, -1.8903205790987143, -0.059057807204705992, -2.9039981553214602]
    [1.890299620594907, 2.4193384994911074E-05, -0.059753288753634802, -107.58563748141751]
    [0.059724875342499033, -0.059086541395028634, 1.8893768368472028, -0.990659934876021]
  #4 objects/spaceships/derelicts/wreckage/wreckage_mech_junk_011.cgf
    [-0.7067633592495699, 0.70676166915933436, -0.031202588971228223, 8.7315430042217486]
    [-0.70710790274935653, -0.70710572811440309, 8.7557631641021661E-05, 24.297186732379487]
    [-0.02200164586576208, 0.022125478617283419, 0.99951312913052148, 0.82740569931047503]
  #5 objects/spaceships/derelicts/wreckage/debris_small_h.cgf
    [-1.336658232009774, -1.3366579187098349, -0.059103996232566708, -5.4652386202651542]
    [1.3373269555165981, -1.337295404147739, -0.00072063437669700025, -109.25954523991095]
    [-0.041283023981706947, -0.042302643126522786, 1.8903198410679865, -1.0850887360575143]
  #6 objects/spaceships/derelicts/wreckage/debris_small_h.cgf
    [1.336660858304042, -1.3366555477094986, -0.059071988619297175, -0.58724177815020084]
    [1.3372916659199205, 1.3373295259862004, -0.00073645825749437646, -111.60203150557936]
    [0.042291291339253356, -0.041249107712310586, 1.890320015493121, -0.96094986179377884]
  #7 objects/spaceships/derelicts/wreckage/wreckage_panel_medium_04.cgf
    [-0.55413329812730017, -0.55413161531383937, -0.049051745285520719, -26.516446605179226]
    [0.55522750941887877, -0.55520624859968759, -0.0002592290311784475, -93.826015966682462]
    [-0.034501211433648898, -0.034868428769545448, 0.78366159277080449, -2.4880824955616845]
  #8 objects/spaceships/derelicts/misc/freelancer/misc_door_a.cgf
    [0.99424316250589706, -0.010980089222907547, -0.1065823460539967, 16.138421521696728]
    [0.10663027074232184, 0.0038741939124416814, 0.99429110476881588, 77.472733196656918]
    [-0.010504485286584101, -0.99993212434726308, 0.0050227011336679041, 1.4731678755197208]
  #9 objects/spaceships/derelicts/wreckage/debris_small_g.cgf
    [-1.009632457722119, 1.0096287946113327, -0.044598841545123349, 3.5669039714557584]
    [-1.0101267155052753, -1.0101193073331742, 0.00025067265310682835, 48.876732565491693]
    [-0.031358861554980758, 0.031713424695569953, 1.427833302510332, 0.85559163110156078]
  #10 objects/spaceships/derelicts/wreckage/debris_small_g.cgf
    [-1.0096326866347374, 1.009629022998624, -0.044582921756958126, 6.7236302779929247]
    [-1.0101259890985919, -1.0101197944814269, 0.00022329176591689794, 43.430093859904446]
    [-0.031366975326524341, 0.031682797074516475, 1.4278336304147006, 0.95017216762062162]
  #11 objects/spaceships/derelicts/wreckage/wreckage_mech_junk_06.cgf
    [-0.70676462440782351, -0.70676225534901338, -0.03118267562684925, 13.994839648832567]
    [0.70710102000286146, -0.70711355073751792, 0.00023029089844022968, 64.869275253848173]
    [-0.022212436970901923, -0.021886524094997643, 0.99951441553709353, 1.3520565762446495]
  #12 objects/spaceships/derelicts/misc/freelancer/misc_door_a.cgf
    [-0.70642418848416988, 0.054403959348290197, -0.705694741710992, 24.635379221610492]
    [0.70490903635186775, -0.035769332389410075, -0.70839522773429897, 112.96011479716981]
    [-0.063781735166074327, -0.99787812753586191, -0.013081520995636392, 2.0682149526837748]
  #13 objects/spaceships/derelicts/wreckage/wreckage_internals_04.cgf
    [0.70676347978383225, -0.70676211373529452, -0.031186864334262213, 12.93844562274171]
    [0.70710721311467062, 0.70710629239792688, 5.1838186395242083E-05, 14.225055689399596]
    [0.022015791600320009, -0.022089094920628237, 0.99951353121432795, 0.92168012332695071]
  #14 objects/spaceships/derelicts/wreckage/debris_small_f.cgf
    [0.80456929415159217, 3.8840641252384766E-07, 4.703071589540294E-07, 5.6148894288635347]
    [-3.8840700551250418E-07, 0.80456929415109002, 1.0144448170931948E-06, 48.047383520781295]
    [-4.7030666922962674E-07, -1.0144450441343732E-06, 0.80456929415104639, 0.9182004444883205]
  #15 objects/spaceships/derelicts/wreckage/debris_small_g.cgf
    [6.0912031134549501E-07, -1.4278379275457045, -0.044455104310261624, 31.970013316749828]
    [1.428529762645685, -1.0210407373100748E-05, 0.00034751810026132827, 67.998070588859264]
    [-0.00034766752997715322, -0.044455103141876187, 1.4278378852550291, 1.9748643845086917]
  #16 objects/spaceships/derelicts/wreckage/debris_small_g.cgf
    [5.0824391786060445E-07, -1.4278367694899012, -0.044495152230842605, 24.049560675688554]
    [1.4285298347366902, -1.2339985914068459E-05, 0.00041230395454907134, 80.896500966831809]
    [-0.00041248826392671753, -0.044495150522600967, 1.4278367099612841, 1.8160064118128503]
  #17 objects/spaceships/derelicts/wreckage/debris_small_f.cgf
    [-1.0101235450651953, 1.0101220793054078, -4.6040330501193721E-05, -9.7104771707381587]
    [-1.0096253469941363, -1.00962885162698, -0.044748566283466219, -26.407842763990629]
    [-0.031674531203514704, -0.03160949821138221, 1.4278283360442643, -0.51656490730238147]
  #18 objects/spaceships/derelicts/wreckage/wreckage_mech_junk_016.cgf
    [-0.70710777329969621, 0.70710586665999531, -1.2282369972574383E-06, -0.62423705460969359]
    [-0.70710585593120889, -0.70710776287134625, -0.00017298039899383332, -49.466129743057536]
    [-0.00012318394410280929, -0.0001214472845207465, 1.0000000399018099, -0.48823639513284434]
  #19 objects/spaceships/derelicts/wreckage/wreckage_mech_junk_016.cgf
    [0.99951498590927756, 8.815974189482476E-08, -0.031140768957358005, 26.081947575963568]
    [7.2185866805704697E-06, 0.99999994974752815, 0.00023452360189886199, 65.912602305179462]
    [0.031140768120830456, -0.00023463465231960242, 0.99951495839527638, 1.7572107934975065]
  #20 objects/spaceships/derelicts/wreckage/wreckage_mech_junk_017.cgf
    [0.70676464363201674, -0.7067632253589804, -0.031134013664221083, 27.940978096623439]
    [0.70711032144383135, 0.70710310414201305, 0.00019604921741849654, 55.052723957400303]
    [0.02187639902439608, -0.022153744781976653, 0.99951512233323681, 1.7593531555758091]
  #21 objects/spaceships/derelicts/wreckage/wreckage_panel_medium_03.cgf
    [0.39143760397828881, -0.91967574058552926, -0.031195930306811444, -7.2439287207962479]
    [-0.9200560418070628, -0.39054010650812293, -0.031230703489628486, 2.628824018407613]
    [0.016538857988680121, 0.040926874845201675, -0.99902527935450558, -0.2956693677988369]
  #22 objects/spaceships/derelicts/wreckage/wreckage_mech_junk_07.cgf
    [-0.0045537906503704756, -0.78176508663428101, -0.073173323180313735, -9.1270942220289726]
    [0.78366720310564331, 1.8132510479453229E-05, -0.048963633062032136, -71.730092161567882]
    [0.048751417232054506, -0.073314881884581296, 0.78024351988783536, -1.430647936227615]
  #23 objects/spaceships/derelicts/wreckage/wreckage_mech_junk_015.cgf
    [-0.70676189719427185, 0.70676012311215952, -0.031267911230680921, -9.7131256350548938]
    [-0.70710187846507966, -0.7071116137611736, -0.00017993086362893488, -51.482175693410682]
    [-0.022237071871095027, 0.021982431222346242, 0.99951098972049612, -0.73876290633052122]
  #24 objects/spaceships/derelicts/wreckage/wreckage_mech_junk_04.cgf
    [-0.70710734614992088, 0.024666404230118684, -0.70667588657082236, -3.5100906379520893]
    [-0.70675707624332174, -0.056057299578430864, 0.70523191467874691, -50.629225575830787]
    [-0.022218805960113216, 0.9981228315211591, 0.057071682955528863, -0.55096409788529854]
  #25 objects/spaceships/derelicts/wreckage/debris_small_f.cgf
    [-1.0057088872880713, -1.0057112909888963, -0.13339992552092034, -12.670972188556334]
    [1.010137227114144, -1.0101108140123396, -0.00018092878938385306, -37.066503036156064]
    [-0.094199380834949636, -0.09445660122260402, 1.4222888363681747, -0.98662635844084434]
  #26 objects/spaceships/derelicts/wreckage/debris_small_h.cgf
    [-2.3482845455444946E-06, 1.8875577402938775, -0.11801509129257619, -6.9361854873422999]
    [-1.891243298963553, -4.9407376575837092E-05, -0.00075259949977322688, -114.09712987532839]
    [-0.00075421587193501814, 0.11801508097366485, 1.8875575902585955, -1.2120286972785834]
  #27 objects/spaceships/derelicts/wreckage/debris_small_g.cgf
    [1.0096287798629466, 1.009632863005036, -0.044557967398024576, 11.673815695248777]
    [-1.0101154729373076, 1.0101290878535105, 0.00040106209666785958, 78.571114802150987]
    [0.031790908307692593, 0.031223572159839209, 1.4278335443378836, 1.3174413128435845]
  #28 objects/spaceships/derelicts/wreckage/debris_small_f.cgf
    [1.4257434735579748, -0.0055499966398372099, -0.088988405963291564, -10.923420349572552]
    [-1.1186021766679956E-05, 1.4257473242552088, -0.089099711030591236, -33.390657561831176]
    [0.089161307378608501, 0.088926689852708116, 1.4229674965894783, -0.89234627939003985]
  #29 objects/spaceships/derelicts/wreckage/debris_small_g.cgf
    [1.4278360240990366, 8.5846022138655707E-07, -0.044478159824891214, 27.40966173124616]
    [9.3575952579907143E-06, 1.4285285824112948, 0.00032796875205362569, 64.128456118603935]
    [0.04447815884882076, -0.00032810109716164204, 1.4278359864326782, 1.7887451191345463]
  #30 objects/planets/terrain_extension/crashpile_01/crashpile_01_d.cgf
    [0.4926445613876303, 1.0241874641127431, 0.38133179466883127, -10.529429775720928]
    [-1.0927521883835478, 0.46787930886051149, 0.15509406906465323, -81.160392022633459]
    [-0.016326483210130166, -0.41134116476517701, 1.1258794141698616, -2.0800712705240585]
  #31 objects/spaceships/derelicts/wreckage/debris_small_h.cgf
    [-1.4278364369992826, -7.5440923687750546E-07, -0.044460270843149678, 30.861449732765323]
    [-9.1297874929938494E-06, -1.4285284406179377, 0.00031744157261416963, 62.096580512530636]
    [-0.044460269912162467, 0.00031757193816539845, 1.4278364017121237, 1.8825929764134344]
  #32 objects/spaceships/derelicts/wreckage/debris_small_g.cgf
    [6.2930702693111095E-07, -1.4278350215387203, -0.04455225988027494, 12.695670105604222]
    [1.4285298603080838, -1.2993938173707889E-05, 0.0004366149758410533, 85.68468500385643]
    [-0.00043680783364153671, -0.044552257989838785, 1.4278349547830227, 1.3778342364821583]
  #33 objects/planets/terrain_extension/crashpile_01/crashpile_01_d.cgf
    [0.058837511660114965, -1.0516756174480144, -0.57235446134875267, -16.673574708605884]
    [1.1956758022732352, 0.081766074793148347, -0.027327118582352962, -81.421925640635891]
    [0.063012773456963114, -0.56953120302323745, 1.0529656621671015, -2.602794685983099]
  #34 objects/spaceships/derelicts/wreckage/debris_small_g.cgf
    [-1.0051745006987358, -0.91817129099033457, -0.43275831701991391, 5.2370504317223094]
    [1.0134269937385763, -0.94217644809878698, -0.35491312516398243, 50.213757756719133]
    [-0.057306272874422991, -0.55673968643596372, 1.3143252908013858, 1.0557978021824965]
  #35 objects/spaceships/derelicts/wreckage/wreckage_internals_04.cgf
    [-0.70676193356873085, 0.70676334480818293, -0.031242941373385492, -2.7670278877485543]
    [-0.7070978200197745, -0.70711768396272212, -0.00048129242759384919, -136.62013270182069]
    [-0.022432562791482893, 0.021751624184594576, 0.99951319384181281, -1.1418840754049597]
  #36 objects/spaceships/derelicts/wreckage/debris_glass_b.cgf
    [0.89057442321716662, 0.45376955667334185, -0.031152817482384128, 22.690680360363331]
    [-0.45397888345774712, 0.89101241780127349, 0.00039571149469363987, 111.54052773828153]
    [0.027937107492888271, 0.013790309989575179, 0.99951461083093884, 1.9648760942363879]
  #37 objects/spaceships/derelicts/wreckage/debris_glass_a.cgf
    [0.89101583023690334, 0.45290300808065692, -0.031139886494107274, 22.049696786154527]
    [-0.453763430580993, 0.89058864778809965, -0.030832555691413212, 109.03121639686287]
    [0.013768671930940219, 0.041602436161697558, 0.99903938759730671, 1.9064329809625633]
  #38 objects/spaceships/derelicts/misc/freelancer/misc_freelancer_derelict_nose_escape_hatch_right.cgf
    [0.64866440286590643, -0.70676351208430277, -0.28234691260168576, 28.376614877430256]
    [0.66022470697900348, 0.70710233624412533, -0.25319867888165259, 62.70962292526383]
    [0.37859975880067775, -0.022171438365312383, 0.92529487114741282, 1.8202176797785796]
  #39 objects/spaceships/derelicts/wreckage/debris_small_g.cgf
    [-1.009635184348695, 1.0096316195139767, -0.044469576120762418, 29.177320038346807]
    [-1.0101287885287831, -1.0101170554558929, 0.00034736161004422837, 68.03484547950211]
    [-0.031199053000827884, 0.031690423668672342, 1.42783720778566, 1.8814069560321514]
  #40 objects/spaceships/derelicts/wreckage/wreckage_panel_small_03.cgf
    [-0.55440520274212912, -0.5554865978014506, -0.024519572785022165, -2.5895320829295088]
    [0.55495609682243752, -0.55494711585712353, 0.024271955331151417, -87.358866559865419]
    [-0.034500730226995867, -0.00019203895819005728, 0.78443697092180364, -0.8862311640259577]
  #41 objects/spaceships/derelicts/wreckage/debris_small_g.cgf
    [-1.4278332903348556, -7.120431355336225E-07, -0.044561759100738577, 10.799390964471968]
    [-4.3397219135234057E-06, -1.4285284838391441, 0.00016187810951199082, 31.284639120684005]
    [-0.044561758895111804, 0.00016193470449547235, 1.427833281158708, 0.98289862104866188]
  #42 objects/spaceships/derelicts/wreckage/debris_small_g.cgf
    [1.4278300819361638, 9.1093909758136899E-07, -0.044669408892065061, -10.44150877618813]
    [-4.7917371568451194E-06, 1.4285286428931923, -0.00012403306875709879, -25.491459305660101]
    [0.044669408644345918, 0.00012412225054454976, 1.427830076549188, -0.51650698702724185]
  #43 objects/spaceships/derelicts/misc/freelancer/misc_freelancer_derelict_wing_left.cgf
    [-0.90386130068664872, -0.27644152259164745, -0.3265192367117597, -3.4423230296815746]
    [0.25229634059684369, -0.96078806762147695, 0.11503401180611127, 61.723150116740726]
    [-0.34551596761518838, 0.021595183212437637, 0.93816434723322351, 1.3887561885057949]
  #44 objects/spaceships/derelicts/wreckage/wreckage_pipes_large_01.cgf
    [-0.70983985244037384, -0.70162307093716036, -0.062080001344230688, 6.9491345007554628]
    [0.70403403196280789, -0.70404797495227933, -0.093026916290660316, 37.656450462905923]
    [0.021562515539314587, -0.10974056517562696, 0.99372709665647829, 0.66974342901085038]
  #45 objects/spaceships/derelicts/wreckage/debris_small_g.cgf
    [-1.4257499682692949, 0.002775369014984392, -0.089016584060958984, 9.1801624564104713]
    [-7.2241200306545261E-06, -1.4278386198311432, -0.044401605798154185, 25.201116459997138]
    [-0.089059838641574018, -0.044314782821009674, 1.425061111705604, 0.82731251275981776]
  #46 objects/spaceships/derelicts/wreckage/wreckage_mech_junk_02.cgf
    [-0.70676460761787663, -0.70676221898728708, -0.031182641147899631, 13.994836973230122]
    [0.70710176330910945, -0.70711276336809081, 0.00019515412963430504, 54.938346977432957]
    [-0.022187555564793671, -0.021911357149939158, 0.99951438543122084, 1.3229074779374059]
  #47 objects/spaceships/derelicts/wreckage/debris_small_g.cgf
    [-1.0086452296877972, 1.01061349495119, -0.044636337649954012, -8.1187511835887562]
    [-1.0096250824160737, -1.0096324093409539, -0.044685894339546964, -18.297872799623292]
    [-0.063160365519808914, -4.3737845455502077E-06, 1.427132792138309, -0.2658747354435036]
  #48 objects/spaceships/derelicts/wreckage/debris_small_g.cgf
    [-1.4278363936569398, -7.2711739630244073E-07, -0.044462076634361733, 30.583836899138987]
    [-1.1642283294839998E-05, -1.428528433520879, 0.00039723703897160599, 77.891924769821344]
    [-0.044462075116055877, 0.0003974069440655743, 1.4278363383996495, 2.0037187549169175]
  #49 objects/spaceships/derelicts/wreckage/debris_large_b.cgf
    [-0.69564130607588892, -0.95746509924118617, -2.6257066339603518E-05, -6.7503031477099285]
    [0.95746509846736638, -0.69564130341101438, -7.6673582193965376E-05, -18.625501633709064]
    [4.6596615321289458E-05, -6.6310083545542873E-05, 1.1834932349215455, -0.47918214104720391]
  #50 objects/spaceships/derelicts/wreckage/debris_small_g.cgf
    [-1.0081601268539551, 1.0081562313931964, -0.089056213400217646, 9.9029868953221012]
    [-1.0101402267653143, -1.0101056230261047, 0.00043591497376195407, 85.721433996630367]
    [-0.062663532557914237, 0.063280967552753767, 1.4257509032973654, 1.2216844386566663]
  #51 objects/spaceships/derelicts/wreckage/wreckage_internals_02.cgf
    [-0.003019607282615465, -0.77912952616408848, -0.097364170098310485, -7.3298214721144177]
    [0.78481163114791486, 2.5553495396509324E-05, -0.024544269182829044, -75.747933498671046]
    [0.024357827788189026, -0.097410979843613285, 0.7787486856612339, -1.3136197805724805]
  #52 objects/spaceships/derelicts/wreckage/wreckage_internals_03.cgf
    [0.70710745261875996, -0.70710609743834429, 3.2950848376861272E-07, 21.790195289650001]
    [0.70710609743841513, 0.70710745261873764, -1.998577098884933E-07, 33.620747315697372]
    [-9.1677300090013924E-08, 3.7431833741558637E-07, 0.99999999129171857, 1.3882488372182706]
  #53 objects/spaceships/derelicts/wreckage/wreckage_mech_junk_010.cgf
    [0.70676500468434933, -0.70676354345615444, -0.031122808846747785, 31.069861272088019]
    [0.70711207358234218, 0.70710151200417337, 0.00027304060349062493, 76.899104668060318]
    [0.021814008877120383, -0.022200288250184278, 0.99951558449780908, 2.0039372207393171]
  #54 objects/spaceships/derelicts/wreckage/wreckage_internals_01.cgf
    [0.99951110026727874, -0.00097585377037525105, -0.031248925533798259, -8.7565851776453201]
    [-2.604665413378589E-06, 0.99951009105217403, -0.031296406713784933, -22.316583549691131]
    [0.031264158885435288, 0.031281189066238647, 0.99902148464129281, -0.32868187416170258]
  #55 objects/spaceships/derelicts/wreckage/wreckage_mech_junk_016.cgf
    [0.70710619576139777, 0.70435607177677484, -0.062317400490169428, 8.1553566075454]
    [-0.70676036215801341, 0.70677004548795574, -0.031080534423401456, 26.102274347504135]
    [0.022152307666135403, 0.066020703487325028, 0.9975723774809131, 0.79601219932374079]
  #56 objects/spaceships/derelicts/wreckage/debris_small_g.cgf
    [-1.0061881739471514, -1.0101210338592348, -0.089117646331552419, -11.054485085653141]
    [1.0096452824026603, -1.0096283034977798, 0.044364307972460826, -34.555555010447279]
    [-0.094354976840531929, -0.031737754409751406, 1.4250582277977548, -0.89249109994852915]
  #57 objects/spaceships/derelicts/wreckage/debris_small_h.cgf
    [-1.3366612932614903, 1.3366551992593059, -0.059079554375415948, -1.8298457438359037]
    [-1.3372900704560642, -1.3373315058652129, -0.0007995220505745543, -121.05613041089964]
    [-0.042341267243047813, 0.041209829761355364, 1.8903200510429183, -0.96483867503411602]
  #58 objects/spaceships/derelicts/wreckage/debris_small_g.cgf
    [1.4278324286669373, -0.0013913024278543152, -0.044569841058687533, 4.9559834994433913]
    [5.5439750544694512E-06, 1.4278385804434088, -0.044394132202156579, 39.523713234928437]
    [0.044591551034997234, 0.044372325635157576, 1.4271427893176589, 0.76328077031939756]
  #59 objects/spaceships/derelicts/wreckage/wreckage_pipes_medium_03.cgf
    [-0.55413583591884841, -0.55413419704029332, -0.048994267042543144, -5.8174200568464585]
    [0.55522674711219377, -0.5552070534874135, -0.000241311093667793, -87.358818253560457]
    [-0.034473262446984489, -0.034815091703760959, 0.78366521853909532, -1.0425291830615606]
  #60 objects/spaceships/derelicts/wreckage/wreckage_mech_junk_014.cgf
    [0.7057297691586969, -0.70573119001331652, -0.062361032010965239, 4.5802989983058069]
    [0.70708620258440202, 0.70712713868070609, -0.00047937863907179264, -136.62025351746706]
    [0.044435492411522254, -0.04375631533273544, 0.99805350048507924, -0.89190737009630539]
  #61 objects/spaceships/derelicts/wreckage/debris_small_h.cgf
    [1.0101205155987247, 1.0062028091522701, -0.088921368584125499, 28.063628655858338]
    [-1.0096257811929121, 1.0096528049078828, -0.044176401646954799, 69.76568444725126]
    [0.031731449500377013, 0.094083363917070881, 1.4250740313109631, 1.8498483244038653]
  #62 objects/spaceships/derelicts/misc/freelancer/misc_freelancer_derelict_thruster_left.cgf
    [0.11030907997908541, -0.069381210580656411, -0.99147274397629281, -14.225140646623913]
    [0.020202939577618474, 0.99751093901341714, -0.067556016285324746, -79.729485756455688]
    [0.99369200241419875, -0.012578621636831981, 0.11143621570713265, -1.8668444062350318]
  #63 objects/spaceships/derelicts/wreckage/debris_glass_b.cgf
    [-0.9131022615205916, 0.40653968096079607, -0.031175160174822206, 16.259056419192348]
    [-0.40674542172810801, -0.91354267811828049, 0.00028277438691171096, 79.87738580830046]
    [-0.028364849917727135, 0.01293854174258169, 0.99951496848640031, 1.4803148790961131]
  #64 objects/spaceships/derelicts/wreckage/debris_small_g.cgf
    [1.0096300080629041, 1.009634013769781, -0.044505619386213974, 22.048805235215696]
    [-1.0101154356486444, 1.0101291943720967, 0.00040303902692745045, 78.947770353290252]
    [0.031755292191665702, 0.031185156969778215, 1.4278352259632485, 1.7229691932443529]
  #65 objects/spaceships/derelicts/wreckage/debris_small_g.cgf
    [1.4278296466566596, -0.0041672110320305549, -0.044482826534458383, -12.06071063640411]
    [-5.8698204344449315E-06, 1.4222833988548835, -0.1334298343074278, -31.574901487823809]
    [0.044677594718442487, 0.13336474447910496, 1.4215876141962407, -0.79843422656995244]
  #66 objects/spaceships/derelicts/wreckage/wreckage_mech_junk_011.cgf
    [-0.70710671599033459, 0.70710683553464238, -4.2905987574610566E-05, -12.486214622535044]
    [-0.70676501950241588, -0.70676678388365244, -0.031046850176526034, 52.723837369354442]
    [-0.021983764656886218, -0.021923111967010175, 0.99951792267701123, -0.082850944847450592]
  #67 objects/spaceships/derelicts/wreckage/debris_small_g.cgf
    [1.0096348925752057, -1.0096317734403693, -0.044471311367920513, 28.816176383115817]
    [1.010129636781137, 1.0101161350371006, 0.0003773785795649564, 73.985530534235295]
    [0.031179037373458961, -0.031712892927629605, 1.4278371026945265, 1.9112016693397891]
  #68 objects/spaceships/derelicts/wreckage/wreckage_girder_03.cgf
    [1.181384766012069E-07, -0.99951183818163458, -0.031268564967219824, -10.140462497976841]
    [1.0000008162388854, 2.4034456621583155E-06, -7.3048885395976258E-05, -20.932705947052455]
    [7.3088318163338397E-05, -0.031268564875073054, 0.99951183551226874, -0.32862244416901376]
  #69 objects/spaceships/derelicts/wreckage/debris_small_h.cgf
    [1.0086532886028119, -1.010613556192562, -0.044448404519352398, 29.093789859878598]
    [1.0096421565966438, 1.0096321601986242, -0.044300044574445467, 58.190190063643968]
    [0.062754571525675013, -0.00013552211177654725, 1.4271505605997379, 1.7898597381281434]
  #70 objects/spaceships/derelicts/wreckage/debris_small_g.cgf
    [1.0000000352350129, 3.5583510216962221E-08, 4.8422609242079093E-05, 13.199401111021871]
    [-4.0666844852707108E-08, 1.0000000308971404, 0.00010497854305619659, 29.210307055996964]
    [-4.842260523975359E-05, -0.00010497854490231703, 1.0000000297247666, 1.045518607905251]
  #71 objects/planets/terrain_extension/crashpile_01/crashpile_01_b.cgf
    [1.0588552786863261, -0.14891312334812773, 0.090453411832916525, -15.109621576644713]
    [0.14923272722773198, 1.0626639342619977, 0.0025288658314561153, -73.654121913568815]
    [-0.089925141877470763, 0.010083835228992226, 1.0692722872799045, -1.8541070618230151]
  #72 objects/spaceships/derelicts/wreckage/wreckage_panel_small_03.cgf
    [-0.55521874876892585, -0.55521514510801762, -4.2461026659467025E-05, -15.734393397608073]
    [0.55494150953003263, -0.55494322310868016, -0.024691259001230918, -59.956393646803917]
    [0.017429290312135193, -0.0174894228955664, 0.78480701963653643, -1.0642948921886273]
  #73 objects/spaceships/derelicts/wreckage/debris_small_g.cgf
    [-1.0086451544783401, 1.0106133466330292, -0.044635910377424232, -8.0835827578848694]
    [-1.0096241274903854, -1.0096323151718207, -0.044704114919486532, -21.891596430359641]
    [-0.063172953685189603, -1.7568295164880478E-05, 1.4271320633195486, -0.29737867489166092]
  #74 objects/spaceships/derelicts/wreckage/debris_trail_a.cgf
    [0.33377671519117019, -1.1640128278779167, 9.1063816743101089E-07, -3.7517241978202946]
    [1.1640128278776425, 0.3337767151918733, 9.9932838982243921E-07, 62.010935901489574]
    [-1.2116226698196697E-06, 5.9990800016858801E-07, 1.2109222762288068, 0.53714726431644522]
  #75 objects/spaceships/derelicts/wreckage/wreckage_internals_02.cgf
    [0.7851953177416614, -3.2447547419968344E-06, -4.6763341535834932E-05, -17.270783508283785]
    [3.0888929628784588E-07, 0.78365309294095564, -0.049188607672363362, -75.747882923024008]
    [4.6874760077631272E-05, 0.049188607566312166, 0.7836530915457498, -1.5883239262766438]
  #76 objects/spaceships/derelicts/wreckage/wreckage_girder_03.cgf
    [-0.707451563364901, 0.70607301611849693, -0.031237422424405394, -5.5560958635469433]
    [-0.70676358520893112, -0.706781390972825, 0.030787905985488712, -122.67596642221906]
    [-0.00033951879182808072, 0.043858367977867484, 0.99903899996103418, -0.76213339822425041]
  #77 objects/spaceships/derelicts/wreckage/wreckage_panel_medium_01.cgf
    [-0.70676396369965611, -0.70676171429758883, -0.031209217125989827, 6.4935023354191799]
    [0.7071021950034011, -0.70711236031470759, 0.00017923857825659261, 50.409441926400177]
    [-0.022195086209698848, -0.021941410807629218, 0.999513576223379, 0.94902103771164548]
  #78 objects/spaceships/derelicts/wreckage/debris_small_g.cgf
    [1.4257489963105172, 9.6685295780962113E-07, -0.089072892070493084, 6.575210033741314]
    [1.3654174452262411E-05, 1.4285286576095015, 0.00023406226287328385, 45.607240379147697]
    [0.08907289102920167, -0.00023445819366508185, 1.425748977098086, 0.94983334960124921]
  #79 objects/spaceships/derelicts/wreckage/wreckage_mech_junk_019.cgf
    [-0.70676292850144939, 0.70676119562036888, -0.031220475427999824, 3.6881591342680622]
    [-0.70710609332941976, -0.70710742855640663, 9.0211358220417939E-06, 2.0569597774010617]
    [-0.022069854940388083, 0.022082564847441522, 0.99951249349735405, 0.35980236978502944]
