# IncludedObjects
# Cgfs: 8, Materials: 3, Palettes: 1, Placements: 13

[CGFs]
      0: objects/buildingsets/human/hightech/prop/tech/beacon/beacon_exterior_1_a.cgf
      1: objects/buildingsets/human/hightech/prop/tech/collector/collector_water_1_a.cgf
      2: objects/buildingsets/human/hightech/delta/ext/outpost/pipe_a/pipe_a_cap_a.cgf
      3: objects/buildingsets/human/hightech/delta/ext/outpost/pipe_a/pipe_a_xjunction_06x04x03_a.cgf
      4: objects/buildingsets/human/hightech/delta/ext/outpost/pipe_a/pipe_a_end_04x02x03_a.cgf
      5: objects/buildingsets/human/hightech/delta/ext/outpost/comms/antenna/comms_antenna_a.cgf
      6: objects/buildingsets/human/hightech/delta/ext/outpost/comms/antenna/comms_antenna_a_panel_a.cgf
      7: objects/buildingsets/human/hightech/delta/ext/outpost/pipe_a/pipe_a_straight_01x02x03_a.cgf

[Materials]
      0: materials/decals/frost/frost_square_a
      1: materials/decals/frost/frost_streak_b
      2: objects/buildingsets/human/hightech/delta/ext/hightech_delta_ext_op_a

[Palettes]
      0: Libs/Foundry/Records/TintPalettes/default

[Placements]
  #0 objects/buildingsets/human/hightech/prop/tech/beacon/beacon_exterior_1_a.cgf
    [-0.04253323738352458, -0.99909429623832757, -0.00000132568593447, -53.73042243032250553]
    [0.99909429623919643, -0.04253323738329366, -0.00000020187066968, 0.38346499722683802]
    [0.00000014530222988, -0.00000133307247594, 0.99999924452883537, 1.91651391226332635]
  #1 objects/buildingsets/human/hightech/prop/tech/collector/collector_water_1_a.cgf
    [0.70710760008776119, 0.70710595325850634, -0.00000003420604300, -11.57374971883837134]
    [-0.70710595325850656, 0.70710760008775797, -0.00000007340970507, 13.42993750155437738]
    [-0.00000002772108669, 0.00000007609585750, 0.99999999361774439, 0.23031176172662526]
  #2 objects/buildingsets/human/hightech/prop/tech/beacon/beacon_exterior_1_a.cgf
    [0.99909498220799542, -0.04253434495968828, -0.00000010891865578, -6.48032046365551651]
    [0.04253434495968658, 0.99909498220800130, -0.00000001786261626, 37.25846184635884129]
    [0.00000010957985966, 0.00000001321366690, 0.99999997698717180, -0.14526614767964929]
  #3 objects/buildingsets/human/hightech/prop/tech/beacon/beacon_exterior_1_a.cgf
    [0.04253258104618420, 0.99909509247809936, -0.00000026845225693, 30.76967122021596879]
    [-0.99909509247798944, 0.04253258104603110, -0.00000055208529435, 0.75849711400223896]
    [-0.00000054016773428, 0.00000029169094145, 1.00000001213198342, -0.95750070502981544]
  #4 objects/buildingsets/human/hightech/prop/tech/beacon/beacon_exterior_1_a.cgf
    [0.04253458715013418, 0.99909407062987576, 0.00000112134473892, -6.48030448332428932]
    [-0.99909407063005362, 0.04253458714902141, 0.00000099828384122, -50.74140459916088730]
    [0.00000094968440804, -0.00000116279154463, 0.99999907653497910, -2.45833693619351834]
  #5 objects/buildingsets/human/hightech/delta/ext/outpost/pipe_a/pipe_a_cap_a.cgf
    [1.00000172772774842, -0.00000117538258241, 0.00000189331999305, -16.83334588166326284]
    [0.00000117538274995, 1.00000172772953677, -0.00000008848587603, 0.54163935256656259]
    [-0.00000189331988904, 0.00000008848810140, 1.00000172772843521, 0.66774364665616304]
  #6 objects/buildingsets/human/hightech/delta/ext/outpost/pipe_a/pipe_a_xjunction_06x04x03_a.cgf
    [1.00000172772774842, -0.00000117538258241, 0.00000189331999305, -22.83334602997638285]
    [0.00000117538274995, 1.00000172772953677, -0.00000008848587603, 0.54163609119132161]
    [-0.00000189331988904, 0.00000008848810140, 1.00000172772843521, 0.66774481779430062]
  #7 objects/buildingsets/human/hightech/delta/ext/outpost/pipe_a/pipe_a_end_04x02x03_a.cgf
    [-0.00000059468453313, -1.00000065221941026, 0.00000117398665873, -18.33334815851412714]
    [1.00000065222008772, -0.00000059468435416, 0.00000015245333124, 2.54164027250953950]
    [-0.00000015245263309, 0.00000117398674939, 1.00000065221957568, 0.66774364293087274]
  #8 objects/buildingsets/human/hightech/delta/ext/outpost/comms/antenna/comms_antenna_a.cgf
    [-0.00000092684582432, -1.00000069452605178, 0.00000153294438704, -21.33334346010815352]
    [1.00000069452715890, -0.00000092684525933, 0.00000036852360459, -2.45836633656290360]
    [-0.00000036852218379, 0.00000153294472861, 1.00000069452641349, 0.66774650348816067]
  #9 objects/buildingsets/human/hightech/delta/ext/outpost/comms/antenna/comms_antenna_a_panel_a.cgf
    [-0.00000092684582432, -1.00000069452605178, 0.00000153294438704, -18.33333724259864539]
    [1.00000069452715890, -0.00000092684525933, 0.00000036852360459, -2.45836099627194926]
    [-0.00000036852218379, 0.00000153294472861, 1.00000069452641349, 11.66775623231660575]
  #10 objects/buildingsets/human/hightech/delta/ext/outpost/comms/antenna/comms_antenna_a.cgf
    [-0.00000092684582432, -1.00000069452605178, 0.00000153294438704, -18.33334409620147198]
    [1.00000069452715890, -0.00000092684525933, 0.00000036852360459, -2.45836425019660965]
    [-0.00000036852218379, 0.00000153294472861, 1.00000069452641349, 0.66774473537225276]
  #11 objects/buildingsets/human/hightech/delta/ext/outpost/pipe_a/pipe_a_straight_01x02x03_a.cgf
    [0.00000054170204566, 1.00000136107430748, 0.00000145344514808, -18.33334427385125309]
    [-1.00000136107497939, 0.00000054170331998, -0.00000087679133265, -1.45836423960281536]
    [-0.00000087679211998, -0.00000145344467312, 1.00000136107406967, 0.66774448973592371]
  #12 objects/buildingsets/human/hightech/delta/ext/outpost/pipe_a/pipe_a_straight_01x02x03_a.cgf
    [-0.00000059468453313, -1.00000065221941026, 0.00000117398665873, -21.33334345999173820]
    [1.00000065222008772, -0.00000059468435416, 0.00000015245333124, -2.45836633665021509]
    [-0.00000015245263309, 0.00000117398674939, 1.00000065221957568, 0.66774650337174535]
