# IncludedObjects
# Cgfs: 34, Materials: 8, Palettes: 8, Placements: 52

[CGFs]
      0: objects/buildingsets/human/lowtech/bravo/int/gantry/gantry_straight_04x01x01_a.cgf
      1: objects/buildingsets/human/colonialism/ruin/structure/col_a_ruin_struct_addon_bar_4m_f.cgf
      2: objects/buildingsets/human/universal/prop/utility/waste/trash_bag_pile_1_small_c.cgf
      3: objects/buildingsets/human/lowtech/prop/light/light_landing_1_a.cgf
      4: objects/buildingsets/human/lowtech/alpha/int/stairs/util_addon_floorplate_01x04_a.cgf
      5: objects/buildingsets/human/lowtech/prop/fuse/fuse_mounted_1_d.cgf
      6: objects/buildingsets/human/lowtech/alpha/int/prop/cables_a_12x01x01_a.cgf
      7: objects/buildingsets/human/universal/prop/utility/waste/trash_piles_1_b.cgf
      8: objects/buildingsets/human/universal/prop/utility/waste/trash_bag_scattered_3_small_b.cgf
      9: objects/buildingsets/human/lowtech/alpha/int/stairs/util_addon_floorplate_01x02_a.cgf
     10: objects/buildingsets/human/utilitarian/int/addons/cables/cables_hanging_alpha_cut_a.cgf
     11: objects/buildingsets/human/brand/decal/ident/primary_ident_line_thick_c_1m.cgf
     12: objects/buildingsets/human/lowtech/bravo/int/gantry/gantry_straight_02x01x01_a.cgf
     13: objects/buildingsets/human/lowtech/alpha/int/elev/shaft_door_double_frame_04x0075x04_b.cgf
     14: objects/buildingsets/human/lowtech/prop/sign/navigation/nav_sign_3_0450x0025x005_a.cgf
     15: objects/buildingsets/human/utilitarian/int/grating/util_grating_str_01m_a.cgf
     16: objects/buildingsets/human/lowtech/prop/kiosk/panel/kiosk_panel_grid_01x001x005_a.cgf
     17: objects/buildingsets/human/colonialism/ruin/structure/col_a_ruin_struct_sheet_4m_bare_b.cgf
     18: objects/buildingsets/human/colonialism/ruin/structure/col_a_ruin_struct_addon_bar_2m_c.cgf
     19: objects/buildingsets/human/colonialism/ruin/structure/col_a_ruin_struct_addon_bar_4m_d.cgf
     20: objects/buildingsets/human/colonialism/col_a/ext/tradingpost/col_a_trdpst_tarp_pole_b.cgf
     21: objects/buildingsets/human/lowtech/prop/fuse/fuse_mounted_1_b.cgf
     22: objects/buildingsets/human/lowtech/alpha/int/prop/cables_a_08x01x01_a.cgf
     23: objects/buildingsets/human/lowtech/alpha/int/prop/cables_a_04x01x03_a.cgf
     24: objects/buildingsets/human/lowtech/prop/kiosk/panel/kiosk_panel_grid_02x001x005_a.cgf
     25: objects/organics/ice/icicles/icicles_small_002_a.cgf
     26: objects/buildingsets/human/lowtech/bravo/int/gantry/gantry_corner_02x02x01_a.cgf
     27: objects/organics/ice/icicles/icicles_small_001_a.cgf
     28: objects/buildingsets/human/brand/decal/signs/screen_nup_a.cgf
     29: objects/buildingsets/human/universal/prop/utility/waste/trash_bag_scattered_1_small_b.cgf
     30: objects/buildingsets/human/lowtech/alpha/int/prop/cables_a_02x01x03_a.cgf
     31: objects/buildingsets/human/lowtech/charlie/int/prop/uee_lawless_prop_cableswall_1m_02.cgf
     32: objects/buildingsets/human/lowtech/alpha/int/stairs/util_addon_floorplate_01x03_a.cgf
     33: objects/buildingsets/human/lowtech/bravo/int/gantry/gantry_curved_02x01x01_a.cgf

[Materials]
      0: materials/decals/bullet_impacts/fs_bullet_impacts_plaster_set_a
      1: materials/decals/dirty_rust/dirty_rust_f
      2: materials/decals/dirty_rust/dirty_rust_c
      3: materials/pu/decal/water/frost_b
      4: objects/buildingsets/human/brand/util/util_brand_a
      5: materials/decals/dirty_rust/dirty_rust_e
      6: materials/decals/garbage/garbage_pile_06
      7: materials/decals/bullet_shell/bullet_shell_556_set_b

[Palettes]
      0: Libs/Foundry/Records/TintPalettes/default
      1: Libs/Foundry/Records/TintPalettes/generic/gen_darkgrey_yellow_orange_a
      2: Libs/Foundry/Records/TintPalettes/Generic/gen_darkgrey_red_white_a<121>
      3: Libs/Foundry/Records/TintPalettes/generic/gen_midgrey_darkgrey_yellow
      4: Libs/Foundry/Records/TintPalettes/generic/gen_midgrey_darkgrey_yellow<312>
      5: Libs/Foundry/Records/TintPalettes/generic/gen_grey_darkgrey_orange_a
      6: Libs/Foundry/Records/TintPalettes/generic/gen_grey_darkgrey_yellow
      7: Libs/Foundry/Records/TintPalettes/generic/gen_grey_yellow_orange<321>

[Placements]
  #0 objects/buildingsets/human/lowtech/bravo/int/gantry/gantry_straight_04x01x01_a.cgf
    [-0.00000029974967279, 0.00000002714960789, 0.36200985620595055, -1.91977800000000798]
    [0.03784023391957996, 0.36002673885040132, 0.00000000433140955, -1.34451100000001134]
    [-0.36002673885027658, 0.03784023391957048, -0.00000030094552072, 2.85309100000000626]
  #1 objects/buildingsets/human/colonialism/ruin/structure/col_a_ruin_struct_addon_bar_4m_f.cgf
    [0.00000000000000000, 0.00000000000000000, 0.75000000000000000, -1.76682499999998299]
    [0.75000000000000000, 0.00000000000000000, 0.00000000000000000, -0.85124799999999823]
    [0.00000000000000000, 0.75000000000000000, 0.00000000000000000, 1.71748800000000301]
  #2 objects/buildingsets/human/universal/prop/utility/waste/trash_bag_pile_1_small_c.cgf
    [1.00000000000000000, 0.00000000000000000, 0.00000000000000000, -1.48570999999998321]
    [0.00000000000000000, 1.00000000000000000, 0.00000000000000000, -0.70757000000000403]
    [0.00000000000000000, 0.00000000000000000, 1.00000000000000000, 0.00172000000000594]
  #3 objects/buildingsets/human/lowtech/prop/light/light_landing_1_a.cgf
    [-0.41254960292220866, -0.00000000000000007, -0.41595480043111355, 1.27607199999999921]
    [0.41595480043111338, 0.00000001319441208, -0.41254960292220860, -0.66581800000000158]
    [0.00000000936812537, -0.58584603000529012, -0.00000000929143347, 0.15166500000000838]
  #4 objects/buildingsets/human/lowtech/alpha/int/stairs/util_addon_floorplate_01x04_a.cgf
    [-0.47213503346007568, -0.03427767202840330, -0.01451712126785575, -1.21392200000002504]
    [-0.01097001638375173, -0.04837462597740445, 0.47099548801663232, -1.24710699999999974]
    [-0.03557196016714050, 0.46987459198364695, 0.04743099079724074, 2.74234699999999521]
  #5 objects/buildingsets/human/lowtech/bravo/int/gantry/gantry_straight_04x01x01_a.cgf
    [-0.00000023173030340, -0.00000000000000000, -0.36201031110976234, 1.90705400000001646]
    [0.00000000000000000, -0.36201031110983650, 0.00000000000000000, -0.86452900000000454]
    [-0.36201031110976234, 0.00000000000000000, 0.00000023173030340, 2.15704099999999244]
  #6 objects/buildingsets/human/lowtech/prop/fuse/fuse_mounted_1_d.cgf
    [0.00474879739333511, -0.49036449177010016, -0.48074706542581286, 1.46886800000004314]
    [-0.00484417901641307, -0.48077051905459711, 0.49034056401524895, -0.70220900000001052]
    [-0.68669615524927496, 0.00000043227242520, -0.00678359394710064, 1.45124100000001022]
  #7 objects/buildingsets/human/lowtech/alpha/int/prop/cables_a_12x01x01_a.cgf
    [0.21428899466991427, 0.00000000000000000, 0.00000000000000000, 1.31889499999999771]
    [0.00000000000000000, 0.21428899466991427, 0.00000000000000000, -0.75895499999998606]
    [0.00000000000000000, 0.00000000000000000, 0.21428899466991427, 2.80074600000000373]
  #8 objects/buildingsets/human/universal/prop/utility/waste/trash_piles_1_b.cgf
    [-0.87461757743959456, 0.48481144160991224, 0.00000000000000000, 1.45990400000005138]
    [-0.48481144160991224, -0.87461757743959456, 0.00000000000000000, -0.71670399999999290]
    [0.00000000000000000, 0.00000000000000000, 0.99999902034061383, 0.00172000000000594]
  #9 objects/buildingsets/human/universal/prop/utility/waste/trash_bag_scattered_3_small_b.cgf
    [1.00000000000000000, 0.00000000000000000, 0.00000000000000000, 0.00805200000002060]
    [0.00000000000000000, 1.00000000000000000, 0.00000000000000000, -0.14278999999999087]
    [0.00000000000000000, 0.00000000000000000, 1.00000000000000000, 0.03365600000000768]
  #10 objects/buildingsets/human/lowtech/alpha/int/stairs/util_addon_floorplate_01x02_a.cgf
    [-0.00000003402456721, -0.34798620155525717, 0.09978410467042298, 1.88206400000001395]
    [-0.00000003270649662, 0.09978410467042605, 0.34798620155525645, -1.09771900000001210]
    [-0.36201003303462870, 0.00000002369130872, -0.00000004081798607, 1.90224900000001185]
  #11 objects/buildingsets/human/utilitarian/int/addons/cables/cables_hanging_alpha_cut_a.cgf
    [-0.50000000000000000, 0.00000000000000000, 0.00000000000000000, 0.80465100000003531]
    [0.00000000000000000, -0.50000000000000000, 0.00000000000000000, -0.57068000000001007]
    [0.00000000000000000, 0.00000000000000000, 0.50000000000000000, 2.99915699999999674]
  #12 objects/buildingsets/human/brand/decal/ident/primary_ident_line_thick_c_1m.cgf
    [0.00000000000000005, 0.47957399487495417, 0.00000000000000000, 1.03056700000001911]
    [0.00000000000000005, 0.00000000000000005, -0.47957399487495417, -0.79760899999999424]
    [-0.47957399487495417, 0.00000000000000000, 0.00000000000000000, 3.02786000000000399]
  #13 objects/buildingsets/human/lowtech/alpha/int/stairs/util_addon_floorplate_01x02_a.cgf
    [0.13035818663721074, -0.33507286904740113, -0.04224021030235242, -1.16655100000002676]
    [0.03737964340358664, -0.03068460604536951, 0.35876529510565375, -1.25870000000000459]
    [-0.33564985505294725, -0.13355129030289933, 0.02354883060264080, 2.12293399999998655]
  #14 objects/buildingsets/human/brand/decal/ident/primary_ident_line_thick_c_1m.cgf
    [0.00000000000000005, 0.47957399487495417, 0.00000000000000000, 1.03056700000001911]
    [0.00000000000000005, 0.00000000000000005, -0.47957399487495417, -0.79760899999999424]
    [-0.47957399487495417, 0.00000000000000000, 0.00000000000000000, 2.86642100000000255]
  #15 objects/buildingsets/human/lowtech/alpha/int/stairs/util_addon_floorplate_01x04_a.cgf
    [-0.04334842204240488, -0.30409253215359144, 0.36048125115756491, 1.36958500000002914]
    [-0.02984279908186046, 0.36304398933108761, 0.30266574863172352, -1.43735499999999661]
    [-0.47066804426332809, 0.00498797957683147, -0.05239082372274612, -0.06082299999999918]
  #16 objects/buildingsets/human/lowtech/bravo/int/gantry/gantry_straight_02x01x01_a.cgf
    [-0.36750032081185346, 0.00000000000000000, 0.00000000000000000, -0.37310899999999947]
    [0.00000000000000000, 0.00000023524457240, 0.36750032081177819, -1.08357699999999113]
    [0.00000000000000000, 0.36750032081177819, -0.00000023524457240, 3.20828099999999949]
  #17 objects/buildingsets/human/lowtech/alpha/int/elev/shaft_door_double_frame_04x0075x04_b.cgf
    [-1.00000000000000000, 0.00000000000000000, 0.00000000000000000, 2.00000000000000000]
    [0.00000000000000000, -1.00000000000000000, 0.00000000000000000, 0.00000000000000000]
    [0.00000000000000000, 0.00000000000000000, 1.00000000000000000, -0.25000000000000000]
  #18 objects/buildingsets/human/lowtech/prop/sign/navigation/nav_sign_3_0450x0025x005_a.cgf
    [-0.99939167164229481, 0.00000000000000000, 0.03489868007594438, 0.00055499999996300]
    [0.00000000000000000, -1.00000081560917908, 0.00000000000000000, -0.75441100000000461]
    [0.03489868007594438, 0.00000000000000000, 0.99939167164229514, 3.25494100000000230]
  #19 objects/buildingsets/human/utilitarian/int/grating/util_grating_str_01m_a.cgf
    [-0.35210301126462873, 0.66221057226669067, 0.00000000000000000, -1.10990199999997685]
    [-0.66221057226669067, -0.35210301126462873, -0.00000000000000000, -0.38066299999999842]
    [-0.00000000000000000, 0.00000000000000000, 0.74999958170881476, -0.01403600000000438]
  #20 objects/buildingsets/human/lowtech/prop/kiosk/panel/kiosk_panel_grid_01x001x005_a.cgf
    [1.00000042674751533, -0.00000000000000000, 0.00000000000000000, 0.98734699999999975]
    [0.00000000000000000, -0.00000064012100026, 1.00000042674731060, -0.99528399999999806]
    [-0.00000000000000000, -1.00000042674731060, -0.00000064012100026, 0.00870299999999702]
  #21 objects/buildingsets/human/colonialism/ruin/structure/col_a_ruin_struct_sheet_4m_bare_b.cgf
    [0.00000179788446478, -0.75000022343763229, -0.00000031771458100, -0.19414599999998927]
    [0.71722879139775231, 0.00000181221622882, -0.21927880870404942, -1.35332099999999400]
    [0.21927880870416741, 0.00000022181849217, 0.71722879139997142, 3.37909899999999652]
  #22 objects/buildingsets/human/colonialism/ruin/structure/col_a_ruin_struct_addon_bar_2m_c.cgf
    [-0.62144190630015439, -0.19440544576663676, 0.08856402953636426, 0.53529200000002675]
    [-0.21361139820328301, 0.56890816958213808, -0.25008153214052486, -1.50295800000000668]
    [-0.00268983811430959, -0.26528687268010298, -0.60120108743409817, 2.91758200000001011]
  #23 objects/buildingsets/human/colonialism/ruin/structure/col_a_ruin_struct_addon_bar_4m_d.cgf
    [0.06368401924031410, 0.74678820430329418, -0.02743086424970207, 0.27383299999996780]
    [0.74724292385798696, -0.06332198636752508, 0.01091180522472998, -1.08115499999999543]
    [0.00854910195229893, -0.02825655079016592, -0.74941924775113467, 2.89999099999999999]
  #24 objects/buildingsets/human/colonialism/col_a/ext/tradingpost/col_a_trdpst_tarp_pole_b.cgf
    [0.75000000000000000, 0.00000000000000000, 0.00000000000000000, 1.39913200000000870]
    [0.00000000000000000, 0.75000000000000000, 0.00000000000000000, -1.03180800000001227]
    [0.00000000000000000, 0.00000000000000000, 0.75000000000000000, -0.39099899999999366]
  #25 objects/buildingsets/human/lowtech/prop/fuse/fuse_mounted_1_b.cgf
    [-0.44605732613701937, 0.44605600349602054, 0.00000000000000000, -1.34118300000000090]
    [-0.44605600349602054, -0.44605732613701937, 0.00000000000000000, -0.61305699999999774]
    [0.00000000000000000, 0.00000000000000000, 0.63081938497112555, 0.60140499999999975]
  #26 objects/buildingsets/human/lowtech/alpha/int/prop/cables_a_08x01x01_a.cgf
    [0.34214198589324951, 0.00000000000000000, 0.00000000000000000, 1.92073700000003100]
    [0.00000000000000000, 0.34214198589324951, 0.00000000000000000, -1.05616299999999796]
    [0.00000000000000000, 0.00000000000000000, 0.34214198589324951, 3.34466499999999201]
  #27 objects/buildingsets/human/lowtech/prop/light/light_landing_1_a.cgf
    [-0.41367712168818277, -0.00000030287912385, 0.41483362155362841, -1.35671899999999823]
    [-0.41483362155358711, 0.00000080334496493, -0.41367712168755505, -0.66581800000000158]
    [-0.00000035497432573, -0.58584613558414222, -0.00000078172381589, 0.15166500000000838]
  #28 objects/buildingsets/human/lowtech/alpha/int/prop/cables_a_04x01x03_a.cgf
    [0.33713999390602112, 0.00000000000000000, 0.00000000000000000, 1.92581800000004932]
    [0.00000000000000000, 0.33713999390602112, 0.00000000000000000, -1.10383400000000620]
    [0.00000000000000000, 0.00000000000000000, 0.33713999390602112, 3.36606100000000197]
  #29 objects/buildingsets/human/lowtech/prop/kiosk/panel/kiosk_panel_grid_02x001x005_a.cgf
    [1.00000042674751533, -0.00000000000000000, 0.00000000000000000, -0.50939699999997856]
    [0.00000000000000000, -0.00000064012100026, 1.00000042674731060, -0.99528399999999806]
    [-0.00000000000000000, -1.00000042674731060, -0.00000064012100026, 0.00870299999999702]
  #30 objects/organics/ice/icicles/icicles_small_002_a.cgf
    [-0.91314297914504994, 0.00000000000000000, 0.00000000000000000, -0.67915399999998272]
    [0.00000000000000000, -0.91314297914504994, 0.00000000000000000, -0.98343199999999342]
    [0.00000000000000000, 0.00000000000000000, 0.91314297914504994, 2.64868899999999030]
  #31 objects/buildingsets/human/colonialism/ruin/structure/col_a_ruin_struct_addon_bar_4m_f.cgf
    [-0.00000054617490480, -0.85323733740225871, 0.00000000000000000, -0.26543700000001991]
    [0.85323733740225871, -0.00000054617490480, 0.00000000000000000, -0.98596699999998805]
    [0.00000000000000000, 0.00000000000000000, 0.85323733740243346, 2.76015599999999495]
  #32 objects/buildingsets/human/lowtech/bravo/int/gantry/gantry_corner_02x02x01_a.cgf
    [0.36297548119611012, 0.00000000000000001, -0.05748971535764948, -1.86212499999999181]
    [0.05748971535764934, -0.00000002416915411, 0.36297548119610934, -1.29776499999999828]
    [-0.00000000378089169, -0.36750002356659878, -0.00000002387159125, 3.39292599999998856]
  #33 objects/buildingsets/human/colonialism/ruin/structure/col_a_ruin_struct_addon_bar_2m_c.cgf
    [-0.19201208914740328, -0.03812828512214489, -0.46008409392932903, -1.86476199999998471]
    [-0.09740772165325631, -0.48372779186887843, 0.08073995991984592, -0.74126799999999093]
    [-0.45126807484625914, 0.12063763608087243, 0.17833526677930975, 1.59570800000000190]
  #34 objects/organics/ice/icicles/icicles_small_001_a.cgf
    [-0.90633693701927964, 0.11128496327343830, 0.00000000000000000, 0.88425500000005286]
    [-0.11128496327343830, -0.90633693701927964, 0.00000000000000000, -2.01840999999998871]
    [0.00000000000000000, 0.00000000000000000, 0.91314346433419746, 3.16600900000000252]
  #35 objects/buildingsets/human/colonialism/ruin/structure/col_a_ruin_struct_addon_bar_2m_c.cgf
    [-0.22258753781991569, 0.04985556721392299, 0.44493722576735556, -1.64218499999998357]
    [-0.27632130490594947, -0.40626457001011423, -0.09271224330192523, -0.60902100000001269]
    [0.35228007169132636, -0.28716449296662722, 0.20841120295434937, 0.84895800000001032]
  #36 objects/buildingsets/human/colonialism/ruin/structure/col_a_ruin_struct_addon_bar_2m_c.cgf
    [-0.66352963685865340, -0.27609970443742698, 0.21447216276002054, -1.63273600000002261]
    [-0.33713118430250766, 0.38345869638424362, -0.54936593188625804, -1.43130099999999061]
    [0.09258466374180931, -0.58243395827856181, -0.46335698836097677, 2.69721300000000497]
  #37 objects/buildingsets/human/brand/decal/signs/screen_nup_a.cgf
    [0.14369838290977135, 0.00501817363850178, 0.00000000000000000, -1.41161699999997836]
    [-0.00000000108611458, 0.00000003110153625, -0.14378597747189559, -0.79959800000000314]
    [-0.00501817363850167, 0.14369838290976802, 0.00000003112049488, 3.09369200000000433]
  #38 objects/buildingsets/human/universal/prop/utility/waste/trash_bag_scattered_1_small_b.cgf
    [0.17364979733176009, 0.98480746961971100, 0.00000000000000000, -0.68076800000000048]
    [-0.98480746961971100, 0.17364979733176009, -0.00000000000000000, -1.06645900000000893]
    [-0.00000000000000000, 0.00000000000000000, 1.00000000216606955, 0.01369199999999182]
  #39 objects/buildingsets/human/brand/decal/ident/primary_ident_line_thick_c_1m.cgf
    [0.00000000000000005, 0.47957399487495417, 0.00000000000000000, 1.03056700000001911]
    [0.00000000000000005, 0.00000000000000005, -0.47957399487495417, -0.79760899999999424]
    [-0.47957399487495417, 0.00000000000000000, 0.00000000000000000, 2.93240599999998608]
  #40 objects/buildingsets/human/lowtech/alpha/int/prop/cables_a_02x01x03_a.cgf
    [0.34694799780845637, 0.00000000000000000, 0.00000000000000000, -0.72510399999998754]
    [0.00000000000000000, 0.34694799780845637, 0.00000000000000000, -0.62118399999999951]
    [0.00000000000000000, 0.00000000000000000, 0.34694799780845637, 3.27467599999999948]
  #41 objects/buildingsets/human/lowtech/charlie/int/prop/uee_lawless_prop_cableswall_1m_02.cgf
    [0.35022414416082520, -0.35473472446644511, 0.00000000000000000, -1.39571399999999812]
    [0.35473472446644511, 0.35022414416082520, 0.00000000000000000, -0.65958800000001361]
    [0.00000000000000000, 0.00000000000000000, 0.49849140002157227, 0.02908400000001166]
  #42 objects/buildingsets/human/lowtech/alpha/int/stairs/util_addon_floorplate_01x03_a.cgf
    [-0.05780114303176918, -0.35097137995982897, -0.06730055613988695, -1.55580099999997401]
    [0.02772632853517844, -0.07237396103191553, 0.35361632741423843, -1.08317800000000375]
    [-0.35628854193420822, 0.05130640074169975, 0.03843663191217198, 0.70833899999999517]
  #43 objects/buildingsets/human/colonialism/ruin/structure/col_a_ruin_struct_addon_bar_4m_d.cgf
    [-0.04091867752309814, -0.74888153807750479, 0.00132497347875084, 0.17968900000005306]
    [0.74880800361456246, -0.04093327420416144, -0.01052105431923806, -1.02622500000001082]
    [0.01057768173193586, 0.00074885772054597, 0.74992479866956019, 3.40505799999999681]
  #44 objects/buildingsets/human/lowtech/bravo/int/gantry/gantry_straight_04x01x01_a.cgf
    [-0.00000029974967279, 0.00000002714960789, 0.36200985620595055, -1.91977800000000798]
    [0.03784023391957996, 0.36002673885040132, 0.00000000433140955, -1.19362699999999222]
    [-0.36002673885027658, 0.03784023391957048, -0.00000030094552072, 1.41752900000000182]
  #45 objects/buildingsets/human/lowtech/bravo/int/gantry/gantry_straight_04x01x01_a.cgf
    [-0.00000023173030340, -0.00000000000000000, -0.36201031110976234, 1.90705400000001646]
    [0.00000000000000000, -0.36201031110983650, 0.00000000000000000, -0.86452900000000454]
    [-0.36201031110976234, 0.00000000000000000, 0.00000023173030340, 3.60051200000000904]
  #46 objects/buildingsets/human/colonialism/ruin/structure/col_a_ruin_struct_addon_bar_2m_c.cgf
    [-0.18196416922412084, 0.10591152356233537, 0.45351036711614717, -1.68810700000000224]
    [0.13733229250221682, -0.45304439026979981, 0.16090520397952654, -0.67002600000000712]
    [0.44500420822864506, 0.18312125056451631, 0.13578558479097327, 1.28639999999998622]
  #47 objects/buildingsets/human/colonialism/ruin/structure/col_a_ruin_struct_addon_bar_2m_c.cgf
    [-0.71119701597650420, 0.23700473785442633, 0.02295111510003443, 1.34397000000001299]
    [0.21025366871372186, 0.65899302705381435, -0.28986338173445669, -1.43130099999999061]
    [-0.11176490612979052, -0.26843274672191086, -0.69134048140463600, 2.92530199999998786]
  #48 objects/buildingsets/human/universal/prop/utility/waste/trash_bag_scattered_1_small_b.cgf
    [-0.00000064012100026, 1.00000042674731060, 0.00000000000000000, 1.06242599999995946]
    [-1.00000042674731060, -0.00000064012100026, -0.00000000000000000, -1.30739700000000880]
    [-0.00000000000000000, 0.00000000000000000, 1.00000042674751533, 0.00079800000000319]
  #49 objects/buildingsets/human/lowtech/bravo/int/gantry/gantry_curved_02x01x01_a.cgf
    [-0.00000023173030340, -0.00000000000000000, -0.36201031110976234, 1.90705400000001646]
    [0.00000000000000000, -0.36201031110983650, 0.00000000000000000, -0.86452900000000454]
    [-0.36201031110976234, 0.00000000000000000, 0.00000023173030340, 0.70976300000000947]
  #50 objects/buildingsets/human/colonialism/ruin/structure/col_a_ruin_struct_addon_bar_2m_c.cgf
    [-0.02615754713828289, 0.48249631262380172, 0.57359589747151529, -1.10708499999998367]
    [0.74908602090629328, -0.00321424977677629, 0.03686413494385482, -1.12523999999999091]
    [0.02617400570212281, 0.57418301913833802, -0.48179658002387082, 2.44682399999999234]
  #51 objects/buildingsets/human/lowtech/alpha/int/stairs/util_addon_floorplate_01x03_a.cgf
    [-0.00000003402456721, -0.34798620155525717, 0.09978410467042298, 1.88206400000001395]
    [-0.00000003270649662, 0.09978410467042605, 0.34798620155525645, -1.09771900000001210]
    [-0.36201003303462870, 0.00000002369130872, -0.00000004081798607, 0.70833899999999517]
