# IncludedObjects
# Cgfs: 3, Materials: 0, Palettes: 1, Placements: 9

[CGFs]
      0: objects/buildingsets/human/colonialism/col_a/int/addons/col_a_light_addn_f.cgf
      1: objects/buildingsets/human/lowtech/bravo/int/prop/light/light_f_lamp.cgf
      2: objects/buildingsets/human/lowtech/prop/light/light_hazard_2_b.cgf

[Palettes]
      0: Libs/Foundry/Records/TintPalettes/default

[Placements]
  #0 objects/buildingsets/human/colonialism/col_a/int/addons/col_a_light_addn_f.cgf
    [-3.2006050013055831E-07, -0.5000002133736553, 0, 0.83023900000000594]
    [0.5000002133736553, -3.2006050013055831E-07, 0, 2.2253169999999969]
    [0, 0, 0.50000021337375766, 0.52096099999999979]
  #1 objects/buildingsets/human/colonialism/col_a/int/addons/col_a_light_addn_f.cgf
    [-3.2006050013055831E-07, -0.5000002133736553, 0, -0.84340600000000165]
    [0.5000002133736553, -3.2006050013055831E-07, 0, -2.2338820000000013]
    [0, 0, 0.50000021337375766, 0.52240000000000109]
  #2 objects/buildingsets/human/colonialism/col_a/int/addons/col_a_light_addn_f.cgf
    [-3.200611487517005E-07, -0.5000012266530488, 0, -0.83836300000000108]
    [0.5000012266530488, -3.200611487517005E-07, 0, 2.2241029999999995]
    [0, 0, 0.50000122665315128, 0.52260499999999865]
  #3 objects/buildingsets/human/lowtech/bravo/int/prop/light/light_f_lamp.cgf
    [-6.4012100026111661E-07, -1.0000004267473106, 0, 1.5834729999999979]
    [1.0000004267473106, -6.4012100026111661E-07, 0, 0.048783999999997718]
    [0, 0, 1.0000004267475153, 2.3907039999999995]
  #4 objects/buildingsets/human/colonialism/col_a/int/addons/col_a_light_addn_f.cgf
    [-3.2006050013055831E-07, -0.5000002133736553, 0, -0.83049900000000321]
    [0.5000002133736553, -3.2006050013055831E-07, 0, -0.0035310000000023933]
    [0, 0, 0.50000021337375766, 0.54024799999999829]
  #5 objects/buildingsets/human/colonialism/col_a/int/addons/col_a_light_addn_f.cgf
    [-3.2006050013055831E-07, -0.5000002133736553, 0, 0.82841500000000678]
    [0.5000002133736553, -3.2006050013055831E-07, 0, -0.0011760000000009541]
    [0, 0, 0.50000021337375766, 0.52459699999999998]
  #6 objects/buildingsets/human/colonialism/col_a/int/addons/col_a_light_addn_f.cgf
    [-3.2006050013055831E-07, -0.5000002133736553, 0, 0.83745700000000056]
    [0.5000002133736553, -3.2006050013055831E-07, 0, -2.2338820000000013]
    [0, 0, 0.50000021337375766, 0.52240000000000109]
  #7 objects/buildingsets/human/lowtech/prop/light/light_hazard_2_b.cgf
    [-0.03489930929478615, -0.99939145282943231, -5.5511185586481867E-17, 0.52128000000000441]
    [-6.1139935711056086E-07, 2.1350407887953271E-08, 1.0000006188885096, -2.6333600000000033]
    [-0.99939145282924513, 0.034899309294779655, -6.1177202762472383E-07, 3.2107910000000004]
  #8 objects/buildingsets/human/lowtech/prop/light/light_hazard_2_b.cgf
    [0.034898086744190468, 0.99939148127881283, -1.1102236959274476E-16, -0.81376299999999446]
    [6.1139937449856374E-07, -2.1349660125962409E-08, -1.0000006046551624, 2.6296999999999997]
    [-0.99939148127862576, 0.034898086744183973, -6.1177201886165437E-07, 3.210799999999999]
