# IncludedObjects
# Cgfs: 8, Materials: 0, Palettes: 1, Placements: 35

[CGFs]
      0: objects/space/3d/asteroid/round_rough_01/round_rough_01_2000_cluster_01.cgf
      1: objects/space/3d/asteroid/round_rough_01/round_rough_01_04000_01.cgf
      2: objects/space/3d/asteroid/round_rough_01/round_rough_01_00950_01.cgf
      3: objects/space/3d/asteroid/round_rough_01/round_rough_01_2000_cluster_02.cgf
      4: objects/space/3d/asteroid/round_rough_01/round_rough_01_01300_01.cgf
      5: objects/space/3d/asteroid/round_rough_01/round_rough_01_1000_cluster_01.cgf
      6: objects/space/3d/asteroid/round_rough_01/round_rough_01_02300_01.cgf
      7: objects/space/3d/asteroid/round_rough_01/round_rough_01_00600_01.cgf

[Palettes]
      0: Libs/Foundry/Records/TintPalettes/default

[Placements]
  #0 objects/space/3d/asteroid/round_rough_01/round_rough_01_2000_cluster_01.cgf
    [-0.60861310227786725, 0.74797486273642411, -0.26480970445801527, 1343.63070900000002439]
    [0.37265973161116217, -0.02518653214362117, -0.92762645831125268, -1141.22112999999990279]
    [-0.70051074174220218, -0.66324936972303949, -0.26341119450544209, -4784.44976099999985308]
  #1 objects/space/3d/asteroid/round_rough_01/round_rough_01_04000_01.cgf
    [0.99619471860031505, -0.08583228256807833, 0.01513362289129544, 2203.12746999999990294]
    [0.06676619723418911, 0.86315528640993167, 0.50050509596736137, -1263.44401799999991454]
    [-0.05602215793369392, -0.49759008777463187, 0.86560137881631727, -3646.92113800000015544]
  #2 objects/space/3d/asteroid/round_rough_01/round_rough_01_2000_cluster_01.cgf
    [0.24310446925943002, -0.61760283725185983, 0.74797507878991687, 3375.78322100000013961]
    [-0.91944167893857953, -0.39241869149376052, -0.02518602078871837, -101.67629300000000114]
    [0.30907439574143913, -0.68159670776128056, -0.66324860490790838, -4583.73682000000007974]
  #3 objects/space/3d/asteroid/round_rough_01/round_rough_01_00950_01.cgf
    [0.12310496709291037, 0.82015496558775591, 0.55874095707230531, -761.59126500000002125]
    [0.38334708708776494, -0.55862154283347054, 0.73551848400631914, 457.30178300000000036]
    [0.91536366298299965, 0.12364571126964029, -0.38317301599440123, -3762.65751700000009805]
  #4 objects/space/3d/asteroid/round_rough_01/round_rough_01_2000_cluster_02.cgf
    [0.93451720652342862, 0.15346179281713973, -0.32113199635779682, 1130.90831800000000840]
    [0.24754770062075501, -0.92853707353493709, 0.27665453044600441, -2134.90556000000015047]
    [-0.25572723135554370, -0.33803412763250906, -0.90572357920433100, -3596.07194100000015169]
  #5 objects/space/3d/asteroid/round_rough_01/round_rough_01_2000_cluster_01.cgf
    [0.48037558739940506, -0.79320075399110879, -0.37426192148507142, -722.37315399999999954]
    [-0.79889319301705797, -0.57182517469962901, 0.18650941720415437, 411.21549299999998084]
    [-0.36195177600996936, 0.20940071734060534, -0.90837347957519854, -4121.51972999999998137]
  #6 objects/space/3d/asteroid/round_rough_01/round_rough_01_2000_cluster_01.cgf
    [-0.62759087311648298, -0.74855329487458633, 0.21400435672536589, 3661.17016899999998714]
    [0.41077325626805855, -0.08486887245707470, 0.90777905373881962, 1808.55604599999992388]
    [-0.66135862578481042, 0.65762104832829960, 0.36074856739807232, 2837.36200899999994363]
  #7 objects/space/3d/asteroid/round_rough_01/round_rough_01_2000_cluster_01.cgf
    [-0.43372208478180985, -0.34500435025445098, 0.83238069913089052, 3222.66063100000019404]
    [-0.89768705171978258, 0.24515278339150548, -0.36614006442568847, -2030.67317499999990105]
    [-0.07774051167036623, -0.90602019177748305, -0.41603401512896515, -3954.31375299999990602]
  #8 objects/space/3d/asteroid/round_rough_01/round_rough_01_2000_cluster_01.cgf
    [-0.52510637746698463, -0.78812336404443106, -0.32113247764233360, 1851.82716800000002877]
    [-0.84791639913613837, 0.45221761563180052, 0.27665541923882131, -3273.42130899999983740]
    [-0.07281679219396894, 0.41756676587761654, -0.90572452965291961, -3563.59461599999985992]
  #9 objects/space/3d/asteroid/round_rough_01/round_rough_01_2000_cluster_01.cgf
    [-0.24310347634751822, 0.74797484102106382, -0.61760280146463908, 2917.49527600000010352]
    [0.91944105214022986, -0.02518763284139192, -0.39241893198572708, -3516.34966299999996409]
    [-0.30907561342934053, -0.66324814642866958, -0.68159595423675701, -3844.35943700000007084]
  #10 objects/space/3d/asteroid/round_rough_01/round_rough_01_01300_01.cgf
    [-0.63560768787413802, 0.42101009488309010, 0.64711273252471080, 3231.51132000000006883]
    [0.32374384230777742, 0.90630863545570728, -0.27165438214758403, 2074.89597199999980148]
    [-0.70085256163965282, 0.03683312067582857, -0.71235562013518960, 2532.30082499999980428]
  #11 objects/space/3d/asteroid/round_rough_01/round_rough_01_2000_cluster_01.cgf
    [0.00996836112088098, 0.80880313961780981, -0.58799581621872421, 1417.73565899999994144]
    [0.63318133487135109, 0.45001294768577743, 0.62973860518113256, -158.32681199999998967]
    [0.77393991738175916, -0.37858525463799819, -0.50763291463771754, -4912.33968499999991764]
  #12 objects/space/3d/asteroid/round_rough_01/round_rough_01_2000_cluster_02.cgf
    [0.74366454161432050, -0.61760307840081219, 0.25599047327726554, 3244.14439799999991010]
    [-0.57344854811909884, -0.39242020838307246, 0.71914169537442285, -348.14589699999999084]
    [-0.34368800898340285, -0.68159698716744777, -0.64599205481073696, -5213.39775800000006711]
  #13 objects/space/3d/asteroid/round_rough_01/round_rough_01_1000_cluster_01.cgf
    [0.00996836093867963, -0.80880312483452665, 0.58799580547135155, 1944.87335800000005293]
    [0.63318085948139602, -0.45001316634376332, -0.62973889789139048, -92.23312599999999861]
    [0.77394028269653925, 0.37858497802866881, 0.50763252796135483, -5199.72561099999984435]
  #14 objects/space/3d/asteroid/round_rough_01/round_rough_01_2000_cluster_01.cgf
    [-0.21400633973849822, -0.97307982290618711, 0.08553375616949947, 2818.96680900000001202]
    [-0.90777747490888261, 0.23045120068130534, 0.35047307855592480, 1291.54002900000000409]
    [-0.36074980421291031, -0.00264215769357331, -0.93265839212593715, 1824.43027699999993274]
  #15 objects/space/3d/asteroid/round_rough_01/round_rough_01_2000_cluster_01.cgf
    [-0.81162868767136853, 0.47065560855906113, -0.34603559445837961, 1275.06806600000004437]
    [0.45436280080331726, 0.13629790979627798, -0.88032709045146551, -1847.72082300000010946]
    [-0.36716723675517304, -0.87172509374715001, -0.32447194383568095, -2930.88375099999984741]
  #16 objects/space/3d/asteroid/round_rough_01/round_rough_01_2000_cluster_01.cgf
    [-0.52510637746698463, -0.78812336404443106, -0.32113247764233360, -168.26110399999998890]
    [-0.84791639913613837, 0.45221761563180052, 0.27665541923882131, -1981.74157900000000154]
    [-0.07281679219396894, 0.41756676587761654, -0.90572452965291961, -1324.51294000000007145]
  #17 objects/space/3d/asteroid/round_rough_01/round_rough_01_1000_cluster_01.cgf
    [-0.91436864686383013, 0.34262581423435268, 0.21572731332986686, 2597.38467799999989438]
    [0.39942816713697293, 0.67617215027293354, 0.61907116485646729, 2028.05548100000009981]
    [0.06624093593748616, 0.65222658584221460, -0.75512473392850898, 2480.50847800000019561]
  #18 objects/space/3d/asteroid/round_rough_01/round_rough_01_1000_cluster_01.cgf
    [-0.42259653955723403, -0.33163909618283777, -0.84346150193485037, 229.15338900000000422]
    [0.24794211241808059, 0.85284003618075643, -0.45955218657490771, -1294.80577100000004975]
    [0.87174337063887275, -0.40333486481972930, -0.27818000139646931, 1285.37803000000008069]
  #19 objects/space/3d/asteroid/round_rough_01/round_rough_01_2000_cluster_01.cgf
    [0.40676611828152176, 0.05882826645737907, 0.91163625638109858, 2724.46441599999980099]
    [-0.58489448910820152, -0.74979628333805270, 0.30936075052928069, -2492.73608999999987645]
    [0.70174059701130320, -0.65904845984404181, -0.27058338076858579, -2347.08896099999992657]
  #20 objects/space/3d/asteroid/round_rough_01/round_rough_01_1000_cluster_01.cgf
    [-0.99024882464184272, -0.13612169175903768, -0.02962413462383296, 3342.72072200000002340]
    [0.13928264202629911, -0.96337095767239345, -0.22916409528469719, 2119.76832199999989825]
    [0.00265517414254887, -0.23105566855227230, 0.97293662029149675, 1886.22803100000010090]
  #21 objects/space/3d/asteroid/round_rough_01/round_rough_01_2000_cluster_01.cgf
    [-0.81162868767136853, 0.47065560855906113, -0.34603559445837961, 3114.79169000000001688]
    [0.45436280080331726, 0.13629790979627798, -0.88032709045146551, 1147.47273799999993571]
    [-0.36716723675517304, -0.87172509374715001, -0.32447194383568095, 2167.28621599999996761]
  #22 objects/space/3d/asteroid/round_rough_01/round_rough_01_1000_cluster_01.cgf
    [0.36744751700838307, -0.68897640024380102, 0.62473475699340209, -34.30668099999999754]
    [0.81722101882747455, 0.55986030834257050, 0.13676957254186248, -1293.11203999999997905]
    [-0.44399527370806091, 0.46029080969946934, 0.76876540106540181, -1000.70605399999999463]
  #23 objects/space/3d/asteroid/round_rough_01/round_rough_01_00950_01.cgf
    [0.26723818813475347, 0.27875119656606134, 0.92243138451092377, 1106.43418799999994917]
    [0.95590488075352875, 0.04427770505017189, -0.29031617540600224, -1940.36222900000007030]
    [-0.12176923942167363, 0.95934112450357090, -0.25462717270980323, -890.31646000000000640]
  #24 objects/space/3d/asteroid/round_rough_01/round_rough_01_2000_cluster_02.cgf
    [-0.26723782735046636, -0.18080330145760592, 0.94651713225402512, 759.64319799999998395]
    [-0.95590619563465129, -0.07438220450635556, -0.28409717463469020, -1745.39067000000000007]
    [0.12176970319271241, -0.98070282230151462, -0.15295321359668765, -1525.41230999999993401]
  #25 objects/space/3d/asteroid/round_rough_01/round_rough_01_00950_01.cgf
    [0.74750343892691140, 0.66034657030207744, 0.07198386831217622, 3179.59647099999983766]
    [-0.23990354019285831, 0.36943136448276376, -0.89775688232048489, 681.05640100000005077]
    [-0.61942357204891307, 0.65380695579134585, 0.43457055165240815, 1516.84707899999989422]
  #26 objects/space/3d/asteroid/round_rough_01/round_rough_01_1000_cluster_01.cgf
    [0.94119844655829643, -0.33783771526599377, 0.00313465485604196, 878.76362099999994371]
    [-0.33425671238696020, -0.93249180651560470, -0.13685811896445649, -1630.00220500000000357]
    [0.04915890704108647, 0.12776295490509623, -0.99058502559518247, -329.59280699999999342]
  #27 objects/space/3d/asteroid/round_rough_01/round_rough_01_2000_cluster_01.cgf
    [-0.76588460160512684, -0.20054891154750928, -0.61090285186575877, 15.78810000000000002]
    [-0.06439726289056028, -0.92141112646249401, 0.38321783867635084, -1016.54360599999995429]
    [-0.63974616284336705, 0.33284088304275189, 0.69277931335957255, 939.75178000000005341]
  #28 objects/space/3d/asteroid/round_rough_01/round_rough_01_2000_cluster_01.cgf
    [0.46873762690766141, -0.71496455923624846, 0.51875900787058671, 402.42935699999998178]
    [-0.67161664399738830, 0.09300561969266125, 0.73503825091015074, -1806.91423400000007859]
    [-0.57377374697387795, -0.69294720277340427, -0.43658682245557434, -1325.54226700000003802]
  #29 objects/space/3d/asteroid/round_rough_01/round_rough_01_02300_01.cgf
    [0.26723818813475347, 0.27875119656606134, 0.92243138451092377, 230.87939399999999068]
    [0.95590488075352875, 0.04427770505017189, -0.29031617540600224, -1554.56103299999995215]
    [-0.12176923942167363, 0.95934112450357090, -0.25462717270980323, 216.75938500000000886]
  #30 objects/space/3d/asteroid/round_rough_01/round_rough_01_2000_cluster_01.cgf
    [0.48993248082344232, 0.24370345094519361, -0.83700375788338066, 1227.24832799999990129]
    [0.80905561111455759, 0.23044566333255501, 0.54067024409946840, -2189.54909300000008443]
    [0.32464700959279913, -0.94207426603635269, -0.08426680790104031, -757.84948899999994865]
  #31 objects/space/3d/asteroid/round_rough_01/round_rough_01_00600_01.cgf
    [-0.46789124179349761, 0.79014005537007237, -0.39592612087842194, 873.77991699999995490]
    [-0.86609949432442357, -0.32076448637857446, 0.38338339120309328, -290.19594200000000228]
    [0.17592744591175499, 0.52229287915803080, 0.83442237302034183, -3298.40670799999998053]
  #32 objects/space/3d/asteroid/round_rough_01/round_rough_01_2000_cluster_01.cgf
    [-0.09032230025194399, -0.34500569525464564, 0.93424491988600811, 3045.00297399999999470]
    [-0.96948011264232847, 0.24515037050816293, -0.00319766234707546, -702.25794599999994716]
    [-0.22792720610311790, -0.90602041041873149, -0.35661859547205038, -2856.03086699999994380]
  #33 objects/space/3d/asteroid/round_rough_01/round_rough_01_1000_cluster_01.cgf
    [-0.99024964863279752, -0.09190227764930217, 0.10469351256173175, 3087.48644400000011956]
    [0.13928282309876294, -0.66748324497868705, 0.73148310964053209, 318.19489900000002081]
    [0.00265620015842391, 0.73893248396765887, 0.67377507787475055, 1201.42473999999992884]
  #34 objects/space/3d/asteroid/round_rough_01/round_rough_01_2000_cluster_01.cgf
    [-0.97308138412336986, 0.08553309538754036, -0.21400407342532024, 3204.55868700000019089]
    [0.23044884480832620, 0.35047230694416648, -0.90777944786627496, 2938.28092299999980241]
    [-0.00264268343013789, -0.93265979093950280, -0.36074889406015948, 3443.86363399999981993]
