# IncludedObjects
# Cgfs: 19, Materials: 15, Palettes: 3, Placements: 45

[CGFs]
      0: Data/ObjectContainers/Setup/elevator_setup/Nyx/nyx_elev_rockcracker_lrg_a//Brush/designer_38.cgf
      1: Data/ObjectContainers/Setup/elevator_setup/Nyx/nyx_elev_rockcracker_lrg_a//Brush/designer_39.cgf
      2: Data/ObjectContainers/Setup/elevator_setup/Nyx/nyx_elev_rockcracker_lrg_a//Brush/designer_40.cgf
      3: data/objects/buildingsets/human/station/delta/mining/mining_gondola_handle_a.cgf
      4: data/objects/buildingsets/human/utilitarian/decal/light/set_a/util_decal_light_set_a_rect_small_b.cgf
      5: data/objects/buildingsets/human/common/light/work/industrial/set_d/common_light_work_industrial_set_d_ceiling_b.cgf
      6: data/objects/buildingsets/human/utilitarian/decal/light/set_a/util_decal_light_set_a_rect_small_a.cgf
      7: data/objects/buildingsets/human/common/cable/modular/set_a/common_cable_modular_set_a_cable_straight_02m_a.cgf
      8: data/objects/buildingsets/human/common/cable/hanging/set_a/common_cable_hanging_set_a_cable_down_04m_a.cgf
      9: data/objects/buildingsets/human/common/cable/hanging/set_a/common_cable_hanging_set_a_cable_straight_04m_d.cgf
     10: objects/buildingsets/human/station/delta/mining/mining_gondola_handle_b.cgf
     11: objects/buildingsets/human/lowtech/delta/int/common/elev/set_a/lt_delta_elevator_set_a_platform_08x06x04_a.cgf
     12: data/objects/buildingsets/human/common/cable/hanging/set_a/common_cable_hanging_set_a_cable_straight_04m_c.cgf
     13: data/objects/buildingsets/human/common/cable/hanging/set_c/common_cable_hanging_set_c_wall_socket_01m_c.cgf
     14: objects/buildingsets/human/lowtech/delta/int/common/addon/generator/lt_delta_addon_generator_a.cgf
     15: objects/buildingsets/human/lowtech/delta/int/common/addon/fan/lt_delta_addon_fan_cyl_a.cgf
     16: objects/buildingsets/human/lowtech/delta/int/common/addon/generator/lt_delta_addon_generator_b.cgf
     17: data/objects/buildingsets/human/common/cable/hanging/set_a/common_cable_hanging_set_a_cable_straight_04m_a.cgf
     18: data/objects/buildingsets/human/common/cable/hanging/set_c/common_cable_hanging_set_c_wall_socket_01m_a.cgf

[Materials]
      0: materials/bhvr/special/proxy_nodraw
      1: materials/decals/stucco/decal_stucco_surface_a
      2: materials/decals/oil/oil_splat_a
      3: materials/decals/oil/oil_puddle_a
      4: materials/decals/chipped_paint/chipped_paint002a
      5: materials/decals/debris/debris
      6: materials/decals/oil/oil_line_a
      7: materials/decals/dirty_rust/dirty_rust_e
      8: materials/decals/dirty_rust/dirty_rust_c
      9: materials/decals/chipped_paint/chipped_paint002c
     10: materials/decals/dirty_rust/dirty_rust_f
     11: materials/decals/oil/oil_dirt
     12: materials/decals/dirty_rust/dirty_rust_d
     13: materials/decals/leakings/rust_leakings_c
     14: objects/buildingsets/human/utilitarian/decal/light/set_a/util_decal_light_set_a_atlas_ugf

[Palettes]
      0: Libs/Foundry/Records/TintPalettes/Brand/Levski/levski_default
      1: Libs/Foundry/Records/TintPalettes/default
      2: Libs/Foundry/Records/TintPalettes/Generic/gen_grey_darkgrey_yellow

[Placements]
  #0 Data/ObjectContainers/Setup/elevator_setup/Nyx/nyx_elev_rockcracker_lrg_a//Brush/designer_38.cgf
    [1.00000000000000000, 0.00000000000000000, 0.00000000000000000, -1.87500000000000000]
    [0.00000000000000000, 1.00000000000000000, 0.00000000000000000, -0.25000000000000000]
    [0.00000000000000000, 0.00000000000000000, 1.00000000000000000, 0.12500000000000000]
  #1 Data/ObjectContainers/Setup/elevator_setup/Nyx/nyx_elev_rockcracker_lrg_a//Brush/designer_39.cgf
    [1.00000000000000000, 0.00000000000000000, 0.00000000000000000, 2.12500000000000000]
    [0.00000000000000000, 1.00000000000000000, 0.00000000000000000, -0.25000000000000000]
    [0.00000000000000000, 0.00000000000000000, 1.00000000000000000, 0.12500000000000000]
  #2 Data/ObjectContainers/Setup/elevator_setup/Nyx/nyx_elev_rockcracker_lrg_a//Brush/designer_40.cgf
    [1.00000000000000000, 0.00000000000000000, 0.00000000000000000, 0.12500000000000000]
    [0.00000000000000000, 1.00000000000000000, 0.00000000000000000, -0.25000000000000000]
    [0.00000000000000000, 0.00000000000000000, 1.00000000000000000, 0.12500000000000000]
  #3 data/objects/buildingsets/human/station/delta/mining/mining_gondola_handle_a.cgf
    [1.00000000000000000, 0.00000000000000000, 0.00000000000000000, -0.71033400000000313]
    [0.00000000000000000, 1.00000000000000000, 0.00000000000000000, -4.18553399999998987]
    [0.00000000000000000, 0.00000000000000000, 1.00000000000000000, 2.77661699999999989]
  #4 data/objects/buildingsets/human/station/delta/mining/mining_gondola_handle_a.cgf
    [1.00000000000000000, 0.00000000000000000, 0.00000000000000000, 1.89010899999999538]
    [0.00000000000000000, 1.00000000000000000, 0.00000000000000000, -2.41640000000001010]
    [0.00000000000000000, 0.00000000000000000, 1.00000000000000000, 2.77661699999999989]
  #5 data/objects/buildingsets/human/utilitarian/decal/light/set_a/util_decal_light_set_a_rect_small_b.cgf
    [-0.00000004174266291, -0.00000039934802653, 0.20000005087360770, -3.40163400000000138]
    [0.19999994313270084, 0.00020759701719138, 0.00000004215715763, -0.67533099999999990]
    [-0.00020759701727513, 0.19999994313230657, 0.00000039930448315, 0.44452599999999975]
  #6 data/objects/buildingsets/human/common/light/work/industrial/set_d/common_light_work_industrial_set_d_ceiling_b.cgf
    [-0.50000033892251916, -0.00000108334964776, 0.00000090903970853, 0.00338999999999601]
    [-0.00000090903980416, 0.49240435138490207, 0.08682334744192807, -4.14561900000001060]
    [-0.00000108334956751, 0.08682334743992809, -0.49240435138490185, 3.56933800000000012]
  #7 data/objects/buildingsets/human/utilitarian/decal/light/set_a/util_decal_light_set_a_rect_small_a.cgf
    [-0.00000019203630771, -0.30000013994512725, 0.00000000000000000, 1.88558500000000606]
    [0.30000013994512725, -0.00000019203630771, 0.00000000000000000, -0.73640100000000075]
    [0.00000000000000000, 0.00000000000000000, 0.30000013994518870, 0.08077199999999962]
  #8 data/objects/buildingsets/human/utilitarian/decal/light/set_a/util_decal_light_set_a_rect_small_b.cgf
    [-0.19999975563075695, -0.00020760654451286, -0.00000000014874941, 1.87910599999999306]
    [0.00000000025743007, -0.00000039129696617, 0.19999986338167011, -4.74766500000001201]
    [-0.00020760654451276, 0.19999975563037414, 0.00000039129702261, 0.44452599999999975]
  #9 data/objects/buildingsets/human/utilitarian/decal/light/set_a/util_decal_light_set_a_rect_small_b.cgf
    [-0.00000005407811241, 0.00000039934802660, -0.20000005090675929, 3.37715500000000191]
    [-0.19999994316585240, -0.00020759701739410, 0.00000005366356606, -3.23837900000000900]
    [-0.00020759701728651, 0.19999994316546091, 0.00000039940394373, 0.44452599999999975]
  #10 data/objects/buildingsets/human/utilitarian/decal/light/set_a/util_decal_light_set_a_rect_small_b.cgf
    [-0.00000005407811241, 0.00000039934802660, -0.20000005090675929, 3.37715500000000191]
    [-0.19999994316585240, -0.00020759701739410, 0.00000005366356606, -0.67530899999999860]
    [-0.00020759701728651, 0.19999994316546091, 0.00000039940394373, 0.44452599999999975]
  #11 data/objects/buildingsets/human/common/cable/modular/set_a/common_cable_modular_set_a_cable_straight_02m_a.cgf
    [0.00000079754587709, 0.40559437565751622, -0.40559425956771311, -3.40209699999999771]
    [-0.57359698478914001, 0.00000078637100726, -0.00000034152912511, -1.96524999999999750]
    [0.00000031455059734, 0.40559425956773493, 0.40559437565815648, 0.21137900000000087]
  #12 data/objects/buildingsets/human/common/cable/hanging/set_a/common_cable_hanging_set_a_cable_down_04m_a.cgf
    [-0.00000062225072471, -0.97208338736034461, 0.00000000000000000, -3.24832200000000171]
    [0.97208338736034461, -0.00000062225072471, 0.00000000000000000, -0.92766299999999546]
    [0.00000000000000000, 0.00000000000000000, 0.97208338736054367, 3.68591499999999961]
  #13 data/objects/buildingsets/human/common/cable/hanging/set_a/common_cable_hanging_set_a_cable_straight_04m_d.cgf
    [-0.00000056178982289, -0.87763104539177550, 0.00000000000000000, 0.93217500000000086]
    [0.87763104539177550, -0.00000056178982289, 0.00000000000000000, -4.23111499999998841]
    [0.00000000000000000, 0.00000000000000000, 0.87763104539195513, 3.55530599999999986]
  #14 objects/buildingsets/human/station/delta/mining/mining_gondola_handle_b.cgf
    [1.00000000000000000, 0.00000000000000000, 0.00000000000000000, -1.89182700000000636]
    [0.00000000000000000, 1.00000000000000000, 0.00000000000000000, -3.41123699999999985]
    [0.00000000000000000, 0.00000000000000000, 1.00000000000000000, 2.77661699999999989]
  #15 objects/buildingsets/human/station/delta/mining/mining_gondola_handle_b.cgf
    [1.00000000000000000, 0.00000000000000000, 0.00000000000000000, 0.70528500000000349]
    [0.00000000000000000, 1.00000000000000000, 0.00000000000000000, -3.46379500000000462]
    [0.00000000000000000, 0.00000000000000000, 1.00000000000000000, 2.77661699999999989]
  #16 objects/buildingsets/human/lowtech/delta/int/common/elev/set_a/lt_delta_elevator_set_a_platform_08x06x04_a.cgf
    [1.00000000000000000, 0.00000000000000000, 0.00000000000000000, 0.00000000000000000]
    [0.00000000000000000, 1.00000000000000000, 0.00000000000000000, -0.50000000000000000]
    [0.00000000000000000, 0.00000000000000000, 1.00000000000000000, -0.25000099999999925]
  #17 data/objects/buildingsets/human/station/delta/mining/mining_gondola_handle_a.cgf
    [1.00000000000000000, 0.00000000000000000, 0.00000000000000000, -0.71033500000000060]
    [0.00000000000000000, 1.00000000000000000, 0.00000000000000000, -2.21204099999999926]
    [0.00000000000000000, 0.00000000000000000, 1.00000000000000000, 2.77661699999999989]
  #18 data/objects/buildingsets/human/station/delta/mining/mining_gondola_handle_a.cgf
    [-1.00000000000000000, 0.00000000000000000, 0.00000000000000000, 0.70528500000000349]
    [0.00000000000000000, -1.00000000000000000, 0.00000000000000000, -2.23608899999999267]
    [0.00000000000000000, 0.00000000000000000, 1.00000000000000000, 2.77661699999999989]
  #19 data/objects/buildingsets/human/common/cable/hanging/set_a/common_cable_hanging_set_a_cable_straight_04m_c.cgf
    [-0.00000039684812451, -0.61995824805920707, 0.00000000000000000, -0.97676099999999622]
    [0.61995824805920707, -0.00000039684812451, 0.00000000000000000, -4.74271300000000906]
    [0.00000000000000000, 0.00000000000000000, 0.61995824805933408, 3.55530599999999986]
  #20 data/objects/buildingsets/human/utilitarian/decal/light/set_a/util_decal_light_set_a_rect_small_b.cgf
    [-0.00000004174266291, -0.00000039934802653, 0.20000005087360770, -3.40163400000000138]
    [0.19999994313270084, 0.00020759701719138, 0.00000004215715763, -3.23840100000001030]
    [-0.00020759701727513, 0.19999994313230657, 0.00000039930448315, 0.44452599999999975]
  #21 data/objects/buildingsets/human/utilitarian/decal/light/set_a/util_decal_light_set_a_rect_small_a.cgf
    [-0.00000019203630771, -0.30000013994512725, 0.00000000000000000, -1.88459600000000194]
    [0.30000013994512725, -0.00000019203630771, 0.00000000000000000, -0.73640100000000075]
    [0.00000000000000000, 0.00000000000000000, 0.30000013994518870, 0.08077199999999962]
  #22 data/objects/buildingsets/human/utilitarian/decal/light/set_a/util_decal_light_set_a_rect_small_b.cgf
    [-0.19999975563075695, -0.00020760654451286, -0.00000000014874941, -1.88243900000000508]
    [0.00000000025743007, -0.00000039129696617, 0.19999986338167011, -4.74766500000001201]
    [-0.00020760654451276, 0.19999975563037414, 0.00000039129702261, 0.44452599999999975]
  #23 data/objects/buildingsets/human/station/delta/mining/mining_gondola_handle_a.cgf
    [1.00000000000000000, 0.00000000000000000, 0.00000000000000000, 1.89010899999999538]
    [0.00000000000000000, 1.00000000000000000, 0.00000000000000000, -3.85794400000000337]
    [0.00000000000000000, 0.00000000000000000, 1.00000000000000000, 2.77661699999999989]
  #24 data/objects/buildingsets/human/common/cable/hanging/set_c/common_cable_hanging_set_c_wall_socket_01m_c.cgf
    [0.00000211456977706, 0.95000039348699095, 0.00000000000000000, 3.37780499999999506]
    [-0.95000039348699095, 0.00000211456977706, -0.00000000000000000, -2.44095100000001253]
    [-0.00000000000000000, 0.00000000000000000, 0.95000039348934429, 0.08169799999999938]
  #25 data/objects/buildingsets/human/station/delta/mining/mining_gondola_handle_a.cgf
    [1.00000000000000000, 0.00000000000000000, 0.00000000000000000, 0.70528500000000349]
    [0.00000000000000000, 1.00000000000000000, 0.00000000000000000, -3.25407100000001037]
    [0.00000000000000000, 0.00000000000000000, 1.00000000000000000, 2.77661699999999989]
  #26 data/objects/buildingsets/human/common/cable/hanging/set_a/common_cable_hanging_set_a_cable_straight_04m_d.cgf
    [-0.00000134066439255, -0.57341892049049958, -0.66439987933595079, -1.69648999999999717]
    [0.87763116286845777, -0.00000127231231780, -0.00000067284914998, -4.23111499999998841]
    [-0.00000052356814193, -0.66439987933608513, 0.57341892049167209, 3.46498000000000062]
  #27 objects/buildingsets/human/lowtech/delta/int/common/addon/generator/lt_delta_addon_generator_a.cgf
    [-0.00180492709464243, -0.00000101419299603, 0.99999823192642989, -3.33397600000000693]
    [-0.99999823192642956, -0.00000101261517843, -0.00180492709566967, -1.84773599999999760]
    [0.00000101444407387, -0.99999986080837910, -0.00000101236364700, 3.74357599999999913]
  #28 objects/buildingsets/human/lowtech/delta/int/common/addon/fan/lt_delta_addon_fan_cyl_a.cgf
    [0.63765968879003521, -0.00000127531734781, 0.00000000000000000, -3.29298699999999656]
    [-0.00000127531734781, -0.63765968879003510, -0.00000000000000000, -2.35990699999999265]
    [0.00000000000000000, 0.00000000000000000, -0.63765968879131041, 2.84439199999999914]
  #29 objects/buildingsets/human/lowtech/delta/int/common/addon/generator/lt_delta_addon_generator_a.cgf
    [-0.00180492709464243, -0.00000101419299603, 0.99999823192642989, -3.33217299999999739]
    [-0.99999823192642956, -0.00000101261517843, -0.00180492709566967, -0.84846899999999437]
    [0.00000101444407387, -0.99999986080837910, -0.00000101236364700, 3.74357499999999987]
  #30 objects/buildingsets/human/station/delta/mining/mining_gondola_handle_b.cgf
    [-1.00000000000000000, 0.00000000000000000, 0.00000000000000000, 0.70528500000000349]
    [0.00000000000000000, -1.00000000000000000, 0.00000000000000000, -1.95911399999999958]
    [0.00000000000000000, 0.00000000000000000, 1.00000000000000000, 2.77661699999999989]
  #31 objects/buildingsets/human/lowtech/delta/int/common/addon/generator/lt_delta_addon_generator_b.cgf
    [-0.49497580531639779, 0.49497433762322213, 0.00000000000000000, -2.17273900000000708]
    [0.49497433762322213, 0.49497580531639779, 0.00000000000000000, -4.77659600000001205]
    [0.00000000000000000, 0.00000000000000000, -0.70000045910996656, 0.91745099999999979]
  #32 data/objects/buildingsets/human/common/cable/hanging/set_a/common_cable_hanging_set_a_cable_straight_04m_d.cgf
    [0.00000000000000000, 0.00000000000000000, -0.87763100862503052, 1.52092000000000382]
    [0.87763100862503052, 0.00000000000000000, 0.00000000000000000, -4.23111499999998841]
    [0.00000000000000000, -0.87763100862503052, 0.00000000000000000, 3.46155599999999986]
  #33 objects/buildingsets/human/lowtech/delta/int/common/addon/generator/lt_delta_addon_generator_a.cgf
    [0.00180520530763992, 0.00000101419299620, -0.99999823159172874, 3.32479200000000219]
    [0.99999823159172840, 0.00000101261493490, 0.00180520530866699, -2.90590199999999754]
    [0.00000101444411190, -0.99999986097587135, -0.00000101236336562, 3.74357499999999987]
  #34 data/objects/buildingsets/human/common/cable/hanging/set_a/common_cable_hanging_set_a_cable_straight_04m_a.cgf
    [0.56597697734071850, 0.00000000000000000, 0.00000000000000000, -1.73184299999999780]
    [0.00000000000000000, 0.56594800670890089, -0.00572648076554112, -4.70083800000000451]
    [0.00000000000000000, 0.00572648076554112, 0.56594800670890089, 3.15144699999999922]
  #35 data/objects/buildingsets/human/common/cable/hanging/set_a/common_cable_hanging_set_a_cable_straight_04m_d.cgf
    [-0.00000039684812451, -0.61995824805920707, 0.00000000000000000, -0.97676199999999369]
    [0.61995824805920707, -0.00000039684812451, 0.00000000000000000, -3.37942200000000526]
    [0.00000000000000000, 0.00000000000000000, 0.61995824805933408, 3.55530599999999986]
  #36 data/objects/buildingsets/human/common/cable/hanging/set_a/common_cable_hanging_set_a_cable_straight_04m_d.cgf
    [0.00000127674834224, 0.57359725873011125, 0.00000000000000000, 3.39278899999999339]
    [-0.57359725873011125, 0.00000127674834224, -0.00000000000000000, -0.79551900000001297]
    [-0.00000000000000000, 0.00000000000000000, 0.57359725873153222, 0.26827600000000018]
  #37 objects/buildingsets/human/lowtech/delta/int/common/addon/generator/lt_delta_addon_generator_a.cgf
    [0.00180520530763992, 0.00000101419299620, -0.99999823159172874, 3.32659499999999753]
    [0.99999823159172840, 0.00000101261493490, 0.00180520530866699, -1.90663399999999683]
    [0.00000101444411190, -0.99999986097587135, -0.00000101236336562, 3.74357599999999913]
  #38 objects/buildingsets/human/station/delta/mining/mining_gondola_handle_b.cgf
    [1.00000000000000000, 0.00000000000000000, 0.00000000000000000, 1.89010899999999538]
    [0.00000000000000000, 1.00000000000000000, 0.00000000000000000, -1.95412799999999720]
    [0.00000000000000000, 0.00000000000000000, 1.00000000000000000, 2.77661699999999989]
  #39 data/objects/buildingsets/human/common/cable/hanging/set_c/common_cable_hanging_set_c_wall_socket_01m_a.cgf
    [0.00000211456977706, 0.95000039348699095, 0.00000000000000000, 3.37042999999999893]
    [-0.95000039348699095, 0.00000211456977706, -0.00000000000000000, -2.79432700000000978]
    [-0.00000000000000000, 0.00000000000000000, 0.95000039348934429, 0.06914500000000068]
  #40 data/objects/buildingsets/human/common/cable/modular/set_a/common_cable_modular_set_a_cable_straight_02m_a.cgf
    [0.00000079754587709, 0.40559437565751622, -0.40559425956771311, -3.40209699999999771]
    [-0.57359698478914001, 0.00000078637100726, -0.00000034152912511, -0.80888999999999101]
    [0.00000031455059734, 0.40559425956773493, 0.40559437565815648, 0.21137900000000087]
  #41 objects/buildingsets/human/lowtech/delta/int/common/addon/generator/lt_delta_addon_generator_b.cgf
    [-0.49497580531639779, -0.49497433762322213, 0.00000000000000000, 3.44318800000000635]
    [-0.49497433762322213, 0.49497580531639779, 0.00000000000000000, -3.55892000000000053]
    [-0.00000000000000000, 0.00000000000000000, -0.70000045910996656, 0.93891400000000047]
  #42 objects/buildingsets/human/lowtech/delta/int/common/addon/fan/lt_delta_addon_fan_cyl_a.cgf
    [0.63765968879003521, -0.00000127531734781, 0.00000000000000000, 3.28494399999999587]
    [-0.00000127531734781, -0.63765968879003510, -0.00000000000000000, -2.35991599999999835]
    [0.00000000000000000, 0.00000000000000000, -0.63765968879131041, 2.84439099999999989]
  #43 objects/buildingsets/human/station/delta/mining/mining_gondola_handle_b.cgf
    [1.00000000000000000, 0.00000000000000000, 0.00000000000000000, -0.71033500000000060]
    [0.00000000000000000, 1.00000000000000000, 0.00000000000000000, -3.46379500000000462]
    [0.00000000000000000, 0.00000000000000000, 1.00000000000000000, 2.77661699999999989]
  #44 objects/buildingsets/human/station/delta/mining/mining_gondola_handle_b.cgf
    [-1.00000000000000000, 0.00000000000000000, 0.00000000000000000, -1.89182700000000636]
    [0.00000000000000000, -1.00000000000000000, 0.00000000000000000, -1.95412799999999720]
    [0.00000000000000000, 0.00000000000000000, 1.00000000000000000, 2.77661699999999989]
