# IncludedObjects
# Cgfs: 7, Materials: 0, Palettes: 3, Placements: 9

[CGFs]
      0: objects/buildingsets/human/colonialism/col_a/int/airlock/col_a_addon_spinner_bottom_a.cgf
      1: objects/buildingsets/human/colonialism/col_a/int/airlock/col_a_airlock_rooftop_sml_decal.cgf
      2: objects/buildingsets/human/colonialism/col_a/ext/addons/col_a_ext_addon_light_a.cgf
      3: objects/buildingsets/human/lowtech/prop/light/light_hazard_2_b.cgf
      4: objects/buildingsets/human/lowtech/prop/light/light_hung_6_box_a.cgf
      5: objects/buildingsets/human/colonialism/col_a/int/addons/col_a_light_addn_h.cgf
      6: objects/buildingsets/human/lowtech/prop/light/lamp/lamp_lantern_1_a.cgf

[Palettes]
      0: Libs/Foundry/Records/TintPalettes/Generic/gen_grey_darkgrey_red_a<321>
      1: Libs/Foundry/Records/TintPalettes/default
      2: Libs/Foundry/Records/TintPalettes/Generic/gen_glossy_darkgrey_orange<333>

[Placements]
  #0 objects/buildingsets/human/colonialism/col_a/int/airlock/col_a_addon_spinner_bottom_a.cgf
    [0.10000000149011613, 0.00000000000000000, 0.00000000000000000, 0.06762000000000157]
    [0.00000000000000000, 0.10000000149011613, 0.00000000000000000, 0.00000000000000000]
    [0.00000000000000000, 0.00000000000000000, 0.10000000149011613, 0.00430000000000000]
  #1 objects/buildingsets/human/colonialism/col_a/int/airlock/col_a_airlock_rooftop_sml_decal.cgf
    [-0.00000064012100026, -1.00000042674731060, 0.00000000000000000, -1.00000000000000000]
    [1.00000042674731060, -0.00000064012100026, 0.00000000000000000, 0.00000000000000000]
    [0.00000000000000000, 0.00000000000000000, 1.00000042674751533, 0.07114300000000000]
  #2 objects/buildingsets/human/colonialism/col_a/ext/addons/col_a_ext_addon_light_a.cgf
    [0.00000000000000000, 0.00000000000000000, 0.51602202653884888, -2.96130499999999941]
    [0.51602202653884888, 0.00000000000000000, 0.00000000000000000, -0.00134099999991122]
    [0.00000000000000000, 0.51602202653884888, 0.00000000000000000, 0.65796399999999999]
  #3 objects/buildingsets/human/lowtech/prop/light/light_hazard_2_b.cgf
    [1.00000100152459326, 0.00000000000000000, 0.00000000000000000, -1.95859300000000047]
    [0.00000000000000000, -0.99939157836883596, -0.03490667752216989, 0.84955599999989317]
    [0.00000000000000000, 0.03490667752216989, -0.99939157836883596, 2.49629000000000012]
  #4 objects/buildingsets/human/lowtech/prop/light/light_hung_6_box_a.cgf
    [-1.00000067290062389, 0.00000184775933574, -0.00000076536575838, -1.00077299999999880]
    [-0.00000184775906261, -0.70710780067485635, 0.70710671332342334, 1.54629399999998896]
    [0.00000076536641777, 0.70710671332342334, 0.70710780067685652, 2.61113600000000012]
  #5 objects/buildingsets/human/colonialism/col_a/int/addons/col_a_light_addn_h.cgf
    [-0.00000022404315327, 0.34999980903645039, -0.00000000000070930, -0.48902000000000001]
    [-0.34999980903505040, -0.00000022404315327, -0.00000098994855858, 0.61256200000002536]
    [-0.00000098994855858, 0.00000000000007561, 0.34999980903512207, 0.18837799999999999]
  #6 objects/buildingsets/human/colonialism/col_a/int/addons/col_a_light_addn_h.cgf
    [-0.00000022404315327, 0.34999980903645039, -0.00000000000070930, -0.49564200000000014]
    [-0.34999980903505040, -0.00000022404315327, -0.00000098994855858, -0.62224599999990460]
    [-0.00000098994855858, 0.00000000000007561, 0.34999980903512207, 0.18837799999999999]
  #7 objects/buildingsets/human/lowtech/prop/light/lamp/lamp_lantern_1_a.cgf
    [-0.28678854154326783, 0.40957561535927778, 0.00000134875919139, 1.02742900000000148]
    [-0.40957561536127773, -0.28678854154326783, -0.00000042526254969, -1.57038899999997739]
    [0.00000042526314749, -0.00000134875900291, 0.49999985225724319, 1.18866200000000011]
  #8 objects/buildingsets/human/lowtech/prop/light/light_hung_6_box_a.cgf
    [-1.00000067290062389, 0.00000076536575838, -0.00000184775933574, -1.00498999999999938]
    [0.00000076536641777, -0.70710780067685630, -0.70710671332342334, -1.52903100000003178]
    [-0.00000184775906261, -0.70710671332342334, 0.70710780067485657, 2.60962499999999986]
