# IncludedObjects
# Cgfs: 28, Materials: 0, Palettes: 1, Placements: 120

[CGFs]
      0: objects/spaceships/derelicts/wreckage/wreckage_panel_small_02.cgf
      1: objects/spaceships/derelicts/drak/caterpillar/drak_caterpwilllar_wreckage_panel_small_01.cgf
      2: objects/spaceships/derelicts/wreckage/debris_small_b.cgf
      3: objects/planets/terrain_extension/crashpile_01/crashpile_01_e.cgf
      4: objects/spaceships/derelicts/wreckage/wreckage_pipes_medium_03.cgf
      5: objects/buildingsets/human/hightech/prop/storage/cage/cage_time_1_0125x0125x0125_a.cgf
      6: objects/spaceships/derelicts/wreckage/debris_small_a.cgf
      7: objects/buildingsets/human/hightech/prop/storage/pallet/pallet_shipping_1_0125x0125x00125_a.cgf
      8: objects/planets/terrain_extension/crashpile_01/crashpile_norocks_01_e.cgf
      9: objects/spaceships/derelicts/wreckage/debris_med_a.cgf
     10: objects/spaceships/derelicts/drak/caterpillar/drak_caterpillar_der_hull_module_door_mid_damaged_b.cgf
     11: objects/spaceships/derelicts/wreckage/wreckage_pipes_large_02.cgf
     12: objects/buildingsets/human/lowtech/alpha/ext/prop/shipping_container_1_025x025x025_a.cgf
     13: objects/planets/terrain_extension/crashpile_01/crashpile_norocks_01_b.cgf
     14: objects/spaceships/derelicts/drak/caterpillar/drak_caterpwilllar_wreckage_panel_small_04.cgf
     15: objects/spaceships/derelicts/wreckage/wreckage_mech_junk_011.cgf
     16: objects/spaceships/derelicts/drak/caterpillar/drak_caterpwilllar_wreckage_panel_small_02.cgf
     17: objects/spaceships/derelicts/wreckage/debris_large_d.cgf
     18: objects/buildingsets/human/hightech/prop/storage/crate/crate_dry_1_00625x00625x00625_a.cgf
     19: objects/buildingsets/human/universal/prop/storage/ammo-box/ammo-box_1_ballistic_1x05x025_a.cgf
     20: objects/buildingsets/human/lowtech/prop/storage/tank/tank_water_3_0125x0125x0125_a.cgf
     21: objects/buildingsets/human/hightech/prop/storage/crate/crate_dry_1_0125x0125x0125_b.cgf
     22: objects/spaceships/derelicts/wreckage/wreckage_girder_01.cgf
     23: objects/spaceships/derelicts/wreckage/wreckage_panel_medium_06.cgf
     24: objects/buildingsets/human/universal/prop/storage/ammo-box/ammo-box_1_lid_1x05x025_a.cgf
     25: objects/spaceships/derelicts/wreckage/wreckage_props_chair_back.cgf
     26: objects/buildingsets/human/universal/prop/storage/ammo-box/ammo-box_1_pallet_125x125x025_a.cgf
     27: objects/spaceships/derelicts/wreckage/wreckage_panel_small_04.cgf

[Palettes]
      0: Libs/Foundry/Records/TintPalettes/default

[Placements]
  #0 objects/spaceships/derelicts/wreckage/wreckage_panel_small_02.cgf
    [-0.22754362272952919, 0.78879928536680466, -0.57098232322748732, 12.63341903686523438]
    [-0.04596432993227093, -0.59441069888203590, -0.80284769894841557, 15.19829559326171875]
    [-0.97268309659791952, -0.15643795811025737, 0.17151088925573896, -65.67442798614501953]
  #1 objects/spaceships/derelicts/drak/caterpillar/drak_caterpwilllar_wreckage_panel_small_01.cgf
    [-0.21820341879646443, 0.75976981641890340, -0.61248439957055034, 11.67498779296875000]
    [-0.02575568310656337, -0.63187241313600651, -0.77464439837797250, 16.19237518310546875]
    [-0.97556340565143485, -0.15325509847780805, 0.15744510782272134, -65.51838111877441406]
  #2 objects/spaceships/derelicts/wreckage/debris_small_b.cgf
    [0.79668849766152028, 0.60181734200312109, 0.05571120102386048, 12.41968536376953125]
    [-0.60035121351985365, 0.79863402145486817, -0.04198253876860096, 16.06663513183593750]
    [-0.06975866598826050, 0.00000071859810157, 0.99756410414590135, -66.16065216064453125]
  #3 objects/planets/terrain_extension/crashpile_01/crashpile_01_e.cgf
    [-0.45398900790893193, -0.89100743475789412, 0.00000143959616348, 11.81315994262695312]
    [0.89100743475780197, -0.45398900791041175, -0.00000094496228286, 17.43370056152343750]
    [0.00000149552905317, 0.00000085368828096, 1.00000013404753396, -66.44761466979980469]
  #4 objects/spaceships/derelicts/wreckage/wreckage_pipes_medium_03.cgf
    [-0.78060206992288050, 0.59273672331644778, -0.19829604584038293, 13.38745880126953125]
    [0.61570525685176614, 0.78382247449593900, -0.08079048020589237, -0.35427856445312500]
    [0.10754153452946030, -0.18515734346462964, -0.97680566800357294, -66.29259872436523438]
  #5 objects/buildingsets/human/hightech/prop/storage/cage/cage_time_1_0125x0125x0125_a.cgf
    [0.39073422362245352, 0.65089328356629106, 0.65089521593249444, -3.99031448364257812]
    [-0.92050347566505197, 0.27629195987873012, 0.27628967845413166, -5.30279541015625000]
    [-0.00000201886131248, -0.70710718320493693, 0.70710629588574747, -65.43009090423583984]
  #6 objects/spaceships/derelicts/wreckage/debris_small_a.cgf
    [0.57357679602834111, 0.81915078481400472, 0.00000054840191581, 14.18395614624023438]
    [-0.81915078481158821, 0.57357679602807887, -0.00000213560252029, 0.60077667236328125]
    [-0.00000206393279792, 0.00000077570883172, 0.99999917459914744, -65.79486179351806641]
  #7 objects/spaceships/derelicts/wreckage/debris_small_b.cgf
    [0.95630525940347333, 0.29197062810166363, -0.01529925876459214, 0.57196807861328125]
    [-0.29237119383512927, 0.95499455086547336, -0.05005154331531082, 16.88030242919921875]
    [-0.00000287178580893, 0.05233759928333770, 0.99862978117447510, -66.41348552703857422]
  #8 objects/buildingsets/human/hightech/prop/storage/cage/cage_time_1_0125x0125x0125_a.cgf
    [0.39073451458138608, 0.84732744958693051, 0.35967261834935127, -5.00745391845703125]
    [-0.92050431786481879, 0.35967352893436050, 0.15267093199116241, -5.74266052246093750]
    [-0.00000244847060890, -0.39073367638243472, 0.92050467366200450, -66.35278606414794922]
  #9 objects/buildingsets/human/hightech/prop/storage/pallet/pallet_shipping_1_0125x0125x00125_a.cgf
    [0.46947578142670365, 0.86953259393551241, 0.15332478929815549, -5.52281188964843750]
    [-0.88294701025356803, 0.46234387234393598, 0.08152087503246196, -5.98257446289062500]
    [-0.00000371887810552, -0.17364948622311555, 0.98480901102517149, -66.43755626678466797]
  #10 objects/planets/terrain_extension/crashpile_01/crashpile_norocks_01_e.cgf
    [-0.29237021189012602, 0.95630477494600885, 0.00000095616155893, 14.36410903930664062]
    [-0.95630477494473720, -0.29237021188753232, -0.00000220526939974, -0.41511535644531250]
    [-0.00000182935726467, -0.00000155913759830, 0.99999958169008740, -66.66759967803955078]
  #11 objects/spaceships/derelicts/wreckage/debris_med_a.cgf
    [0.27145132810358358, 0.96126251289237974, 0.04786629331015595, -0.81270980834960938]
    [-0.94665830197803169, 0.27563926709183456, -0.16692416838125035, 14.39732360839843750]
    [-0.17365154771408278, -0.00000123674567523, 0.98480849114515645, -66.55803108215332031]
  #12 objects/planets/terrain_extension/crashpile_01/crashpile_norocks_01_e.cgf
    [-0.03494907876920834, -0.46963935464042605, -0.17093417771733932, 18.57133102416992188]
    [0.49977956794750161, -0.03284103058874578, -0.01195428031597104, -11.54139709472656250]
    [0.00000108968791758, -0.17135167909474461, 0.47078621126368958, -66.75195980072021484]
  #13 objects/planets/terrain_extension/crashpile_01/crashpile_norocks_01_e.cgf
    [0.20672901374944652, 0.72094634996219209, 0.00000140848282380, -0.51408004760742188]
    [-0.72094634996177220, 0.20672901375180747, -0.00000127007195415, 14.73195648193359375]
    [-0.00000160910325570, -0.00000100383930296, 0.75000034976526064, -66.66348457336425781]
  #14 objects/planets/terrain_extension/crashpile_01/crashpile_norocks_01_e.cgf
    [0.68199904581527326, -0.73135422991332844, 0.00000029039558852, -45.55561447143554688]
    [0.73135422991333043, 0.68199904581501269, -0.00000066089523861, -2.12208557128906250]
    [0.00000028529877034, 0.00000066311139780, 1.00000085405194716, -64.40681838989257812]
  #15 objects/buildingsets/human/hightech/prop/storage/cage/cage_time_1_0125x0125x0125_a.cgf
    [0.84804684674838648, -0.49796270531062620, 0.18124179311394523, -45.30092239379882812]
    [0.52992022366267910, 0.79690289065314590, -0.29005040450458497, 1.82355499267578125]
    [0.00000217526508104, 0.34202021098130980, 0.93969200965363420, -64.22118568420410156]
  #16 objects/spaceships/derelicts/drak/caterpillar/drak_caterpillar_der_hull_module_door_mid_damaged_b.cgf
    [0.87088870866747459, 0.43377354808801355, 0.23107515698658374, -46.33827590942382812]
    [-0.41842156534747554, 0.90101837640028015, -0.11441870967158774, -1.27501678466796875]
    [-0.25783446792352399, 0.00295912991919640, 0.96618579620198020, -64.98313331604003906]
  #17 objects/spaceships/derelicts/drak/caterpillar/drak_caterpwilllar_wreckage_panel_small_01.cgf
    [0.21924982907333984, -0.72566087934312085, 0.65218506817582234, -0.77613449096679688]
    [0.01430409432178004, 0.67076815927456734, 0.74152884765076021, -26.54396820068359375]
    [-0.97556366673127337, -0.15325118989293124, 0.15744576037307534, -65.72778797149658203]
  #18 objects/spaceships/derelicts/wreckage/debris_small_b.cgf
    [-0.76417783937692918, -0.64278841509298579, -0.05343522972658796, -1.51324081420898438]
    [0.64122271937108366, -0.76604379376809917, 0.04483715803000851, -26.37941741943359375]
    [-0.06975453043378828, -0.00000032076832097, 0.99756420647111044, -66.37005996704101562]
  #19 objects/spaceships/derelicts/wreckage/wreckage_panel_small_02.cgf
    [0.22963522982850446, -0.75661174275345178, 0.61221521696560077, -1.68123626708984375]
    [0.03399655085506900, 0.63487644758701423, 0.77186609639515513, -25.50109863281250000]
    [-0.97268342007387565, -0.15643435352223853, 0.17151209078811508, -65.88382148742675781]
  #20 objects/spaceships/derelicts/wreckage/wreckage_pipes_large_02.cgf
    [-0.71934005189681072, 0.67098881703127455, 0.17979217093744715, 11.79468154907226562]
    [-0.69465906552104528, -0.69482846293892719, -0.18618140979617681, 15.62220001220703125]
    [-0.00000092613081768, -0.25882183463385466, 0.96592576603496971, -65.97925186157226562]
  #21 objects/planets/terrain_extension/crashpile_01/crashpile_01_e.cgf
    [0.40673676044504736, 0.91354544798263160, 0.00000087849915083, -0.97908782958984375]
    [-0.91354544798008830, 0.40673676044598928, -0.00000215695225451, -27.77634429931640625]
    [-0.00000232779172170, 0.00000007476286923, 1.00000003891123224, -66.65702724456787109]
  #22 objects/buildingsets/human/lowtech/alpha/ext/prop/shipping_container_1_025x025x025_a.cgf
    [0.35691034261624749, -0.93381530747655528, -0.02460223542365110, 51.97639846801757812]
    [0.93136931919219146, 0.35775526447569084, -0.06755481581074455, -12.37970733642578125]
    [0.07188525393185954, 0.00119724442635844, 0.99741283729695263, -64.21063041687011719]
  #23 objects/planets/terrain_extension/crashpile_01/crashpile_norocks_01_b.cgf
    [0.04387381873276620, -0.93454630555269935, -0.35312700019711296, 50.33472442626953125]
    [0.98562098365296080, 0.09822381521862046, -0.13749089485298735, -12.24938964843750000]
    [0.16317705743572319, -0.34201706443144875, 0.92541772353079543, -64.87828540802001953]
  #24 objects/spaceships/derelicts/drak/caterpillar/drak_caterpwilllar_wreckage_panel_small_04.cgf
    [0.17471053657895286, -0.20417022342166591, -0.96321861396803932, 10.23126983642578125]
    [-0.01018436461878659, 0.97783743498276898, -0.20911618656120365, 18.52617645263671875]
    [0.98456683731673356, 0.04634458579527456, 0.16875921379841299, -65.64749145507812500]
  #25 objects/spaceships/derelicts/wreckage/wreckage_mech_junk_011.cgf
    [-0.60181879098070745, 0.78880095143084339, 0.12493603207638798, 12.55672836303710938]
    [-0.79863380412376372, -0.59440913405113138, -0.09414689869595619, 15.90648651123046875]
    [-0.00000004462728290, -0.15643736972046321, 0.98768879695054657, -65.96276187896728516]
  #26 objects/spaceships/derelicts/drak/caterpillar/drak_caterpwilllar_wreckage_panel_small_04.cgf
    [0.77202300077230690, 0.24521201946955795, -0.58638858917925774, 41.55559158325195312]
    [-0.62095983598075966, 0.09415006629453447, -0.77816750950482350, 6.07730102539062500]
    [-0.13560750020086362, 0.96488696553422915, 0.22495282919953871, -65.92401790618896484]
  #27 objects/spaceships/derelicts/wreckage/debris_med_a.cgf
    [-0.60181222035975190, 0.79863753194434517, 0.00000040593088780, 42.23582077026367188]
    [-0.79863753194441067, -0.60181222035948945, -0.00000061326292235, 5.51538085937500000]
    [-0.00000024548063551, -0.00000069326081324, 0.99999992800205384, -66.69182968139648438]
  #28 objects/spaceships/derelicts/drak/caterpillar/drak_caterpwilllar_wreckage_panel_small_04.cgf
    [-0.02937880346146596, -0.90684619784267717, 0.42043485892350679, -32.60927581787109375]
    [0.17252051009454863, -0.41890444408480038, -0.89148996155610083, 9.77611541748046875]
    [0.98456699657081037, 0.04634276013425579, 0.16875659714289518, -62.97095298767089844]
  #29 objects/spaceships/derelicts/drak/caterpillar/drak_caterpwilllar_wreckage_panel_small_04.cgf
    [-0.11547690090665573, -0.24597028922616659, 0.96237393687314277, -3.72171783447265625]
    [0.97879383540721021, 0.13685412238030217, 0.15242529040182856, -1.61672973632812500]
    [-0.16919694241787900, 0.95956732864517358, 0.22495072498422339, -65.53076934814453125]
  #30 objects/spaceships/derelicts/wreckage/wreckage_panel_small_02.cgf
    [0.11808398778726173, 0.85802947038287802, -0.49984131252200426, 14.16858291625976562]
    [-0.19222315859637712, 0.51359329304649948, 0.83622480503622276, 0.16163635253906250]
    [0.97422079994653887, -0.00266368412441207, 0.22558030866943038, -65.81129074096679688]
  #31 objects/spaceships/derelicts/wreckage/wreckage_panel_small_02.cgf
    [0.11808572589455871, -0.94320124663154636, 0.31052670434565738, 15.31497955322265625]
    [-0.19222160212702957, -0.32851187367273149, -0.92473264728291760, 0.60495758056640625]
    [0.97422085865310659, 0.04950779360718702, -0.22009625475340397, -65.96482753753662109]
  #32 objects/spaceships/derelicts/drak/caterpillar/drak_caterpwilllar_wreckage_panel_small_02.cgf
    [-0.85203994341152745, 0.52204984902577400, -0.03862039436720897, -2.65199661254882812]
    [-0.50362003495247654, -0.83761358300306676, -0.21158920308196735, 13.40282440185546875]
    [-0.14280910378326206, -0.16083247681535673, 0.97659516647159872, -65.73074722290039062]
  #33 objects/spaceships/derelicts/wreckage/wreckage_panel_small_02.cgf
    [0.09597337587799702, 0.40173316060326081, 0.91071379268095398, -29.90706634521484375]
    [-0.21136896703955740, 0.90229627542699953, -0.37574542513279757, 12.86531066894531250]
    [-0.97268304410030892, -0.15643507409564805, 0.17151033991418088, -62.99787521362304688]
  #34 objects/spaceships/derelicts/wreckage/debris_large_d.cgf
    [-0.87462120509818508, -0.48480790998897649, 0.00000115244103383, -3.25154113769531250]
    [0.48480790998683376, -0.87462120509842600, -0.00000172753584232, -5.63430023193359375]
    [0.00000184547151930, -0.00000095222649325, 1.00000048099603256, -66.32819080352783203]
  #35 objects/buildingsets/human/hightech/prop/storage/crate/crate_dry_1_00625x00625x00625_a.cgf
    [0.59028743599896372, 0.70239975147394407, 0.39773911481483276, -29.98855972290039062]
    [-0.80339519031856721, 0.46348897237907510, 0.37381173346827634, 13.78721618652343750]
    [0.07821753318366746, -0.54019777214915121, 0.83789585026441760, -63.57998752593994141]
  #36 objects/buildingsets/human/universal/prop/storage/ammo-box/ammo-box_1_ballistic_1x05x025_a.cgf
    [-0.01745356520905424, -0.99984815960712403, 0.00000225944002604, 57.93663787841796875]
    [0.99984815960815299, -0.01745356521292859, -0.00000170652071283, -17.79802703857421875]
    [0.00000174569603192, 0.00000222931100090, 1.00000048460255586, -61.82258224487304688]
  #37 objects/spaceships/derelicts/drak/caterpillar/drak_caterpwilllar_wreckage_panel_small_04.cgf
    [-0.94125504703552287, -0.05459004619040669, -0.33325380711046731, 1.62511062622070312]
    [-0.30927192167420003, -0.25693072075701950, 0.91560729565778443, 3.70285034179687500]
    [-0.13560623717454420, 0.96488640173584350, 0.22495425501900046, -65.97847461700439453]
  #38 objects/buildingsets/human/lowtech/prop/storage/tank/tank_water_3_0125x0125x0125_a.cgf
    [0.32544627032498574, 0.83807721069579810, -0.43784477847133418, 15.28001403808593750]
    [-0.87998329496052374, 0.43788565793483619, 0.18407141862902027, -0.47498321533203125]
    [0.34599257464963135, 0.32539126521471190, 0.88000363567430373, -66.68101882934570312]
  #39 objects/buildingsets/human/universal/prop/storage/ammo-box/ammo-box_1_ballistic_1x05x025_a.cgf
    [-0.05233704176880557, -0.99862988353624305, 0.00000225287011343, 58.46513366699218750]
    [0.99862988353692450, -0.05233704177292871, -0.00000181181296482, -17.76267242431640625]
    [0.00000192723834653, 0.00000215495761517, 1.00000040511463628, -61.82258415222167969]
  #40 objects/buildingsets/human/hightech/prop/storage/crate/crate_dry_1_0125x0125x0125_b.cgf
    [-0.06975868464346882, -0.98240872513701705, 0.17322621149558384, 18.39736557006835938]
    [0.99756414509080771, -0.06869921569719868, 0.01211164107273004, -11.74150848388671875]
    [0.00000192300188729, 0.17364910651912221, 0.98480784189559079, -66.50195026397705078]
  #41 objects/buildingsets/human/hightech/prop/storage/cage/cage_time_1_0125x0125x0125_a.cgf
    [0.98480828819187327, 0.16317453135984791, -0.05938961761189219, 0.44248962402343750]
    [-0.17364634854606151, 0.92541683507897410, -0.33682494837086380, 16.25251770019531250]
    [-0.00000110113354229, 0.34202071943657064, 0.93969263396648939, -66.51660823822021484]
  #42 objects/spaceships/derelicts/wreckage/wreckage_girder_01.cgf
    [-0.84811781972267741, 0.12879816884991030, 0.51391352655569900, -1.67394256591796875]
    [-0.51013059331858712, 0.06337777544546856, -0.85775867966880004, 14.07338714599609375]
    [-0.14304844926258847, -0.98964347443291245, 0.01195206605884076, -65.79324245452880859]
  #43 objects/buildingsets/human/universal/prop/storage/ammo-box/ammo-box_1_ballistic_1x05x025_a.cgf
    [-0.99862981980981302, 0.05233718478463929, 0.00000188807197955, 58.25737762451171875]
    [-0.05233718478860909, -0.99862981980914334, -0.00000211824858348, -18.03156280517578125]
    [0.00000177462119391, -0.00000221416180066, 1.00000034895997558, -62.07258415222167969]
  #44 objects/buildingsets/human/universal/prop/storage/ammo-box/ammo-box_1_ballistic_1x05x025_a.cgf
    [-0.74314490864735494, 0.66913042471859507, 0.00000048598194545, -60.86572647094726562]
    [-0.66913042471873430, -0.74314490864687499, -0.00000087360767832, 0.07482910156250000]
    [-0.00000022340248172, -0.00000097440246207, 0.99999994026590278, -62.71125984191894531]
  #45 objects/spaceships/derelicts/wreckage/debris_small_b.cgf
    [0.86425248097586427, -0.49969426778001363, 0.05809592441444485, -44.46252059936523438]
    [0.49546208062128727, 0.86549959684489586, 0.07368597618582043, 1.25789642333984375]
    [-0.08710237856796955, -0.03489892788938222, 0.99558881524386533, -64.14330196380615234]
  #46 objects/spaceships/derelicts/wreckage/wreckage_mech_junk_011.cgf
    [0.64279027676003164, -0.75661239719574558, -0.11983551888700339, -1.64170837402343750]
    [0.76604364834912420, 0.63487669755770915, 0.10055306458098982, -26.21231842041015625]
    [0.00000108324189623, -0.15643359735802487, 0.98768959733860839, -66.17216205596923828]
  #47 objects/spaceships/derelicts/wreckage/wreckage_pipes_large_02.cgf
    [0.75470892016580504, -0.63370668658822060, -0.16980003147746658, -0.86582946777343750]
    [0.65606113687386325, 0.72899302223051610, 0.19533235194713064, -25.96830749511718750]
    [-0.00000037941396945, -0.25881804111537970, 0.96592701126288982, -66.18864822387695312]
  #48 objects/buildingsets/human/universal/prop/storage/ammo-box/ammo-box_1_ballistic_1x05x025_a.cgf
    [-0.76604450436344518, 0.64278755978371827, 0.00000040831693650, -60.50566101074218750]
    [-0.64278755978380131, -0.76604450436299310, -0.00000086755439587, -0.31363677978515625]
    [-0.00000024486422423, -0.00000092704631067, 1.00000001483869538, -62.71125984191894531]
  #49 objects/spaceships/derelicts/wreckage/debris_med_a.cgf
    [0.82819280096351389, 0.46079867201577407, -0.04300281012881136, -45.26567077636718750]
    [-0.45998381569371938, 0.82930220129342447, 0.02758118213552204, -1.44229888916015625]
    [0.05098575399385552, -0.00322741020719202, 0.94735316017380677, -64.38724708557128906]
  #50 objects/buildingsets/human/universal/prop/storage/ammo-box/ammo-box_1_ballistic_1x05x025_a.cgf
    [0.99619537315816598, -0.08715714032109592, 0.00000304218051657, 58.17525482177734375]
    [0.08715714032755584, 0.99619537316011708, -0.00000205947127791, -17.54608917236328125]
    [-0.00000285110626311, 0.00000231678167215, 1.00000079430290811, -62.07258129119873047]
  #51 objects/buildingsets/human/universal/prop/storage/ammo-box/ammo-box_1_ballistic_1x05x025_a.cgf
    [-0.69465825073645038, -0.71933986932744576, 0.00000022911951431, -60.85161972045898438]
    [0.71933986932697969, -0.69465825073630627, -0.00000096081236194, -0.28673553466796875]
    [0.00000085031042843, -0.00000050262145001, 0.99999996645966371, -62.96125793457031250]
  #52 objects/buildingsets/human/universal/prop/storage/ammo-box/ammo-box_1_ballistic_1x05x025_a.cgf
    [0.66913049575814509, 0.74314485179092304, 0.00000010950467059, -60.52602767944335938]
    [-0.74314485179061462, 0.66913049575798900, -0.00000082426148981, 0.08259582519531250]
    [-0.00000068581863455, 0.00000047016069272, 0.99999994554810590, -62.96125507354736328]
  #53 objects/spaceships/derelicts/drak/caterpillar/drak_caterpwilllar_wreckage_panel_small_04.cgf
    [-0.17393484031877704, 0.15271644130381662, 0.97284279611635227, 0.54346084594726562]
    [0.01931026636036411, -0.98718234414895822, 0.15841994536788337, -28.95011138916015625]
    [0.98456717953275108, 0.04634063047444747, 0.16875651403977637, -65.85690689086914062]
  #54 objects/spaceships/derelicts/wreckage/wreckage_panel_medium_06.cgf
    [-0.01745088013349906, 0.99984807561817035, 0.00000248369315202, 53.45567703247070312]
    [-0.99984807562095035, -0.01745088013149977, -0.00000082434084241, -12.45171356201171875]
    [-0.00000078087269721, -0.00000249770040809, 1.00000035376699370, -64.25329589843750000]
  #55 objects/buildingsets/human/hightech/prop/storage/crate/crate_dry_1_00625x00625x00625_a.cgf
    [-0.91559029697970262, 0.29360201555669185, 0.27476012065120486, 13.55002593994140625]
    [-0.39443260049467738, -0.78865928181013634, -0.47163579194577954, 15.07032012939453125]
    [0.07821886668971118, -0.54019927160110504, 0.83789463252726981, -66.25653457641601562]
  #56 objects/buildingsets/human/universal/prop/storage/ammo-box/ammo-box_1_ballistic_1x05x025_a.cgf
    [-0.81915155066451117, -0.57357685370731071, 0.00000229263980604, -12.08888244628906250]
    [0.57357685370467282, -0.81915155066771173, -0.00000174322109702, -24.19287109375000000]
    [0.00000287789119913, -0.00000011295715679, 0.99999983503089196, -65.69629955291748047]
  #57 objects/planets/terrain_extension/crashpile_01/crashpile_norocks_01_e.cgf
    [-0.23943249419662238, -0.45030201812177117, 0.00000029941148492, 42.31050872802734375]
    [0.45030201812143861, -0.23943249419680945, -0.00000054733343164, 6.04398345947265625]
    [0.00000062383194786, 0.00000000740429112, 0.50999983019747741, -66.44182682037353516]
  #58 objects/planets/terrain_extension/crashpile_01/crashpile_norocks_01_e.cgf
    [0.46947482435901222, 0.88294656899862456, 0.00000207101110658, -4.75026321411132812]
    [-0.88294656899520552, 0.46947482436314814, -0.00000253837628337, -4.88082885742187500]
    [-0.00000321353619019, -0.00000063688799165, 1.00000062720326555, -66.44996070861816406]
  #59 objects/buildingsets/human/universal/prop/storage/ammo-box/ammo-box_1_ballistic_1x05x025_a.cgf
    [-0.79863504650895389, -0.60181538861838757, 0.00000227360581919, -12.38639831542968750]
    [0.60181538861595418, -0.79863504651219019, -0.00000171137835542, -24.63110351562500000]
    [0.00000284571554678, 0.00000000152423739, 0.99999984974365430, -65.69630050659179688]
  #60 objects/spaceships/derelicts/drak/caterpillar/drak_caterpwilllar_wreckage_panel_small_01.cgf
    [0.07418114256722427, 0.44476535284672963, 0.89256923615184103, -30.66006469726562500]
    [-0.20681413187326064, 0.88243775814154413, -0.42252860281142007, 11.70783233642578125]
    [-0.97556341427662530, -0.15325236129791076, 0.15744408789053954, -62.84183025360107422]
  #61 objects/buildingsets/human/universal/prop/storage/ammo-box/ammo-box_1_ballistic_1x05x025_a.cgf
    [0.54463947273611013, -0.83866998635306811, 0.00000190869134947, -12.43800735473632812]
    [0.83866998635519929, 0.54463947273396329, -0.00000155144767444, -24.28795623779296875]
    [0.00000026160401500, 0.00000244574240127, 0.99999975063462709, -65.94630241394042969]
  #62 objects/buildingsets/human/universal/prop/storage/ammo-box/ammo-box_1_ballistic_1x05x025_a.cgf
    [-0.57357682689328215, 0.81915152440537042, 0.00000212500941132, -12.00490570068359375]
    [-0.81915152440807248, -0.57357682689225842, -0.00000112395931640, -24.52212524414062500]
    [0.00000029816322805, -0.00000238538219843, 0.99999979814165141, -65.94629859924316406]
  #63 objects/spaceships/derelicts/wreckage/wreckage_mech_junk_011.cgf
    [0.91354497126891043, 0.40173219697038620, 0.06362845944958173, -30.57986068725585938]
    [-0.40673989100472846, 0.90229768085776552, 0.14291014536922916, 12.63128662109375000]
    [-0.00000020472919281, -0.15643494015513082, 0.98768915300509064, -63.28620910644531250]
  #64 objects/buildingsets/human/hightech/prop/storage/crate/crate_dry_1_00625x00625x00625_a.cgf
    [0.43670542329439338, 0.89879454278802662, 0.03820930321521814, -2.95241546630859375]
    [-0.89537424003155686, 0.43837378751943823, -0.07833645662295310, 12.61876678466796875]
    [-0.08715819689301824, -0.00000167037687258, 0.99619609336918846, -66.75555706024169922]
  #65 objects/buildingsets/human/universal/prop/storage/ammo-box/ammo-box_1_ballistic_1x05x025_a.cgf
    [0.99756419742981561, 0.06975569461546408, 0.00000069833889523, 24.42976379394531250]
    [-0.06975569461458067, 0.99756419742937796, -0.00000121821967983, -38.20937347412109375]
    [-0.00000078161556725, 0.00000116653911463, 1.00000009246179267, -65.85559177398681641]
  #66 objects/buildingsets/human/universal/prop/storage/ammo-box/ammo-box_1_ballistic_1x05x025_a.cgf
    [0.99939091806272584, 0.03489881437736052, 0.00000062602861203, 24.41892623901367188]
    [-0.03489881437658203, 0.99939091806221159, -0.00000121410307932, -38.73894500732421875]
    [-0.00000066801802244, 0.00000119151585470, 1.00000006717486234, -65.85559558868408203]
  #67 objects/spaceships/derelicts/wreckage/wreckage_pipes_large_02.cgf
    [0.57357764463180494, 0.80124958561331483, -0.17031141913224593, 13.32130813598632812]
    [-0.81915009487353574, 0.56104325981260517, -0.11925508392198807, -0.80122375488281250]
    [-0.00000101280242320, 0.20791285320310093, 0.97814642964417009, -65.80958175659179688]
  #68 objects/buildingsets/human/universal/prop/storage/ammo-box/ammo-box_1_lid_1x05x025_a.cgf
    [-0.20767720774319767, 0.01786673393613374, -0.97803499740371136, 57.62776565551757812]
    [-0.00905258397019708, -0.99982621979847441, -0.01634257846820247, -17.67584991455078125]
    [-0.97815628968559254, 0.00545975878425330, 0.20780270192316139, -61.87611293792724609]
  #69 objects/spaceships/derelicts/wreckage/wreckage_pipes_large_02.cgf
    [0.83867182605703627, 0.52607981560403161, 0.14096415700328843, -30.13143157958984375]
    [-0.54463828909038714, 0.81009492409384065, 0.21706369061073735, 11.95271301269531250]
    [-0.00000152173571645, -0.25881951112481066, 0.96592637319117747, -63.30270195007324219]
  #70 objects/buildingsets/human/universal/prop/storage/ammo-box/ammo-box_1_lid_1x05x025_a.cgf
    [0.13773065693048048, 0.76576699055011699, 0.62819670378646597, -60.40623474121093750]
    [-0.15569452396349645, 0.64309485526544807, -0.74979206361614525, -0.63056182861328125]
    [-0.97815612131813812, 0.00546256696018712, 0.20779961263902039, -62.76478481292724609]
  #71 objects/buildingsets/human/universal/prop/storage/ammo-box/ammo-box_1_ballistic_1x05x025_a.cgf
    [0.00000076870212622, 1.00000012817148809, 0.00000081810246092, 24.65993881225585938]
    [-1.00000012817067807, 0.00000076870336401, -0.00000151305783023, -38.46904754638671875]
    [-0.00000151305845910, -0.00000081810129782, 1.00000012817063877, -66.10559368133544922]
  #72 objects/spaceships/derelicts/wreckage/debris_med_a.cgf
    [-0.34202163452457429, -0.93969173719388177, 0.00000062257323404, 0.78335189819335938]
    [0.93969173719268539, -0.34202163452513340, -0.00000150114994414, 3.43839263916015625]
    [0.00000162355223391, 0.00000007160118920, 0.99999967971548032, -66.74629306793212891]
  #73 objects/buildingsets/human/universal/prop/storage/ammo-box/ammo-box_1_ballistic_1x05x025_a.cgf
    [0.03489875093485225, -0.99939090658464658, 0.00000083565796862, 24.16917419433593750]
    [0.99939090658417007, 0.03489875093373625, -0.00000131474694686, -38.50855255126953125]
    [0.00000128478265512, 0.00000088103195397, 1.00000005348958121, -66.10560131072998047]
  #74 objects/spaceships/derelicts/wreckage/debris_small_b.cgf
    [-0.06975864594389217, -0.96357294494682233, -0.25818754962653589, 19.45859527587890625]
    [0.99756384808705212, -0.06738109307712667, -0.01805704807149726, -10.79016113281250000]
    [0.00000232367467472, -0.25881821373661440, 0.96592599713040128, -66.25195503234863281]
  #75 objects/buildingsets/human/universal/prop/storage/ammo-box/ammo-box_1_ballistic_1x05x025_a.cgf
    [0.55919267059749778, -0.82903838204826208, 0.00000273882176814, 26.21313476562500000]
    [0.82903838205278246, 0.55919267059475330, -0.00000175369142168, -11.16132354736328125]
    [-0.00000007765151796, 0.00000325123799834, 1.00000054087789692, -65.66935825347900391]
  #76 objects/buildingsets/human/universal/prop/storage/ammo-box/ammo-box_1_ballistic_1x05x025_a.cgf
    [0.52991903510357552, -0.84804877886256502, 0.00000268124643208, 26.66633224487304688]
    [0.84804877886679453, 0.52991903510045646, -0.00000182244910969, -11.43549346923828125]
    [0.00000012468216281, 0.00000323957675402, 1.00000045754593048, -65.66936302185058594]
  #77 objects/buildingsets/human/hightech/prop/storage/crate/crate_dry_1_00625x00625x00625_a.cgf
    [0.93497852667929704, -0.25192753186776728, -0.24969939482985962, -2.58988952636718750]
    [0.34597575623978999, 0.80294609532861683, 0.48536631376065387, -25.32530975341796875]
    [0.07821793391344778, -0.54019644679164180, 0.83789728972635336, -66.46592998504638672]
  #78 objects/spaceships/derelicts/wreckage/wreckage_props_chair_back.cgf
    [0.54463961185236809, 0.41933577260540328, 0.72630969164884640, -44.39599609375000000]
    [-0.83867053028544458, 0.27232074108967652, 0.47167119985368150, 2.25910949707031250]
    [-0.00000058648390164, -0.86602510873190619, 0.50000107621269885, -64.20917701721191406]
  #79 objects/buildingsets/human/universal/prop/storage/ammo-box/ammo-box_1_pallet_125x125x025_a.cgf
    [-0.99862982978655956, 0.05233729686419752, 0.00000181395198227, 58.21460342407226562]
    [-0.05233729686814872, -0.99862982978556813, -0.00000220383871695, -17.79448699951171875]
    [0.00000169612297939, -0.00000229575558871, 1.00000036478879673, -62.32258319854736328]
  #80 objects/buildingsets/human/universal/prop/storage/ammo-box/ammo-box_1_ballistic_1x05x025_a.cgf
    [0.86602637774519475, 0.49999967510591187, 0.00000312470714589, 26.55310821533203125]
    [-0.49999967510068571, 0.86602637775071167, -0.00000233121963612, -11.09181213378906250]
    [-0.00000387168523500, 0.00000045654482855, 1.00000068102529083, -65.91935920715332031]
  #81 objects/buildingsets/human/universal/prop/storage/ammo-box/ammo-box_1_ballistic_1x05x025_a.cgf
    [0.55919267059749778, -0.82903838204826208, 0.00000273882176814, 14.36502075195312500]
    [0.82903838205278246, 0.55919267059475330, -0.00000175369142168, -18.33118438720703125]
    [-0.00000007765151796, 0.00000325123799834, 1.00000054087789692, -65.69106864929199219]
  #82 objects/buildingsets/human/universal/prop/storage/ammo-box/ammo-box_1_ballistic_1x05x025_a.cgf
    [0.52991903510357552, -0.84804877886256502, 0.00000268124643208, 14.81820297241210938]
    [0.84804877886679453, 0.52991903510045646, -0.00000182244910969, -18.60534667968750000]
    [0.00000012468216281, 0.00000323957675402, 1.00000045754593048, -65.69106960296630859]
  #83 objects/buildingsets/human/universal/prop/storage/ammo-box/ammo-box_1_ballistic_1x05x025_a.cgf
    [0.86602637774519475, 0.49999967510591187, 0.00000312470714589, 14.70498657226562500]
    [-0.49999967510068571, 0.86602637775071167, -0.00000233121963612, -18.26168060302734375]
    [-0.00000387168523500, 0.00000045654482855, 1.00000068102529083, -65.94106578826904297]
  #84 objects/buildingsets/human/universal/prop/storage/ammo-box/ammo-box_1_pallet_125x125x025_a.cgf
    [0.66913059020469412, 0.74314479424815172, 0.00000028112019248, -60.68334960937500000]
    [-0.74314479424772140, 0.66913059020464238, -0.00000088753682458, -0.09984588623046875]
    [-0.00000084767452004, 0.00000038496504476, 0.99999996598251051, -63.21125698089599609]
  #85 objects/buildingsets/human/universal/prop/storage/ammo-box/ammo-box_1_ballistic_1x05x025_a.cgf
    [-0.84804863773076911, -0.52991897645209651, 0.00000228302527577, 14.49380111694335938]
    [0.52991897644901809, -0.84804863773376971, -0.00000183999599547, -18.70645141601562500]
    [0.00000291116437653, -0.00000035058757249, 1.00000030677878526, -65.94107055664062500]
  #86 objects/buildingsets/human/universal/prop/storage/ammo-box/ammo-box_1_ballistic_1x05x025_a.cgf
    [-0.84804863773076911, -0.52991897645209651, 0.00000228302527577, 26.34192276000976562]
    [0.52991897644901809, -0.84804863773376971, -0.00000183999599547, -11.53659057617187500]
    [0.00000291116437653, -0.00000035058757249, 1.00000030677878526, -65.91936016082763672]
  #87 objects/buildingsets/human/universal/prop/storage/ammo-box/ammo-box_1_lid_1x05x025_a.cgf
    [-0.12072427195295740, 0.79887209916705371, -0.58926098074641597, -12.67283630371093750]
    [-0.16922339844707945, -0.60147572194607923, -0.78076237193133136, -24.79927825927734375]
    [-0.97815570114160466, 0.00545977822285351, 0.20780062377747499, -65.74983024597167969]
  #88 objects/buildingsets/human/universal/prop/storage/ammo-box/ammo-box_1_ballistic_1x05x025_a.cgf
    [-0.69465825073645038, -0.71933986932744576, 0.00000022911951431, -40.10163497924804688]
    [0.71933986932697969, -0.69465825073630627, -0.00000096081236194, 17.55612182617187500]
    [0.00000085031042843, -0.00000050262145001, 0.99999996645966371, -62.43425941467285156]
  #89 objects/buildingsets/human/universal/prop/storage/ammo-box/ammo-box_1_ballistic_1x05x025_a.cgf
    [-0.74314490864735494, 0.66913042471859507, 0.00000048598194545, -40.11574935913085938]
    [-0.66913042471873430, -0.74314490864687499, -0.00000087360767832, 17.91767883300781250]
    [-0.00000022340248172, -0.00000097440246207, 0.99999994026590278, -62.18426322937011719]
  #90 objects/buildingsets/human/universal/prop/storage/ammo-box/ammo-box_1_pallet_125x125x025_a.cgf
    [-0.57357677207702851, 0.81915152659519630, 0.00000220684257995, -12.21805572509765625]
    [-0.81915152659813439, -0.57357677207570668, -0.00000125427975392, -24.40987396240234375]
    [0.00000023834852346, -0.00000252716478590, 0.99999976849395833, -66.19630050659179688]
  #91 objects/buildingsets/human/universal/prop/storage/ammo-box/ammo-box_1_ballistic_1x05x025_a.cgf
    [-0.76604450436344518, 0.64278755978371827, 0.00000040831693650, -39.75567626953125000]
    [-0.64278755978380131, -0.76604450436299310, -0.00000086755439587, 17.52921295166015625]
    [-0.00000024486422423, -0.00000092704631067, 1.00000001483869538, -62.18425941467285156]
  #92 objects/buildingsets/human/universal/prop/storage/ammo-box/ammo-box_1_ballistic_1x05x025_a.cgf
    [0.80901918034304177, 0.58778393597283363, 0.00000125366852966, -9.50925064086914062]
    [-0.58778393597228695, 0.80901918034400866, -0.00000080609525156, 8.68849945068359375]
    [-0.00000148805024574, -0.00000008473961877, 1.00000099477450188, -65.43892478942871094]
  #93 objects/buildingsets/human/universal/prop/storage/ammo-box/ammo-box_1_ballistic_1x05x025_a.cgf
    [0.82903963253334123, 0.55919158076434816, 0.00000118719786631, -9.79906845092773438]
    [-0.55919158076386455, 0.82903963253418966, -0.00000073724531955, 8.24514770507812500]
    [-0.00000139649410646, -0.00000005266541175, 1.00000096815363348, -65.43892765045166016]
  #94 objects/buildingsets/human/universal/prop/storage/ammo-box/ammo-box_1_ballistic_1x05x025_a.cgf
    [0.66913049575814509, 0.74314485179092304, 0.00000010950467059, -39.77603530883789062]
    [-0.74314485179061462, 0.66913049575798900, -0.00000082426148981, 17.92546081542968750]
    [-0.00000068581863455, 0.00000047016069272, 0.99999994554810590, -62.43425464630126953]
  #95 objects/buildingsets/human/universal/prop/storage/ammo-box/ammo-box_1_ballistic_1x05x025_a.cgf
    [0.83866993316901750, -0.54464040656273205, 0.00000207794077665, 47.29415893554687500]
    [0.54464040656553003, 0.83866993316901250, -0.00000113060774944, 12.35603332519531250]
    [-0.00000112693154609, 0.00000207993678865, 1.00000021463060884, -65.89565086364746094]
  #96 objects/buildingsets/human/universal/prop/storage/ammo-box/ammo-box_1_ballistic_1x05x025_a.cgf
    [-0.52991777539030938, 0.84804988661665681, 0.00000027510734086, -9.45165634155273438]
    [-0.84804988661622316, -0.52991777538963802, -0.00000123402893392, 8.34631347656250000]
    [-0.00000090073317041, -0.00000088723796947, 1.00000072943154183, -65.68892002105712891]
  #97 objects/buildingsets/human/universal/prop/storage/ammo-box/ammo-box_1_ballistic_1x05x025_a.cgf
    [0.55919169699322446, -0.82903936809764089, 0.00000114946906101, -9.88878631591796875]
    [0.82903936809820777, 0.55919169699356452, -0.00000003060581050, 8.57289123535156250]
    [-0.00000061739963055, 0.00000097006882954, 1.00000081392061690, -65.68892288208007812]
  #98 objects/buildingsets/human/universal/prop/storage/ammo-box/ammo-box_1_lid_1x05x025_a.cgf
    [0.00907887541351728, -0.99757814547160928, 0.06896160312821141, 24.57839202880859375]
    [0.20767514306187132, 0.06934179234347970, 0.97573717557351869, -37.91233062744140625]
    [-0.97815586384932518, 0.00546301376355826, 0.20780169995734399, -65.90911865234375000]
  #99 objects/buildingsets/human/universal/prop/storage/ammo-box/ammo-box_1_lid_1x05x025_a.cgf
    [-0.17531354073835487, -0.55884139621431705, -0.81053235749666563, 26.03020477294921875]
    [0.11170237373222097, -0.82925732393406448, 0.54759119481816876, -10.88408660888671875]
    [-0.97815591209911779, 0.00546175951824358, 0.20780381865258529, -65.72288894653320312]
  #100 objects/buildingsets/human/universal/prop/storage/ammo-box/ammo-box_1_ballistic_1x05x025_a.cgf
    [0.82903963253334123, 0.55919158076434816, 0.00000118719786631, 6.79127120971679688]
    [-0.55919158076386455, 0.82903963253418966, -0.00000073724531955, 0.37989044189453125]
    [-0.00000139649410646, -0.00000005266541175, 1.00000096815363348, -65.66101455688476562]
  #101 objects/buildingsets/human/universal/prop/storage/ammo-box/ammo-box_1_ballistic_1x05x025_a.cgf
    [0.80901918034304177, 0.58778393597283363, 0.00000125366852966, 7.08108901977539062]
    [-0.58778393597228695, 0.80901918034400866, -0.00000080609525156, 0.82323455810546875]
    [-0.00000148805024574, -0.00000008473961877, 1.00000099477450188, -65.66101837158203125]
  #102 objects/buildingsets/human/universal/prop/storage/ammo-box/ammo-box_1_ballistic_1x05x025_a.cgf
    [-0.51503933490636944, -0.85716664701663614, 0.00000180587695504, 47.65177536010742188]
    [0.85716664701596601, -0.51503933490884224, -0.00000136487288523, 12.30088806152343750]
    [0.00000210002099436, 0.00000084497419654, 1.00000008862833334, -65.64564704895019531]
  #103 objects/buildingsets/human/universal/prop/storage/ammo-box/ammo-box_1_ballistic_1x05x025_a.cgf
    [0.55919169699322446, -0.82903936809764089, 0.00000114946906101, 6.70155334472656250]
    [0.82903936809820777, 0.55919169699356452, -0.00000003060581050, 0.70763397216796875]
    [-0.00000061739963055, 0.00000097006882954, 1.00000081392061690, -65.91101074218750000]
  #104 objects/buildingsets/human/universal/prop/storage/ammo-box/ammo-box_1_ballistic_1x05x025_a.cgf
    [-0.48481098973694425, -0.87461911059176489, 0.00000178371031961, 47.20174407958984375]
    [0.87461911059125330, -0.48481098973935222, -0.00000131972617564, 12.02155303955078125]
    [0.00000201901981234, 0.00000092024924905, 1.00000014219014122, -65.64565181732177734]
  #105 objects/spaceships/derelicts/wreckage/wreckage_panel_small_04.cgf
    [-0.06975864594389217, -0.96357294494682233, -0.25818754962653589, 17.93783569335937500]
    [0.99756384808705212, -0.06738109307712667, -0.01805704807149726, -11.58567810058593750]
    [0.00000232367467472, -0.25881821373661440, 0.96592599713040128, -66.69499683380126953]
  #106 objects/buildingsets/human/universal/prop/storage/ammo-box/ammo-box_1_ballistic_1x05x025_a.cgf
    [-0.52991777539030938, 0.84804988661665681, 0.00000027510734086, 7.13869094848632812]
    [-0.84804988661622316, -0.52991777538963802, -0.00000123402893392, 0.48105621337890625]
    [-0.00000090073317041, -0.00000088723796947, 1.00000072943154183, -65.91101455688476562]
  #107 objects/buildingsets/human/universal/prop/storage/ammo-box/ammo-box_1_pallet_125x125x025_a.cgf
    [0.03489863839534451, -0.99939092884814518, 0.00000072829217850, 24.40907287597656250]
    [0.99939092884769354, 0.03489863839443724, -0.00000122334022100, -38.48659515380859375]
    [0.00000119717862840, 0.00000077054144942, 1.00000007181215267, -66.35559749603271484]
  #108 objects/buildingsets/human/universal/prop/storage/ammo-box/ammo-box_1_ballistic_1x05x025_a.cgf
    [-0.85716658180230931, 0.51503950129639520, 0.00000179730481847, 47.59457778930664062]
    [-0.51503950129880660, -0.85716658180173777, -0.00000131384944205, 11.96594238281250000]
    [0.00000086390516398, -0.00000205187056963, 1.00000011842627679, -65.89564895629882812]
  #109 objects/buildingsets/human/universal/prop/storage/ammo-box/ammo-box_1_pallet_125x125x025_a.cgf
    [-0.84804868631901098, -0.52991888981044866, 0.00000222386737625, 26.44286346435546875]
    [0.52991888980720236, -0.84804868632181385, -0.00000190583560421, -11.31785583496093750]
    [0.00000289588521975, -0.00000043777191715, 1.00000030207080748, -66.16935825347900391]
  #110 objects/buildingsets/human/universal/prop/storage/ammo-box/ammo-box_1_pallet_125x125x025_a.cgf
    [-0.84804868631901098, -0.52991888981044866, 0.00000222386737625, 14.59474182128906250]
    [0.52991888980720236, -0.84804868632181385, -0.00000190583560421, -18.48771667480468750]
    [0.00000289588521975, -0.00000043777191715, 1.00000030207080748, -66.19106864929199219]
  #111 objects/buildingsets/human/universal/prop/storage/ammo-box/ammo-box_1_lid_1x05x025_a.cgf
    [0.11774967566483409, -0.80925044252361611, 0.57554394258118080, 7.36454391479492188]
    [0.17130673535835514, 0.58744018733241465, 0.79092991055684037, 0.99640655517578125]
    [-0.97815699710599646, 0.00546280769574487, 0.20780072528841290, -65.71453857421875000]
  #112 objects/buildingsets/human/universal/prop/storage/ammo-box/ammo-box_1_lid_1x05x025_a.cgf
    [0.11774967566483409, -0.80925044252361611, 0.57554394258118080, -9.22579574584960938]
    [0.17130673535835514, 0.58744018733241465, 0.79092991055684037, 8.86164855957031250]
    [-0.97815699710599646, 0.00546280769574487, 0.20780072528841290, -65.49244880676269531]
  #113 objects/buildingsets/human/universal/prop/storage/ammo-box/ammo-box_1_pallet_125x125x025_a.cgf
    [0.66913059020469412, 0.74314479424815172, 0.00000028112019248, -39.93335723876953125]
    [-0.74314479424772140, 0.66913059020464238, -0.00000088753682458, 17.74301147460937500]
    [-0.00000084767452004, 0.00000038496504476, 0.99999996598251051, -62.68426036834716797]
  #114 objects/buildingsets/human/universal/prop/storage/ammo-box/ammo-box_1_lid_1x05x025_a.cgf
    [0.13773065693048048, 0.76576699055011699, 0.62819670378646597, -39.65623474121093750]
    [-0.15569452396349645, 0.64309485526544807, -0.74979206361614525, 17.21229553222656250]
    [-0.97815612131813812, 0.00546256696018712, 0.20779961263902039, -62.23779392242431641]
  #115 objects/buildingsets/human/universal/prop/storage/ammo-box/ammo-box_1_pallet_125x125x025_a.cgf
    [-0.85716656073209607, 0.51503955260887724, 0.00000176927606105, 47.44550704956054688]
    [-0.51503955261133261, -0.85716656073123854, -0.00000143920877859, 12.15518951416015625]
    [0.00000077531473249, -0.00000214488851789, 1.00000012679337713, -66.14564800262451172]
  #116 objects/buildingsets/human/universal/prop/storage/ammo-box/ammo-box_1_lid_1x05x025_a.cgf
    [-0.17911682125290995, 0.48516558070345672, -0.85588084693500188, 46.87166213989257812]
    [-0.10549121529927602, -0.87440553955181621, -0.47358954422688015, 11.98442840576171875]
    [-0.97815605521009796, 0.00546005558762069, 0.20780139545740617, -65.69917583465576172]
  #117 objects/buildingsets/human/universal/prop/storage/ammo-box/ammo-box_1_lid_1x05x025_a.cgf
    [-0.17531354073835487, -0.55884139621431705, -0.81053235749666563, 14.18208312988281250]
    [0.11170237373222097, -0.82925732393406448, 0.54759119481816876, -18.05394744873046875]
    [-0.97815591209911779, 0.00546175951824358, 0.20780381865258529, -65.74459934234619141]
  #118 objects/buildingsets/human/universal/prop/storage/ammo-box/ammo-box_1_pallet_125x125x025_a.cgf
    [0.55919159489402992, -0.82903937650271564, 0.00000106672443641, -9.67370605468750000]
    [0.82903937650314441, 0.55919159489440740, 0.00000006860017870, 8.46437835693359375]
    [-0.00000065337508924, 0.00000084599527216, 1.00000076379577596, -65.93892574310302734]
  #119 objects/buildingsets/human/universal/prop/storage/ammo-box/ammo-box_1_pallet_125x125x025_a.cgf
    [0.55919159489402992, -0.82903937650271564, 0.00000106672443641, 6.91663360595703125]
    [0.82903937650314441, 0.55919159489440740, 0.00000006860017870, 0.59912109375000000]
    [-0.00000065337508924, 0.00000084599527216, 1.00000076379577596, -66.16101455688476562]
