# IncludedObjects
# Cgfs: 38, Materials: 1, Palettes: 4, Placements: 82

[CGFs]
      0: objects/buildingsets/human/station/utilitarian/space_clinics/wall/rs_clinic_wall_straight_01x01x04_a.cgf
      1: objects/buildingsets/human/station/utilitarian/space_clinics/wall/rs_clinic_signage_med_room.cgf
      2: objects/buildingsets/human/station/utilitarian/space_clinics/wall/rs_clinic_wall_exit_sign_b.cgf
      3: objects/planet/flora/plants/anthurium_01/anthurium_01_c.cgf
      4: Data/ObjectContainers/PU/loc/mod/stanton/station/ser/reststop_clinic/rs_clinic_hur-leo1//Brush/designer_1.cgf
      5: objects/planet/flora/plants/hosta_01/hosta_01_medium_a.cgf
      6: objects/buildingsets/human/station/utilitarian/space_clinics/shop/insurance/rs_clinic_insurance_booth_a.cgf
      7: objects/buildingsets/human/station/utilitarian/space_clinics/props/rs_clinic_planter_01x01_soil_a.cgf
      8: objects/buildingsets/human/hightech/loc/stanton/microtech/newbab/int/hospital/pharmacy/pharmacy_kelto_brand_a.cgf
      9: objects/buildingsets/human/station/utilitarian/space_clinics/props/rs_clinic_screen_planter_01.cgf
     10: objects/buildingsets/human/station/utilitarian/space_clinics/wall/rs_clinic_wall_arch_10x01x04_b.cgf
     11: objects/planet/flora/plants/giant_leaf_01/giant_leaf_01_large_b.cgf
     12: objects/buildingsets/human/station/utilitarian/space_clinics/shop/insurance/rs_clinic_insurance_booth_soil_a.cgf
     13: objects/buildingsets/human/station/utilitarian/space_clinics/wall/rs_clinic_wall_ac_unit_a.cgf
     14: objects/planet/flora/plants/asturia_01/asturia_01_medium_a.cgf
     15: objects/buildingsets/human/station/utilitarian/space_clinics/props/rs_clinic_planter_01x04_a.cgf
     16: objects/buildingsets/human/station/utilitarian/space_clinics/props/rs_clinic_planter_01x01_a.cgf
     17: objects/buildingsets/human/station/utilitarian/space_clinics/medroom/rs_medroom_poster_01_a.cgf
     18: objects/planet/flora/plants/fractal_tropical_01/fractal_tropical_01_b.cgf
     19: objects/planet/flora/plants/clover_01/clover_01_a.cgf
     20: objects/buildingsets/human/station/utilitarian/space_clinics/props/rs_clinic_planter_01x04_soil_a.cgf
     21: objects/planet/flora/plants/asturia_01/asturia_01_large_a.cgf
     22: objects/buildingsets/human/station/utilitarian/space_clinics/shop/insurance/rs_clinic_insurance_booth_sign_a.cgf
     23: objects/planet/flora/plants/tiger_ficus_01/tiger_ficus_01_small_a.cgf
     24: objects/buildingsets/human/station/utilitarian/space_clinics/wall/rs_clinic_wall_door_04x01x04_a.cgf
     25: objects/buildingsets/human/station/utilitarian/space_clinics/wall/rs_clinic_signage_exit_a.cgf
     26: objects/buildingsets/human/station/utilitarian/space_clinics/wall/rs_clinic_signage_room_number_08.cgf
     27: objects/buildingsets/human/station/utilitarian/space_clinics/wall/rs_clinic_signage_room_number_05.cgf
     28: objects/buildingsets/human/station/utilitarian/space_clinics/wall/rs_clinic_signage_room.cgf
     29: objects/buildingsets/human/station/utilitarian/space_clinics/wall/rs_clinic_signage_room_number_04.cgf
     30: objects/buildingsets/human/station/utilitarian/space_clinics/wall/rs_clinic_wall_exit_sign_a.cgf
     31: objects/buildingsets/human/station/utilitarian/space_clinics/wall/rs_clinic_text_room_a.cgf
     32: objects/buildingsets/human/station/utilitarian/space_clinics/wall/rs_clinic_signage_-.cgf
     33: objects/buildingsets/human/station/utilitarian/space_clinics/wall/rs_clinic_signage_room_number_01.cgf
     34: objects/buildingsets/human/station/utilitarian/space_clinics/wall/rs_clinic_signage_room_number_03.cgf
     35: objects/buildingsets/human/station/utilitarian/space_clinics/wall/rs_clinic_signage_room_number_02.cgf
     36: objects/buildingsets/human/station/utilitarian/space_clinics/wall/rs_clinic_signage_room_number_07.cgf
     37: objects/buildingsets/human/station/utilitarian/space_clinics/wall/rs_clinic_signage_room_number_06.cgf

[Materials]
      0: objects/default/grid_transparent

[Palettes]
      0: Libs/Foundry/Records/TintPalettes/Brand/SpaceClinics/space_clinics_a
      1: Libs/Foundry/Records/TintPalettes/default
      2: Libs/Foundry/Records/TintPalettes/Brand/SpaceClinics/space_clinics_a<121>
      3: Libs/Foundry/Records/TintPalettes/Brand/SpaceClinics/space_clinics_a<122>

[Placements]
  #0 objects/buildingsets/human/station/utilitarian/space_clinics/wall/rs_clinic_wall_straight_01x01x04_a.cgf
    [-1.00000000000000000, 0.00000000000000000, 0.00000000000000000, 0.99999900000000252]
    [0.00000000000000000, -1.00000000000000000, 0.00000000000000000, 28.00000000000000000]
    [0.00000000000000000, 0.00000000000000000, 1.00000000000000000, 0.00000000000000000]
  #1 objects/buildingsets/human/station/utilitarian/space_clinics/wall/rs_clinic_signage_med_room.cgf
    [-0.75471864980498871, 0.00000000000000000, 0.00000000000000000, 6.00773200000000429]
    [0.00000000000000000, 0.00000048311105053, -0.75471864980483416, 27.12500000000000000]
    [-0.00000000000000000, -0.75471864980483416, -0.00000048311105053, 3.28125000000000000]
  #2 objects/buildingsets/human/station/utilitarian/space_clinics/wall/rs_clinic_wall_exit_sign_b.cgf
    [-1.00000000000000000, 0.00000000000000000, 0.00000000000000000, 5.99999900000000252]
    [0.00000000000000000, -1.00000000000000000, 0.00000000000000000, 28.06250000000000000]
    [0.00000000000000000, 0.00000000000000000, 1.00000000000000000, -0.06250000000000000]
  #3 objects/planet/flora/plants/anthurium_01/anthurium_01_c.cgf
    [0.15946910633977360, 0.14358635785580387, 0.00000000000000000, 11.60868680985373658]
    [-0.14358635785580387, 0.15946910633977360, -0.00000000000000000, 26.15647119061847548]
    [-0.00000000000000000, 0.00000000000000000, 0.21458666789691525, 1.06193899999999974]
  #4 Data/ObjectContainers/PU/loc/mod/stanton/station/ser/reststop_clinic/rs_clinic_hur-leo1//Brush/designer_1.cgf
    [-0.00000064012100026, 1.00000042674731060, 0.00000000000000000, 11.62500000000000000]
    [-1.00000042674731060, -0.00000064012100026, -0.00000000000000000, 24.87499935987887056]
    [-0.00000000000000000, 0.00000000000000000, 1.00000042674751533, 0.00000000000000000]
  #5 objects/planet/flora/plants/hosta_01/hosta_01_medium_a.cgf
    [0.26023814511796584, 0.45074670447893828, 0.00000000000000000, 11.58981138734242222]
    [-0.45074670447893828, 0.26023814511796584, -0.00000000000000000, 25.51529679227172664]
    [-0.00000000000000000, 0.00000000000000000, 0.52047716931010790, 0.96293600000000001]
  #6 objects/buildingsets/human/station/utilitarian/space_clinics/shop/insurance/rs_clinic_insurance_booth_a.cgf
    [-0.00000064012100026, -1.00000042674731060, 0.00000000000000000, 11.28843902263147925]
    [1.00000042674731060, -0.00000064012100026, 0.00000000000000000, 25.24691581338996116]
    [0.00000000000000000, 0.00000000000000000, 1.00000042674751533, 0.25000000000000000]
  #7 objects/buildingsets/human/station/utilitarian/space_clinics/props/rs_clinic_planter_01x01_soil_a.cgf
    [-0.00000064012100026, 1.00000042674731060, 0.00000000000000000, 8.37500015879656701]
    [-1.00000042674731060, -0.00000064012100026, -0.00000000000000000, 19.65847476175611064]
    [-0.00000000000000000, 0.00000000000000000, 1.00000042674751533, 0.37500000000000000]
  #8 objects/buildingsets/human/hightech/loc/stanton/microtech/newbab/int/hospital/pharmacy/pharmacy_kelto_brand_a.cgf
    [-1.00000085349466716, 0.00000000000000000, 0.00000000000000000, 5.31403553418064689]
    [0.00000000000000000, 0.00000064012127265, 1.00000085349446199, 19.13549146759780228]
    [0.00000000000000000, 1.00000085349446199, -0.00000064012127299, 1.56018599999999985]
  #9 objects/planet/flora/plants/hosta_01/hosta_01_medium_a.cgf
    [-0.13470966998296308, 0.50274247610809653, 0.00000000000000000, 8.48524023545428463]
    [-0.50274247610809653, -0.13470966998296308, -0.00000000000000000, 19.64895982623231419]
    [-0.00000000000000000, 0.00000000000000000, 0.52047736979643877, 1.07959300000000002]
  #10 objects/buildingsets/human/station/utilitarian/space_clinics/props/rs_clinic_screen_planter_01.cgf
    [-0.00000064012100026, -1.00000042674731060, 0.00000000000000000, 6.09374900000000252]
    [1.00000042674731060, -0.00000064012100026, 0.00000000000000000, 19.18750000000000000]
    [0.00000000000000000, 0.00000000000000000, 1.00000042674751533, 0.25000000000000000]
  #11 objects/planet/flora/plants/anthurium_01/anthurium_01_c.cgf
    [-0.32635818139269046, 0.00000000000000000, 0.00000000000000000, 3.82943964048320140]
    [0.00000000000000000, -0.32635818139269046, 0.00000000000000000, 19.04703346065397795]
    [0.00000000000000000, 0.00000000000000000, 0.32635818139269046, 1.09462299999999990]
  #12 objects/buildingsets/human/station/utilitarian/space_clinics/props/rs_clinic_planter_01x01_soil_a.cgf
    [-0.00000064012100026, 1.00000042674731060, 0.00000000000000000, 3.87499761831581679]
    [-1.00000042674731060, -0.00000064012100026, -0.00000000000000000, 19.12722154114665329]
    [-0.00000000000000000, 0.00000000000000000, 1.00000042674751533, 0.37500000000000000]
  #13 objects/buildingsets/human/station/utilitarian/space_clinics/wall/rs_clinic_wall_arch_10x01x04_b.cgf
    [-1.00000000000000000, 0.00000000000000000, 0.00000000000000000, 10.99999900000000252]
    [0.00000000000000000, -1.00000000000000000, 0.00000000000000000, 28.00000000000000000]
    [0.00000000000000000, 0.00000000000000000, 1.00000000000000000, 0.00000000000000000]
  #14 objects/planet/flora/plants/giant_leaf_01/giant_leaf_01_large_b.cgf
    [-0.24951144779950313, -0.30811918476411015, 0.00000000000000000, 11.52618488941311625]
    [0.30811918476411015, -0.24951144779950313, 0.00000000000000000, 26.36326137580039131]
    [0.00000000000000000, 0.00000000000000000, 0.39647622198904181, 1.00707499999999994]
  #15 objects/buildingsets/human/station/utilitarian/space_clinics/shop/insurance/rs_clinic_insurance_booth_soil_a.cgf
    [-0.00000064012100026, -1.00000042674731060, 0.00000000000000000, 11.28843902263147925]
    [1.00000042674731060, -0.00000064012100026, 0.00000000000000000, 25.24691581338996116]
    [0.00000000000000000, 0.00000000000000000, 1.00000042674751533, 0.25000000000000000]
  #16 objects/buildingsets/human/station/utilitarian/space_clinics/wall/rs_clinic_wall_ac_unit_a.cgf
    [1.00000000000000000, 0.00000000000000000, 0.00000000000000000, 23.99466700000000685]
    [0.00000000000000000, 1.00000000000000000, 0.00000000000000000, 14.00063099999999849]
    [0.00000000000000000, 0.00000000000000000, 1.00000000000000000, 0.00000000000000000]
  #17 objects/planet/flora/plants/asturia_01/asturia_01_medium_a.cgf
    [-0.30862592534077710, 0.21610230966829377, 0.00000000000000000, 21.44477700000000198]
    [-0.21610230966829377, -0.30862592534077710, 0.00000000000000000, 15.42517300000000091]
    [0.00000000000000000, 0.00000000000000000, 0.37676275033026035, 1.04792599999999991]
  #18 objects/buildingsets/human/station/utilitarian/space_clinics/props/rs_clinic_planter_01x04_a.cgf
    [-1.00000000000000000, 0.00000000000000000, 0.00000000000000000, 19.96341700000000685]
    [0.00000000000000000, -1.00000000000000000, 0.00000000000000000, 15.40688099999999849]
    [0.00000000000000000, 0.00000000000000000, 1.00000000000000000, 0.25000000000000000]
  #19 objects/buildingsets/human/station/utilitarian/space_clinics/props/rs_clinic_planter_01x01_a.cgf
    [-0.00000064012100026, -1.00000042674731060, 0.00000000000000000, 8.37500087893285183]
    [1.00000042674731060, -0.00000064012100026, 0.00000000000000000, 18.53347404161984002]
    [0.00000000000000000, 0.00000000000000000, 1.00000042674751533, 0.25000000000000000]
  #20 objects/buildingsets/human/station/utilitarian/space_clinics/medroom/rs_medroom_poster_01_a.cgf
    [-0.00000131903977015, 2.06061093528326156, 0.00000000000000000, 4.42032396415342532]
    [-2.06061093528326156, -0.00000131903977015, -0.00000000000000000, 19.13227889345843380]
    [-0.00000000000000000, 0.00000000000000000, 2.06061093528368344, 1.27119300000000024]
  #21 objects/planet/flora/plants/anthurium_01/anthurium_01_c.cgf
    [-0.00000026213978310, 0.40951616157779763, 0.00000000000000000, 8.39791293175821352]
    [-0.40951616157779763, -0.00000026213978310, -0.00000000000000000, 18.47386201812739159]
    [-0.00000000000000000, 0.00000000000000000, 0.40951616157788145, 1.02624899999999997]
  #22 objects/buildingsets/human/station/utilitarian/space_clinics/wall/rs_clinic_wall_straight_01x01x04_a.cgf
    [-1.00000000000000000, 0.00000000000000000, 0.00000000000000000, 11.99999900000000252]
    [0.00000000000000000, -1.00000000000000000, 0.00000000000000000, 28.00000000000000000]
    [0.00000000000000000, 0.00000000000000000, 1.00000000000000000, 0.00000000000000000]
  #23 objects/buildingsets/human/station/utilitarian/space_clinics/props/rs_clinic_planter_01x01_a.cgf
    [-0.00000064012100026, -1.00000042674731060, 0.00000000000000000, 3.87499761831581679]
    [1.00000042674731060, -0.00000064012100026, 0.00000000000000000, 19.12722154114665329]
    [0.00000000000000000, 0.00000000000000000, 1.00000042674751533, 0.25000000000000000]
  #24 objects/planet/flora/plants/fractal_tropical_01/fractal_tropical_01_b.cgf
    [-0.24219909644882132, 0.04707890556052401, 0.00000000000000000, 11.49193247046875399]
    [-0.04707890556052401, -0.24219909644882132, 0.00000000000000000, 24.18083000070561184]
    [0.00000000000000000, 0.00000000000000000, 0.24673229555411302, 1.20593500000000020]
  #25 objects/planet/flora/plants/anthurium_01/anthurium_01_c.cgf
    [0.29756213342984822, 0.12022260030236767, 0.00000000000000000, 11.62506009500229709]
    [-0.12022260030236767, 0.29756213342984822, -0.00000000000000000, 25.02335245480435333]
    [-0.00000000000000000, 0.00000000000000000, 0.32093098459760105, 1.11048100000000005]
  #26 objects/planet/flora/plants/clover_01/clover_01_a.cgf
    [0.02655237173331693, -0.25263156209790383, 0.00000000000000000, 20.12707000000000335]
    [0.25263156209790383, 0.02655237173331693, 0.00000000000000000, 15.43558299999999406]
    [0.00000000000000000, 0.00000000000000000, 0.25402309858099775, 1.04307000000000016]
  #27 objects/buildingsets/human/station/utilitarian/space_clinics/props/rs_clinic_planter_01x04_soil_a.cgf
    [-1.00000000000000000, 0.00000000000000000, 0.00000000000000000, 19.96341700000000685]
    [0.00000000000000000, -1.00000000000000000, 0.00000000000000000, 15.40688099999999849]
    [0.00000000000000000, 0.00000000000000000, 1.00000000000000000, 0.25000000000000000]
  #28 objects/buildingsets/human/station/utilitarian/space_clinics/props/rs_clinic_planter_01x01_a.cgf
    [-0.00000064012100026, -1.00000042674731060, 0.00000000000000000, 8.37500015879656701]
    [1.00000042674731060, -0.00000064012100026, 0.00000000000000000, 19.65847476175611064]
    [0.00000000000000000, 0.00000000000000000, 1.00000042674751533, 0.25000000000000000]
  #29 objects/planet/flora/plants/fractal_tropical_01/fractal_tropical_01_b.cgf
    [0.35312720761687710, -0.00616418690084657, 0.00000000000000000, 18.58154000000000394]
    [0.00616418690084657, 0.35312720761687710, 0.00000000000000000, 15.39697400000000016]
    [0.00000000000000000, 0.00000000000000000, 0.35318100452804874, 1.12821499999999997]
  #30 objects/buildingsets/human/station/utilitarian/space_clinics/medroom/rs_medroom_poster_01_a.cgf
    [-0.00000131903977015, -2.06061093528326156, 0.00000000000000000, 7.77221615112216568]
    [2.06061093528326156, -0.00000131903977015, 0.00000000000000000, 19.06767899772097508]
    [0.00000000000000000, 0.00000000000000000, 2.06061093528368344, 1.27119300000000024]
  #31 objects/planet/flora/plants/asturia_01/asturia_01_large_a.cgf
    [-0.09675037480140682, 0.19836750713024778, 0.00000000000000000, 8.37458213497767190]
    [-0.19836750713024778, -0.09675037480140682, -0.00000000000000000, 19.69526678503987682]
    [-0.00000000000000000, 0.00000000000000000, 0.22070410714185090, 1.08058999999999994]
  #32 objects/buildingsets/human/station/utilitarian/space_clinics/shop/insurance/rs_clinic_insurance_booth_sign_a.cgf
    [-0.00000064012100026, -1.00000042674731060, 0.00000000000000000, 11.28843902263147925]
    [1.00000042674731060, -0.00000064012100026, 0.00000000000000000, 25.24691581338996116]
    [0.00000000000000000, 0.00000000000000000, 1.00000042674751533, 0.25000000000000000]
  #33 objects/planet/flora/plants/clover_01/clover_01_a.cgf
    [0.02655237173331693, -0.25263156209790383, 0.00000000000000000, 21.22256799999999544]
    [0.25263156209790383, 0.02655237173331693, 0.00000000000000000, 15.43558299999999406]
    [0.00000000000000000, 0.00000000000000000, 0.25402309858099775, 1.03571700000000000]
  #34 objects/planet/flora/plants/asturia_01/asturia_01_large_a.cgf
    [0.09675017378813507, -0.19836753533718024, 0.00000000000000000, 11.45510049570852118]
    [0.19836753533718024, 0.09675017378813507, 0.00000000000000000, 25.81929807310055480]
    [0.00000000000000000, 0.00000000000000000, 0.22070404437567923, 1.02296199999999970]
  #35 objects/buildingsets/human/station/utilitarian/space_clinics/props/rs_clinic_planter_01x01_soil_a.cgf
    [-0.00000064012100026, 1.00000042674731060, 0.00000000000000000, 8.37500087893285183]
    [-1.00000042674731060, -0.00000064012100026, -0.00000000000000000, 18.53347404161984002]
    [-0.00000000000000000, 0.00000000000000000, 1.00000042674751533, 0.37500000000000000]
  #36 objects/planet/flora/plants/giant_leaf_01/giant_leaf_01_large_b.cgf
    [0.07565143267770565, -0.38919132447608790, 0.00000000000000000, 19.24700099999999736]
    [0.38919132447608790, 0.07565143267770565, 0.00000000000000000, 15.40175200000000189]
    [0.00000000000000000, 0.00000000000000000, 0.39647575753586872, 1.00707499999999994]
  #37 objects/buildingsets/human/hightech/loc/stanton/microtech/newbab/int/hospital/pharmacy/pharmacy_kelto_brand_a.cgf
    [1.00000042674751533, 0.00000000000000000, 0.00000000000000000, 7.10553572618862006]
    [0.00000000000000000, -0.00000064012100026, -1.00000042674731060, 19.06483156914258359]
    [0.00000000000000000, 1.00000042674731060, -0.00000064012100026, 1.56018599999999985]
  #38 objects/planet/flora/plants/anthurium_01/anthurium_01_c.cgf
    [-0.08270216254331779, -0.24018352930680903, 0.00000000000000000, 19.86493500000000267]
    [0.24018352930680903, -0.08270216254331779, 0.00000000000000000, 15.40175200000000189]
    [0.00000000000000000, 0.00000000000000000, 0.25402317894163939, 1.09058399999999978]
  #39 objects/planet/flora/plants/hosta_01/hosta_01_medium_a.cgf
    [-0.26023909337988149, -0.45074655516643453, 0.00000000000000000, 8.24712102677926850]
    [0.45074655516643453, -0.26023909337988149, 0.00000000000000000, 19.73683373005731312]
    [0.00000000000000000, 0.00000000000000000, 0.52047751413254184, 1.07959300000000002]
  #40 objects/planet/flora/plants/clover_01/clover_01_a.cgf
    [0.02655237173331693, -0.25263156209790383, 0.00000000000000000, 19.48261899999999969]
    [0.25263156209790383, 0.02655237173331693, 0.00000000000000000, 15.43558299999999406]
    [0.00000000000000000, 0.00000000000000000, 0.25402309858099775, 1.04307000000000016]
  #41 objects/buildingsets/human/station/utilitarian/space_clinics/wall/rs_clinic_wall_ac_unit_a.cgf
    [1.00000000000000000, 0.00000000000000000, 0.00000000000000000, 16.02591700000000685]
    [0.00000000000000000, 1.00000000000000000, 0.00000000000000000, 14.00063099999999849]
    [0.00000000000000000, 0.00000000000000000, 1.00000000000000000, 0.00000000000000000]
  #42 objects/planet/flora/plants/tiger_ficus_01/tiger_ficus_01_small_a.cgf
    [-0.18530566473591892, -0.06744561824526416, 0.00000000000000000, 20.66671100000000649]
    [0.06744561824526416, -0.18530566473591892, 0.00000000000000000, 15.36554200000000492]
    [0.00000000000000000, 0.00000000000000000, 0.19719812576114076, 0.94013299999999989]
  #43 objects/planet/flora/plants/fractal_tropical_01/fractal_tropical_01_b.cgf
    [-0.40997012676764838, 0.00715650506175918, 0.00000000000000000, 11.35302883865942647]
    [-0.00715650506175918, -0.40997012676764838, 0.00000000000000000, 40.08154466694288942]
    [0.00000000000000000, 0.00000000000000000, 0.41003258456686159, 1.17559799999999992]
  #44 objects/buildingsets/human/station/utilitarian/space_clinics/wall/rs_clinic_wall_door_04x01x04_a.cgf
    [-0.00000064012100026, -1.00000042674731060, 0.00000000000000000, 12.99999935987887056]
    [1.00000042674731060, -0.00000064012100026, 0.00000000000000000, 32.99999907963658075]
    [0.00000000000000000, 0.00000000000000000, 1.00000042674751533, 0.00000000000000000]
  #45 objects/buildingsets/human/station/utilitarian/space_clinics/wall/rs_clinic_wall_ac_unit_a.cgf
    [-0.00000064012100026, -1.00000042674731060, 0.00000000000000000, 12.99937219678800204]
    [1.00000042674731060, -0.00000064012100026, 0.00000000000000000, 38.99466991735356203]
    [0.00000000000000000, 0.00000000000000000, 1.00000042674751533, 0.00000000000000000]
  #46 objects/buildingsets/human/station/utilitarian/space_clinics/props/rs_clinic_planter_01x01_a.cgf
    [1.00000000000000000, 0.00000000000000000, 0.00000000000000000, 11.51873937051635721]
    [0.00000000000000000, 1.00000000000000000, 0.00000000000000000, 29.81125998664191457]
    [0.00000000000000000, 0.00000000000000000, 1.00000000000000000, 0.25000000000000000]
  #47 objects/buildingsets/human/station/utilitarian/space_clinics/wall/rs_clinic_signage_exit_a.cgf
    [-1.00000000000000000, 0.00000000000000000, 0.00000000000000000, 5.99999900000000252]
    [0.00000000000000000, -1.00000000000000000, 0.00000000000000000, 28.94006299999999499]
    [0.00000000000000000, 0.00000000000000000, 1.00000000000000000, 3.39553800000000017]
  #48 objects/buildingsets/human/station/utilitarian/space_clinics/wall/rs_clinic_wall_straight_01x01x04_a.cgf
    [1.00000000000000000, 0.00000000000000000, 0.00000000000000000, 10.99999900000000252]
    [0.00000000000000000, 1.00000000000000000, 0.00000000000000000, 28.00000000000000000]
    [0.00000000000000000, 0.00000000000000000, 1.00000000000000000, 0.00000000000000000]
  #49 objects/buildingsets/human/station/utilitarian/space_clinics/wall/rs_clinic_signage_exit_a.cgf
    [-1.00000000000000000, 0.00000000000000000, 0.00000000000000000, 5.99999900000000252]
    [0.00000000000000000, -1.00000000000000000, 0.00000000000000000, 28.96396899999999164]
    [0.00000000000000000, 0.00000000000000000, 1.00000000000000000, 3.39520700000000009]
  #50 objects/buildingsets/human/station/utilitarian/space_clinics/wall/rs_clinic_signage_room_number_08.cgf
    [-0.00000044578857371, 0.69641327774885453, 0.00000000000000000, 8.65557599999999638]
    [-0.69641327774885453, -0.00000044578857371, -0.00000000000000000, 41.07465299999999786]
    [-0.00000000000000000, 0.00000000000000000, 0.69641327774899719, 1.48347799999999985]
  #51 objects/buildingsets/human/station/utilitarian/space_clinics/wall/rs_clinic_wall_straight_01x01x04_a.cgf
    [1.00000000000000000, 0.00000000000000000, 0.00000000000000000, -0.00000099999999748]
    [0.00000000000000000, 1.00000000000000000, 0.00000000000000000, 28.00000000000000000]
    [0.00000000000000000, 0.00000000000000000, 1.00000000000000000, 0.00000000000000000]
  #52 objects/buildingsets/human/station/utilitarian/space_clinics/wall/rs_clinic_signage_room_number_05.cgf
    [-0.00000044578857371, 0.69641327774885453, 0.00000000000000000, 8.28145299999999907]
    [-0.69641327774885453, -0.00000044578857371, -0.00000000000000000, 41.07465299999999786]
    [-0.00000000000000000, 0.00000000000000000, 0.69641327774899719, 1.48347799999999985]
  #53 objects/buildingsets/human/station/utilitarian/space_clinics/wall/rs_clinic_signage_room.cgf
    [-0.00000091796308156, 0.00000000000000000, 0.77004393344257593, -0.07465229563695175]
    [-0.77004393344257593, 0.00000000000109430, -0.00000091796308156, 36.63748824025987005]
    [-0.00000000000109430, -0.77004393344312305, 0.00000000000000000, 3.31166800000000006]
  #54 objects/buildingsets/human/station/utilitarian/space_clinics/wall/rs_clinic_signage_room_number_04.cgf
    [0.69641298055648804, 0.00000000000000000, 0.00000000000000000, -0.07465294733658823]
    [0.00000000000000000, 0.69641298055648804, 0.00000000000000000, 37.65557689195951241]
    [0.00000000000000000, 0.00000000000000000, 0.69641298055648804, 1.48347799999999985]
  #55 objects/buildingsets/human/station/utilitarian/space_clinics/wall/rs_clinic_wall_exit_sign_a.cgf
    [-1.00000000000000000, 0.00000000000000000, 0.00000000000000000, 5.99999900000000252]
    [0.00000000000000000, -1.00000000000000000, 0.00000000000000000, 28.10865400000000136]
    [0.00000000000000000, 0.00000000000000000, 1.00000000000000000, 0.10398799999999997]
  #56 objects/buildingsets/human/station/utilitarian/space_clinics/wall/rs_clinic_wall_exit_sign_a.cgf
    [-1.00000000000000000, 0.00000000000000000, 0.00000000000000000, 5.99999900000000252]
    [0.00000000000000000, -1.00000000000000000, 0.00000000000000000, 28.13255999999999801]
    [0.00000000000000000, 0.00000000000000000, 1.00000000000000000, 0.10365700000000011]
  #57 objects/buildingsets/human/station/utilitarian/space_clinics/wall/rs_clinic_wall_exit_sign_a.cgf
    [-1.00000000000000000, 0.00000000000000000, 0.00000000000000000, 5.95774300000000778]
    [0.00000000000000000, -1.00000000000000000, 0.00000000000000000, 28.13500399999999502]
    [0.00000000000000000, 0.00000000000000000, 1.00000000000000000, 0.09866799999999998]
  #58 objects/buildingsets/human/station/utilitarian/space_clinics/wall/rs_clinic_wall_ac_unit_a.cgf
    [-0.00000064012100026, -1.00000042674731060, 0.00000000000000000, 12.99936709582269145]
    [1.00000042674731060, -0.00000064012100026, 0.00000000000000000, 31.02591481638825144]
    [0.00000000000000000, 0.00000000000000000, 1.00000042674751533, 0.00000000000000000]
  #59 objects/buildingsets/human/station/utilitarian/space_clinics/props/rs_clinic_planter_01x01_a.cgf
    [1.00000000000000000, 0.00000000000000000, 0.00000000000000000, 11.51874593175800499]
    [0.00000000000000000, 1.00000000000000000, 0.00000000000000000, 40.06126654788356234]
    [0.00000000000000000, 0.00000000000000000, 1.00000000000000000, 0.25000000000000000]
  #60 objects/buildingsets/human/station/utilitarian/space_clinics/props/rs_clinic_planter_01x01_soil_a.cgf
    [1.00000000000000000, 0.00000000000000000, 0.00000000000000000, 11.52477537211025549]
    [0.00000000000000000, 1.00000000000000000, 0.00000000000000000, 29.80771398050826804]
    [0.00000000000000000, 0.00000000000000000, 1.00000000000000000, 0.37606200000000012]
  #61 objects/buildingsets/human/station/utilitarian/space_clinics/props/rs_clinic_planter_01x01_soil_a.cgf
    [1.00000000000000000, 0.00000000000000000, 0.00000000000000000, 11.52478193562177466]
    [0.00000000000000000, 1.00000000000000000, 0.00000000000000000, 40.06126654401978726]
    [0.00000000000000000, 0.00000000000000000, 1.00000000000000000, 0.37606200000000012]
  #62 objects/buildingsets/human/station/utilitarian/space_clinics/wall/rs_clinic_text_room_a.cgf
    [-0.00000064012100026, -1.00000042674731060, 0.00000000000000000, 11.49317167200385370]
    [1.00000042674731060, -0.00000064012100026, 0.00000000000000000, 34.99443232086647981]
    [0.00000000000000000, 0.00000000000000000, 1.00000042674751533, 0.00000000000000000]
  #63 objects/buildingsets/human/station/utilitarian/space_clinics/wall/rs_clinic_wall_exit_sign_a.cgf
    [1.00000000000000000, 0.00000000000000000, 0.00000000000000000, 8.00000000000000000]
    [0.00000000000000000, 1.00000000000000000, 0.00000000000000000, 41.81250000000000000]
    [0.00000000000000000, 0.00000000000000000, 1.00000000000000000, 0.12500000000000000]
  #64 objects/buildingsets/human/station/utilitarian/space_clinics/wall/rs_clinic_signage_-.cgf
    [-0.69641357494125278, 0.00000000000000000, 0.00000000000000000, 8.43899799999999800]
    [0.00000000000000000, 0.00000044578876364, -0.69641357494111011, 41.07465299999999786]
    [-0.00000000000000000, -0.69641357494111011, -0.00000044578876364, 3.31489099999999937]
  #65 objects/planet/flora/plants/anthurium_01/anthurium_01_c.cgf
    [0.19755023718116937, -0.34216781839603339, 0.00000000000000000, 11.53948142143158861]
    [0.34216781839603339, 0.19755023718116937, 0.00000000000000000, 29.87005801100235658]
    [0.00000000000000000, 0.00000000000000000, 0.39510114167923782, 1.11516199999999976]
  #66 objects/buildingsets/human/station/utilitarian/space_clinics/wall/rs_clinic_signage_room.cgf
    [-0.77004367270764829, 0.00000000000000000, 0.00000000000000000, 7.63748800000000472]
    [0.00000000000000000, 0.00000049292091532, -0.77004367270749052, 41.07465299999999786]
    [-0.00000000000000000, -0.77004367270749052, -0.00000049292091532, 3.31166800000000006]
  #67 objects/buildingsets/human/station/utilitarian/space_clinics/wall/rs_clinic_wall_exit_sign_a.cgf
    [-0.00000064012100026, -1.00000042674731060, 0.00000000000000000, -0.81250000000000000]
    [1.00000042674731060, -0.00000064012100026, 0.00000000000000000, 37.00000000000000000]
    [0.00000000000000000, 0.00000000000000000, 1.00000042674751533, 0.12500000000000000]
  #68 objects/buildingsets/human/station/utilitarian/space_clinics/wall/rs_clinic_signage_exit_a.cgf
    [-1.00000000000000000, 0.00000000000000000, 0.00000000000000000, 5.95782700000000887]
    [0.00000000000000000, -1.00000000000000000, 0.00000000000000000, 28.97239299999999673]
    [0.00000000000000000, 0.00000000000000000, 1.00000000000000000, 3.38645999999999958]
  #69 objects/buildingsets/human/station/utilitarian/space_clinics/wall/rs_clinic_signage_room_number_01.cgf
    [0.69641298055648804, 0.00000000000000000, 0.00000000000000000, -0.07465270785255029]
    [0.00000000000000000, 0.69641298055648804, 0.00000000000000000, 37.28145365247547716]
    [0.00000000000000000, 0.00000000000000000, 0.69641298055648804, 1.48347799999999985]
  #70 objects/buildingsets/human/station/utilitarian/space_clinics/wall/rs_clinic_signage_-.cgf
    [-0.00000083018921388, 0.00000000000000000, 0.69641381074520725, -0.07465280870043500]
    [-0.69641381074520725, 0.00000000000098966, -0.00000083018921388, 37.43899875332336080]
    [-0.00000000000098966, -0.69641381074570208, 0.00000000000000000, 3.31489099999999937]
  #71 objects/buildingsets/human/station/utilitarian/space_clinics/wall/rs_clinic_wall_arch_10x01x04_b.cgf
    [1.00000000000000000, 0.00000000000000000, 0.00000000000000000, 0.99999900000000252]
    [0.00000000000000000, 1.00000000000000000, 0.00000000000000000, 28.00000000000000000]
    [0.00000000000000000, 0.00000000000000000, 1.00000000000000000, 0.00000000000000000]
  #72 objects/buildingsets/human/station/utilitarian/space_clinics/wall/rs_clinic_text_room_a.cgf
    [-1.00000000000000000, 0.00000000000000000, 0.00000000000000000, 22.00556899999999416]
    [0.00000000000000000, -1.00000000000000000, 0.00000000000000000, 32.49317200000000128]
    [0.00000000000000000, 0.00000000000000000, 1.00000000000000000, 0.00000000000000000]
  #73 objects/buildingsets/human/station/utilitarian/space_clinics/wall/rs_clinic_wall_door_04x01x04_a.cgf
    [-1.00000000000000000, 0.00000000000000000, 0.00000000000000000, 24.00000000000000000]
    [0.00000000000000000, -1.00000000000000000, 0.00000000000000000, 34.00000000000000000]
    [0.00000000000000000, 0.00000000000000000, 1.00000000000000000, 0.00000000000000000]
  #74 objects/buildingsets/human/station/utilitarian/space_clinics/wall/rs_clinic_signage_room_number_03.cgf
    [-0.00000064012100026, 1.00000042674731060, 0.00000000000000000, -10.01384199999999680]
    [-1.00000042674731060, -0.00000064012100026, -0.00000000000000000, 51.02067599999999459]
    [-0.00000000000000000, 0.00000000000000000, 1.00000042674751533, 0.01366899999999993]
  #75 objects/buildingsets/human/station/utilitarian/space_clinics/wall/rs_clinic_signage_room_number_01.cgf
    [-0.00000064012100026, 1.00000042674731060, 0.00000000000000000, -10.01384199999999680]
    [-1.00000042674731060, -0.00000064012100026, -0.00000000000000000, 35.02067599999999459]
    [-0.00000000000000000, 0.00000000000000000, 1.00000042674751533, 0.01366899999999993]
  #76 objects/buildingsets/human/station/utilitarian/space_clinics/wall/rs_clinic_signage_room_number_02.cgf
    [-0.00000064012100026, 1.00000042674731060, 0.00000000000000000, -10.01384199999999680]
    [-1.00000042674731060, -0.00000064012100026, -0.00000000000000000, 43.02067599999999459]
    [-0.00000000000000000, 0.00000000000000000, 1.00000042674751533, 0.01366899999999993]
  #77 objects/buildingsets/human/station/utilitarian/space_clinics/wall/rs_clinic_signage_room_number_04.cgf
    [-1.00000000000000000, 0.00000000000000000, 0.00000000000000000, -4.97932699999999784]
    [0.00000000000000000, -1.00000000000000000, 0.00000000000000000, 53.01383900000000438]
    [0.00000000000000000, 0.00000000000000000, 1.00000000000000000, 0.01366899999999993]
  #78 objects/buildingsets/human/station/utilitarian/space_clinics/wall/rs_clinic_signage_room_number_05.cgf
    [-1.00000000000000000, 0.00000000000000000, 0.00000000000000000, 6.02067300000000216]
    [0.00000000000000000, -1.00000000000000000, 0.00000000000000000, 51.01383900000000438]
    [0.00000000000000000, 0.00000000000000000, 1.00000000000000000, 0.01366899999999993]
  #79 objects/buildingsets/human/station/utilitarian/space_clinics/wall/rs_clinic_signage_room_number_07.cgf
    [-1.00000000000000000, 0.00000000000000000, 0.00000000000000000, 22.02067300000000216]
    [0.00000000000000000, -1.00000000000000000, 0.00000000000000000, 51.01383900000000438]
    [0.00000000000000000, 0.00000000000000000, 1.00000000000000000, 0.01366899999999993]
  #80 objects/buildingsets/human/station/utilitarian/space_clinics/wall/rs_clinic_signage_room_number_06.cgf
    [-1.00000000000000000, 0.00000000000000000, 0.00000000000000000, 14.02067300000000216]
    [0.00000000000000000, -1.00000000000000000, 0.00000000000000000, 51.01383900000000438]
    [0.00000000000000000, 0.00000000000000000, 1.00000000000000000, 0.01366899999999993]
  #81 objects/buildingsets/human/station/utilitarian/space_clinics/wall/rs_clinic_signage_room_number_08.cgf
    [-0.00000064012100026, -1.00000042674731060, 0.00000000000000000, 24.01384000000000185]
    [1.00000042674731060, -0.00000064012100026, 0.00000000000000000, 45.97933000000000447]
    [0.00000000000000000, 0.00000000000000000, 1.00000042674751533, 0.01366899999999993]
