# IncludedObjects
# Cgfs: 63, Materials: 2, Palettes: 13, Placements: 178

[CGFs]
      0: objects/buildingsets/human/hightech/delta/int/roomsm_b/wall/roomsm_b_wall_straight_window_glass_04x01x04_a.cgf
      1: Data/ObjectContainers/PU/loc/mod/outpost/ht/station/ht_station_001a_int//Brush/designer_55.cgf
      2: Data/ObjectContainers/PU/loc/mod/outpost/ht/station/ht_station_001a_int//Brush/designer_57.cgf
      3: objects/buildingsets/human/hightech/delta/int/roomsm_a/addon/roomsm_a_addon_ceiling_light_fixture_c.cgf
      4: objects/buildingsets/human/hightech/delta/int/roomsm_a/addon/roomsm_a_addon_ceiling_light_fixture_a_mirror.cgf
      5: objects/buildingsets/human/hightech/delta/int/roomsm_a/addon/roomsm_a_addon_ceiling_track_cap_01x005x0025_a.cgf
      6: objects/buildingsets/human/hightech/delta/int/roomsm_a/addon/roomsm_a_addon_ceiling_track_straight_01x005x0025_e.cgf
      7: objects/buildingsets/human/hightech/delta/int/roomsm_a/wall/roomsm_a_wall_straight_04x01x04_a.cgf
      8: objects/buildingsets/human/hightech/delta/int/roomsm_a/ceiling/roomsm_a_ceiling_straight_06x06x0025_c.cgf
      9: objects/buildingsets/human/hightech/delta/int/roomsm_a/wall/roomsm_a_wall_cornerin_01x01x04_a.cgf
     10: objects/buildingsets/human/hightech/delta/int/roomsm_a/addon/roomsm_a_addon_ceiling_track_straight_04x005x0025_c.cgf
     11: objects/buildingsets/human/hightech/delta/int/roomsm_a/addon/roomsm_a_addon_ceiling_machinery_double_a.cgf
     12: objects/buildingsets/human/hightech/delta/int/roomsm_a/addon/roomsm_a_addon_ceiling_light_fixture_a.cgf
     13: objects/buildingsets/human/hightech/delta/int/roomsm_a/addon/roomsm_a_addon_ceiling_track_straight_02x005x0025_c.cgf
     14: objects/buildingsets/human/hightech/delta/int/roomsm_a/addon/roomsm_a_addon_ceiling_track_straight_02x005x0025_b.cgf
     15: objects/buildingsets/human/hightech/delta/int/roomsm_a/addon/roomsm_a_addon_ceiling_track_corner_015x015x0025_a.cgf
     16: objects/buildingsets/human/hightech/delta/int/roomsm_a/wall/roomsm_a_wall_straight_01x01x04_a.cgf
     17: objects/buildingsets/human/hightech/delta/int/roomsm_b/wall/roomsm_b_wall_straight_01x01x04_a.cgf
     18: objects/buildingsets/human/hightech/delta/int/roomsm_b/floor/roomsm_b_floor_corner_06x06x0025_b.cgf
     19: objects/buildingsets/human/hightech/delta/int/roomsm_a/wall/roomsm_a_wall_straight_top_04x01x04_b.cgf
     20: objects/buildingsets/human/hightech/delta/int/roomsm_a/addon/roomsm_a_addon_ceiling_track_straight_04x005x0025_g.cgf
     21: objects/buildingsets/human/hightech/delta/int/roomsm_a/wall/roomsm_a_wall_straight_04x01x04_b.cgf
     22: objects/buildingsets/human/hightech/delta/int/roomsm_a/wall/roomsm_a_wall_straight_01x01x04_a2b.cgf
     23: objects/buildingsets/human/hightech/delta/int/roomsm_b/floor/roomsm_b_floor_straight_06x06x0025_c.cgf
     24: objects/buildingsets/human/hightech/delta/int/roomsm_a/wall/roomsm_a_wall_straight_02x01x04_a.cgf
     25: objects/buildingsets/human/hightech/delta/int/roomsm_a/wall/roomsm_a_wall_straight_cover_02x01x04_a.cgf
     26: objects/buildingsets/human/hightech/delta/int/roomsm_b/wall/roomsm_b_wall_straight_door_04x01x04_a.cgf
     27: objects/buildingsets/human/hightech/delta/int/roomsm_a/wall/roomsm_a_wall_straight_bottom_02x01x04_b.cgf
     28: objects/buildingsets/human/hightech/delta/int/roomsm_a/wall/roomsm_a_wall_straight_window_04x01x04_a.cgf
     29: data/objects/buildingsets/human/hightech/delta/int/roomsm_a/wall/roomsm_a_wall_straight_cover_04x01x04_a.cgf
     30: objects/buildingsets/human/hightech/delta/int/roomsm_a/wall/roomsm_a_wall_straight_door_04x01x04_a.cgf
     31: objects/buildingsets/human/hightech/delta/int/roomsm_a/wall/roomsm_a_wall_straight_04x01x04_e.cgf
     32: objects/buildingsets/human/hightech/delta/int/roomsm_a/door/roomsm_a_door_double_frame_b.cgf
     33: objects/buildingsets/human/hightech/delta/int/roomsm_b/wall/roomsm_b_wall_straight_04x01x04_c.cgf
     34: objects/buildingsets/human/hightech/delta/int/roomsm_b/floor/roomsm_b_floor_t_intersection_06x06x0025_a.cgf
     35: objects/buildingsets/human/hightech/delta/int/roomsm_b/wall/roomsm_b_wall_cornerin_01x01x04_a.cgf
     36: data/objects/buildingsets/human/hightech/delta/int/roomsm_a/door/roomsm_a_door_double_frame_b.cgf
     37: objects/buildingsets/human/hightech/delta/int/roomsm_b/wall/roomsm_b_walll_straight_union_04x01x04_a.cgf
     38: objects/buildingsets/human/hightech/delta/int/roomsm_b/wall/roomsm_b_wall_straight_02x01x04_b.cgf
     39: objects/buildingsets/human/hightech/delta/int/roomsm_b/wall/roomsm_b_wall_straight_04x01x04_a.cgf
     40: objects/buildingsets/human/hightech/delta/int/roomsm_b/floor/roomsm_b_floor_straight_03x01x0025_c.cgf
     41: objects/buildingsets/human/hightech/delta/int/roomsm_a/wall/roomsm_a_wall_straight_02x01x04_c.cgf
     42: data/objects/buildingsets/human/hightech/delta/int/roomsm_a/addon/roomsm_a_addon_ceiling_track_straight_computer_02x005x003_a.cgf
     43: objects/buildingsets/human/hightech/delta/int/roomsm_a/wall/roomsm_a_walll_straight_union_04x01x04_a.cgf
     44: objects/buildingsets/human/hightech/delta/int/roomsm_b/floor/roomsm_b_floor_straight_02x02x0025_a.cgf
     45: objects/buildingsets/human/hightech/delta/int/roomsm_b/floor/roomsm_b_floor_straight_03x02x0025_a.cgf
     46: Data/ObjectContainers/PU/loc/mod/outpost/ht/station/ht_station_001a_int//Brush/designer_58.cgf
     47: objects/buildingsets/human/hightech/delta/int/roomsm_b/floor/roomsm_b_floor_straight_02x01x0025_a.cgf
     48: objects/buildingsets/human/hightech/delta/int/roomsm_b/floor/roomsm_b_floor_lip_straight_4m_a.cgf
     49: objects/buildingsets/human/hightech/delta/int/roomsm_a/door/roomsm_a_door_double_frame_a.cgf
     50: objects/buildingsets/human/hightech/delta/int/roomsm_b/wall/roomsm_b_wall_straight_01x01x04_b.cgf
     51: objects/buildingsets/human/hightech/delta/int/roomsm_b/wall/roomsm_b_wall_panel_straight_01x01x04_b.cgf
     52: objects/buildingsets/human/hightech/delta/int/roomsm_a/wall/roomsm_a_wall_cornerin_01x01x04_b.cgf
     53: objects/buildingsets/human/hightech/delta/int/roomsm_b/wall/roomsm_b_wall_panel_cornerin_01x01x04_a.cgf
     54: objects/buildingsets/human/hightech/delta/int/roomsm_b/wall/roomsm_b_wall_panel_straight_04x01x04_b.cgf
     55: objects/buildingsets/human/hightech/delta/int/roomsm_b/wall/roomsm_b_wall_straight_04x01x04_b.cgf
     56: objects/buildingsets/human/hightech/delta/int/roomsm_a/ceiling/roomsm_a_ceiling_straight_06x06x0025_a.cgf
     57: objects/buildingsets/human/hightech/delta/int/roomsm_a/wall/roomsm_a_wall_straight_06x01x04_a.cgf
     58: objects/buildingsets/human/hightech/delta/int/roomsm_a/ceiling/roomsm_a_ceiling_straight_06x06x0025_b.cgf
     59: objects/buildingsets/human/hightech/delta/int/roomsm_a/wall/roomsm_a_wall_straight_01x01x04_b.cgf
     60: objects/buildingsets/human/hightech/delta/int/roomsm_a/wall/roomsm_a_wall_straight_cover_06x01x06_a.cgf
     61: objects/buildingsets/human/hightech/delta/int/roomsm_b/floor/roomsm_b_floor_corner_06x06x0025_a.cgf
     62: Data/ObjectContainers/PU/loc/mod/outpost/ht/station/ht_station_001a_int//Brush/designer_56.cgf

[Materials]
      0: objects/buildingsets/human/hightech/hightech_a_default_tintable
      1: materials/bhvr/special/proxy_nodraw

[Palettes]
      0: Libs/Foundry/Records/TintPalettes/Brand/ASD/hitech_lab/Lab_Default|int_wall_c
      1: Libs/Foundry/Records/TintPalettes/Brand/ASD/hitech_lab/Lab_Default|int_ceiling_b
      2: Libs/Foundry/Records/TintPalettes/brand/asd/hitech_lab/Lab_Default|int_wall_c<331>
      3: Libs/Foundry/Records/TintPalettes/default
      4: Libs/Foundry/Records/TintPalettes/Brand/ASD/hitech_lab/Lab_Default|ZZ_ext_wall_a
      5: Libs/Foundry/Records/TintPalettes/Brand/ASD/hitech_lab/Lab_Default|floor_a
      6: Libs/Foundry/Records/TintPalettes/Brand/ASD/hitech_lab/Lab_Default|int_wall_c<122>
      7: Libs/Foundry/Records/TintPalettes/Brand/ASD/hitech_lab/Lab_Default|int_wall_c<223>
      8: Libs/Foundry/Records/TintPalettes/Brand/ASD/hitech_lab/Lab_Default|int_ceiling_a
      9: Libs/Foundry/Records/TintPalettes/Brand/ASD/hitech_lab/Lab_Default|ZZ_ext_wall_c
     10: Libs/Foundry/Records/TintPalettes/Brand/ASD/hitech_lab/Lab_Default|int_wall_b
     11: Libs/Foundry/Records/TintPalettes/Brand/ASD/hitech_lab/Lab_Default|floor_c
     12: Libs/Foundry/Records/TintPalettes/Brand/ASD/hitech_lab/Lab_Default|int_ceiling_c

[Placements]
  #0 objects/buildingsets/human/hightech/delta/int/roomsm_b/wall/roomsm_b_wall_straight_window_glass_04x01x04_a.cgf
    [-1.00000000000000000, 0.00000000000000000, 0.00000000000000000, -14.99999999999999822]
    [0.00000000000000000, -1.00000000000000000, 0.00000000000000000, 7.00000000000000000]
    [0.00000000000000000, 0.00000000000000000, 1.00000000000000000, 2.00000000000000000]
  #1 Data/ObjectContainers/PU/loc/mod/outpost/ht/station/ht_station_001a_int//Brush/designer_55.cgf
    [-0.00048724255821462, -0.00000000000000000, -0.99999890350836618, -26.09817100000000067]
    [0.00000000000000000, -0.99999902221114467, 0.00000000000000000, -3.10755999999999943]
    [-0.99999890350836618, 0.00000000000000000, 0.00048724255821462, 3.74064800000000020]
  #2 Data/ObjectContainers/PU/loc/mod/outpost/ht/station/ht_station_001a_int//Brush/designer_57.cgf
    [-0.00000002959053834, 1.00000002958714429, -0.00000000000000011, 15.82712200000000102]
    [-0.00034400841910768, -0.00000000001017975, -0.99999997041624855, -7.10584300000000013]
    [-0.99999997041624811, -0.00000002959053634, 0.00034400841910746, 3.52671000000000001]
  #3 objects/buildingsets/human/hightech/delta/int/roomsm_a/addon/roomsm_a_addon_ceiling_light_fixture_c.cgf
    [1.00000000000000000, 0.00000000000000000, 0.00000000000000000, -19.31249899999999542]
    [0.00000000000000000, 1.00000000000000000, 0.00000000000000000, -0.12500700000000364]
    [0.00000000000000000, 0.00000000000000000, 1.00000000000000000, 6.00000000000000000]
  #4 objects/buildingsets/human/hightech/delta/int/roomsm_a/addon/roomsm_a_addon_ceiling_light_fixture_a_mirror.cgf
    [-0.00000064012100026, -1.00000042674731060, 0.00000000000000000, -24.06249499999999841]
    [1.00000042674731060, -0.00000064012100026, 0.00000000000000000, 5.87498000000000076]
    [0.00000000000000000, 0.00000000000000000, 1.00000042674751533, 6.00378200000000017]
  #5 objects/buildingsets/human/hightech/delta/int/roomsm_a/addon/roomsm_a_addon_ceiling_track_cap_01x005x0025_a.cgf
    [1.00000000000000000, 0.00000000000000000, 0.00000000000000000, -20.06249899999999542]
    [0.00000000000000000, 1.00000000000000000, 0.00000000000000000, -2.12500400000000411]
    [0.00000000000000000, 0.00000000000000000, 1.00000000000000000, 5.75000000000000000]
  #6 objects/buildingsets/human/hightech/delta/int/roomsm_a/addon/roomsm_a_addon_ceiling_track_straight_01x005x0025_e.cgf
    [1.00000000000000000, 0.00000000000000000, 0.00000000000000000, -14.06249799999999972]
    [0.00000000000000000, 1.00000000000000000, 0.00000000000000000, 1.12499199999999888]
    [0.00000000000000000, 0.00000000000000000, 1.00000000000000000, 6.00000000000000000]
  #7 objects/buildingsets/human/hightech/delta/int/roomsm_a/addon/roomsm_a_addon_ceiling_track_cap_01x005x0025_a.cgf
    [-1.00000000000000000, 0.00000000000000000, 0.00000000000000000, -15.81250200000000028]
    [0.00000000000000000, -1.00000000000000000, 0.00000000000000000, -0.12500899999999859]
    [0.00000000000000000, 0.00000000000000000, 1.00000000000000000, 5.75000000000000000]
  #8 objects/buildingsets/human/hightech/delta/int/roomsm_a/wall/roomsm_a_wall_straight_04x01x04_a.cgf
    [1.00000000000000000, 0.00000000000000000, 0.00000000000000000, -17.00000000000000000]
    [0.00000000000000000, 1.00000000000000000, 0.00000000000000000, -7.00000000000000000]
    [0.00000000000000000, 0.00000000000000000, 1.00000000000000000, 2.00000000000000000]
  #9 objects/buildingsets/human/hightech/delta/int/roomsm_a/ceiling/roomsm_a_ceiling_straight_06x06x0025_c.cgf
    [-1.00000000000000000, 0.00000000000000000, 0.00000000000000000, -19.00000000000000000]
    [0.00000000000000000, -1.00000000000000000, 0.00000000000000000, 0.00000000000000000]
    [0.00000000000000000, 0.00000000000000000, 1.00000000000000000, 6.00000000000000000]
  #10 objects/buildingsets/human/hightech/delta/int/roomsm_a/wall/roomsm_a_wall_cornerin_01x01x04_a.cgf
    [-0.00000064012100026, -1.00000042674731060, 0.00000000000000000, -12.00000399999999878]
    [1.00000042674731060, -0.00000064012100026, 0.00000000000000000, -7.00000400000000411]
    [0.00000000000000000, 0.00000000000000000, 1.00000042674751533, 2.00000000000000000]
  #11 objects/buildingsets/human/hightech/delta/int/roomsm_a/addon/roomsm_a_addon_ceiling_track_straight_04x005x0025_c.cgf
    [1.00000000000000000, 0.00000000000000000, 0.00000000000000000, -19.55010199999999543]
    [0.00000000000000000, 1.00000000000000000, 0.00000000000000000, -4.76954800000000034]
    [0.00000000000000000, 0.00000000000000000, 1.00000000000000000, 5.86940799999999996]
  #12 objects/buildingsets/human/hightech/delta/int/roomsm_a/addon/roomsm_a_addon_ceiling_machinery_double_a.cgf
    [-0.85000002384185791, 0.00000000000000000, 0.00000000000000000, -14.56249799999999972]
    [0.00000000000000000, -0.85000002384185791, 0.00000000000000000, -2.12500100000000458]
    [0.00000000000000000, 0.00000000000000000, 0.85000002384185791, 5.75000000000000000]
  #13 objects/buildingsets/human/hightech/delta/int/roomsm_a/addon/roomsm_a_addon_ceiling_track_cap_01x005x0025_a.cgf
    [-1.00000000000000000, 0.00000000000000000, 0.00000000000000000, -14.06250399999999878]
    [0.00000000000000000, -1.00000000000000000, 0.00000000000000000, -2.12500700000000364]
    [0.00000000000000000, 0.00000000000000000, 1.00000000000000000, 5.75000000000000000]
  #14 objects/buildingsets/human/hightech/delta/int/roomsm_a/addon/roomsm_a_addon_ceiling_light_fixture_a.cgf
    [-0.00000064012100026, -1.00000042674731060, 0.00000000000000000, -24.06248999999999683]
    [1.00000042674731060, -0.00000064012100026, 0.00000000000000000, -6.12500500000000159]
    [0.00000000000000000, 0.00000000000000000, 1.00000042674751533, 6.00000000000000000]
  #15 objects/buildingsets/human/hightech/delta/int/roomsm_a/wall/roomsm_a_wall_straight_04x01x04_a.cgf
    [-0.00000064012100026, 1.00000042674731060, 0.00000000000000000, -25.99999799999999794]
    [-1.00000042674731060, -0.00000064012100026, -0.00000000000000000, 6.00000200000000206]
    [-0.00000000000000000, 0.00000000000000000, 1.00000042674751533, 2.00000000000000000]
  #16 objects/buildingsets/human/hightech/delta/int/roomsm_a/addon/roomsm_a_addon_ceiling_track_straight_02x005x0025_c.cgf
    [-0.00000064012100026, -1.00000042674731060, 0.00000000000000000, -17.31249799999999794]
    [1.00000042674731060, -0.00000064012100026, 0.00000000000000000, 2.37499199999999888]
    [0.00000000000000000, 0.00000000000000000, 1.00000042674751533, 6.00000000000000000]
  #17 objects/buildingsets/human/hightech/delta/int/roomsm_a/addon/roomsm_a_addon_ceiling_track_straight_02x005x0025_b.cgf
    [1.00000000000000000, 0.00000000000000000, 0.00000000000000000, -16.06249900000000252]
    [0.00000000000000000, 1.00000000000000000, 0.00000000000000000, 1.12498999999999683]
    [0.00000000000000000, 0.00000000000000000, 1.00000000000000000, 6.00000000000000000]
  #18 objects/buildingsets/human/hightech/delta/int/roomsm_a/addon/roomsm_a_addon_ceiling_track_corner_015x015x0025_a.cgf
    [-0.00000064012100026, 1.00000042674731060, 0.00000000000000000, -17.31249900000000252]
    [-1.00000042674731060, -0.00000064012100026, -0.00000000000000000, 2.37498999999999683]
    [-0.00000000000000000, 0.00000000000000000, 1.00000042674751533, 6.00000000000000000]
  #19 objects/buildingsets/human/hightech/delta/int/roomsm_a/addon/roomsm_a_addon_ceiling_track_straight_01x005x0025_e.cgf
    [-0.00000064012100026, -1.00000042674731060, 0.00000000000000000, -17.31249799999999794]
    [1.00000042674731060, -0.00000064012100026, 0.00000000000000000, 4.37499199999999888]
    [0.00000000000000000, 0.00000000000000000, 1.00000042674751533, 6.00000000000000000]
  #20 objects/buildingsets/human/hightech/delta/int/roomsm_a/ceiling/roomsm_a_ceiling_straight_06x06x0025_c.cgf
    [-1.00000000000000000, 0.00000000000000000, 0.00000000000000000, -18.99999700000000047]
    [0.00000000000000000, -1.00000000000000000, 0.00000000000000000, 6.00000000000000000]
    [0.00000000000000000, 0.00000000000000000, 1.00000000000000000, 6.00000000000000000]
  #21 objects/buildingsets/human/hightech/delta/int/roomsm_a/wall/roomsm_a_wall_straight_01x01x04_a.cgf
    [-0.00000064012100026, 1.00000042674731060, 0.00000000000000000, -25.99999799999999794]
    [-1.00000042674731060, -0.00000064012100026, -0.00000000000000000, -4.99999799999999794]
    [-0.00000000000000000, 0.00000000000000000, 1.00000042674751533, 2.00000000000000000]
  #22 objects/buildingsets/human/hightech/delta/int/roomsm_a/wall/roomsm_a_wall_straight_01x01x04_a.cgf
    [-0.00000064012100026, 1.00000042674731060, 0.00000000000000000, -25.99999799999999794]
    [-1.00000042674731060, -0.00000064012100026, -0.00000000000000000, 0.00000200000000206]
    [-0.00000000000000000, 0.00000000000000000, 1.00000042674751533, 2.00000000000000000]
  #23 objects/buildingsets/human/hightech/delta/int/roomsm_b/wall/roomsm_b_wall_straight_01x01x04_a.cgf
    [-0.00000064012299977, 1.00000042674697731, -0.00000141421370968, -25.71615999999999502]
    [-1.00000042674697731, -0.00000064012099982, 0.00000141421552022, 5.72768999999999551]
    [0.00000141421461495, 0.00000141421461495, 1.00000042674618217, 2.00000000000000000]
  #24 objects/buildingsets/human/hightech/delta/int/roomsm_b/floor/roomsm_b_floor_corner_06x06x0025_b.cgf
    [0.00000222586295115, -1.00000042674518408, 0.00000000000000000, -12.99998999999999860]
    [1.00000042674518408, 0.00000222586295115, 0.00000000000000000, -0.00000299999999953]
    [0.00000000000000000, 0.00000000000000000, 1.00000042674766121, 2.00000000000000000]
  #25 objects/buildingsets/human/hightech/delta/int/roomsm_b/wall/roomsm_b_wall_straight_01x01x04_a.cgf
    [-0.00000064012100026, -1.00000042674731060, 0.00000000000000000, -11.99999900000000075]
    [1.00000042674731060, -0.00000064012100026, 0.00000000000000000, -0.99999799999999794]
    [0.00000000000000000, 0.00000000000000000, 1.00000042674751533, 2.00000000000000000]
  #26 objects/buildingsets/human/hightech/delta/int/roomsm_a/wall/roomsm_a_wall_straight_top_04x01x04_b.cgf
    [-0.00000064012100026, -1.00000042674731060, 0.00000000000000000, -12.00000099999999925]
    [1.00000042674731060, -0.00000064012100026, 0.00000000000000000, 0.87500099999999748]
    [0.00000000000000000, 0.00000000000000000, 1.00000042674751533, 2.00000000000000000]
  #27 objects/buildingsets/human/hightech/delta/int/roomsm_a/addon/roomsm_a_addon_ceiling_track_straight_04x005x0025_g.cgf
    [1.00000000000000000, 0.00000000000000000, 0.00000000000000000, -15.55010200000000076]
    [0.00000000000000000, 1.00000000000000000, 0.00000000000000000, -4.76954500000000081]
    [0.00000000000000000, 0.00000000000000000, 1.00000000000000000, 5.86940799999999996]
  #28 objects/buildingsets/human/hightech/delta/int/roomsm_a/addon/roomsm_a_addon_ceiling_track_straight_04x005x0025_g.cgf
    [1.00000000000000000, 0.00000000000000000, 0.00000000000000000, -19.06250000000000000]
    [0.00000000000000000, 1.00000000000000000, 0.00000000000000000, -2.12500500000000159]
    [0.00000000000000000, 0.00000000000000000, 1.00000000000000000, 5.75000000000000000]
  #29 objects/buildingsets/human/hightech/delta/int/roomsm_a/addon/roomsm_a_addon_ceiling_machinery_double_a.cgf
    [-1.00000000000000000, 0.00000000000000000, 0.00000000000000000, -13.81250200000000028]
    [0.00000000000000000, -1.00000000000000000, 0.00000000000000000, 4.62499799999999794]
    [0.00000000000000000, 0.00000000000000000, 1.00000000000000000, 5.75000000000000000]
  #30 objects/buildingsets/human/hightech/delta/int/roomsm_a/wall/roomsm_a_wall_cornerin_01x01x04_a.cgf
    [-1.00000000000000000, 0.00000000000000000, 0.00000000000000000, -11.99999599999999766]
    [0.00000000000000000, -1.00000000000000000, 0.00000000000000000, 6.99999599999999589]
    [0.00000000000000000, 0.00000000000000000, 1.00000000000000000, 2.00000000000000000]
  #31 objects/buildingsets/human/hightech/delta/int/roomsm_b/wall/roomsm_b_wall_straight_01x01x04_a.cgf
    [-0.00000064012100026, -1.00000042674731060, 0.00000000000000000, -12.00000299999999775]
    [1.00000042674731060, -0.00000064012100026, 0.00000000000000000, -6.00000100000000458]
    [0.00000000000000000, 0.00000000000000000, 1.00000042674751533, 2.00000000000000000]
  #32 objects/buildingsets/human/hightech/delta/int/roomsm_a/wall/roomsm_a_wall_straight_01x01x04_a.cgf
    [-0.00000064012100026, -1.00000042674731060, 0.00000000000000000, -11.99999799999999972]
    [1.00000042674731060, -0.00000064012100026, 0.00000000000000000, -6.00000200000000206]
    [0.00000000000000000, 0.00000000000000000, 1.00000042674751533, 2.00000000000000000]
  #33 objects/buildingsets/human/hightech/delta/int/roomsm_a/ceiling/roomsm_a_ceiling_straight_06x06x0025_c.cgf
    [-1.00000000000000000, 0.00000000000000000, 0.00000000000000000, -12.99999999999999822]
    [0.00000000000000000, -1.00000000000000000, 0.00000000000000000, -0.00000299999999953]
    [0.00000000000000000, 0.00000000000000000, 1.00000000000000000, 6.00000000000000000]
  #34 objects/buildingsets/human/hightech/delta/int/roomsm_a/wall/roomsm_a_wall_straight_04x01x04_b.cgf
    [1.00000000000000000, 0.00000000000000000, 0.00000000000000000, -21.00000000000000000]
    [0.00000000000000000, 1.00000000000000000, 0.00000000000000000, -7.00000000000000000]
    [0.00000000000000000, 0.00000000000000000, 1.00000000000000000, 2.00000000000000000]
  #35 objects/buildingsets/human/hightech/delta/int/roomsm_a/wall/roomsm_a_wall_straight_01x01x04_a2b.cgf
    [-1.00000000000000000, 0.00000000000000000, 0.00000000000000000, -24.00000000000000000]
    [0.00000000000000000, -1.00000000000000000, 0.00000000000000000, 7.00000000000000000]
    [0.00000000000000000, 0.00000000000000000, 1.00000000000000000, 2.00000000000000000]
  #36 objects/buildingsets/human/hightech/delta/int/roomsm_b/floor/roomsm_b_floor_straight_06x06x0025_c.cgf
    [0.00000222586295115, -1.00000042674518408, 0.00000000000000000, -19.00000299999999953]
    [1.00000042674518408, 0.00000222586295115, 0.00000000000000000, -5.99999000000000393]
    [0.00000000000000000, 0.00000000000000000, 1.00000042674766121, 2.00000000000000000]
  #37 objects/buildingsets/human/hightech/delta/int/roomsm_a/ceiling/roomsm_a_ceiling_straight_06x06x0025_c.cgf
    [-1.00000000000000000, 0.00000000000000000, 0.00000000000000000, -12.99999699999999869]
    [0.00000000000000000, -1.00000000000000000, 0.00000000000000000, 5.99999700000000047]
    [0.00000000000000000, 0.00000000000000000, 1.00000000000000000, 6.00000000000000000]
  #38 objects/buildingsets/human/hightech/delta/int/roomsm_a/wall/roomsm_a_wall_straight_02x01x04_a.cgf
    [-0.00000064012100026, -1.00000042674731060, 0.00000000000000000, -11.99999900000000075]
    [1.00000042674731060, -0.00000064012100026, 0.00000000000000000, 3.99999799999999794]
    [0.00000000000000000, 0.00000000000000000, 1.00000042674751533, 2.00000000000000000]
  #39 objects/buildingsets/human/hightech/delta/int/roomsm_a/wall/roomsm_a_wall_cornerin_01x01x04_a.cgf
    [-0.00000064012100026, 1.00000042674731060, 0.00000000000000000, -25.99999599999999589]
    [-1.00000042674731060, -0.00000064012100026, -0.00000000000000000, 7.00000399999999701]
    [-0.00000000000000000, 0.00000000000000000, 1.00000042674751533, 2.00000000000000000]
  #40 objects/buildingsets/human/hightech/delta/int/roomsm_a/wall/roomsm_a_wall_cornerin_01x01x04_a.cgf
    [1.00000000000000000, 0.00000000000000000, 0.00000000000000000, -26.00000399999999701]
    [0.00000000000000000, 1.00000000000000000, 0.00000000000000000, -6.99999600000000299]
    [0.00000000000000000, 0.00000000000000000, 1.00000000000000000, 2.00000000000000000]
  #41 objects/buildingsets/human/hightech/delta/int/roomsm_a/wall/roomsm_a_wall_straight_top_04x01x04_b.cgf
    [-1.00000000000000000, 0.00000000000000000, 0.00000000000000000, -14.01124299999999856]
    [0.00000000000000000, -1.00000000000000000, 0.00000000000000000, 7.00000000000000000]
    [0.00000000000000000, 0.00000000000000000, 1.00000000000000000, 2.00000000000000000]
  #42 objects/buildingsets/human/hightech/delta/int/roomsm_a/wall/roomsm_a_wall_straight_cover_02x01x04_a.cgf
    [1.00000000000000000, 0.00000000000000000, 0.00000000000000000, -17.00000000000000000]
    [0.00000000000000000, 1.00000000000000000, 0.00000000000000000, -7.00000000000000000]
    [0.00000000000000000, 0.00000000000000000, 1.00000000000000000, 2.00000000000000000]
  #43 objects/buildingsets/human/hightech/delta/int/roomsm_b/wall/roomsm_b_wall_straight_door_04x01x04_a.cgf
    [-0.00000064012100026, -1.00000042674731060, 0.00000000000000000, -12.00000200000000028]
    [1.00000042674731060, -0.00000064012100026, 0.00000000000000000, -5.00000100000000458]
    [0.00000000000000000, 0.00000000000000000, 1.00000042674751533, 2.00000000000000000]
  #44 objects/buildingsets/human/hightech/delta/int/roomsm_a/wall/roomsm_a_wall_straight_04x01x04_a.cgf
    [1.00000000000000000, 0.00000000000000000, 0.00000000000000000, -25.00000000000000000]
    [0.00000000000000000, 1.00000000000000000, 0.00000000000000000, -7.00000000000000000]
    [0.00000000000000000, 0.00000000000000000, 1.00000000000000000, 2.00000000000000000]
  #45 objects/buildingsets/human/hightech/delta/int/roomsm_a/wall/roomsm_a_wall_straight_02x01x04_a.cgf
    [-1.00000000000000000, 0.00000000000000000, 0.00000000000000000, -12.99999999999999822]
    [0.00000000000000000, -1.00000000000000000, 0.00000000000000000, 7.00000000000000000]
    [0.00000000000000000, 0.00000000000000000, 1.00000000000000000, 2.00000000000000000]
  #46 objects/buildingsets/human/hightech/delta/int/roomsm_b/floor/roomsm_b_floor_straight_06x06x0025_c.cgf
    [0.00000222586295115, -1.00000042674518408, 0.00000000000000000, -13.00000299999999775]
    [1.00000042674518408, 0.00000222586295115, 0.00000000000000000, -6.00000299999999953]
    [0.00000000000000000, 0.00000000000000000, 1.00000042674766121, 2.00000000000000000]
  #47 objects/buildingsets/human/hightech/delta/int/roomsm_a/wall/roomsm_a_wall_straight_bottom_02x01x04_b.cgf
    [1.00000000000000000, 0.00000000000000000, 0.00000000000000000, -24.00000000000000000]
    [0.00000000000000000, 1.00000000000000000, 0.00000000000000000, -7.00000000000000000]
    [0.00000000000000000, 0.00000000000000000, 1.00000000000000000, 2.00000000000000000]
  #48 objects/buildingsets/human/hightech/delta/int/roomsm_b/floor/roomsm_b_floor_straight_06x06x0025_c.cgf
    [0.00000222586295115, -1.00000042674518408, 0.00000000000000000, -18.99998999999999683]
    [1.00000042674518408, 0.00000222586295115, 0.00000000000000000, 0.00000999999999607]
    [0.00000000000000000, 0.00000000000000000, 1.00000042674766121, 2.00000000000000000]
  #49 objects/buildingsets/human/hightech/delta/int/roomsm_a/wall/roomsm_a_wall_straight_02x01x04_a.cgf
    [-0.00000064012100026, 1.00000042674731060, 0.00000000000000000, -26.00000099999999748]
    [-1.00000042674731060, -0.00000064012100026, -0.00000000000000000, 1.99999899999999542]
    [-0.00000000000000000, 0.00000000000000000, 1.00000042674751533, 2.00000000000000000]
  #50 objects/buildingsets/human/hightech/delta/int/roomsm_a/wall/roomsm_a_wall_straight_window_04x01x04_a.cgf
    [-0.00000064012100026, 1.00000042674731060, 0.00000000000000000, -25.99999899999999542]
    [-1.00000042674731060, -0.00000064012100026, -0.00000000000000000, -0.99999900000000252]
    [-0.00000000000000000, 0.00000000000000000, 1.00000042674751533, 2.00000000000000000]
  #51 objects/buildingsets/human/hightech/delta/int/roomsm_a/wall/roomsm_a_wall_straight_04x01x04_a.cgf
    [-0.00000064012100026, -1.00000042674731060, 0.00000000000000000, -11.99999799999999972]
    [1.00000042674731060, -0.00000064012100026, 0.00000000000000000, -1.00000200000000206]
    [0.00000000000000000, 0.00000000000000000, 1.00000042674751533, 2.00000000000000000]
  #52 objects/buildingsets/human/hightech/delta/int/roomsm_a/wall/roomsm_a_wall_straight_01x01x04_a2b.cgf
    [-1.00000000000000000, 0.00000000000000000, 0.00000000000000000, -19.00000000000000000]
    [0.00000000000000000, -1.00000000000000000, 0.00000000000000000, 7.00000000000000000]
    [0.00000000000000000, 0.00000000000000000, 1.00000000000000000, 2.00000000000000000]
  #53 data/objects/buildingsets/human/hightech/delta/int/roomsm_a/wall/roomsm_a_wall_straight_cover_04x01x04_a.cgf
    [-0.00000064012299977, 1.00000042674697731, -0.00000141421370968, -25.71615999999999502]
    [-1.00000042674697731, -0.00000064012099982, 0.00000141421552022, 3.97768999999999551]
    [0.00000141421461495, 0.00000141421461495, 1.00000042674618217, 2.00000000000000000]
  #54 objects/buildingsets/human/hightech/delta/int/roomsm_a/wall/roomsm_a_wall_straight_door_04x01x04_a.cgf
    [-1.00000000000000000, 0.00000000000000000, 0.00000000000000000, -20.00000000000000000]
    [0.00000000000000000, -1.00000000000000000, 0.00000000000000000, 7.00000000000000000]
    [0.00000000000000000, 0.00000000000000000, 1.00000000000000000, 2.00000000000000000]
  #55 objects/buildingsets/human/hightech/delta/int/roomsm_a/wall/roomsm_a_wall_straight_04x01x04_e.cgf
    [-1.00000000000000000, 0.00000000000000000, 0.00000000000000000, -14.99999999999999822]
    [0.00000000000000000, -1.00000000000000000, 0.00000000000000000, 7.00000000000000000]
    [0.00000000000000000, 0.00000000000000000, 1.00000000000000000, 2.00000000000000000]
  #56 objects/buildingsets/human/hightech/delta/int/roomsm_a/door/roomsm_a_door_double_frame_b.cgf
    [-1.00000000000000000, 0.00000000000000000, 0.00000000000000000, 0.00167600000000157]
    [0.00000000000000000, -1.00000000000000000, 0.00000000000000000, 10.71859899999999755]
    [0.00000000000000000, 0.00000000000000000, 1.00000000000000000, 2.00000000000000000]
  #57 objects/buildingsets/human/hightech/delta/int/roomsm_b/wall/roomsm_b_wall_straight_04x01x04_c.cgf
    [-1.00000000000000000, 0.00000000000000000, 0.00000000000000000, -3.00000000000000000]
    [0.00000000000000000, -1.00000000000000000, 0.00000000000000000, 1.00000000000000000]
    [0.00000000000000000, 0.00000000000000000, 1.00000000000000000, 2.00000000000000000]
  #58 objects/buildingsets/human/hightech/delta/int/roomsm_b/floor/roomsm_b_floor_t_intersection_06x06x0025_a.cgf
    [-0.00000064012100026, 1.00000042674731060, 0.00000000000000000, -3.00000000000000000]
    [-1.00000042674731060, -0.00000064012100026, -0.00000000000000000, 0.00000000000000000]
    [-0.00000000000000000, 0.00000000000000000, 1.00000042674751533, 2.00000000000000000]
  #59 objects/buildingsets/human/hightech/delta/int/roomsm_b/wall/roomsm_b_wall_straight_01x01x04_a.cgf
    [1.00000000000000000, 0.00000000000000000, 0.00000000000000000, 2.00000000000000000]
    [0.00000000000000000, 1.00000000000000000, 0.00000000000000000, -7.00000000000000000]
    [0.00000000000000000, 0.00000000000000000, 1.00000000000000000, 2.00000000000000000]
  #60 objects/buildingsets/human/hightech/delta/int/roomsm_b/wall/roomsm_b_wall_cornerin_01x01x04_a.cgf
    [-0.00000064012100026, 1.00000042674731060, 0.00000000000000000, -9.99999999999999822]
    [-1.00000042674731060, -0.00000064012100026, -0.00000000000000000, 1.00000000000000000]
    [-0.00000000000000000, 0.00000000000000000, 1.00000042674751533, 2.00000000000000000]
  #61 objects/buildingsets/human/hightech/delta/int/roomsm_b/wall/roomsm_b_wall_cornerin_01x01x04_a.cgf
    [1.00000000000000000, 0.00000000000000000, 0.00000000000000000, -9.99999999999999822]
    [0.00000000000000000, 1.00000000000000000, 0.00000000000000000, -7.00000000000000000]
    [0.00000000000000000, 0.00000000000000000, 1.00000000000000000, 2.00000000000000000]
  #62 objects/buildingsets/human/hightech/delta/int/roomsm_b/wall/roomsm_b_wall_straight_01x01x04_a.cgf
    [-0.00000064012100026, -1.00000042674731060, 0.00000000000000000, 4.00000100000000103]
    [1.00000042674731060, -0.00000064012100026, 0.00000000000000000, -0.99999799999999794]
    [0.00000000000000000, 0.00000000000000000, 1.00000042674751533, 2.00000000000000000]
  #63 objects/buildingsets/human/hightech/delta/int/roomsm_a/ceiling/roomsm_a_ceiling_straight_06x06x0025_c.cgf
    [1.00000000000000000, 0.00000000000000000, 0.00000000000000000, -8.99999999999999822]
    [0.00000000000000000, 1.00000000000000000, 0.00000000000000000, -6.00000000000000000]
    [0.00000000000000000, 0.00000000000000000, 1.00000000000000000, 6.00000000000000000]
  #64 data/objects/buildingsets/human/hightech/delta/int/roomsm_a/door/roomsm_a_door_double_frame_b.cgf
    [-0.00000064012100026, 1.00000042674731060, 0.00000000000000000, -10.99999999999999822]
    [-1.00000042674731060, -0.00000064012100026, -0.00000000000000000, -3.00000000000000000]
    [-0.00000000000000000, 0.00000000000000000, 1.00000042674751533, 2.00000000000000000]
  #65 objects/buildingsets/human/hightech/delta/int/roomsm_b/wall/roomsm_b_wall_cornerin_01x01x04_a.cgf
    [-0.00000064012100026, -1.00000042674731060, 0.00000000000000000, 4.00000000000000000]
    [1.00000042674731060, -0.00000064012100026, 0.00000000000000000, -7.00000000000000000]
    [0.00000000000000000, 0.00000000000000000, 1.00000042674751533, 2.00000000000000000]
  #66 objects/buildingsets/human/hightech/delta/int/roomsm_b/wall/roomsm_b_walll_straight_union_04x01x04_a.cgf
    [-0.00000064012100026, 1.00000042674731060, 0.00000000000000000, -11.99999900000000075]
    [-1.00000042674731060, -0.00000064012100026, -0.00000000000000000, -0.99999799999999794]
    [-0.00000000000000000, 0.00000000000000000, 1.00000042674751533, 2.00000000000000000]
  #67 objects/buildingsets/human/hightech/delta/int/roomsm_b/wall/roomsm_b_wall_straight_01x01x04_a.cgf
    [-1.00000000000000000, 0.00000000000000000, 0.00000000000000000, 3.00000000000000000]
    [0.00000000000000000, -1.00000000000000000, 0.00000000000000000, 1.00000000000000000]
    [0.00000000000000000, 0.00000000000000000, 1.00000000000000000, 2.00000000000000000]
  #68 objects/buildingsets/human/hightech/delta/int/roomsm_b/wall/roomsm_b_wall_straight_01x01x04_a.cgf
    [1.00000000000000000, 0.00000000000000000, 0.00000000000000000, -3.00000000000000000]
    [0.00000000000000000, 1.00000000000000000, 0.00000000000000000, -7.00000000000000000]
    [0.00000000000000000, 0.00000000000000000, 1.00000000000000000, 2.00000000000000000]
  #69 objects/buildingsets/human/hightech/delta/int/roomsm_b/wall/roomsm_b_wall_straight_01x01x04_a.cgf
    [-1.00000000000000000, 0.00000000000000000, 0.00000000000000000, -2.00000000000000000]
    [0.00000000000000000, -1.00000000000000000, 0.00000000000000000, 1.00000000000000000]
    [0.00000000000000000, 0.00000000000000000, 1.00000000000000000, 2.00000000000000000]
  #70 objects/buildingsets/human/hightech/delta/int/roomsm_b/wall/roomsm_b_wall_straight_01x01x04_a.cgf
    [-0.00000064012100026, 1.00000042674731060, 0.00000000000000000, -9.99999799999999972]
    [-1.00000042674731060, -0.00000064012100026, -0.00000000000000000, -5.00000100000000458]
    [-0.00000000000000000, 0.00000000000000000, 1.00000042674751533, 2.00000000000000000]
  #71 objects/buildingsets/human/hightech/delta/int/roomsm_b/floor/roomsm_b_floor_straight_06x06x0025_c.cgf
    [-0.00000064012100026, 1.00000042674731060, 0.00000000000000000, -8.99999999999999822]
    [-1.00000042674731060, -0.00000064012100026, -0.00000000000000000, 0.00000000000000000]
    [-0.00000000000000000, 0.00000000000000000, 1.00000042674751533, 2.00000000000000000]
  #72 objects/buildingsets/human/hightech/delta/int/roomsm_b/wall/roomsm_b_wall_straight_01x01x04_a.cgf
    [-0.00000064012100026, 1.00000042674731060, 0.00000000000000000, -10.00000099999999925]
    [-1.00000042674731060, -0.00000064012100026, -0.00000000000000000, 0.00000299999999953]
    [-0.00000000000000000, 0.00000000000000000, 1.00000042674751533, 2.00000000000000000]
  #73 objects/buildingsets/human/hightech/delta/int/roomsm_b/wall/roomsm_b_wall_straight_02x01x04_b.cgf
    [-1.00000000000000000, 0.00000000000000000, 0.00000000000000000, -6.99999999999999822]
    [0.00000000000000000, -1.00000000000000000, 0.00000000000000000, 1.00000000000000000]
    [0.00000000000000000, 0.00000000000000000, 1.00000000000000000, 2.00000000000000000]
  #74 data/objects/buildingsets/human/hightech/delta/int/roomsm_a/door/roomsm_a_door_double_frame_b.cgf
    [-0.00000064012100026, -1.00000042674731060, 0.00000000000000000, -10.99999999999999822]
    [1.00000042674731060, -0.00000064012100026, 0.00000000000000000, -3.00000000000000000]
    [0.00000000000000000, 0.00000000000000000, 1.00000042674751533, 2.00000000000000000]
  #75 objects/buildingsets/human/hightech/delta/int/roomsm_b/wall/roomsm_b_walll_straight_union_04x01x04_a.cgf
    [-0.00000064012100026, -1.00000042674731060, 0.00000000000000000, -9.99999799999999972]
    [1.00000042674731060, -0.00000064012100026, 0.00000000000000000, -5.00000100000000458]
    [0.00000000000000000, 0.00000000000000000, 1.00000042674751533, 2.00000000000000000]
  #76 objects/buildingsets/human/hightech/delta/int/roomsm_b/wall/roomsm_b_wall_straight_door_04x01x04_a.cgf
    [-1.00000000000000000, 0.00000000000000000, 0.00000000000000000, 2.00000000000000000]
    [0.00000000000000000, -1.00000000000000000, 0.00000000000000000, 1.00000000000000000]
    [0.00000000000000000, 0.00000000000000000, 1.00000000000000000, 2.00000000000000000]
  #77 objects/buildingsets/human/hightech/delta/int/roomsm_b/wall/roomsm_b_wall_straight_door_04x01x04_a.cgf
    [-0.00000064012100026, 1.00000042674731060, 0.00000000000000000, -10.00000099999999925]
    [-1.00000042674731060, -0.00000064012100026, -0.00000000000000000, -0.99999799999999794]
    [-0.00000000000000000, 0.00000000000000000, 1.00000042674751533, 2.00000000000000000]
  #78 objects/buildingsets/human/hightech/delta/int/roomsm_b/wall/roomsm_b_wall_straight_door_04x01x04_a.cgf
    [1.00000000000000000, 0.00000000000000000, 0.00000000000000000, -2.00000000000000000]
    [0.00000000000000000, 1.00000000000000000, 0.00000000000000000, -7.00000000000000000]
    [0.00000000000000000, 0.00000000000000000, 1.00000000000000000, 2.00000000000000000]
  #79 objects/buildingsets/human/hightech/delta/int/roomsm_b/wall/roomsm_b_wall_straight_01x01x04_a.cgf
    [-0.00000064012100026, -1.00000042674731060, 0.00000000000000000, 3.99999700000000047]
    [1.00000042674731060, -0.00000064012100026, 0.00000000000000000, -6.00000100000000458]
    [0.00000000000000000, 0.00000000000000000, 1.00000042674751533, 2.00000000000000000]
  #80 objects/buildingsets/human/hightech/delta/int/roomsm_a/ceiling/roomsm_a_ceiling_straight_06x06x0025_c.cgf
    [1.00000000000000000, 0.00000000000000000, 0.00000000000000000, -3.00000000000000000]
    [0.00000000000000000, 1.00000000000000000, 0.00000000000000000, -6.00000000000000000]
    [0.00000000000000000, 0.00000000000000000, 1.00000000000000000, 6.00000000000000000]
  #81 objects/buildingsets/human/hightech/delta/int/roomsm_b/wall/roomsm_b_wall_straight_door_04x01x04_a.cgf
    [-0.00000064012100026, -1.00000042674731060, 0.00000000000000000, 3.99999800000000150]
    [1.00000042674731060, -0.00000064012100026, 0.00000000000000000, -5.00000100000000458]
    [0.00000000000000000, 0.00000000000000000, 1.00000042674751533, 2.00000000000000000]
  #82 objects/buildingsets/human/hightech/delta/int/roomsm_b/wall/roomsm_b_wall_cornerin_01x01x04_a.cgf
    [-1.00000000000000000, 0.00000000000000000, 0.00000000000000000, 4.00000000000000000]
    [0.00000000000000000, -1.00000000000000000, 0.00000000000000000, 1.00000000000000000]
    [0.00000000000000000, 0.00000000000000000, 1.00000000000000000, 2.00000000000000000]
  #83 objects/buildingsets/human/hightech/delta/int/roomsm_b/wall/roomsm_b_wall_straight_04x01x04_a.cgf
    [1.00000000000000000, 0.00000000000000000, 0.00000000000000000, -8.99999999999999822]
    [0.00000000000000000, 1.00000000000000000, 0.00000000000000000, -7.00000000000000000]
    [0.00000000000000000, 0.00000000000000000, 1.00000000000000000, 2.00000000000000000]
  #84 objects/buildingsets/human/hightech/delta/int/roomsm_b/wall/roomsm_b_wall_straight_02x01x04_b.cgf
    [1.00000000000000000, 0.00000000000000000, 0.00000000000000000, -4.99999999999999822]
    [0.00000000000000000, 1.00000000000000000, 0.00000000000000000, -7.00000000000000000]
    [0.00000000000000000, 0.00000000000000000, 1.00000000000000000, 2.00000000000000000]
  #85 objects/buildingsets/human/hightech/delta/int/roomsm_a/door/roomsm_a_door_double_frame_b.cgf
    [1.00000000000000000, 0.00000000000000000, 0.00000000000000000, -22.01472799999999808]
    [0.00000000000000000, 1.00000000000000000, 0.00000000000000000, 7.49978800000000234]
    [0.00000000000000000, 0.00000000000000000, 1.00000000000000000, 2.00000000000000000]
  #86 objects/buildingsets/human/hightech/delta/int/roomsm_b/wall/roomsm_b_walll_straight_union_04x01x04_a.cgf
    [-1.00000000000000000, 0.00000000000000000, 0.00000000000000000, 2.00000000000000000]
    [0.00000000000000000, -1.00000000000000000, 0.00000000000000000, -7.00000000000000000]
    [0.00000000000000000, 0.00000000000000000, 1.00000000000000000, 2.00000000000000000]
  #87 objects/buildingsets/human/hightech/delta/int/roomsm_b/floor/roomsm_b_floor_straight_03x01x0025_c.cgf
    [-1.00000000000066680, -0.00000000000200000, 0.00000199999999495, 1.21874200000000066]
    [0.00000000000200000, 1.00000000000066680, 0.00000199999999495, -8.76940199999999948]
    [-0.00000199999999495, 0.00000199999999495, -0.99999999999866684, 5.82249600000000012]
  #88 data/objects/buildingsets/human/hightech/delta/int/roomsm_a/door/roomsm_a_door_double_frame_b.cgf
    [1.00000000000000000, 0.00000000000000000, 0.00000000000000000, 0.00000000000000000]
    [0.00000000000000000, 1.00000000000000000, 0.00000000000000000, -12.26431699999999836]
    [0.00000000000000000, 0.00000000000000000, 1.00000000000000000, 2.00000000000000000]
  #89 objects/buildingsets/human/hightech/delta/int/roomsm_a/wall/roomsm_a_wall_straight_01x01x04_a.cgf
    [-0.00000350610905807, 1.00000042674396106, 0.00000000000000000, -2.12500199999999850]
    [-1.00000042674396106, -0.00000350610905807, -0.00000000000000000, -8.76939600000000041]
    [-0.00000000000000000, 0.00000000000000000, 1.00000042675010747, 2.00000000000000000]
  #90 objects/buildingsets/human/hightech/delta/int/roomsm_a/wall/roomsm_a_wall_straight_01x01x04_a.cgf
    [-0.00000350610905807, 1.00000042674396106, 0.00000000000000000, -2.12500000000000000]
    [-1.00000042674396106, -0.00000350610905807, -0.00000000000000000, -7.76939600000000041]
    [-0.00000000000000000, 0.00000000000000000, 1.00000042675010747, 2.00000000000000000]
  #91 data/objects/buildingsets/human/hightech/delta/int/roomsm_a/door/roomsm_a_door_double_frame_b.cgf
    [-1.00000000000000000, 0.00000000000000000, 0.00000000000000000, 0.00000000000000000]
    [0.00000000000000000, -1.00000000000000000, 0.00000000000000000, -8.00000000000000000]
    [0.00000000000000000, 0.00000000000000000, 1.00000000000000000, 2.00000000000000000]
  #92 objects/buildingsets/human/hightech/delta/int/roomsm_a/wall/roomsm_a_wall_straight_02x01x04_c.cgf
    [-0.00000064012100026, 1.00000042674731060, 0.00000000000000000, -2.06250000000000000]
    [-1.00000042674731060, -0.00000064012100026, -0.00000000000000000, -9.76939399999999836]
    [-0.00000000000000000, 0.00000000000000000, 1.00000042674751533, 1.96875000000000000]
  #93 objects/buildingsets/human/hightech/delta/int/roomsm_a/wall/roomsm_a_wall_straight_01x01x04_a.cgf
    [-0.00000064012100026, -1.00000042674731060, 0.00000000000000000, 2.12499800000000150]
    [1.00000042674731060, -0.00000064012100026, 0.00000000000000000, -8.76940499999999901]
    [0.00000000000000000, 0.00000000000000000, 1.00000042674751533, 2.00000000000000000]
  #94 objects/buildingsets/human/hightech/delta/int/roomsm_a/wall/roomsm_a_wall_straight_02x01x04_c.cgf
    [-0.00000064012100026, -1.00000042674731060, 0.00000000000000000, 2.08649600000000035]
    [1.00000042674731060, -0.00000064012100026, 0.00000000000000000, -11.75950300000000226]
    [0.00000000000000000, 0.00000000000000000, 1.00000042674751533, 1.96875000000000000]
  #95 data/objects/buildingsets/human/hightech/delta/int/roomsm_a/addon/roomsm_a_addon_ceiling_track_straight_computer_02x005x003_a.cgf
    [1.82584595680236816, 0.00000000000000000, 0.00000000000000000, -2.68745699999999843]
    [0.00000000000000000, -1.82584595680236816, 0.00000000000000000, -11.39442700000000031]
    [0.00000000000000000, 0.00000000000000000, -1.82584595680236816, 4.81250000000000000]
  #96 objects/buildingsets/human/hightech/delta/int/roomsm_a/wall/roomsm_a_walll_straight_union_04x01x04_a.cgf
    [1.00000000000000000, 0.00000000000000000, 0.00000000000000000, -2.00000000000000000]
    [0.00000000000000000, 1.00000000000000000, 0.00000000000000000, -13.29725400000000235]
    [0.00000000000000000, 0.00000000000000000, 1.00000000000000000, 2.00000000000000000]
  #97 objects/buildingsets/human/hightech/delta/int/roomsm_b/floor/roomsm_b_floor_straight_02x02x0025_a.cgf
    [-1.12478899955749512, 0.00000000000000000, 0.00000000000000000, 1.12500000000000000]
    [0.00000000000000000, -1.12478899955749512, 0.00000000000000000, -9.51939500000000294]
    [0.00000000000000000, 0.00000000000000000, 1.12478899955749512, 2.00000000000000000]
  #98 objects/buildingsets/human/hightech/delta/int/roomsm_b/floor/roomsm_b_floor_straight_03x02x0025_a.cgf
    [-1.00000000000066680, -0.00000000000200000, 0.00000199999999495, 1.21874200000000066]
    [0.00000000000200000, 1.00000000000066680, 0.00000199999999495, -11.76940199999999948]
    [-0.00000199999999495, 0.00000199999999495, -0.99999999999866684, 5.82249000000000017]
  #99 data/objects/buildingsets/human/hightech/delta/int/roomsm_a/addon/roomsm_a_addon_ceiling_track_straight_computer_02x005x003_a.cgf
    [1.82584595680236816, 0.00000000000000000, 0.00000000000000000, -1.93745699999999843]
    [0.00000000000000000, -1.82584595680236816, 0.00000000000000000, -11.33192600000000283]
    [0.00000000000000000, 0.00000000000000000, -1.82584595680236816, 4.87500000000000000]
  #100 Data/ObjectContainers/PU/loc/mod/outpost/ht/station/ht_station_001a_int//Brush/designer_58.cgf
    [1.00000000000000000, 0.00000000000000000, 0.00000000000000000, 0.05719400000000086]
    [0.00000000000000000, 1.00000000000000000, 0.00000000000000000, -13.02753500000000031]
    [0.00000000000000000, 0.00000000000000000, 1.00000000000000000, 2.20771400000000018]
  #101 objects/buildingsets/human/hightech/delta/int/roomsm_b/floor/roomsm_b_floor_straight_02x01x0025_a.cgf
    [-1.12478899955749512, 0.00000000000000000, 0.00000000000000000, 1.12500000000000000]
    [0.00000000000000000, -1.12478899955749512, 0.00000000000000000, -8.89439500000000294]
    [0.00000000000000000, 0.00000000000000000, 1.12478899955749512, 1.96875000000000000]
  #102 objects/buildingsets/human/hightech/delta/int/roomsm_b/floor/roomsm_b_floor_straight_02x01x0025_a.cgf
    [-1.12478899955749512, 0.00000000000000000, 0.00000000000000000, 1.12500000000000000]
    [0.00000000000000000, -1.12478899955749512, 0.00000000000000000, -7.76939500000000294]
    [0.00000000000000000, 0.00000000000000000, 1.12478899955749512, 1.96875000000000000]
  #103 objects/buildingsets/human/hightech/delta/int/roomsm_a/door/roomsm_a_door_double_frame_b.cgf
    [1.00000000000000000, 0.00000000000000000, 0.00000000000000000, 0.00167600000000157]
    [0.00000000000000000, 1.00000000000000000, 0.00000000000000000, -12.78140100000000245]
    [0.00000000000000000, 0.00000000000000000, 1.00000000000000000, 2.00000000000000000]
  #104 objects/buildingsets/human/hightech/delta/int/roomsm_a/wall/roomsm_a_walll_straight_union_04x01x04_a.cgf
    [1.00000000000000000, 0.00000000000000000, 0.00000000000000000, -2.00000000000000000]
    [0.00000000000000000, 1.00000000000000000, 0.00000000000000000, -12.50930000000000319]
    [0.00000000000000000, 0.00000000000000000, 1.00000000000000000, 2.00000000000000000]
  #105 objects/buildingsets/human/hightech/delta/int/roomsm_a/wall/roomsm_a_wall_straight_01x01x04_a.cgf
    [-0.00000064012100026, -1.00000042674731060, 0.00000000000000000, 2.12499600000000122]
    [1.00000042674731060, -0.00000064012100026, 0.00000000000000000, -9.76940499999999901]
    [0.00000000000000000, 0.00000000000000000, 1.00000042674751533, 2.00000000000000000]
  #106 objects/buildingsets/human/hightech/delta/int/roomsm_a/wall/roomsm_a_wall_straight_01x01x04_a.cgf
    [-0.00000064012100026, 1.00000042674731060, 0.00000000000000000, 13.84309900000000049]
    [-1.00000042674731060, -0.00000064012100026, -0.00000000000000000, 3.74446199999999862]
    [-0.00000000000000000, 0.00000000000000000, 1.00000042674751533, 2.00000000000000000]
  #107 objects/buildingsets/human/hightech/delta/int/roomsm_b/floor/roomsm_b_floor_lip_straight_4m_a.cgf
    [1.00000042674751533, 0.00000000000000000, 0.00000000000000000, 14.81959200000000010]
    [0.00000000000000000, -0.00000064012100026, -1.00000042674731060, 5.99169399999999541]
    [0.00000000000000000, 1.00000042674731060, -0.00000064012100026, 2.05309199999999992]
  #108 objects/buildingsets/human/hightech/delta/int/roomsm_a/wall/roomsm_a_wall_straight_01x01x04_a.cgf
    [0.00000222586295115, -1.00000042674518408, 0.00000000000000000, 18.09309700000000021]
    [1.00000042674518408, 0.00000222586295115, 0.00000000000000000, 2.74445300000000003]
    [0.00000000000000000, 0.00000000000000000, 1.00000042674766121, 2.00000000000000000]
  #109 objects/buildingsets/human/hightech/delta/int/roomsm_b/wall/roomsm_b_wall_straight_door_04x01x04_a.cgf
    [1.00000000000000000, 0.00000000000000000, 0.00000000000000000, 13.96809500000000170]
    [0.00000000000000000, 1.00000000000000000, 0.00000000000000000, 5.86111499999999808]
    [0.00000000000000000, 0.00000000000000000, 1.00000000000000000, 2.00000000000000000]
  #110 data/objects/buildingsets/human/hightech/delta/int/roomsm_a/door/roomsm_a_door_double_frame_b.cgf
    [1.00000000000000000, 0.00000000000000000, 0.00000000000000000, 16.00000000000000000]
    [0.00000000000000000, 1.00000000000000000, 0.00000000000000000, 2.00000000000000000]
    [0.00000000000000000, 0.00000000000000000, 1.00000000000000000, 2.00000000000000000]
  #111 objects/buildingsets/human/hightech/delta/int/roomsm_a/door/roomsm_a_door_double_frame_b.cgf
    [1.00000000000000000, 0.00000000000000000, 0.00000000000000000, 16.00167599999999979]
    [0.00000000000000000, 1.00000000000000000, 0.00000000000000000, 7.21859899999999755]
    [0.00000000000000000, 0.00000000000000000, 1.00000000000000000, 2.00000000000000000]
  #112 data/objects/buildingsets/human/hightech/delta/int/roomsm_a/addon/roomsm_a_addon_ceiling_track_straight_computer_02x005x003_a.cgf
    [-1.82584595680236816, 0.00000000000000000, 0.00000000000000000, 18.65555200000000013]
    [0.00000000000000000, 1.82584595680236816, 0.00000000000000000, 5.36948399999999992]
    [0.00000000000000000, 0.00000000000000000, -1.82584595680236816, 4.81250000000000000]
  #113 objects/buildingsets/human/hightech/delta/int/roomsm_a/door/roomsm_a_door_double_frame_a.cgf
    [-1.00000000000000000, 0.00000000000000000, 0.00000000000000000, 16.00167599999999979]
    [0.00000000000000000, -1.00000000000000000, 0.00000000000000000, 5.42384899999999703]
    [0.00000000000000000, 0.00000000000000000, 1.00000000000000000, 1.94693000000000005]
  #114 objects/buildingsets/human/hightech/delta/int/roomsm_b/floor/roomsm_b_floor_straight_02x01x0025_a.cgf
    [1.12478899955749512, 0.00000000000000000, 0.00000000000000000, 14.84309500000000170]
    [0.00000000000000000, 1.12478899955749512, 0.00000000000000000, 1.74445199999999545]
    [0.00000000000000000, 0.00000000000000000, 1.12478899955749512, 1.96875000000000000]
  #115 objects/buildingsets/human/hightech/delta/int/roomsm_b/floor/roomsm_b_floor_straight_03x02x0025_a.cgf
    [1.00000000000066680, 0.00000000000200000, -0.00000199999999496, 14.74935300000000105]
    [-0.00000000000200000, -1.00000000000066680, -0.00000199999999495, 5.74445899999999909]
    [-0.00000199999999496, 0.00000199999999495, -0.99999999999866684, 5.82249000000000017]
  #116 objects/buildingsets/human/hightech/delta/int/roomsm_a/wall/roomsm_a_wall_straight_02x01x04_c.cgf
    [-0.00000064012100026, 1.00000042674731060, 0.00000000000000000, 13.88159900000000135]
    [-1.00000042674731060, -0.00000064012100026, -0.00000000000000000, 5.73456000000000188]
    [-0.00000000000000000, 0.00000000000000000, 1.00000042674751533, 1.96875000000000000]
  #117 objects/buildingsets/human/hightech/delta/int/roomsm_b/floor/roomsm_b_floor_straight_03x01x0025_c.cgf
    [1.00000000000066680, 0.00000000000200000, -0.00000199999999496, 14.74935300000000105]
    [-0.00000000000200000, -1.00000000000066680, -0.00000199999999495, 2.74445899999999909]
    [-0.00000199999999496, 0.00000199999999495, -0.99999999999866684, 5.82249600000000012]
  #118 objects/buildingsets/human/hightech/delta/int/roomsm_b/floor/roomsm_b_floor_straight_02x01x0025_a.cgf
    [1.12478899955749512, 0.00000000000000000, 0.00000000000000000, 14.84309500000000170]
    [0.00000000000000000, 1.12478899955749512, 0.00000000000000000, 2.86945199999999545]
    [0.00000000000000000, 0.00000000000000000, 1.12478899955749512, 1.96875000000000000]
  #119 objects/buildingsets/human/hightech/delta/int/roomsm_a/wall/roomsm_a_wall_straight_01x01x04_a.cgf
    [0.00000222586295115, -1.00000042674518408, 0.00000000000000000, 18.09309500000000170]
    [1.00000042674518408, 0.00000222586295115, 0.00000000000000000, 1.74445300000000003]
    [0.00000000000000000, 0.00000000000000000, 1.00000042674766121, 2.00000000000000000]
  #120 objects/buildingsets/human/hightech/delta/int/roomsm_b/wall/roomsm_b_walll_straight_union_04x01x04_a.cgf
    [1.00000000000000000, 0.00000000000000000, 0.00000000000000000, 14.00000000000000000]
    [0.00000000000000000, 1.00000000000000000, 0.00000000000000000, 1.00000000000000000]
    [0.00000000000000000, 0.00000000000000000, 1.00000000000000000, 2.00000000000000000]
  #121 objects/buildingsets/human/hightech/delta/int/roomsm_b/floor/roomsm_b_floor_straight_02x02x0025_a.cgf
    [1.12478899955749512, 0.00000000000000000, 0.00000000000000000, 14.84309500000000170]
    [0.00000000000000000, 1.12478899955749512, 0.00000000000000000, 3.49445199999999545]
    [0.00000000000000000, 0.00000000000000000, 1.12478899955749512, 2.00000000000000000]
  #122 objects/buildingsets/human/hightech/delta/int/roomsm_a/wall/roomsm_a_wall_straight_01x01x04_a.cgf
    [-0.00000064012100026, 1.00000042674731060, 0.00000000000000000, 13.84309700000000021]
    [-1.00000042674731060, -0.00000064012100026, -0.00000000000000000, 2.74446199999999862]
    [-0.00000000000000000, 0.00000000000000000, 1.00000042674751533, 2.00000000000000000]
  #123 data/objects/buildingsets/human/hightech/delta/int/roomsm_a/addon/roomsm_a_addon_ceiling_track_straight_computer_02x005x003_a.cgf
    [-1.82584595680236816, 0.00000000000000000, 0.00000000000000000, 17.90555200000000013]
    [0.00000000000000000, 1.82584595680236816, 0.00000000000000000, 5.30698299999999534]
    [0.00000000000000000, 0.00000000000000000, -1.82584595680236816, 4.87500000000000000]
  #124 objects/buildingsets/human/hightech/delta/int/roomsm_a/wall/roomsm_a_wall_straight_02x01x04_c.cgf
    [-0.00000064012100026, -1.00000042674731060, 0.00000000000000000, 18.03059500000000170]
    [1.00000042674731060, -0.00000064012100026, 0.00000000000000000, 3.74445099999999798]
    [0.00000000000000000, 0.00000000000000000, 1.00000042674751533, 1.96875000000000000]
  #125 objects/buildingsets/human/hightech/delta/int/roomsm_a/wall/roomsm_a_walll_straight_union_04x01x04_a.cgf
    [-1.00000000000000000, 0.00000000000000000, 0.00000000000000000, 2.00000000000000000]
    [0.00000000000000000, -1.00000000000000000, 0.00000000000000000, 3.00000000000000000]
    [0.00000000000000000, 0.00000000000000000, 1.00000000000000000, 2.00000000000000000]
  #126 data/objects/buildingsets/human/hightech/delta/int/roomsm_a/door/roomsm_a_door_double_frame_b.cgf
    [1.00000000000000000, 0.00000000000000000, 0.00000000000000000, 0.00000000000000000]
    [0.00000000000000000, 1.00000000000000000, 0.00000000000000000, 2.00000000000000000]
    [0.00000000000000000, 0.00000000000000000, 1.00000000000000000, 2.00000000000000000]
  #127 objects/buildingsets/human/hightech/delta/int/roomsm_b/wall/roomsm_b_wall_straight_01x01x04_b.cgf
    [1.00000000000000000, 0.00000000000000000, 0.00000000000000000, -3.00000000000000000]
    [0.00000000000000000, 1.00000000000000000, 0.00000000000000000, 3.00000000000000000]
    [0.00000000000000000, 0.00000000000000000, 1.00000000000000000, 2.00000000000000000]
  #128 objects/buildingsets/human/hightech/delta/int/roomsm_a/wall/roomsm_a_wall_straight_door_04x01x04_a.cgf
    [1.00000000000000000, 0.00000000000000000, 0.00000000000000000, -2.00000000000000000]
    [0.00000000000000000, 1.00000000000000000, 0.00000000000000000, 3.00000000000000000]
    [0.00000000000000000, 0.00000000000000000, 1.00000000000000000, 2.00000000000000000]
  #129 objects/buildingsets/human/hightech/delta/int/roomsm_b/wall/roomsm_b_wall_straight_02x01x04_b.cgf
    [-0.00000064012100026, -1.00000042674731060, 0.00000000000000000, 4.00000200000000028]
    [1.00000042674731060, -0.00000064012100026, 0.00000000000000000, 7.99999799999999794]
    [0.00000000000000000, 0.00000000000000000, 1.00000042674751533, 2.00000000000000000]
  #130 objects/buildingsets/human/hightech/delta/int/roomsm_b/wall/roomsm_b_wall_cornerin_01x01x04_a.cgf
    [-0.00000064012100026, -1.00000042674731060, 0.00000000000000000, 4.00000000000000000]
    [1.00000042674731060, -0.00000064012100026, 0.00000000000000000, 3.00000000000000000]
    [0.00000000000000000, 0.00000000000000000, 1.00000042674751533, 2.00000000000000000]
  #131 objects/buildingsets/human/hightech/delta/int/roomsm_b/wall/roomsm_b_wall_panel_straight_01x01x04_b.cgf
    [-0.00000064012100026, 1.00000042674731060, 0.00000000000000000, -3.99999799999999972]
    [-1.00000042674731060, -0.00000064012100026, -0.00000000000000000, 5.00000200000000206]
    [-0.00000000000000000, 0.00000000000000000, 1.00000042674751533, 2.00000000000000000]
  #132 objects/buildingsets/human/hightech/delta/int/roomsm_b/floor/roomsm_b_floor_straight_06x06x0025_c.cgf
    [1.00000000000000000, 0.00000000000000000, 0.00000000000000000, -3.00000000000000000]
    [0.00000000000000000, 1.00000000000000000, 0.00000000000000000, 4.00000000000000000]
    [0.00000000000000000, 0.00000000000000000, 1.00000000000000000, 2.00000000000000000]
  #133 objects/buildingsets/human/hightech/delta/int/roomsm_b/wall/roomsm_b_walll_straight_union_04x01x04_a.cgf
    [1.00000000000000000, 0.00000000000000000, 0.00000000000000000, -2.00000000000000000]
    [0.00000000000000000, 1.00000000000000000, 0.00000000000000000, 1.00000000000000000]
    [0.00000000000000000, 0.00000000000000000, 1.00000000000000000, 2.00000000000000000]
  #134 objects/buildingsets/human/hightech/delta/int/roomsm_a/wall/roomsm_a_wall_cornerin_01x01x04_b.cgf
    [-1.00000000000000000, 0.00000000000000000, 0.00000000000000000, 4.00000000000000000]
    [0.00000000000000000, -1.00000000000000000, 0.00000000000000000, 11.00000000000000000]
    [0.00000000000000000, 0.00000000000000000, 1.00000000000000000, 2.00000000000000000]
  #135 objects/buildingsets/human/hightech/delta/int/roomsm_b/wall/roomsm_b_wall_panel_cornerin_01x01x04_a.cgf
    [-0.00000064012100026, 1.00000042674731060, 0.00000000000000000, -3.99999999999999822]
    [-1.00000042674731060, -0.00000064012100026, -0.00000000000000000, 11.00000000000000000]
    [-0.00000000000000000, 0.00000000000000000, 1.00000042674751533, 2.00000000000000000]
  #136 objects/buildingsets/human/hightech/delta/int/roomsm_a/wall/roomsm_a_wall_straight_01x01x04_a.cgf
    [1.00000000000000000, 0.00000000000000000, 0.00000000000000000, -3.00000000000000000]
    [0.00000000000000000, 1.00000000000000000, 0.00000000000000000, 3.00000000000000000]
    [0.00000000000000000, 0.00000000000000000, 1.00000000000000000, 2.00000000000000000]
  #137 objects/buildingsets/human/hightech/delta/int/roomsm_b/wall/roomsm_b_walll_straight_union_04x01x04_a.cgf
    [-1.00000000000000000, 0.00000000000000000, 0.00000000000000000, 2.00000000000000000]
    [0.00000000000000000, -1.00000000000000000, 0.00000000000000000, 3.00000000000000000]
    [0.00000000000000000, 0.00000000000000000, 1.00000000000000000, 2.00000000000000000]
  #138 objects/buildingsets/human/hightech/delta/int/roomsm_b/wall/roomsm_b_wall_straight_01x01x04_b.cgf
    [-1.00000000000000000, 0.00000000000000000, 0.00000000000000000, -2.00000000000000000]
    [0.00000000000000000, -1.00000000000000000, 0.00000000000000000, 11.00000000000000000]
    [0.00000000000000000, 0.00000000000000000, 1.00000000000000000, 2.00000000000000000]
  #139 objects/buildingsets/human/hightech/delta/int/roomsm_b/wall/roomsm_b_wall_straight_door_04x01x04_a.cgf
    [-1.00000000000000000, 0.00000000000000000, 0.00000000000000000, 2.00000000000000000]
    [0.00000000000000000, -1.00000000000000000, 0.00000000000000000, 11.00000000000000000]
    [0.00000000000000000, 0.00000000000000000, 1.00000000000000000, 2.00000000000000000]
  #140 objects/buildingsets/human/hightech/delta/int/roomsm_a/wall/roomsm_a_wall_straight_01x01x04_a.cgf
    [1.00000000000000000, 0.00000000000000000, 0.00000000000000000, 2.00000000000000000]
    [0.00000000000000000, 1.00000000000000000, 0.00000000000000000, 3.00000000000000000]
    [0.00000000000000000, 0.00000000000000000, 1.00000000000000000, 2.00000000000000000]
  #141 data/objects/buildingsets/human/hightech/delta/int/roomsm_a/door/roomsm_a_door_double_frame_b.cgf
    [-1.00000000000000000, 0.00000000000000000, 0.00000000000000000, 0.00000000000000000]
    [0.00000000000000000, -1.00000000000000000, 0.00000000000000000, 2.00000000000000000]
    [0.00000000000000000, 0.00000000000000000, 1.00000000000000000, 2.00000000000000000]
  #142 objects/buildingsets/human/hightech/delta/int/roomsm_b/wall/roomsm_b_wall_panel_straight_04x01x04_b.cgf
    [-0.00000064012100026, 1.00000042674731060, 0.00000000000000000, -3.99999799999999972]
    [-1.00000042674731060, -0.00000064012100026, -0.00000000000000000, 9.00000199999999495]
    [-0.00000000000000000, 0.00000000000000000, 1.00000042674751533, 2.00000000000000000]
  #143 objects/buildingsets/human/hightech/delta/int/roomsm_b/wall/roomsm_b_wall_straight_04x01x04_b.cgf
    [-0.00000064012100026, -1.00000042674731060, 0.00000000000000000, 4.00000200000000028]
    [1.00000042674731060, -0.00000064012100026, 0.00000000000000000, 3.99999799999999794]
    [0.00000000000000000, 0.00000000000000000, 1.00000042674751533, 2.00000000000000000]
  #144 objects/buildingsets/human/hightech/delta/int/roomsm_b/wall/roomsm_b_wall_straight_01x01x04_b.cgf
    [-1.00000000000000000, 0.00000000000000000, 0.00000000000000000, 3.00000000000000000]
    [0.00000000000000000, -1.00000000000000000, 0.00000000000000000, 11.00000000000000000]
    [0.00000000000000000, 0.00000000000000000, 1.00000000000000000, 2.00000000000000000]
  #145 objects/buildingsets/human/hightech/delta/int/roomsm_b/wall/roomsm_b_wall_panel_cornerin_01x01x04_a.cgf
    [1.00000000000000000, 0.00000000000000000, 0.00000000000000000, -3.99999999999999822]
    [0.00000000000000000, 1.00000000000000000, 0.00000000000000000, 3.00000000000000000]
    [0.00000000000000000, 0.00000000000000000, 1.00000000000000000, 2.00000000000000000]
  #146 objects/buildingsets/human/hightech/delta/int/roomsm_a/ceiling/roomsm_a_ceiling_straight_06x06x0025_a.cgf
    [-0.00000064012100026, -1.00000042674731060, 0.00000000000000000, 3.00000000000000000]
    [1.00000042674731060, -0.00000064012100026, 0.00000000000000000, 4.00000000000000000]
    [0.00000000000000000, 0.00000000000000000, 1.00000042674751533, 6.00000000000000000]
  #147 objects/buildingsets/human/hightech/delta/int/roomsm_b/wall/roomsm_b_wall_panel_straight_01x01x04_b.cgf
    [-0.00000064012100026, 1.00000042674731060, 0.00000000000000000, -3.99999799999999972]
    [-1.00000042674731060, -0.00000064012100026, -0.00000000000000000, 10.00000199999999495]
    [-0.00000000000000000, 0.00000000000000000, 1.00000042674751533, 2.00000000000000000]
  #148 objects/buildingsets/human/hightech/delta/int/roomsm_b/wall/roomsm_b_wall_straight_01x01x04_b.cgf
    [1.00000000000000000, 0.00000000000000000, 0.00000000000000000, 2.00000000000000000]
    [0.00000000000000000, 1.00000000000000000, 0.00000000000000000, 3.00000000000000000]
    [0.00000000000000000, 0.00000000000000000, 1.00000000000000000, 2.00000000000000000]
  #149 objects/buildingsets/human/hightech/delta/int/roomsm_a/wall/roomsm_a_wall_straight_06x01x04_a.cgf
    [1.00000000000000000, 0.00000000000000000, 0.00000000000000000, 7.00000000000000089]
    [0.00000000000000000, 1.00000000000000000, 0.00000000000000000, -7.00000000000000000]
    [0.00000000000000000, 0.00000000000000000, 1.00000000000000000, 2.00000000000000000]
  #150 objects/buildingsets/human/hightech/delta/int/roomsm_a/ceiling/roomsm_a_ceiling_straight_06x06x0025_b.cgf
    [-1.00000000000000000, 0.00000000000000000, 0.00000000000000000, 12.99999700000000047]
    [0.00000000000000000, -1.00000000000000000, 0.00000000000000000, 0.00000299999999953]
    [0.00000000000000000, 0.00000000000000000, 1.00000000000000000, 6.00000000000000000]
  #151 objects/buildingsets/human/hightech/delta/int/roomsm_b/floor/roomsm_b_floor_straight_06x06x0025_c.cgf
    [-0.00000064012100026, -1.00000042674731060, 0.00000000000000000, 12.99999700000000047]
    [1.00000042674731060, -0.00000064012100026, 0.00000000000000000, -6.00000599999999906]
    [0.00000000000000000, 0.00000000000000000, 1.00000042674751533, 2.00000000000000000]
  #152 objects/buildingsets/human/hightech/delta/int/roomsm_a/wall/roomsm_a_wall_straight_02x01x04_c.cgf
    [-1.00000000000000000, 0.00000000000000000, 0.00000000000000000, 14.00000000000000000]
    [0.00000000000000000, -1.00000000000000000, 0.00000000000000000, 1.00000000000000000]
    [0.00000000000000000, 0.00000000000000000, 1.00000000000000000, 2.00000000000000000]
  #153 objects/buildingsets/human/hightech/delta/int/roomsm_a/wall/roomsm_a_walll_straight_union_04x01x04_a.cgf
    [-0.00000064012100026, -1.00000042674731060, 0.00000000000000000, 6.00000200000000117]
    [1.00000042674731060, -0.00000064012100026, 0.00000000000000000, -5.00000100000000458]
    [0.00000000000000000, 0.00000000000000000, 1.00000042674751533, 2.00000000000000000]
  #154 objects/buildingsets/human/hightech/delta/int/roomsm_a/wall/roomsm_a_wall_straight_door_04x01x04_a.cgf
    [-0.00000064012100026, 1.00000042674731060, 0.00000000000000000, 5.99999900000000075]
    [-1.00000042674731060, -0.00000064012100026, -0.00000000000000000, -0.99999799999999794]
    [-0.00000000000000000, 0.00000000000000000, 1.00000042674751533, 2.00000000000000000]
  #155 objects/buildingsets/human/hightech/delta/int/roomsm_a/wall/roomsm_a_wall_cornerin_01x01x04_a.cgf
    [1.00000000000000000, 0.00000000000000000, 0.00000000000000000, 5.99999700000000047]
    [0.00000000000000000, 1.00000000000000000, 0.00000000000000000, -6.99999600000000299]
    [0.00000000000000000, 0.00000000000000000, 1.00000000000000000, 2.00000000000000000]
  #156 objects/buildingsets/human/hightech/delta/int/roomsm_a/wall/roomsm_a_wall_cornerin_01x01x04_a.cgf
    [-0.00000064012100026, 1.00000042674731060, 0.00000000000000000, 6.00000400000000056]
    [-1.00000042674731060, -0.00000064012100026, -0.00000000000000000, 1.00000299999999953]
    [-0.00000000000000000, 0.00000000000000000, 1.00000042674751533, 2.00000000000000000]
  #157 objects/buildingsets/human/hightech/delta/int/roomsm_a/wall/roomsm_a_wall_straight_04x01x04_e.cgf
    [-1.00000000000000000, 0.00000000000000000, 0.00000000000000000, 10.99999900000000075]
    [0.00000000000000000, -1.00000000000000000, 0.00000000000000000, 1.00000000000000000]
    [0.00000000000000000, 0.00000000000000000, 1.00000000000000000, 2.00000000000000000]
  #158 data/objects/buildingsets/human/hightech/delta/int/roomsm_a/door/roomsm_a_door_double_frame_b.cgf
    [-0.00000064012100026, -1.00000042674731060, 0.00000000000000000, 5.00000000000000089]
    [1.00000042674731060, -0.00000064012100026, 0.00000000000000000, -3.00000000000000000]
    [0.00000000000000000, 0.00000000000000000, 1.00000042674751533, 2.00000000000000000]
  #159 objects/buildingsets/human/hightech/delta/int/roomsm_b/wall/roomsm_b_walll_straight_union_04x01x04_a.cgf
    [-0.00000064012100026, 1.00000042674731060, 0.00000000000000000, 4.00000100000000103]
    [-1.00000042674731060, -0.00000064012100026, -0.00000000000000000, -0.99999799999999794]
    [-0.00000000000000000, 0.00000000000000000, 1.00000042674751533, 2.00000000000000000]
  #160 data/objects/buildingsets/human/hightech/delta/int/roomsm_a/door/roomsm_a_door_double_frame_b.cgf
    [-0.00000064012100026, 1.00000042674731060, 0.00000000000000000, 5.00000000000000089]
    [-1.00000042674731060, -0.00000064012100026, -0.00000000000000000, -3.00000000000000000]
    [-0.00000000000000000, 0.00000000000000000, 1.00000042674751533, 2.00000000000000000]
  #161 objects/buildingsets/human/hightech/delta/int/roomsm_a/wall/roomsm_a_wall_straight_01x01x04_a.cgf
    [-0.00000064012100026, 1.00000042674731060, 0.00000000000000000, 5.99999900000000075]
    [-1.00000042674731060, -0.00000064012100026, -0.00000000000000000, 0.00000299999999953]
    [-0.00000000000000000, 0.00000000000000000, 1.00000042674751533, 2.00000000000000000]
  #162 objects/buildingsets/human/hightech/delta/int/roomsm_a/wall/roomsm_a_wall_straight_01x01x04_a.cgf
    [-0.00000064012100026, 1.00000042674731060, 0.00000000000000000, 6.00000200000000117]
    [-1.00000042674731060, -0.00000064012100026, -0.00000000000000000, -5.00000100000000458]
    [-0.00000000000000000, 0.00000000000000000, 1.00000042674751533, 2.00000000000000000]
  #163 objects/buildingsets/human/hightech/delta/int/roomsm_a/wall/roomsm_a_wall_straight_01x01x04_a.cgf
    [-1.00000000000000000, 0.00000000000000000, 0.00000000000000000, 12.00000000000000000]
    [0.00000000000000000, -1.00000000000000000, 0.00000000000000000, 1.00000000000000000]
    [0.00000000000000000, 0.00000000000000000, 1.00000000000000000, 2.00000000000000000]
  #164 objects/buildingsets/human/hightech/delta/int/roomsm_a/wall/roomsm_a_wall_cornerin_01x01x04_a.cgf
    [-1.00000000000000000, 0.00000000000000000, 0.00000000000000000, 20.00000299999999953]
    [0.00000000000000000, -1.00000000000000000, 0.00000000000000000, 0.99999599999999589]
    [0.00000000000000000, 0.00000000000000000, 1.00000000000000000, 2.00000000000000000]
  #165 objects/buildingsets/human/hightech/delta/int/roomsm_a/wall/roomsm_a_wall_cornerin_01x01x04_a.cgf
    [-0.00000064012100026, -1.00000042674731060, 0.00000000000000000, 19.99999600000000299]
    [1.00000042674731060, -0.00000064012100026, 0.00000000000000000, -7.00000299999999953]
    [0.00000000000000000, 0.00000000000000000, 1.00000042674751533, 2.00000000000000000]
  #166 objects/buildingsets/human/hightech/delta/int/roomsm_a/wall/roomsm_a_wall_straight_door_04x01x04_a.cgf
    [-1.00000000000000000, 0.00000000000000000, 0.00000000000000000, 18.00000000000000000]
    [0.00000000000000000, -1.00000000000000000, 0.00000000000000000, 1.00000000000000000]
    [0.00000000000000000, 0.00000000000000000, 1.00000000000000000, 2.00000000000000000]
  #167 objects/buildingsets/human/hightech/delta/int/roomsm_a/wall/roomsm_a_wall_straight_window_04x01x04_a.cgf
    [1.00000000000000000, 0.00000000000000000, 0.00000000000000000, 14.00000000000000000]
    [0.00000000000000000, 1.00000000000000000, 0.00000000000000000, -7.00000000000000000]
    [0.00000000000000000, 0.00000000000000000, 1.00000000000000000, 2.00000000000000000]
  #168 objects/buildingsets/human/hightech/delta/int/roomsm_a/wall/roomsm_a_wall_straight_01x01x04_b.cgf
    [1.00000000000000000, 0.00000000000000000, 0.00000000000000000, 18.00000000000000000]
    [0.00000000000000000, 1.00000000000000000, 0.00000000000000000, -7.00000000000000000]
    [0.00000000000000000, 0.00000000000000000, 1.00000000000000000, 2.00000000000000000]
  #169 objects/buildingsets/human/hightech/delta/int/roomsm_a/wall/roomsm_a_wall_straight_01x01x04_b.cgf
    [1.00000000000000000, 0.00000000000000000, 0.00000000000000000, 13.00000000000000000]
    [0.00000000000000000, 1.00000000000000000, 0.00000000000000000, -7.00000000000000000]
    [0.00000000000000000, 0.00000000000000000, 1.00000000000000000, 2.00000000000000000]
  #170 objects/buildingsets/human/hightech/delta/int/roomsm_a/wall/roomsm_a_wall_straight_06x01x04_a.cgf
    [-0.00000064012100026, -1.00000042674731060, 0.00000000000000000, 20.00000200000000206]
    [1.00000042674731060, -0.00000064012100026, 0.00000000000000000, -6.00000200000000206]
    [0.00000000000000000, 0.00000000000000000, 1.00000042674751533, 2.00000000000000000]
  #171 objects/buildingsets/human/hightech/delta/int/roomsm_b/wall/roomsm_b_wall_cornerin_01x01x04_a.cgf
    [-0.00000064012100026, -1.00000042674731060, 0.00000000000000000, 19.99999600000000299]
    [1.00000042674731060, -0.00000064012100026, 0.00000000000000000, -7.00000299999999953]
    [0.00000000000000000, 0.00000000000000000, 1.00000042674751533, 2.00000000000000000]
  #172 objects/buildingsets/human/hightech/delta/int/roomsm_a/wall/roomsm_a_wall_straight_cover_06x01x06_a.cgf
    [-0.00000064012100026, -1.00000042674731060, 0.00000000000000000, 20.00000200000000206]
    [1.00000042674731060, -0.00000064012100026, 0.00000000000000000, -6.00000200000000206]
    [0.00000000000000000, 0.00000000000000000, 1.00000042674751533, 2.00000000000000000]
  #173 objects/buildingsets/human/hightech/delta/int/roomsm_b/wall/roomsm_b_wall_cornerin_01x01x04_a.cgf
    [-1.00000000000000000, 0.00000000000000000, 0.00000000000000000, 20.00000000000000000]
    [0.00000000000000000, -1.00000000000000000, 0.00000000000000000, 1.00000000000000000]
    [0.00000000000000000, 0.00000000000000000, 1.00000000000000000, 2.00000000000000000]
  #174 objects/buildingsets/human/hightech/delta/int/roomsm_a/ceiling/roomsm_a_ceiling_straight_06x06x0025_a.cgf
    [-1.00000000000000000, 0.00000000000000000, 0.00000000000000000, 18.99999700000000047]
    [0.00000000000000000, -1.00000000000000000, 0.00000000000000000, -0.00000299999999953]
    [0.00000000000000000, 0.00000000000000000, 1.00000000000000000, 6.00000000000000000]
  #175 objects/buildingsets/human/hightech/delta/int/roomsm_a/wall/roomsm_a_wall_straight_01x01x04_a.cgf
    [-1.00000000000000000, 0.00000000000000000, 0.00000000000000000, 19.00000000000000000]
    [0.00000000000000000, -1.00000000000000000, 0.00000000000000000, 1.00000000000000000]
    [0.00000000000000000, 0.00000000000000000, 1.00000000000000000, 2.00000000000000000]
  #176 objects/buildingsets/human/hightech/delta/int/roomsm_b/floor/roomsm_b_floor_corner_06x06x0025_a.cgf
    [-0.00000064012100026, 1.00000042674731060, 0.00000000000000000, 12.99999800000000150]
    [-1.00000042674731060, -0.00000064012100026, -0.00000000000000000, 0.00000299999999953]
    [-0.00000000000000000, 0.00000000000000000, 1.00000042674751533, 2.00000000000000000]
  #177 Data/ObjectContainers/PU/loc/mod/outpost/ht/station/ht_station_001a_int//Brush/designer_56.cgf
    [1.00000000000000000, 0.00000000000000000, 0.00000000000000000, 15.90625000000000000]
    [0.00000000000000000, 1.00000000000000000, 0.00000000000000000, -6.96875000000000000]
    [0.00000000000000000, 0.00000000000000000, 1.00000000000000000, 3.43746900000000011]
