# IncludedObjects
# Cgfs: 11, Materials: 4, Palettes: 0, Placements: 15

[CGFs]
      0: objects/spaceships/derelicts/habitation/shelter/derelict_habitation_platform_c.cgf
      1: objects/spaceships/derelicts/misc/freelancer/misc_freelancer_derelict_nose_door.cgf
      2: objects/spaceships/derelicts/misc/freelancer/misc_freelancer_derelict_nose_exterior.cgf
      3: objects/spaceships/derelicts/misc/freelancer/misc_freelancer_derelict_nose_escape_hatch_left.cgf
      4: objects/spaceships/seats/misc/freelancer/misc_freelancer_base_scitem_rear_left_seat.cga
      5: objects/spaceships/derelicts/misc/freelancer/misc_freelancer_cockpit.cgf
      6: objects/spaceships/seats/misc/freelancer/misc_freelancer_rear_right_seat.cga
      7: objects/spaceships/seats/misc/freelancer/misc_freelancer_copilot_seat.cga
      8: objects/spaceships/seats/misc/freelancer/misc_freelancer_pilot_seat.cga
      9: objects/spaceships/ships/misc/freelancer_v2/interior/misc_freelancer_escape_pod.cgf
     10: objects/spaceships/ships/misc/freelancer_v2/interior/misc_freelancer_living.cgf

[Materials]
      0: materials/decals/dirty_rust/dirty_rust_f
      1: objects/spaceships/derelicts/misc/freelancer/misc_freelancer_ext_derelict
      2: objects/spaceships/derelicts/misc/freelancer/misc_freelancer_int_derelict
      3: materials/decals/dirty_rust/dirty_rust_e

[Placements]
  #0 objects/spaceships/derelicts/habitation/shelter/derelict_habitation_platform_c.cgf
    [-0.99027915775977748, 0.12941890757156749, 0.05096901613417629, -0.20196653144682841]
    [-0.13896090048270407, -0.93653451008251432, -0.32185848458236899, -7.79483324658986021]
    [0.00607966937751259, -0.32581246496045096, 0.94541481891959633, 0.31769270243404968]
  #1 objects/spaceships/derelicts/habitation/shelter/derelict_habitation_platform_c.cgf
    [0.01905649163051850, -0.76894104530890417, -0.42751204348801358, -4.46136891084040599]
    [0.86505179297999790, -0.06157510029362071, 0.14931152282135743, -3.59163057312298406]
    [-0.16038165091474210, -0.42348341670529643, 0.75454592317948532, 0.19876357334016426]
  #2 objects/spaceships/derelicts/misc/freelancer/misc_freelancer_derelict_nose_door.cgf
    [0.25295702026430039, 0.95135289322095384, -0.17589905167248374, -3.69453878841898131]
    [-0.96697656514239805, 0.25446247494950103, -0.01432582382052160, -2.60653036163807883]
    [0.03113079318887338, 0.17371407347376125, 0.98430399385186707, 1.88001473840376399]
  #3 objects/spaceships/derelicts/misc/freelancer/misc_freelancer_derelict_nose_exterior.cgf
    [0.99999999959013708, -0.00000000000000000, 0.00000000000000000, -0.39714015634979205]
    [0.00000000000000000, 0.99026806565823278, 0.13917311995416415, -3.73605106134516518]
    [-0.00000000000000000, -0.13917311995416415, 0.99026806565823278, 1.77316899713036413]
  #4 objects/spaceships/derelicts/misc/freelancer/misc_freelancer_derelict_nose_escape_hatch_left.cgf
    [0.99999999959013708, -0.00000000000000000, 0.00000000000000000, -1.66269434137518601]
    [0.00000000000000000, 0.99026806565823278, 0.13917311995416415, -0.23013762738298738]
    [-0.00000000000000000, -0.13917311995416415, 0.99026806565823278, 5.30766619720734489]
  #5 objects/spaceships/seats/misc/freelancer/misc_freelancer_base_scitem_rear_left_seat.cga
    [0.99999999959013708, -0.00000000000000000, 0.00000000000000000, -1.45029283674682574]
    [0.00000000000000000, 0.99026806565823278, 0.13917311995416415, 2.01306664601077046]
    [-0.00000000000000000, -0.13917311995416415, 0.99026806565823278, 1.40750946344521921]
  #6 objects/spaceships/derelicts/misc/freelancer/misc_freelancer_cockpit.cgf
    [0.99999999959013708, -0.00000000000000000, 0.00000000000000000, -0.39714015634979205]
    [0.00000000000000000, 0.99026806565823278, 0.13917311995416415, 3.47417163669319962]
    [-0.00000000000000000, -0.13917311995416415, 0.99026806565823278, 2.77949328856145339]
  #7 objects/spaceships/seats/misc/freelancer/misc_freelancer_rear_right_seat.cga
    [0.99999999959013708, -0.00000000000000000, 0.00000000000000000, 0.65545164433990522]
    [0.00000000000000000, 0.99026806565823278, 0.13917311995416415, 2.01306664601077046]
    [-0.00000000000000000, -0.13917311995416415, 0.99026806565823278, 1.40750946344521921]
  #8 objects/spaceships/seats/misc/freelancer/misc_freelancer_copilot_seat.cga
    [0.99999999959013708, -0.00000000000000000, 0.00000000000000000, 0.47785984365020795]
    [0.00000000000000000, 0.99026806565823278, 0.13917311995416415, 4.25568002225998043]
    [-0.00000000000000000, -0.13917311995416415, 0.99026806565823278, 1.15491807045286698]
  #9 objects/spaceships/seats/misc/freelancer/misc_freelancer_pilot_seat.cga
    [0.99999999959013708, -0.00000000000000000, 0.00000000000000000, -1.27214015634979205]
    [0.00000000000000000, 0.99026806565823278, 0.13917311995416415, 4.25568002225998043]
    [-0.00000000000000000, -0.13917311995416415, 0.99026806565823278, 1.15491807045286698]
  #10 objects/spaceships/ships/misc/freelancer_v2/interior/misc_freelancer_escape_pod.cgf
    [-0.99999999959013353, -0.00000015085393550, -0.00000000000000000, -0.39714015634979205]
    [0.00000014938583497, -0.99026806565822900, 0.13917311995416679, -1.19079433774413701]
    [-0.00000002099481287, 0.13917311995416518, 0.99026806565824010, 1.92037023004390317]
  #11 objects/spaceships/ships/misc/freelancer_v2/interior/misc_freelancer_escape_pod.cgf
    [0.99999999959013708, -0.00000000000000000, 0.00000000000000000, -0.39714015634979205]
    [0.00000000000000000, 0.99026806565823278, 0.13917311995416415, -0.69566030501641762]
    [-0.00000000000000000, -0.13917311995416415, 0.99026806565823278, 1.85078367008108202]
  #12 objects/spaceships/ships/misc/freelancer_v2/interior/misc_freelancer_escape_pod.cgf
    [0.99999999959013708, -0.00000000000000000, 0.00000000000000000, -0.39714015634979205]
    [0.00000000000000000, 0.99026806565823278, 0.13917311995416415, -0.54905931674034036]
    [-0.00000000000000000, -0.13917311995416415, 0.99026806565823278, 2.89390375772183717]
  #13 objects/spaceships/ships/misc/freelancer_v2/interior/misc_freelancer_escape_pod.cgf
    [-0.99999999959013353, -0.00000015085393550, -0.00000000000000000, -0.39714015634979205]
    [0.00000014938583497, -0.99026806565822900, 0.13917311995416679, -1.04419334946794606]
    [-0.00000002099481287, 0.13917311995416518, 0.99026806565824010, 2.96349031768465832]
  #14 objects/spaceships/ships/misc/freelancer_v2/interior/misc_freelancer_living.cgf
    [0.99999999959013708, -0.00000000000000000, 0.00000000000000000, -0.39714015634979205]
    [0.00000000000000000, 0.99026806565823278, 0.13917311995416415, -3.73605106134516518]
    [-0.00000000000000000, -0.13917311995416415, 0.99026806565823278, 1.77316899713036413]
