# IncludedObjects
# Cgfs: 47, Materials: 7, Palettes: 1, Placements: 109

[CGFs]
      0: objects/spaceships/derelicts/wreckage/wreckage_panel_small_02.cgf
      1: objects/spaceships/derelicts/wreckage/wreckage_mech_junk_017.cgf
      2: objects/spaceships/derelicts/wreckage/debris_glass_b.cgf
      3: objects/spaceships/derelicts/wreckage/wreckage_panel_small_03.cgf
      4: objects/spaceships/derelicts/wreckage/wires_floor_bundle_b.cgf
      5: objects/spaceships/derelicts/wreckage/wreckage_panel_small_01.cgf
      6: objects/spaceships/derelicts/wreckage/wreckage_pipes_large_02.cgf
      7: objects/spaceships/derelicts/wreckage/wreckage_pipes_large_03.cgf
      8: objects/spaceships/derelicts/wreckage/wires_floor_bundle_d.cgf
      9: objects/planets/terrain_extension/crashpile_01/crashpile_01_e.cgf
     10: objects/spaceships/derelicts/wreckage/wreckage_pipes_medium_06.cgf
     11: objects/spaceships/derelicts/wreckage/wires_floor_bundle_c.cgf
     12: objects/planets/terrain_extension/crashpile_01/crashpile_01_d.cgf
     13: objects/spaceships/derelicts/wreckage/debris_glass_c.cgf
     14: objects/spaceships/derelicts/wreckage/wires_hanging_b.cgf
     15: objects/spaceships/derelicts/wreckage/wreckage_mech_junk_08.cgf
     16: objects/spaceships/derelicts/wreckage/wreckage_panel_medium_03.cgf
     17: objects/spaceships/derelicts/wreckage/wreckage_pipes_medium_01.cgf
     18: objects/spaceships/derelicts/drak/caterpillar/drak_caterpillar_der_hull_module_door_top.cgf
     19: objects/spaceships/derelicts/wreckage/wreckage_panel_large_02.cgf
     20: objects/spaceships/derelicts/wreckage/wreckage_girder_02.cgf
     21: objects/spaceships/derelicts/wreckage/wreckage_mech_junk_013.cgf
     22: objects/spaceships/derelicts/wreckage/wreckage_mech_junk_018.cgf
     23: objects/planets/terrain_extension/crashpile_01/crashpile_01_b.cgf
     24: objects/spaceships/derelicts/wreckage/wreckage_pipes_small_02.cgf
     25: objects/spaceships/derelicts/wreckage/wreckage_girder_01.cgf
     26: objects/spaceships/derelicts/wreckage/wreckage_internals_04.cgf
     27: objects/spaceships/derelicts/wreckage/debris_junk_huge_b.cgf
     28: objects/spaceships/derelicts/wreckage/wreckage_pipes_medium_07.cgf
     29: objects/spaceships/derelicts/wreckage/wreckage_props_chair_back.cgf
     30: objects/spaceships/derelicts/wreckage/debris_glass_a.cgf
     31: objects/spaceships/derelicts/wreckage/wreckage_mech_junk_016.cgf
     32: objects/spaceships/derelicts/wreckage/wreckage_pipes_medium_04.cgf
     33: objects/spaceships/derelicts/wreckage/wreckage_panel_medium_01.cgf
     34: objects/spaceships/derelicts/wreckage/wreckage_internals_03.cgf
     35: objects/spaceships/derelicts/drak/caterpillar/drak_caterpillar_der_wing_right_int.cgf
     36: objects/spaceships/derelicts/wreckage/wreckage_internals_02.cgf
     37: objects/spaceships/derelicts/drak/caterpillar/drak_caterpillar_der_hull_nose_door_bottom.cgf
     38: objects/spaceships/derelicts/wreckage/wreckage_pipes_medium_02.cgf
     39: objects/spaceships/derelicts/wreckage/wreckage_mech_junk_014.cgf
     40: objects/spaceships/derelicts/drak/caterpillar/drak_caterpillar_der_wing_right.cgf
     41: objects/spaceships/derelicts/wreckage/wreckage_pipes_large_01.cgf
     42: objects/spaceships/derelicts/wreckage/wreckage_mech_junk_03.cgf
     43: objects/spaceships/derelicts/wreckage/debris_large_c.cgf
     44: objects/spaceships/derelicts/wreckage/wreckage_props_chair_seat.cgf
     45: objects/spaceships/derelicts/wreckage/wreckage_props_robot_arm.cgf
     46: objects/spaceships/derelicts/wreckage/wreckage_mech_junk_02.cgf

[Materials]
      0: objects/spaceships/derelicts/materials/decals/scorch_04
      1: objects/spaceships/derelicts/materials/decals/scorch_03
      2: objects/spaceships/derelicts/materials/decals/scorch_02
      3: objects/spaceships/derelicts/materials/decals/sand_square_a_ext
      4: objects/spaceships/derelicts/materials/decals/scorch_v1
      5: objects/spaceships/derelicts/drak/caterpillar/drak_caterpillar_ext_delerict
      6: objects/spaceships/derelicts/materials/wreckage/wreckage

[Palettes]
      0: Libs/Foundry/Records/TintPalettes/default

[Placements]
  #0 objects/spaceships/derelicts/wreckage/wreckage_panel_small_02.cgf
    [0.78356095871836151, -0.00000000879518745, 0.00000252764282396, -3.71103203540405957]
    [-0.00000000880818725, -0.78356095871207532, 0.00000402989427861, -5.44141046376898885]
    [0.00000252764277870, -0.00000402989430700, -0.78356095870799847, -1.71166839206125587]
  #1 objects/spaceships/derelicts/wreckage/wreckage_mech_junk_017.cgf
    [0.89100687425249625, 0.45398979755527497, 0.00001794336463951, 17.37349658911261940]
    [-0.45398979790028388, 0.89100687379458676, 0.00002871766575753, 27.85703145246952772]
    [-0.00000295013398909, -0.00003373374231529, 0.99999999271238948, 0.01843143021687865]
  #2 objects/spaceships/derelicts/wreckage/debris_glass_b.cgf
    [2.19138828000712671, -0.00000017431828166, -0.00000487880244012, -2.72733006876660511]
    [0.00000017439958095, 2.19138827970830352, 0.00003651682146235, 16.14745131554082036]
    [0.00000487879953464, -0.00003651682185054, 2.19138827970287942, -0.37106567760929465]
  #3 objects/spaceships/derelicts/wreckage/debris_glass_b.cgf
    [0.54523176375752158, 0.00000004701235768, -0.03406126121508875, 27.90212028908717912]
    [0.00000040016303104, 0.54629465096620067, 0.00000715957618825, 13.45403443102259189]
    [0.03406126121277057, -0.00000717059631307, 0.54523176371051663, 0.40478481585159898]
  #4 objects/spaceships/derelicts/wreckage/wreckage_panel_small_02.cgf
    [0.40768005920985712, -0.00000000783052590, 0.02548761120912689, -19.17916900284762960]
    [0.00000059121519863, -0.40847600775361831, -0.00000958211529275, 22.89863287995103747]
    [0.02548761120227112, 0.00000960033372220, -0.40768005909724847, -2.77459522336721420]
  #5 objects/spaceships/derelicts/wreckage/wreckage_panel_small_03.cgf
    [-0.91354641033249617, 0.40673729752580357, -0.00000038318654810, -0.63338984444999369]
    [-0.40673729706586675, -0.91354640925383945, 0.00004842622809975, 48.00786014506593347]
    [0.00001934667246380, 0.00004439541265129, 1.00000113534179702, -0.20743092859629542]
  #6 objects/spaceships/derelicts/wreckage/wires_floor_bundle_b.cgf
    [1.00000001494557744, 0.00000000321851458, 0.00002076869133719, 20.28565527448517969]
    [-0.00000000449719828, 1.00000001326594656, 0.00006156785272529, 61.11996262124739587]
    [-0.00002076869109967, -0.00006156785280541, 1.00000001305027730, -0.02902610122691840]
  #7 objects/spaceships/derelicts/wreckage/wreckage_panel_small_01.cgf
    [1.00000001681654616, 0.00000000956127066, 0.00001844722496548, 17.94435487626469694]
    [-0.00000001024444000, 1.00000001630094792, 0.00003703371978327, 36.44784976809751242]
    [-0.00001844722459874, -0.00003703371996595, 1.00000001613079803, 0.29289738857187331]
  #8 objects/spaceships/derelicts/wreckage/wreckage_pipes_large_02.cgf
    [0.86602541807774314, -0.50000000263911382, 0.00000295615220209, 2.34129018233215902]
    [0.50000000251563481, 0.86602541796956545, 0.00001787699520530, 17.51295783708337694]
    [-0.00001149860043867, -0.00001400385594627, 1.00000001353812817, -0.26893181062769145]
  #9 objects/spaceships/derelicts/wreckage/wreckage_pipes_large_03.cgf
    [0.57357799378283969, 0.81915093687462692, 0.00004224217355855, 42.11887583752104547]
    [-0.81755433851896531, 0.57245681939404380, 0.06243450662093483, 56.24705401679966599]
    [0.05111910343303284, -0.03584559478657971, 0.99804904925435722, 0.66625199641566724]
  #10 objects/spaceships/derelicts/wreckage/wires_floor_bundle_d.cgf
    [0.98606691284778025, 0.00000011479461475, 0.16635278100606632, 8.83895656337699620]
    [0.00001049312356311, -1.00000060023392234, -0.00006150860365828, 61.34921393985860050]
    [0.16635278067516576, 0.00006239712163472, -0.98606691092940457, -0.13503544707782567]
  #11 objects/spaceships/derelicts/wreckage/debris_glass_b.cgf
    [-0.31142274287618865, 1.34205333902856738, -0.14160970009396875, -2.95636109045153717]
    [-1.34703095322543809, -0.30034192421628064, 0.11596092596038020, -0.07345299737062305]
    [0.08165833093443817, 0.16380525174515720, 1.37282349674991555, 6.50457341910805553]
  #12 objects/planets/terrain_extension/crashpile_01/crashpile_01_e.cgf
    [1.26125850265774742, -0.98540296265003224, 0.00007972746773287, 49.14726042848633369]
    [0.98540295527815103, 1.26125850395768890, 0.00013268719264503, 82.45492396329063922]
    [-0.00014451648976914, -0.00005547381713855, 1.60055989944770016, -1.15402054262813181]
  #13 objects/spaceships/derelicts/wreckage/wires_floor_bundle_b.cgf
    [0.34135484911960839, -0.93786186458948528, -0.06238607813632406, -8.22006366359710228]
    [0.93969287476426222, 0.34201949243510332, 0.00002693842665987, 26.12751818366814405]
    [0.02131198990648046, -0.05863294770976842, 0.99805210752898932, -0.37165055028162897]
  #14 objects/spaceships/derelicts/wreckage/wreckage_panel_small_01.cgf
    [-0.98427688194509111, -0.00000037614639317, -0.06150412255590720, 11.37936648637696635]
    [-0.00000061652934558, -0.98619660168241263, 0.00001589795668863, 18.84028774034231901]
    [-0.06150412255396732, 0.00001590545972924, 0.98427688181677186, -0.20583607442677021]
  #15 objects/spaceships/derelicts/wreckage/wires_floor_bundle_b.cgf
    [0.34202094759652862, -0.93969234670251023, 0.00001651141131727, 16.04326346926245606]
    [0.93969234656390399, 0.34202094787222703, 0.00001856157507529, 17.62005734036210924]
    [-0.00002308941818269, 0.00000916719918778, 1.00000001735078281, -0.03509768052026629]
  #16 objects/spaceships/derelicts/wreckage/wreckage_pipes_medium_06.cgf
    [0.57245820992975893, 0.81755655401563321, -0.06239290502731128, -14.84229939791111974]
    [-0.81915090109694932, 0.57357806345631845, 0.00004562239886109, 45.57304199913050979]
    [0.03582450060670546, 0.05108308756751616, 0.99805166151281832, -0.78167570719961077]
  #17 objects/spaceships/derelicts/wreckage/wires_floor_bundle_c.cgf
    [0.88927298254399822, 0.45310640760311260, -0.06235471700065351, 23.09989908145507798]
    [-0.45398695152138502, 0.89100831082931231, 0.00005203213267097, 51.56036847678478807]
    [0.05558214813723181, 0.02826195761134101, 0.99805403229802814, 0.13107425812631845]
  #18 objects/spaceships/derelicts/wreckage/wreckage_panel_small_02.cgf
    [0.89100686720009004, 0.45398988217369196, -0.00000919442769734, -9.72600405052071437]
    [-0.45398988170257448, 0.89100686691971753, 0.00003181085197431, 31.11427012423519045]
    [0.00002263410258277, -0.00002416950980649, 1.00000002475093530, -0.32751821691635996]
  #19 objects/planets/terrain_extension/crashpile_01/crashpile_01_d.cgf
    [0.00018835102494868, 2.52702917814774919, -0.02829414423649709, 20.97870363035326591]
    [-2.52696169054696140, -0.00018996663387280, -0.03378815924244229, -1.07274002896156162]
    [-0.03378816828722776, 0.02829413343543704, 2.52680328933243237, -0.95478376408573240]
  #20 objects/spaceships/derelicts/wreckage/wreckage_pipes_medium_06.cgf
    [0.99999997779109151, -0.00000159965972617, 0.00002587693472119, 25.41283666594245005]
    [-0.00000001863605060, 0.99805009762244701, 0.06241761682555668, 38.80117612238973379]
    [-0.00002592632473957, -0.06241761680506116, 0.99805009728698513, 0.33301372302230448]
  #21 objects/spaceships/derelicts/wreckage/debris_glass_c.cgf
    [1.48815582564987214, -0.00578794845584438, -0.09278846458779483, 26.87851088171737501]
    [0.00000046122139443, 1.48816504012797912, -0.09282119512384074, 4.80600196972955018]
    [0.09296880932697396, 0.09264056302237876, 1.48526949995573587, 0.40489256277214736]
  #22 objects/planets/terrain_extension/crashpile_01/crashpile_01_e.cgf
    [1.95238813196111716, 0.00000002766035911, 0.00002425220461152, 11.88050102427223464]
    [-0.00000002697918429, 1.95238813134163869, -0.00005483697830669, -28.56041982327587903]
    [-0.00002425220537885, 0.00005483697796733, 1.95238813119101073, 0.38062585296574980]
  #23 objects/spaceships/derelicts/wreckage/wires_hanging_b.cgf
    [-1.16909118054881067, -2.39698219121934608, -0.13974042199923467, 8.73918223947839579]
    [2.40026819455545137, -1.17069969814610775, 0.00009983163990282, 37.52442694222554564]
    [-0.06134822547337943, -0.12555393557411057, 2.66688916220628691, 4.24333229300100356]
  #24 objects/spaceships/derelicts/wreckage/wreckage_mech_junk_08.cgf
    [0.56613154194556048, 0.82198680583521511, -0.06190904477185431, -10.85674912863032660]
    [-0.81284328619204238, 0.56916235328737375, 0.12385462958767957, 58.04139796248637140]
    [0.13704317160757987, -0.01979566140850536, 0.99036723617178291, -1.02052253205329180]
  #25 objects/spaceships/derelicts/wreckage/wreckage_panel_medium_03.cgf
    [-0.61913984627269636, 0.45310744268505143, 0.64137208670544887, 32.98879239624511683]
    [0.33736520468929593, 0.89100630919526980, -0.30379455739568334, 21.68543308181688190]
    [-0.70911862680826421, 0.02828532873598092, -0.70452066737316243, 0.54723460390232503]
  #26 objects/spaceships/derelicts/wreckage/wreckage_pipes_medium_01.cgf
    [0.98834114485318381, -0.13890129236023069, -0.06235565519520993, 22.13450678636581870]
    [0.13917426333435245, 0.99026791253255486, 0.00003460671411275, 33.95232323673553765]
    [0.06174399711313238, -0.00871250554904114, 0.99805399975723730, 0.24587147182319313]
  #27 objects/spaceships/derelicts/drak/caterpillar/drak_caterpillar_der_hull_module_door_top.cgf
    [-0.11231641399432842, -0.41963406397060360, 0.90071874038152577, 24.33787344108714024]
    [0.33537065064698324, -0.86927521925997708, -0.36316538055911984, 80.26507558987941593]
    [0.93536812197315444, 0.26128493892214033, 0.23836658922839751, -0.54315258574206382]
  #28 objects/spaceships/derelicts/wreckage/wreckage_panel_small_01.cgf
    [-0.40673748576054036, 0.91354592037608295, 0.00000842620347400, 8.23779084855050314]
    [-0.91176198911897199, -0.40594380325528545, 0.06245986572224538, 81.89683105365838856]
    [0.05706333240007194, 0.02539706661094405, 0.99804824338934117, -1.11247176735196263]
  #29 objects/spaceships/derelicts/wreckage/wreckage_panel_large_02.cgf
    [-0.99821376325480637, 0.00000007910884669, -0.05974342790196754, 25.41283192177070305]
    [0.00000137772773978, 0.99999999692810893, -0.00002169540635573, 21.05680617736652493]
    [0.05974342788613420, -0.00002173896346323, -0.99821376301904308, 0.56559232866857201]
  #30 objects/spaceships/derelicts/wreckage/wreckage_girder_02.cgf
    [0.65843142835411139, -0.68844970935253380, 0.30414643872249469, 32.76250597026955802]
    [0.45773631167974393, 0.04550728033413954, -0.88792260966033210, 64.56332557881250978]
    [0.59744918400227887, 0.72385501964730592, 0.34509185357815864, 0.23288925655651838]
  #31 objects/spaceships/derelicts/wreckage/wreckage_mech_junk_013.cgf
    [0.09710787199692855, -0.99526992336289433, 0.00279693528768250, 0.74593866702343803]
    [-0.04488534390504145, -0.00157204321745854, 0.99899089914983985, 81.78595349122770131]
    [-0.99426120768151816, -0.09713542263715040, -0.04482569096341874, -1.72308601648546755]
  #32 objects/spaceships/derelicts/wreckage/wreckage_mech_junk_018.cgf
    [-0.97625796710555812, -0.21420963958920961, 0.03219282475911907, -0.31430797110806452]
    [-0.20883583283696741, 0.97021610831723026, 0.12276018931659570, 42.75174402829725295]
    [-0.05753036226377015, 0.11312249760687365, -0.99191497818561525, -0.13612780207768083]
  #33 objects/spaceships/derelicts/wreckage/wreckage_pipes_large_02.cgf
    [-0.97625935117654894, -0.21420707382621648, 0.03216997382044331, 22.70045732133439742]
    [-0.20883564986925396, 0.97021572823021163, 0.12276404396589558, 39.03588375670369714]
    [-0.05750868661762803, 0.11313120113383311, -0.99191530926081894, 0.28829582361504436]
  #34 objects/planets/terrain_extension/crashpile_01/crashpile_01_b.cgf
    [-1.38612332343394473, 0.80028419307231202, 0.00008151761501990, 50.67227080098382430]
    [-0.79871765726792621, -1.38342020419612877, 0.09995652397149606, 71.70683609566185623]
    [0.05004897896020252, 0.08652406043770153, 1.59743586749656408, -1.07249425875488669]
  #35 objects/spaceships/derelicts/wreckage/wreckage_pipes_large_02.cgf
    [0.44964547900110191, -0.89103491616124064, -0.06225530642536992, 1.44521066320157843]
    [0.88928162131565669, 0.45310795746418592, -0.06222040385232704, 36.44015477783977985]
    [0.08364892699122198, -0.02738537651522421, 0.99611891857802437, -0.14444234233815223]
  #36 objects/spaceships/derelicts/wreckage/debris_glass_b.cgf
    [0.57610734579672829, 1.13067717230260634, -0.00001430477417787, -11.70731635359697975]
    [-1.13067717235982568, 0.57610734585682977, 0.00000244610905640, 1.43512804375495762]
    [0.00000867371887116, 0.00001163514566904, 1.26898799909265692, 0.05998814839404076]
  #37 objects/spaceships/derelicts/wreckage/wreckage_pipes_small_02.cgf
    [0.63046688834678521, -0.42179540464546417, -0.65161341564724795, 0.25315547257196158]
    [-0.31402346325541930, -0.90630926181676552, 0.28282979086971088, -61.74310944578610361]
    [-0.70985961383683216, 0.02630708456483150, -0.70385166766748841, 1.79611506639048457]
  #38 objects/planets/terrain_extension/crashpile_01/crashpile_01_d.cgf
    [-0.05643345798586211, -1.59247208135558727, 0.29288448606768192, -4.44695776783919428]
    [1.61917779558652253, -0.05487758174593643, 0.01360531358167975, -49.03071755368728191]
    [-0.00345229716214033, 0.29317999314600285, 1.59341361878188459, 0.06817120988853276]
  #39 objects/spaceships/derelicts/wreckage/debris_glass_b.cgf
    [2.19138826610413506, -0.00000015545735224, 0.00000411402381004, 1.38427051281905733]
    [0.00000015538687281, 2.19138826578642343, 0.00003754177372847, 16.80776408396195620]
    [-0.00000411402647265, -0.00003754177343669, 2.19138826578256740, -0.37381286278832704]
  #40 objects/spaceships/derelicts/wreckage/wreckage_panel_small_03.cgf
    [0.57245834767922876, 0.81755675431210406, -0.06238932221620480, -11.33194214801915223]
    [-0.81915070984476845, 0.57357836935526185, 0.00005142123042150, 51.37489441514480859]
    [0.03582720486936337, 0.05107682020240717, 0.99805190431401503, -0.70766251510940492]
  #41 objects/spaceships/derelicts/wreckage/wreckage_pipes_large_02.cgf
    [0.99999998252545652, -0.00000031516833042, 0.00000517963329714, 4.68676493187376764]
    [-0.00000000885976527, 0.99804874039970104, 0.06243938552237046, 60.53659628704190254]
    [-0.00000518920549544, -0.06243938552157566, 0.99804874038626057, -0.14562276529613882]
  #42 objects/spaceships/derelicts/wreckage/wreckage_girder_01.cgf
    [-0.64073334475960242, 0.14420763463881350, 0.75409873382088455, 21.24894125626451569]
    [-0.53026382309076869, 0.62718855112823768, -0.57048642453614418, 41.82021627540234476]
    [-0.55523060088538401, -0.76540096731762131, -0.32539253278911479, 0.23441191692836583]
  #43 objects/spaceships/derelicts/wreckage/wreckage_internals_04.cgf
    [-1.50001256974579067, -0.31883895818618208, -0.00000009441006887, -0.35533393857622286]
    [0.31883895797251516, -1.50001256875706468, 0.00005569975778279, 33.58860742277465761]
    [-0.00001167302796039, 0.00005446294472904, 1.53352404205156123, -0.29009126487653702]
  #44 objects/spaceships/derelicts/wreckage/debris_junk_huge_b.cgf
    [-0.99315931380150835, -0.05204919114776878, -0.10451771630231033, 10.47090893867425621]
    [0.05233655449870642, -0.99862874929920564, -0.00000686864164555, -8.02603217982687056]
    [-0.10437411740173486, -0.00547692293512825, 0.99452226764544671, -0.28806354117114097]
  #45 objects/spaceships/derelicts/wreckage/wreckage_pipes_medium_07.cgf
    [0.99999999541144313, 0.00000001656566506, 0.00001562433314446, 15.11742655523994472]
    [-0.00000001683258085, 0.99999999538758277, 0.00001708333958798, 16.52857034024782479]
    [-0.00001562433285919, -0.00001708333984890, 0.99999999526552297, -0.06208552327007055]
  #46 objects/spaceships/derelicts/wreckage/wreckage_props_chair_back.cgf
    [-0.41039449542435547, 0.89298775325073287, 0.18479505655837250, 9.57005525077693164]
    [-0.91175085883342899, -0.40557311847326694, -0.06496767848083446, 80.65685283555649221]
    [0.01693256627650842, -0.19514943088539310, 0.98062733496635435, -0.86238274455536157]
  #47 objects/spaceships/derelicts/wreckage/debris_glass_a.cgf
    [-0.82476095277280648, 1.54815344098559682, -0.87238993006268140, 47.07629679299134295]
    [-1.67448548491411930, -0.99905910090544836, -0.18987672274121817, 84.92997430555988103]
    [-0.59492993513710568, 0.66571445244299354, 1.74383386141435737, -1.15200725768227130]
  #48 objects/spaceships/derelicts/wreckage/wreckage_mech_junk_016.cgf
    [0.89100684885882209, -0.45336891858396949, 0.02373488816701563, 24.94263730911188759]
    [-0.45398978019894454, -0.88978522408118754, 0.04664183153919932, -10.51595991943031549]
    [-0.00002700394047214, -0.05233358994392594, -0.99862962133215061, 0.12668231443967670]
  #49 objects/spaceships/derelicts/wreckage/wreckage_panel_small_02.cgf
    [0.50310701611539799, -0.00000001116628443, -0.00000141100546683, 2.28896848438307643]
    [-0.00000001120026478, -0.50310701597148555, -0.00001211600770513, 23.55858668289147317]
    [-0.00000141100519751, 0.00001211600773649, -0.50310701596950702, -1.71192935877479613]
  #50 objects/spaceships/derelicts/wreckage/wreckage_pipes_large_03.cgf
    [0.73135173083588212, -0.68200049826141329, 0.00005394821062229, 53.39795372572552878]
    [0.68066704884723983, 0.72992672932234026, 0.06244497714185246, 66.67220864235423505]
    [-0.04262688298263054, -0.04563252050721096, 0.99804842500512481, 0.08911268343217671]
  #51 objects/spaceships/derelicts/wreckage/wreckage_pipes_medium_04.cgf
    [0.99805380216471173, 0.00000003730417820, -0.06235851182484541, 19.30781057041895110]
    [0.00000097427750955, 0.99999998787466515, 0.00001619162358067, 15.76829340099357069]
    [0.06235851181724560, -0.00001622086616805, 0.99805380203337246, -0.09504831465892494]
  #52 objects/spaceships/derelicts/wreckage/wreckage_panel_small_02.cgf
    [0.57245805353223722, 0.81755648312460072, -0.06239642478509865, -18.36305919836013345]
    [-0.81915120746434167, 0.57357775207741690, 0.00004013071769173, 40.22089265799149871]
    [0.03582200768716248, 0.05108912997593371, 0.99805151397235448, -0.95055509998928756]
  #53 objects/planets/terrain_extension/crashpile_01/crashpile_01_e.cgf
    [-0.78596906888075402, -3.62820492964629882, 0.23159695424979479, 7.11243812389875529]
    [3.63124324041950386, -0.77185297827246557, 0.23145420023052432, -32.20222390338312835]
    [-0.17770956540138097, 0.27500455702948901, 3.70513796530475048, -0.14486217824742198]
  #54 objects/spaceships/derelicts/wreckage/debris_glass_c.cgf
    [1.48815617937443601, 0.00000003146418695, -0.09296399538916228, 30.10131682825885946]
    [0.00000052068163739, 1.49105704738974532, 0.00000883966411330, 5.44670327031053603]
    [0.09296399538770946, -0.00000885492975740, 1.48815617934818256, 0.59229739953298122]
  #55 objects/spaceships/derelicts/wreckage/wreckage_panel_medium_01.cgf
    [0.71395751189702406, -0.42179510686312527, -0.55888612218507361, -19.27907553666591411]
    [-0.31407302683213828, -0.90630795168433287, 0.28277936464526782, 9.12458445888478309]
    [-0.62579784560290963, -0.02636139372277469, -0.77953978211421826, -0.51471241272520274]
  #56 objects/spaceships/derelicts/wreckage/wreckage_panel_small_01.cgf
    [-0.90780013133070703, 0.38533462579459071, 0.00000727522879340, 6.57610372214548988]
    [-0.38458498247445089, -0.90603290433542705, -0.06150300683602671, 16.47361919912509620]
    [-0.02402426157684136, -0.05661673567496457, 0.98427701000807288, -0.36023394868243486]
  #57 objects/spaceships/derelicts/wreckage/wreckage_internals_03.cgf
    [0.93836784807132279, -0.34554138094367159, -0.00817693250489772, 1.36743876365653705]
    [-0.34524447541704900, -0.93816558185129706, 0.02552488368787271, 41.26516827195882797]
    [-0.01649122080550235, -0.02112869018214925, -0.99964070773012570, -0.13905211398378015]
  #58 objects/spaceships/derelicts/wreckage/wires_floor_bundle_d.cgf
    [0.33770396393756896, -0.93918988273962056, 0.06227703953284897, 19.45770602176344255]
    [0.93787039344015988, 0.34135700099226590, 0.06224592946170152, -12.15763481520116329]
    [-0.07971944933225523, 0.03738709383850455, 0.99611598088026765, 0.18604962259996682]
  #59 objects/spaceships/derelicts/wreckage/debris_glass_b.cgf
    [0.57498631897482733, 1.12847724046048237, -0.07912338518293550, 26.21160128584597260]
    [-1.13067553053608649, 0.57611066668950672, 0.00006084279328560, 47.48547905613668263]
    [0.03597550509793346, 0.07047181576773255, 1.26651890848249149, 0.30858268379233778]
  #60 objects/spaceships/derelicts/wreckage/debris_glass_b.cgf
    [0.76538626579424618, -0.52894727102426387, 0.00002775292025481, 29.23201731406879844]
    [0.52894727111716067, 0.76538626621390105, 0.00000543630362595, 5.62830337765626609]
    [-0.00002592198873858, 0.00001130612575643, 0.93037699421305720, 0.58725716860499233]
  #61 objects/spaceships/derelicts/wreckage/wreckage_pipes_small_02.cgf
    [0.99805161683481947, 0.00000004494212814, -0.06239326704195330, -15.67918838372133905]
    [-0.00000068581008772, 0.99999997476661706, -0.00001025001206389, -11.10135101992636919]
    [0.06239326703820037, 0.00001027283130356, 0.99805161678218657, -1.71183072088751942]
  #62 objects/spaceships/derelicts/drak/caterpillar/drak_caterpillar_der_wing_right_int.cgf
    [0.79915798291656370, -0.40673640624964880, -0.44261948617796903, 44.94872509213018930]
    [0.35580751458544196, 0.91354556055152925, -0.19706728986242705, 78.01651026902254671]
    [0.48450750900048922, 0.00000055858122382, 0.87478709929583898, -1.25109750055707991]
  #63 objects/spaceships/derelicts/wreckage/wreckage_panel_small_03.cgf
    [0.57357576559536128, 0.81915249773974597, 0.00000074708470984, 0.50852178496279521]
    [-0.81915249768498422, 0.57357576554596112, 0.00001212204987762, 12.02392099634744227]
    [0.00000950129787682, -0.00000756489044569, 0.99999998664231260, -0.38674965442623943]
  #64 objects/planets/terrain_extension/crashpile_01/crashpile_01_d.cgf
    [0.20602683513281730, -1.79176851536386916, -0.74761924743359720, -5.31675744009407936]
    [1.93988774449209900, 0.22048469751383537, 0.00616810415416634, -33.81521948263980448]
    [0.07876858861106420, -0.74348375509506304, 1.80356408922312217, -0.05484509363304824]
  #65 objects/spaceships/derelicts/wreckage/debris_glass_a.cgf
    [1.48815560055038465, 0.00000003831374316, -0.09297314964615917, 23.97917920984764351]
    [0.00000087254537011, 1.49105704042174292, 0.00001458067475288, 9.18714197853114456]
    [0.09297314964207268, -0.00001460670886029, 1.48815560047895579, 0.22788526047952473]
  #66 objects/planets/terrain_extension/crashpile_01/crashpile_01_b.cgf
    [-5.84524360392129516, -0.93834195058016734, -0.13896373223710609, 5.46164906898047775]
    [0.94233186145314718, -5.84349255284771107, -0.17965180762313765, -64.04281437851022929]
    [-0.10866093127755738, -0.19944546340646840, 5.91735444547807443, -3.83855724707245827]
  #67 objects/spaceships/derelicts/wreckage/wreckage_internals_02.cgf
    [-0.97625922216588068, -0.21420652191130762, 0.03217494451025504, 17.92128223687177524]
    [-0.20484176732723103, 0.96127331066844290, 0.18437787964475019, 60.62005384895019233]
    [-0.07042379883131866, 0.17340968287468245, -0.98232952739443602, -0.01648745697457343]
  #68 objects/spaceships/derelicts/drak/caterpillar/drak_caterpillar_der_hull_nose_door_bottom.cgf
    [0.62520834897027733, 0.11829240880574865, 0.77144113244501766, 19.01506475367204985]
    [-0.77552428782334071, -0.01680301195159009, 0.63109407556774977, 105.27005249192006886]
    [0.08761617319432398, -0.99283662263211570, 0.08123325296018770, -1.84115800028666854]
  #69 objects/spaceships/derelicts/wreckage/wreckage_mech_junk_016.cgf
    [0.97427317115421541, -0.21420876026160965, 0.07004601328947326, 16.45563537861744408]
    [0.22299424812058041, 0.96127172461313382, -0.16195766652395430, 60.97273781383410096]
    [-0.03264050023669743, 0.17341086317740190, 0.98430854880866625, -0.01648373436182737]
  #70 objects/planets/terrain_extension/crashpile_01/crashpile_01_e.cgf
    [-1.38031281578024467, 0.80410576777783549, 0.09971290544809953, 41.15506548334815307]
    [-0.79871680197144335, -1.38343406293292803, 0.09976914582712117, 75.75132492405828089]
    [0.13630927897613618, 0.03628121327878772, 1.59433235955421049, -0.94735581800341606]
  #71 objects/spaceships/derelicts/wreckage/wreckage_pipes_medium_02.cgf
    [0.74314378569638395, 0.66913175067909059, 0.00002148864884354, 20.82559520629729377]
    [-0.66782894274960192, 0.74169887766000697, -0.06234793141407793, 29.34622442128602415]
    [-0.04173491888785192, 0.04631912735362160, 0.99805446817015109, 0.14670476806350052]
  #72 objects/spaceships/derelicts/wreckage/wreckage_pipes_medium_06.cgf
    [0.00000121102462082, 1.00000000330416294, 0.00002381977788130, 23.56470049545896472]
    [-0.99805389600159145, -0.00000027666823643, 0.06235725982708194, -21.46642821410205215]
    [0.06235725981593620, -0.00002384893820769, 0.99805389571738556, 0.60571958008222282]
  #73 objects/spaceships/derelicts/wreckage/wreckage_mech_junk_014.cgf
    [0.50000011266465461, -0.86602525914135309, 0.00001091803611341, 10.78146563257178059]
    [0.86602525860690727, 0.50000011274718703, 0.00003102189910811, 29.75579688639845699]
    [-0.00003232476972814, -0.00000605565841760, 0.99999993058657588, 0.04322238056920469]
  #74 objects/planets/terrain_extension/crashpile_01/crashpile_01_d.cgf
    [0.12517215152803843, 1.88079108742827339, 0.50869597623586493, 1.15049757263477659]
    [-1.94697338959394517, 0.10144497427723488, 0.10401113264117079, 58.21164552960544825]
    [0.07376537806620269, -0.51395387045007157, 1.88207993091539150, -1.91318819043226540]
  #75 objects/spaceships/derelicts/wreckage/wreckage_internals_02.cgf
    [-0.97625823214140250, -0.21420893373651365, 0.03218887937894943, 3.71523916852311231]
    [-0.20483934502740730, 0.96126747222351994, 0.18441099925387161, 26.67518598062451929]
    [-0.07044454540239041, 0.17343905737905330, -0.98232285246276296, -0.43908219772856683]
  #76 objects/spaceships/derelicts/drak/caterpillar/drak_caterpillar_der_wing_right.cgf
    [0.79915798291656370, -0.40673640624964880, -0.44261948617796903, 45.59307405549043324]
    [0.35580751458544196, 0.91354556055152925, -0.19706728986242705, 78.30338527960702777]
    [0.48450750900048922, 0.00000055858122382, 0.87478709929583898, -2.50224711862392724]
  #77 objects/spaceships/derelicts/wreckage/debris_glass_a.cgf
    [-1.73524339942867956, 1.75972032562004177, 0.00012421274635319, 49.71109562359924894]
    [-1.75972031640681781, -1.73524340338369121, 0.00018473869720122, 74.80308152036741376]
    [0.00021875603324833, 0.00004126730567488, 2.47137314979602385, -0.33869909751228988]
  #78 objects/spaceships/derelicts/wreckage/debris_glass_b.cgf
    [0.57610733554706373, 1.13067717650316957, 0.00000366686906291, 2.32964504198753275]
    [-1.13067717640643473, 0.57610733543625248, 0.00001897040510785, 14.37534702732227743]
    [0.00001523804318624, -0.00001187957232120, 1.26898799804270812, -0.37754948437213898]
  #79 objects/spaceships/derelicts/drak/caterpillar/drak_caterpillar_der_hull_module_door_top.cgf
    [-0.54447604146041306, 0.46217368101458167, 0.69995927133059610, 26.95992048279731534]
    [-0.20386053851135291, -0.88239385320223862, 0.42405615351907833, 53.56419270625337958]
    [0.81362667961546631, 0.08819426895760688, 0.57466081283621029, 0.25146913772914559]
  #80 objects/spaceships/derelicts/wreckage/wreckage_pipes_large_01.cgf
    [0.65134884111608471, 0.00101640476666080, 0.04070065944648080, 5.78897307749866741]
    [0.00000045380403606, 0.65241643478605027, -0.01629985282596515, -11.44141394831240177]
    [-0.04071334864417515, 0.01626813215167529, 0.65114565244633871, -0.96172841044608504]
  #81 objects/spaceships/derelicts/wreckage/wreckage_mech_junk_03.cgf
    [0.23214743390542047, -0.00000027039913535, 0.97268061696221852, -2.32018407884606859]
    [0.00005281081134717, -1.00000000536400657, -0.00001288222799447, 53.29630393080879003]
    [0.97268061552859852, 0.00005435862836345, -0.23214743354815051, -0.42308174283243716]
  #82 objects/spaceships/derelicts/wreckage/wreckage_internals_02.cgf
    [-0.97625786363131561, -0.21420994875811442, 0.03219449619984096, -1.99555757601046935]
    [-0.20483965346421931, 0.96126820884843578, 0.18440702551821278, 30.76839105971157551]
    [-0.07044930163723502, 0.17343394288564803, -0.98232345354697681, -0.39327419432811439]
  #83 objects/spaceships/derelicts/wreckage/debris_glass_c.cgf
    [-0.35690522523699342, 2.11036385070571297, -1.23558368349095016, 46.79927691152988700]
    [-2.39846218857446081, -0.54572017261410777, -0.23927512251927549, 82.84112089884001762]
    [-0.47716008975302682, 1.16457626281517612, 2.12691427610759520, -1.62004784995224327]
  #84 objects/spaceships/derelicts/wreckage/debris_large_c.cgf
    [-0.13917941077663401, 0.34444828604146266, 0.02462515479081218, 9.06992529488343280]
    [-0.33171335032080368, -0.12597078273184956, -0.11278095365076792, 81.05197327479254454]
    [-0.09600663114764778, -0.06409889648447648, 0.35397173140613292, -1.17491006292402744]
  #85 objects/spaceships/derelicts/wreckage/wreckage_props_chair_seat.cgf
    [0.17762067173322835, -0.30472280653948075, -0.93573227986880703, -2.71103007767669624]
    [0.02418087248150770, -0.94921323143960457, 0.31370291376835102, 25.05858319799881428]
    [-0.98380189765003312, -0.07834694553983970, -0.16123142914924385, -2.33696699363645166]
  #86 objects/planets/terrain_extension/crashpile_01/crashpile_01_e.cgf
    [3.68338049533596035, 0.51766179348435459, 0.00002830147006934, 7.11243857195950113]
    [-0.51766179145359192, 3.68338049104409304, -0.00018579728140691, -50.70228061778470874]
    [-0.00005388385446846, 0.00018005036299298, 3.71957868196576724, -0.12073942855931818]
  #87 objects/spaceships/derelicts/wreckage/wreckage_internals_04.cgf
    [-1.49709144729704136, -0.31821814858671410, -0.09565572938050730, 2.20885023237497080]
    [0.31883793970053736, -1.50001265931837180, 0.00001775853315338, 8.76695789350196719]
    [-0.09356910206253664, -0.01987063204563334, 1.53053768047197658, -0.32634382799733430]
  #88 objects/spaceships/derelicts/wreckage/wreckage_pipes_large_03.cgf
    [0.73135220216536101, -0.25549754774748318, -0.63233293884775565, 15.58195660263299942]
    [0.68066801333577687, 0.21553305924116672, 0.70016893823177451, 71.32226992514915764]
    [-0.04260279425511406, -0.94247890668073098, 0.33153958806225559, -0.39215522492304444]
  #89 objects/spaceships/derelicts/wreckage/wreckage_props_robot_arm.cgf
    [0.93969233232675431, -0.34202090964048038, 0.00001781983915250, 17.28897168589173816]
    [0.34135400737405136, 0.93786328759573467, 0.06236888496951017, -9.44140940660145134]
    [-0.02134817553151662, -0.05860148062431712, 0.99805315702754871, -1.33684042259119451]
  #90 objects/spaceships/derelicts/wreckage/debris_glass_a.cgf
    [-1.12316471003301865, -0.40982829532694842, -0.59461337910894496, 45.83933148245705524]
    [0.51548877833112972, -1.22496781719684811, -0.12941574238157497, 84.34071598667651415]
    [-0.50576241623971030, -0.33840491029372227, 1.18857467713979736, -1.91848486603703350]
  #91 objects/spaceships/derelicts/wreckage/wreckage_panel_small_03.cgf
    [-0.19081015428007908, 0.98162694285729613, -0.00000631673017565, -6.74698262502352009]
    [-0.97971533851291159, -0.19043817228299489, 0.06237890652851641, 0.07157401973381639]
    [0.06123161328752870, 0.01190871755484220, 0.99805252463988847, 0.16870305303018540]
  #92 objects/spaceships/derelicts/wreckage/wreckage_pipes_large_02.cgf
    [0.56927610116496630, 0.81978446411842454, -0.06227421769447194, -17.20338547440042021]
    [-0.81756003550871881, 0.57246369543231856, 0.06229631536400460, 39.02398072159849107]
    [0.08671928354393375, 0.01544910868033548, 0.99611295346440798, -0.84884695173241198]
  #93 objects/spaceships/derelicts/wreckage/debris_glass_a.cgf
    [-0.21710550156137126, 1.31490111692673950, 0.08319975753431187, 50.33386825221532490]
    [-1.31404251276669792, -0.22223032956337341, 0.08323401360686236, 76.30539620155468583]
    [0.09580929803906461, -0.06834236668522187, 1.33010219347322844, -0.40134388662409037]
  #94 objects/planets/terrain_extension/crashpile_01/crashpile_01_b.cgf
    [1.26125599437154712, -0.98540622125936983, 0.00006966073573981, 42.98446850207983516]
    [0.98347841678643555, 1.25879559760300941, 0.09997977924548890, 86.76742108457256109]
    [-0.06160868010706385, -0.07874218466654501, 1.59743423901481885, -1.57332889479584992]
  #95 objects/spaceships/derelicts/wreckage/debris_glass_c.cgf
    [-0.61195602657055814, -0.91857074322417476, -0.09692723237306999, -3.60342276444862364]
    [0.90725979643528643, -0.61958459213790529, 0.14370759234101019, 10.99770711560267955]
    [-0.17334001400461080, 0.00000410297621527, 1.09435392660098207, -0.37666310672648251]
  #96 objects/spaceships/derelicts/wreckage/wreckage_pipes_medium_04.cgf
    [1.00000000400100042, -0.00000133485373243, 0.00001082915260045, 10.39480145050765714]
    [-0.00000001946146966, 0.99226859927707778, 0.12410896426027883, 74.07315005443524569]
    [-0.00001091109535207, -0.12410896425310185, 0.99226859921798582, -0.64657806244213134]
  #97 objects/spaceships/derelicts/wreckage/wires_floor_bundle_c.cgf
    [1.85556822325126269, 0.00721935737310880, -0.11573410442628802, 7.06845019843603950]
    [0.00000896087590200, 1.85557240639485999, 0.11589209521695358, 77.15722481557168067]
    [0.11595905297965445, -0.11566701644458577, 1.85195965737025525, -1.06178148055914789]
  #98 objects/planets/terrain_extension/crashpile_01/crashpile_01_d.cgf
    [0.27269885406137928, -2.31489067804698490, 0.97652366702545046, 24.21443438021378824]
    [2.50815445229033873, 0.30812718185845966, 0.03001452701888335, -27.94294982659630477]
    [-0.14655567892720550, 0.96593000629817172, 2.33070432369338709, -2.03626036725472659]
  #99 objects/spaceships/derelicts/wreckage/wreckage_pipes_medium_04.cgf
    [1.00000001422090290, 0.00000001325066332, 0.00001304674754430, 12.54908313909254503]
    [-0.00000001371449485, 1.00000001367405700, 0.00003555150769202, 34.98466407379601151]
    [-0.00001304674706497, -0.00003555150786792, 1.00000001358894819, 0.16803204535972327]
  #100 objects/spaceships/derelicts/wreckage/wreckage_pipes_medium_01.cgf
    [-0.97971523331786903, -0.19043590995179502, -0.06237589961001551, 2.04505215909739491]
    [0.19080665408280448, -0.98162688819612176, 0.00001321124738592, 11.99832300655543804]
    [-0.06123242122480459, -0.01188880219550700, 0.99805198963767239, -0.43530430947430432]
  #101 objects/spaceships/derelicts/wreckage/wreckage_panel_medium_03.cgf
    [-0.78344602737010316, -0.00000014942671986, -0.62145819368000133, -17.35073151924007107]
    [0.00001657575084727, 0.99999898178573599, -0.00002113679223038, 26.72010954772122204]
    [0.62145819345896214, -0.00002686069942493, -0.78344602708498989, -0.49320897948928177]
  #102 objects/spaceships/derelicts/wreckage/wreckage_panel_small_01.cgf
    [-0.40949337336780639, 0.91018789265136069, -0.06224774978333784, 9.46292278932378395]
    [-0.91177102375401009, -0.40594232254921703, 0.06233807921544861, 81.27259998838417232]
    [0.03147034357579203, 0.08228265885702885, 0.99611283830748754, -1.04993163095787168]
  #103 objects/spaceships/derelicts/wreckage/wreckage_panel_small_03.cgf
    [0.57563942067723428, 0.81533265556340362, -0.06222484217192034, 32.24027205690072151]
    [-0.81756406316264785, 0.57246627605665579, -0.06222040060800377, 36.76854165492113680]
    [-0.01510870068450418, 0.08668930959909034, 0.99612082781852973, 0.61897187877912074]
  #104 objects/spaceships/derelicts/wreckage/wreckage_pipes_medium_01.cgf
    [-0.97971618676362071, -0.19043610838648362, -0.06236007077358443, 17.90862740918964846]
    [0.19080642028262082, -0.98162691797573109, 0.00001718499348760, 16.02922539855353534]
    [-0.06121764274461129, -0.01188187438932092, 0.99805296336853466, -0.04396044742316008]
  #105 objects/spaceships/derelicts/wreckage/wreckage_mech_junk_02.cgf
    [0.56927572759500478, 0.81978445818263157, -0.06227857977183917, -21.55564036141731776]
    [-0.81755958555581365, 0.57246379271533199, 0.06230219499178036, 44.81349512422457337]
    [0.08672660169748524, 0.01544932222451549, 0.99611236735913433, -1.20751447672955692]
  #106 objects/spaceships/derelicts/wreckage/wreckage_panel_small_03.cgf
    [0.71932400337865143, 0.40594261869090542, -0.56372152120593844, -16.78326787907280959]
    [0.30224116973590198, -0.91354435717627713, -0.27218627402041046, 34.58073767391033471]
    [-0.62547712864423810, 0.02541028883760346, -0.77982758590678636, -0.78667490731459111]
  #107 objects/spaceships/derelicts/wreckage/wreckage_pipes_large_02.cgf
    [0.57357732603535749, 0.81915143145467528, 0.00003120154571680, 31.00591931024973746]
    [-0.81755491562025495, 0.57245705326368623, 0.06242515265072026, 46.83088354533538222]
    [0.05111779115863494, -0.03583116079705437, 0.99804965653651145, 0.58011444262228906]
  #108 objects/spaceships/derelicts/wreckage/wreckage_internals_04.cgf
    [0.39996949979986679, -0.00000035641675309, -0.91652852307428589, 1.92557078404934146]
    [-0.00008323396716179, -1.00000006307992906, -0.00003593410418479, 90.51078969566151500]
    [-0.91652851929493473, 0.00009065884457764, -0.39996949818582828, -2.28999097738415003]
