# IncludedObjects
# Cgfs: 12, Materials: 4, Palettes: 1, Placements: 25

[CGFs]
      0: Data/ObjectContainers/PU/derelict/DRAK/caterpillar/surface/component/ctplr_sfce_tail_sml_vd//Brush/designer_33.cgf
      1: objects/spaceships/derelicts/drak/caterpillar/drak_caterpilllar_der_engine_rear.cgf
      2: objects/spaceships/derelicts/drak/caterpillar/drak_caterpwilllar_wreckage_panel_small_01.cgf
      3: objects/spaceships/derelicts/drak/caterpillar/drak_caterpillar_der_hull_rear.cgf
      4: Data/ObjectContainers/PU/derelict/DRAK/caterpillar/surface/component/ctplr_sfce_tail_sml_vd//Brush/designer_42.cgf
      5: Data/ObjectContainers/PU/derelict/DRAK/caterpillar/surface/component/ctplr_sfce_tail_sml_vd//Brush/designer_43.cgf
      6: Data/ObjectContainers/PU/derelict/DRAK/caterpillar/surface/component/ctplr_sfce_tail_sml_vd//Brush/designer_44.cgf
      7: objects/planets/terrain_extension/crashpile_01/crashpile_01_d.cgf
      8: objects/spaceships/derelicts/drak/caterpillar/drak_caterpilllar_der_engine_left.cgf
      9: objects/spaceships/derelicts/drak/caterpillar/drak_caterpillar_der_hull_main_platform.cgf
     10: objects/planets/terrain_extension/crashpile_01/crashpile_01_a.cgf
     11: objects/planets/terrain_extension/crashpile_01/crashpile_01_e.cgf

[Materials]
      0: objects/default/grid_transparent
      1: objects/spaceships/derelicts/materials/decals/desert_sand_black_01_ext
      2: objects/spaceships/derelicts/drak/caterpillar/drak_caterpillar_ext_delerict
      3: materials/bhvr/special/proxy_nodraw

[Palettes]
      0: Libs/Foundry/Records/TintPalettes/default

[Placements]
  #0 Data/ObjectContainers/PU/derelict/DRAK/caterpillar/surface/component/ctplr_sfce_tail_sml_vd//Brush/designer_33.cgf
    [0.29359492330592168, 0.11644219292169163, 0.94881148639578428, 1.5765798724182787]
    [0.059577660873147517, 0.98839491854907113, -0.13973541895761105, -11.462952246583637]
    [-0.95407155042683989, 0.097553578581015682, 0.28325037682616305, -1.6234736630924971]
  #1 objects/spaceships/derelicts/drak/caterpillar/drak_caterpilllar_der_engine_rear.cgf
    [0.99999989751649321, 6.9865662268443307E-07, -2.1791822311583798E-06, 6.2621170616523045]
    [-9.2261407661148197E-07, 0.99452188338100833, -0.1045275968999327, -33.379678438921587]
    [2.0942157335517213E-06, 0.10452759690166953, 0.99452188337904879, 4.1142612570341726]
  #2 objects/spaceships/derelicts/drak/caterpillar/drak_caterpwilllar_wreckage_panel_small_01.cgf
    [0.14118129904651483, -0.21262067388591946, 0.57565267812032872, -2.2136042270207099]
    [0.58205829163994993, -0.14072641181955409, -0.19473042428148438, -2.7787970244698865]
    [0.19440087943214701, 0.57576405067003056, 0.16498415688579632, 6.5306347382347241]
  #3 objects/spaceships/derelicts/drak/caterpillar/drak_caterpillar_der_hull_rear.cgf
    [0.99999989751649321, 6.9865662268443307E-07, -2.1791822311583798E-06, 2.262134197955163]
    [-9.2261407661148197E-07, 0.99452188338100833, -0.1045275968999327, 0.21081843741099959]
    [2.0942157335517213E-06, 0.10452759690166953, 0.99452188337904879, 2.6172106113100853]
  #4 Data/ObjectContainers/PU/derelict/DRAK/caterpillar/surface/component/ctplr_sfce_tail_sml_vd//Brush/designer_42.cgf
    [-7.192014312295808E-07, -0.99999955285022235, -1.876754979884717E-06, 1.7567242443347482]
    [0.98480738738524731, -3.8238091237169022E-07, -0.17364767621820149, -2.8002486353682023]
    [0.17364767621713312, -1.9731307080429397E-06, 0.98480738738353335, 0.74961574517823237]
  #5 Data/ObjectContainers/PU/derelict/DRAK/caterpillar/surface/component/ctplr_sfce_tail_sml_vd//Brush/designer_43.cgf
    [2.394075575183143E-06, -2.633789111510384E-06, 0.99999989104237164, 0.85885769240582022]
    [0.98480726306888544, -0.17365032881129297, -2.8150616666555883E-06, -2.9637263296294556]
    [0.17365032881760731, 0.98480726306938693, 2.1780428728452955E-06, 1.6767582844592255]
  #6 Data/ObjectContainers/PU/derelict/DRAK/caterpillar/surface/component/ctplr_sfce_tail_sml_vd//Brush/designer_44.cgf
    [2.394075575183143E-06, -2.633789111510384E-06, 0.99999989104237164, 2.5500053639524367]
    [0.98480726306888544, -0.17365032881129297, -2.8150616666555883E-06, -2.9476719761950676]
    [0.17365032881760731, 0.98480726306938693, 2.1780428728452955E-06, 1.5856905357040034]
  #7 objects/planets/terrain_extension/crashpile_01/crashpile_01_d.cgf
    [-0.12146603392237619, 0.097711395563494077, 1.0558777475868402, -3.5798701524525995]
    [-1.0548279496775081, 0.097569678725912254, -0.13037440869021394, -11.592128711981163]
    [-0.10845889198755843, -1.0583534253921101, 0.085463604993438552, 9.1566302129403994]
  #8 objects/planets/terrain_extension/crashpile_01/crashpile_01_d.cgf
    [0.17711128638710072, 0.33708985187476126, 0.99708569440809047, -6.8038450994261126]
    [1.0456850570352558, -0.17144041839611812, -0.12778420258092768, -11.833669946404704]
    [0.11980071670647893, 0.99807638620454364, -0.35870485579846628, -3.8458570046046816]
  #9 objects/planets/terrain_extension/crashpile_01/crashpile_01_d.cgf
    [0.26004453448429282, -0.35539972323441915, 0.97223752131601859, -7.9446276347889722]
    [1.0194379456588931, -0.086120415315340676, -0.3041504069726999, -15.087474781684261]
    [0.17972488998631519, 1.0027224101593528, 0.31847237420001645, 2.9387263477674139]
  #10 objects/spaceships/derelicts/drak/caterpillar/drak_caterpilllar_der_engine_left.cgf
    [1.0000001211191483, 3.8551161230683779E-08, 1.4187356328806641E-06, 13.887145707628918]
    [-6.3307113615210616E-08, 0.99984779812600433, 0.017453447307118813, -22.325466119990381]
    [-1.4178466762676575E-06, -0.017453447307191054, 0.9998477981249998, 3.3093769835450217]
  #11 objects/spaceships/derelicts/drak/caterpillar/drak_caterpillar_der_hull_main_platform.cgf
    [-1.0000009236116112, -1.461073123052903E-06, 1.1437463277070412E-06, 1.6371293249966357]
    [1.215993412041495E-06, -0.98162828140118497, -0.19080818740136954, -2.0113827431610858]
    [1.401517161836625E-06, -0.1908081873996503, 0.9816282814012719, 4.8680587714603121]
  #12 objects/planets/terrain_extension/crashpile_01/crashpile_01_d.cgf
    [0.29419779476615782, -0.3561556876193927, 0.96217409088577277, -7.5139579520676563]
    [1.0083154268817212, -0.084548445275775791, -0.3396023523984455, -15.853709131077519]
    [0.18954116942722044, 1.0025880928968702, 0.31316043574237612, 0.07331649823817088]
  #13 objects/planets/terrain_extension/crashpile_01/crashpile_01_d.cgf
    [-0.13668909859715758, 0.70970504386780064, 0.78537510231195018, -7.798511581444302]
    [-1.0546821336191985, -0.023811747686978958, -0.16204261166357881, 0.41358337592746963]
    [-0.090226923073760248, -0.79682555285263112, 0.70434888441165799, 12.103431776466877]
  #14 objects/planets/terrain_extension/crashpile_01/crashpile_01_d.cgf
    [0.15959125757365378, 0.27567621751368526, 1.0186812450688703, -2.6566389669928157]
    [1.0540825604525279, -0.091599161299747267, -0.14034876148610131, 0.60805343094631858]
    [0.051174326644904421, 1.0270299130006812, -0.28595274355373912, -5.2031310549437109]
  #15 objects/spaceships/derelicts/drak/caterpillar/drak_caterpilllar_der_engine_rear.cgf
    [0.99999989751649321, 6.9865662268443307E-07, -2.1791822311583798E-06, -2.737905228304669]
    [-9.2261407661148197E-07, 0.99452188338100833, -0.1045275968999327, -33.379670875869479]
    [2.0942157335517213E-06, 0.10452759690166953, 0.99452188337904879, 4.1142597860936405]
  #16 objects/planets/terrain_extension/crashpile_01/crashpile_01_a.cgf
    [0.42120641025045247, -0.24912337099184209, 1.0585179768125084, -1.6278719979486027]
    [0.022037622334460487, 1.1368716775427736, 0.25879477052015615, 0.13653484141220318]
    [-1.0872152980948293, -0.0734706476927868, 0.41533427592943878, 5.1241958424420204]
  #17 objects/planets/terrain_extension/crashpile_01/crashpile_01_a.cgf
    [-0.37621166321731248, -0.3732064863242644, 1.0388064392748502, -9.9605061315528047]
    [-0.60602177750303743, -0.84744811445891122, -0.52393359669544759, -20.630267027415911]
    [0.92257222205389167, -0.70886227655283329, 0.079447361372245298, -1.7671799203205296]
  #18 objects/planets/terrain_extension/crashpile_01/crashpile_01_d.cgf
    [-0.39060770938108924, 0.097712976312512079, 0.98846151971886598, -10.208090560665255]
    [-0.98514190606053098, 0.097569786375928641, -0.3989410307836242, -21.046659948384168]
    [-0.12688351598298162, -1.0583528217846008, 0.054481761398566517, 8.6228225358398873]
  #19 objects/planets/terrain_extension/crashpile_01/crashpile_01_d.cgf
    [-0.20005882254861715, 0.30991578625719823, 1.0015520214967844, -6.3780618168171372]
    [-1.0429141340480679, 0.045394107177663262, -0.22236740510147446, -0.75353568052345565]
    [-0.10716508451208065, -1.0203280645348225, 0.29431966329043185, 8.8840753432265842]
  #20 objects/planets/terrain_extension/crashpile_01/crashpile_01_d.cgf
    [-0.13668909859715758, 0.70970504386780064, 0.78537510231195018, -7.5262356362397327]
    [-1.0546821336191985, -0.023811747686978958, -0.16204261166357881, -9.7393127814970448]
    [-0.090226923073760248, -0.79682555285263112, 0.70434888441165799, 13.349019731134774]
  #21 objects/planets/terrain_extension/crashpile_01/crashpile_01_d.cgf
    [0.037222054007145865, 0.3652873489540035, 1.0021767452125458, 1.5350019156852568]
    [-1.066631301861269, 0.021701666959253609, 0.031705847979365188, -7.9921697839405681]
    [-0.0095258511635491327, -1.002632907698781, 0.36580741902572783, -2.670388830039343]
  #22 objects/planets/terrain_extension/crashpile_01/crashpile_01_d.cgf
    [0.15577961633004528, -0.35282203837569243, 0.99520193572381221, -8.4950904814800765]
    [1.0452912237186114, -0.090666723359362947, -0.19576357012493989, -12.606832925603001]
    [0.14925327885460107, 1.0032316417496188, 0.33230604002854419, 6.0063974681177115]
  #23 objects/planets/terrain_extension/crashpile_01/crashpile_01_d.cgf
    [-0.2446616646858929, 0.70970400963297831, 0.75870892626300424, -11.27691485340381]
    [-1.0218656726240838, -0.023811089356110596, -0.30724896319330958, -19.411997271347403]
    [-0.18737546048726891, -0.79682595149863722, 0.6849358992435971, 11.590811667360981]
  #24 objects/planets/terrain_extension/crashpile_01/crashpile_01_e.cgf
    [0.39734373432676418, 0.46355898401439466, 1.2078295393104648, -1.5803351495887767]
    [0.080630856920925878, 1.252183012076401, -0.50710703020131209, -5.0150532235918561]
    [-1.291215625913652, 0.22084370832545677, 0.34001681545123852, -0.3567494671703173]
