# IncludedObjects
# Cgfs: 36, Materials: 3, Palettes: 1, Placements: 80

[CGFs]
      0: objects/spaceships/derelicts/wreckage/debris_small_g.cgf
      1: objects/spaceships/derelicts/wreckage/wreckage_mech_junk_011.cgf
      2: objects/spaceships/derelicts/wreckage/wreckage_mech_junk_019.cgf
      3: objects/spaceships/derelicts/wreckage/wreckage_panel_medium_01.cgf
      4: objects/spaceships/derelicts/wreckage/wreckage_girder_03.cgf
      5: objects/spaceships/derelicts/wreckage/wreckage_internals_02.cgf
      6: objects/spaceships/derelicts/wreckage/debris_trail_a.cgf
      7: objects/spaceships/derelicts/wreckage/wreckage_panel_small_03.cgf
      8: objects/spaceships/derelicts/wreckage/debris_glass_b.cgf
      9: objects/spaceships/derelicts/wreckage/debris_large_b.cgf
     10: objects/spaceships/derelicts/wreckage/debris_glass_a.cgf
     11: objects/spaceships/derelicts/wreckage/debris_small_h.cgf
     12: objects/spaceships/derelicts/wreckage/debris_small_f.cgf
     13: objects/planets/terrain_extension/crashpile_01/crashpile_01_b.cgf
     14: objects/spaceships/derelicts/misc/freelancer/misc_freelancer_derelict_thruster_left.cgf
     15: objects/spaceships/derelicts/wreckage/wreckage_mech_junk_014.cgf
     16: objects/spaceships/derelicts/wreckage/wreckage_pipes_medium_03.cgf
     17: objects/spaceships/derelicts/wreckage/wreckage_mech_junk_016.cgf
     18: objects/spaceships/derelicts/wreckage/wreckage_internals_01.cgf
     19: objects/spaceships/derelicts/wreckage/wreckage_mech_junk_010.cgf
     20: objects/spaceships/derelicts/wreckage/wreckage_internals_03.cgf
     21: objects/spaceships/derelicts/wreckage/wreckage_mech_junk_02.cgf
     22: objects/spaceships/derelicts/wreckage/wreckage_pipes_large_01.cgf
     23: objects/spaceships/derelicts/misc/freelancer/misc_freelancer_derelict_wing_left.cgf
     24: objects/spaceships/derelicts/misc/freelancer/misc_freelancer_derelict_nose_escape_hatch_right.cgf
     25: objects/spaceships/derelicts/wreckage/wreckage_internals_04.cgf
     26: objects/spaceships/derelicts/wreckage/wreckage_girder_01.cgf
     27: objects/planets/terrain_extension/crashpile_01/crashpile_01_d.cgf
     28: objects/spaceships/derelicts/wreckage/wreckage_mech_junk_04.cgf
     29: objects/spaceships/derelicts/wreckage/wreckage_mech_junk_015.cgf
     30: objects/spaceships/derelicts/wreckage/wreckage_mech_junk_07.cgf
     31: objects/spaceships/derelicts/wreckage/wreckage_panel_medium_03.cgf
     32: objects/spaceships/derelicts/wreckage/wreckage_mech_junk_017.cgf
     33: objects/spaceships/derelicts/misc/freelancer/misc_door_a.cgf
     34: objects/spaceships/derelicts/wreckage/wreckage_mech_junk_06.cgf
     35: objects/spaceships/derelicts/wreckage/wreckage_panel_medium_04.cgf

[Materials]
      0: objects/spaceships/derelicts/materials/decals/scratches_generic_a
      1: objects/spaceships/derelicts/materials/decals/debris_ext
      2: objects/spaceships/derelicts/materials/decals/scorch_04

[Palettes]
      0: Libs/Foundry/Records/TintPalettes/default

[Placements]
  #0 objects/spaceships/derelicts/wreckage/debris_small_g.cgf
    [1.00423673794247814, -1.01207716591149399, -0.08889443362250912, 28.81612422829493880]
    [1.00817118981328524, 1.00816346035926885, -0.08883200520503449, 73.98542171297594905]
    [0.12567124619010195, -0.00028871931134709, 1.42298998255224696, 5.37099088437389582]
  #1 objects/spaceships/derelicts/wreckage/wreckage_mech_junk_011.cgf
    [-0.70847666907257290, 0.70298392625134309, 0.06224525980578243, -12.48628052475396544]
    [-0.70573425082310082, -0.70574064233959144, -0.06220431272402777, 52.72407544008456171]
    [0.00020037764305660, -0.08799891328055227, 0.99612058239274071, 4.31017557426821440]
  #2 objects/spaceships/derelicts/wreckage/wreckage_mech_junk_019.cgf
    [-0.70573035770213965, 0.70572873747390941, 0.06238266136195913, 3.68815433909185231]
    [-0.70710586535081132, -0.70710768649406197, 0.00000223716396738, 2.05695705721154809]
    [0.04411283851215410, -0.04410956723893791, 0.99805229756456271, 0.06163757195463404]
  #3 objects/spaceships/derelicts/wreckage/debris_small_g.cgf
    [1.42574740061331084, -0.01103029162000241, -0.08841398384067677, 6.57519587769638747]
    [0.00000407950673317, 1.41754784029792180, -0.17678368328969118, 45.60718853981234133]
    [0.08909938190110733, 0.17643923418811905, 1.41478791591226316, 2.31058164400747046]
  #4 objects/spaceships/derelicts/wreckage/wreckage_panel_medium_01.cgf
    [-0.70298422703686736, -0.70847473213480738, 0.06226418693573377, 6.49349032354075462]
    [0.70573852361384826, -0.70573621660112529, -0.06220632906507369, 50.40940684068482369]
    [0.08801369970408447, 0.00021216719697922, 0.99611929112950903, 2.74785142240580171]
  #5 objects/spaceships/derelicts/wreckage/wreckage_girder_03.cgf
    [-0.70710779244892075, 0.70710799134872993, -0.00000596382310783, -5.55605778913013637]
    [-0.70710798558264809, -0.70710778771197802, -0.00012202094241282, -122.67555137258023024]
    [-0.00009049890710021, -0.00008206476337041, 1.00000156333983292, -6.85372600611299276]
  #6 objects/spaceships/derelicts/wreckage/wreckage_internals_02.cgf
    [0.78366699957536856, 0.00304838830688661, 0.04887169328116399, -17.27080443000886589]
    [0.00000377749746488, 0.78366853079053855, -0.04894216110091204, -75.74802125873975456]
    [-0.04896667296405020, 0.04884713375652201, 0.78214316065634848, -3.69136704539414495]
  #7 objects/spaceships/derelicts/wreckage/debris_trail_a.cgf
    [0.33377561979625980, -1.16401256217790228, -0.00000007680486931, -3.75174224143847823]
    [1.16401256217708737, 0.33377561979611942, -0.00000141320771663, 62.01106459333095700]
    [0.00000137963264010, 0.00000031570368493, 1.21092171888869227, 4.15009257348719984]
  #8 objects/spaceships/derelicts/wreckage/debris_small_g.cgf
    [-1.01008001689302995, 0.99456696173854198, 0.17683590371180716, -8.08358159475028515]
    [-1.00818548477631986, -1.00818330338453888, -0.08845605583002951, -21.89160092733800411]
    [0.06321713778511892, -0.18734728219228086, 1.41477934961443830, -0.75112553435610607]
  #9 objects/spaceships/derelicts/wreckage/wreckage_panel_small_03.cgf
    [-0.55413710533228477, -0.55413532217337247, 0.04896783504025862, -15.73439939506351948]
    [0.55521405302464766, -0.55521985637456905, -0.00004545445575909, -59.95644810609519482]
    [0.03465774765706738, 0.03459322855670700, 0.78366694757411060, -2.88886557979276404]
  #10 objects/spaceships/derelicts/wreckage/debris_glass_b.cgf
    [-0.91354671569855495, 0.40673642800776599, 0.00001622724442354, 16.25903797999490052]
    [-0.40594728730451524, -0.91177178779792656, -0.06229872230900779, 79.87735194421838969]
    [-0.02532433734464623, -0.05691932011815392, 0.99805861192156364, 4.87803495372645557]
  #11 objects/spaceships/derelicts/wreckage/debris_large_b.cgf
    [-0.69056906583538880, -0.95830215574608202, 0.07367438046378580, -6.75030105060432106]
    [0.95560599451710115, -0.69429233993925421, -0.07370142927874127, -18.62550249777268618]
    [0.10289858739211528, 0.01648319529579072, 1.17889641432935899, -0.93312169297132641]
  #12 objects/spaceships/derelicts/wreckage/debris_glass_a.cgf
    [0.89100623063077522, 0.45399107580476061, 0.00002251346661529, 22.04968919779639691]
    [-0.45310882248565026, 0.88927780167569392, -0.06226866686058832, 109.03125741542316973]
    [-0.02828943977684163, 0.05547156908330213, 0.99805942361195665, 7.18640385335311294]
  #13 objects/spaceships/derelicts/wreckage/debris_small_h.cgf
    [0.00000004156315851, 1.89124370747497483, -0.00001384401688741, -6.93614982801955193]
    [-1.89124369465554731, 0.00000003994807715, -0.00022063766826869, -114.09683564840815961]
    [-0.00022063766797036, 0.00001384402164207, 1.89124369460487785, -6.80617102637188509]
  #14 objects/spaceships/derelicts/wreckage/debris_small_f.cgf
    [0.80456931384710229, 0.00000002924338987, -0.00000038598406954, 5.61487756855785847]
    [-0.00000002924380478, 0.80456931384673003, -0.00000086486970520, 48.04734329320490360]
    [0.00000038598403810, 0.00000086486971923, 0.80456931384663799, 2.49797309504356235]
  #15 objects/spaceships/derelicts/wreckage/wreckage_girder_03.cgf
    [0.00388240104248646, -0.99805322863575363, 0.06224841739288390, -10.14046574814710766]
    [0.99805895817934065, -0.00000182155942423, -0.06227761789500598, -20.93271775322500616]
    [0.06215648522993999, 0.06236937150922169, 0.99611586602032887, -0.50112386501859874]
  #16 objects/spaceships/derelicts/wreckage/debris_small_h.cgf
    [1.01012501131602450, -1.01011948552643704, 0.00004203369882344, 29.09371784806717187]
    [1.00815782531601772, 1.00815963571621547, -0.08902731861541149, 58.19006034883204848]
    [0.06292198392535932, 0.06298165737402163, 1.42575174910169489, 4.18452729727141559]
  #17 objects/spaceships/derelicts/wreckage/debris_small_g.cgf
    [0.99805167588624988, 0.00388437642283156, 0.06227101967861114, 13.19936573761515319]
    [-0.00000187823860437, 0.99806194526790903, -0.06222756154526630, 29.21023655100725591]
    [-0.06239205292727949, 0.06210620773484270, 0.99611744623998855, 1.37363053305307403]
  #18 objects/planets/terrain_extension/crashpile_01/crashpile_01_b.cgf
    [1.05613839185774294, -0.14447521628371099, 0.12340956828722541, -15.10963440267369151]
    [0.14886292824396824, 1.06228516675617191, -0.03035400311931115, -73.65423542249482125]
    [-0.11807979615368407, 0.04699413570341432, 1.06554212745002119, -4.08263481676112860]
  #19 objects/spaceships/derelicts/wreckage/debris_small_g.cgf
    [1.41749944433734187, 0.01096687164223197, 0.17683047908661353, -12.06072518590372056]
    [0.00000542164560987, 1.42578648973585809, -0.08846949169966543, -31.57494999817572534]
    [-0.17717023050790506, 0.08778712159180424, 1.41477846181255273, -1.18892384634818882]
  #20 objects/spaceships/derelicts/wreckage/debris_small_g.cgf
    [1.01774311198259082, 0.98690690447046459, -0.17580770348887512, 22.04876958089880645]
    [-1.00244187366308868, 1.00245922991800618, -0.17572823041432178, 78.94768200581893325]
    [0.00196891450876322, 0.24856565117939844, 1.40673589174191971, 5.05828312580706552]
  #21 objects/spaceships/derelicts/misc/freelancer/misc_freelancer_derelict_thruster_left.cgf
    [0.29286519370158348, -0.06290252656659018, -0.95408241006486239, -14.22516222088597715]
    [-0.04059551541543385, 0.99611591789279141, -0.07813499199628191, -79.72967096336651593]
    [0.95529156657629499, 0.06161448691373793, 0.28917412151862348, -4.18797517044004053]
  #22 objects/spaceships/derelicts/wreckage/debris_small_h.cgf
    [1.01595262027362176, 1.00036153815837947, -0.08838350529438371, 28.06357555941212922]
    [-1.00235777135008819, 1.00236399129102716, -0.17674813960199237, 69.76557516993489116]
    [-0.06175556046872277, 0.18771733966813417, 1.41479434152624139, 5.05881569918710738]
  #23 objects/spaceships/derelicts/wreckage/wreckage_mech_junk_014.cgf
    [0.70710603259838001, -0.70710755696431193, 0.00000472272967908, 4.58030218409840018]
    [0.70572471039658191, 0.70572277148223617, -0.06251432973690954, -136.61968853569123894]
    [0.04420102118732427, 0.04420759177739653, 0.99804408571495651, -7.19768502569058910]
  #24 objects/spaceships/derelicts/wreckage/wreckage_pipes_medium_03.cgf
    [-0.54666807792897365, -0.55519146468151437, 0.09720167335634460, -5.81739886105060577]
    [0.55414256481239099, -0.55415616043153160, -0.04866911653158315, -87.35870323155540973]
    [0.10301332739807897, 0.03471458750459990, 0.77763414725550628, -5.11225933057721704]
  #25 objects/spaceships/derelicts/wreckage/debris_small_g.cgf
    [1.42852859815421374, 0.00000044557442060, 0.00000690929270764, 4.95597342960536480]
    [-0.00000001398616784, 1.42575011581105415, -0.08905370883430304, 39.52367954212240875]
    [-0.00000692363103228, 0.08905370883318944, 1.42575011579431288, 1.93585015198914334]
  #26 objects/spaceships/derelicts/wreckage/debris_small_h.cgf
    [-1.30656667074713573, 1.34740048258732292, -0.23280263530969775, -1.82981982198543847]
    [-1.32709917542483069, -1.32714275901563972, -0.23302675462280048, -121.05568980274256319]
    [-0.32938261349140047, 0.00237261601395442, 1.86233806201069929, -6.99446594138862565]
  #27 objects/spaceships/derelicts/wreckage/debris_small_g.cgf
    [-0.98690382873682847, -1.01774628798557454, 0.17582441788777023, -11.05449634918477386]
    [1.00243386069845752, -1.00244197388651846, -0.17589014675383852, -34.55560450255870819]
    [0.24869275735166646, 0.00186603630330240, 1.40671579580195916, -1.62651052238652483]
  #28 objects/spaceships/derelicts/wreckage/wreckage_mech_junk_016.cgf
    [0.70710713009335069, 0.70710650444559375, 0.00000864834889905, 8.15533965523354709]
    [-0.70573025392501276, 0.70573164095750718, -0.06235191880990087, 26.10223110858350992]
    [-0.04409554851680116, 0.04408338071283603, 0.99805427722085571, 1.24877033877419308]
  #29 objects/spaceships/derelicts/wreckage/wreckage_internals_01.cgf
    [0.99227883232310721, 0.01526663928012228, 0.12308368976086581, -8.75658510986249894]
    [0.00000272420228699, 0.99239263041029346, -0.12311300961508830, -22.31659059529192746]
    [-0.12402687189733183, 0.12216277202567373, 0.98473018548988001, -0.75114058167673647]
  #30 objects/spaceships/derelicts/wreckage/wreckage_mech_junk_010.cgf
    [0.70710873429870513, -0.70710479765321999, 0.00003208202141645, 31.06980693724472076]
    [0.70573259145705947, 0.70573369380484496, -0.06230104974113091, 76.89899519702885300]
    [0.04403073073162231, 0.04407625868131660, 0.99805738120955312, 5.74570359737845138]
  #31 objects/spaceships/derelicts/wreckage/wreckage_internals_03.cgf
    [0.70710737582894068, -0.70710619173924683, 0.00000052458779428, 21.79012634104583412]
    [0.70710619173943623, 0.70710737582883021, -0.00000040422013092, 33.62064648489467800]
    [-0.00000008511334089, 0.00000065676631106, 1.00000000367375375, 1.99834177398588508]
  #32 objects/spaceships/derelicts/wreckage/wreckage_internals_02.cgf
    [0.00304851467089355, -0.78366654865524599, 0.04887986488124508, -7.32981302542611957]
    [0.78366859131958266, -0.00000415992791536, -0.04894214007997765, -75.74796491512097418]
    [0.04884710483963715, 0.04897483655105372, 0.78214271066558927, -4.35447252279845998]
  #33 objects/spaceships/derelicts/wreckage/debris_small_g.cgf
    [-1.01007896071241587, 0.99456391499834895, 0.17686033962128520, 9.90298586990684271]
    [-1.00817884912915701, -1.00820353249691319, -0.08830352683233048, 85.72153808712027967]
    [0.06334326259680768, -0.18725577071368540, 1.41478598206219441, 5.62041881895856932]
  #34 objects/spaceships/derelicts/wreckage/debris_small_g.cgf
    [-1.42574925187199586, 0.00554487051906423, -0.08889230192136012, 30.58378309244289994]
    [-0.00000683431536762, -1.42576417600097893, -0.08882584381275832, 77.89181393687613308]
    [-0.08906507106180046, -0.08865260845955530, 1.42299038797652355, 5.74564168963115662]
  #35 objects/spaceships/derelicts/wreckage/debris_small_g.cgf
    [-1.00232530820196764, 1.00232235476788056, 0.17717566172033253, -8.11875173763837665]
    [-1.01012405489217372, -1.01012213835635545, -0.00002768055986099, -18.29787907749414444]
    [0.12526257103245131, -0.12530165270494711, 1.41749995610701363, -0.50105385959614068]
  #36 objects/spaceships/derelicts/wreckage/wreckage_mech_junk_02.cgf
    [-0.70710710754569062, -0.70710652533249763, 0.00001475913167689, 13.99480635044164956]
    [0.70573129182490402, -0.70573317374283662, -0.06232279795771642, 54.93825675209518522]
    [0.04407927091935978, -0.04405847521564941, 0.99805609489855374, 3.12253608665196225]
  #37 objects/spaceships/derelicts/wreckage/debris_small_g.cgf
    [-1.42852855342357032, -0.00000103554570762, 0.00001307474843595, 9.18014244548976421]
    [0.00000021827185255, -1.42574880188088726, -0.08907402569563806, 25.20107034337706864]
    [0.00001311387658072, -0.08907402568988602, 1.42574880182095320, 1.18628465244546533]
  #38 objects/spaceships/derelicts/wreckage/wreckage_pipes_large_01.cgf
    [-0.70710777151852766, -0.70710577282023734, 0.00000768770912938, 6.94912501168437302]
    [0.70710577253189444, -0.70710777081437881, 0.00003824522175444, 37.65642845351248980]
    [-0.00002160737849509, 0.00003247951744214, 0.99999998651745281, 1.87341049499809742]
  #39 objects/spaceships/derelicts/misc/freelancer/misc_freelancer_derelict_wing_left.cgf
    [-0.91421313458229103, -0.27563816328128793, -0.29704880478195311, -3.44233993836678565]
    [0.28089456000974794, -0.95939325650743024, 0.02574627055022278, 61.72327136329840869]
    [-0.29208326832668613, -0.05990181327166336, 0.95451515548607890, 4.97040356730576605]
  #40 objects/spaceships/derelicts/wreckage/debris_small_g.cgf
    [1.42574775566210055, 0.00554708345489064, 0.08892170671900010, -10.44151517446152866]
    [0.00000204905590693, 1.42575529455677441, -0.08897383253136139, -25.49148264608811587]
    [-0.08909455682855581, 0.08880074743301349, 1.42297965201019427, -0.81373246008297428]
  #41 objects/spaceships/derelicts/wreckage/debris_small_g.cgf
    [-1.42574588938680757, -0.00000021743813794, 0.08912436532548203, 10.79936526319943368]
    [0.00000293947751166, -1.42852878574212294, 0.00004353838959601, 31.28457642055582255]
    [0.08912436527727270, 0.00004363696388741, 1.42574588872205199, 1.56109640316572040]
  #42 objects/spaceships/derelicts/wreckage/wreckage_panel_small_03.cgf
    [-0.55413654679979907, -0.55413492105850759, 0.04897838481496389, -2.58951311570126563]
    [0.55521316306503954, -0.55522071690506403, -0.00006703392921925, -87.35869244497735053]
    [0.03468049127268882, 0.03458540440294586, 0.78366626745201728, -5.23724567471072078]
  #43 objects/spaceships/derelicts/wreckage/debris_small_g.cgf
    [-1.01012608752957389, 1.01011968807651820, 0.00004129999831235, 29.17726048280019313]
    [-1.00815861990832945, -1.00816136752139274, -0.08901321696930399, 68.03472708258777857]
    [-0.06291250312954103, -0.06297119540623108, 1.42575353555668238, 4.99640318553429097]
  #44 objects/spaceships/derelicts/misc/freelancer/misc_freelancer_derelict_nose_escape_hatch_right.cgf
    [0.66015280359894046, -0.70710510944576221, -0.25337835650964913, 28.37654949678108096]
    [0.63652556707846686, 0.70573286993566042, -0.31108884615040067, 62.70949600241146982]
    [0.39878995700402264, 0.04408437296194990, 0.91598203568883207, 4.49677450663875788]
  #45 objects/spaceships/derelicts/wreckage/debris_glass_b.cgf
    [0.89277749348430591, 0.44622843892480485, -0.06187491949057741, 22.69067338586319238]
    [-0.45049760395078797, 0.88416847361191320, -0.12368507324949132, 111.54057333746459335]
    [-0.00048394403884228, 0.13829775415698095, 0.99039056701518324, 7.43308375473134220]
  #46 objects/spaceships/derelicts/wreckage/wreckage_internals_04.cgf
    [-0.70573086355057624, 0.70573103799965387, 0.06237558650587572, -2.76699731033295393]
    [-0.70711393958593460, -0.70710177598406543, -0.00013564403114060, -136.61968827899545431]
    [0.04401009237982045, -0.04420230717931858, 0.99805427275504732, -7.19767857831902802]
  #47 objects/spaceships/derelicts/wreckage/wreckage_girder_01.cgf
    [0.00304831748757090, -0.04699778808240125, 0.78378167438023771, -15.14974609843920916]
    [0.78366897877917374, -0.04857162828386791, -0.00596037276461705, -67.06333647784776986]
    [0.04884093445189571, 0.78228115294927558, 0.04671785826266137, -3.25321327277924865]
  #48 objects/spaceships/derelicts/wreckage/debris_small_g.cgf
    [-0.01096770800484611, 1.41750055240657935, 0.17683145536956299, -11.75460445019416511]
    [-1.42578723296385457, 0.00000561244625082, -0.08847732243761788, -36.33553336409386247]
    [-0.08779490872681736, -0.17717125668543912, 1.41477908880012282, -1.68908147688489407]
  #49 objects/spaceships/derelicts/wreckage/debris_small_g.cgf
    [-1.42852865671944951, -0.00000230864185426, 0.00001638219412512, 11.71060529351234436]
    [0.00000026019937254, -1.41751179769111424, -0.17707181240620729, 81.36380646482575685]
    [0.00001654201946108, -0.17707181239134853, 1.41751179759647217, 4.93326352274743840]
  #50 objects/spaceships/derelicts/wreckage/debris_small_g.cgf
    [-1.00217401673480766, -0.96981709601265453, -0.30950951899873974, 5.23703981447033584]
    [1.01307644099139016, -0.90740556616086465, -0.43701872396514940, 50.21372834162320942]
    [0.10008729578457058, -0.52608368219275781, 1.32435365157523832, 2.88583461492089555]
  #51 objects/planets/terrain_extension/crashpile_01/crashpile_01_d.cgf
    [0.06480185939229849, -1.13944763702990670, -0.36678708660591020, -16.67361512221395969]
    [1.19695066584480614, 0.06582959621130328, 0.00696657813565907, -81.42217896843794733]
    [0.01351991004275727, -0.36660402636115091, 1.14126756954835806, -4.61098430556012318]
  #52 objects/spaceships/derelicts/wreckage/debris_small_g.cgf
    [0.00554867095424178, -1.42574648025200701, 0.08895411355792703, 12.69566255994141102]
    [1.42576595424568398, 0.00000747175325700, -0.08881492936037759, 85.68472033808939159]
    [0.08864143491481571, 0.08912699934592169, 1.42298830705774093, 5.37039051292231306]
  #53 objects/spaceships/derelicts/wreckage/debris_small_h.cgf
    [-1.42852869270292016, -0.00000286715918496, 0.00004389102224040, 30.86137280275579542]
    [0.00000012644075435, -1.42575223722953592, -0.08902126625202170, 62.09644114191178232]
    [0.00004398438868320, -0.08902126620593936, 1.42575223655396011, 4.49673928954871371]
  #54 objects/planets/terrain_extension/crashpile_01/crashpile_01_d.cgf
    [0.48046708329159360, 0.96782085103626680, 0.51917920009480778, -10.52942413941491395]
    [-1.08360936723749912, 0.51005936436751831, 0.05199080394193896, -81.16044161596801132]
    [-0.17892730576073268, -0.49013784261044241, 1.07926955582596018, -5.24477634212234989]
  #55 objects/spaceships/derelicts/wreckage/debris_small_g.cgf
    [1.42574913444926787, -0.01102654274760851, -0.08838454529084287, 27.40960106183774769]
    [0.00000568855349923, 1.41755106094872296, -0.17675688514131760, 64.12833344633691013]
    [0.08906970561798357, 0.17641261812085821, 1.41479298223554273, 4.49671140575082973]
  #56 objects/spaceships/derelicts/wreckage/debris_small_f.cgf
    [1.41749920551596986, 0.01096710544241413, 0.17683211616640299, -10.92343297251500189]
    [0.00000561383432297, 1.42578629613648489, -0.08847208636607967, -33.39070953056216240]
    [-0.17717187891468028, 0.08778970723095712, 1.41477806209109103, -1.50146959250560030]
  #57 objects/spaceships/derelicts/wreckage/debris_small_g.cgf
    [1.00422967531654472, 1.01207922881808887, 0.08895219707380522, 11.67380331119056791]
    [-1.00817395480794270, 1.00816150570115304, -0.08882429186289162, 78.57110997755080462]
    [-0.12570654563779526, -0.00033551902201388, 1.42298694701196982, 4.68348735966719687]
  #58 objects/spaceships/derelicts/wreckage/debris_small_f.cgf
    [-0.98690421608286838, -1.01774643976966717, 0.17582217153878441, -12.67098892643116415]
    [1.00243334462087774, -1.00244196921601048, -0.17589392069402257, -37.06656611524522305]
    [0.24869387057313463, 0.00186174141109202, 1.40671570548169322, -1.68911946372827515]
  #59 objects/spaceships/derelicts/wreckage/wreckage_mech_junk_04.cgf
    [-0.70847638642579114, 0.08674987339462180, -0.70038257541569215, -3.51007625297643244]
    [-0.70573456375195875, -0.08689820495504344, 0.70312695162699534, -50.62913286965340376]
    [0.00013418544303232, 0.99243299221884784, 0.12278770521782076, -3.68963871378218755]
  #60 objects/spaceships/derelicts/wreckage/wreckage_mech_junk_015.cgf
    [-0.70847661697022701, 0.70298362157029104, 0.06224840231382231, -9.71311034762766212]
    [-0.70573424121789041, -0.70573136836732275, -0.06230865955289132, -51.48213477910030633]
    [0.00012868299898264, -0.08807505939020061, 0.99611380872588129, -3.31472336687147617]
  #61 objects/spaceships/derelicts/wreckage/wreckage_mech_junk_07.cgf
    [0.00304857620708292, -0.78366656806384172, 0.04887828733453656, -9.12709114525932819]
    [0.78366870890802665, -0.00000380332757045, -0.04893899625624863, -71.73015197610948235]
    [0.04884395102921164, 0.04897326592318108, 0.78214292706849986, -4.12846346368314698]
  #62 objects/spaceships/derelicts/wreckage/wreckage_panel_medium_03.cgf
    [0.38064749090560074, -0.91639703197787481, -0.12379001398062521, -7.24394511710852385]
    [-0.91874004745871929, -0.38998170726076231, 0.06189501845417170, 2.62882968795020133]
    [-0.10499625219374149, 0.09017065984029328, -0.99037621096285700, 0.68746846675639972]
  #63 objects/spaceships/derelicts/wreckage/wreckage_mech_junk_017.cgf
    [0.70710728259961508, -0.70710622990207805, 0.00002902946687713, 27.94090338249225169]
    [0.70710622799118883, 0.70710728295383218, 0.00005517403596787, 55.05258996435441077]
    [-0.00005954085408538, -0.00001848704646336, 0.99999996321378337, 3.87223789701238275]
  #64 objects/spaceships/derelicts/wreckage/wreckage_mech_junk_016.cgf
    [0.99805427946663472, -0.00771880674238367, -0.06187165184564304, 26.08189521741587669]
    [0.00000408640722488, 0.99231586073714695, -0.12373058859511916, 65.91249180270824581]
    [0.06235127314607142, 0.12348958900760458, 0.99038511003805729, 4.62163079273886979]
  #65 objects/spaceships/derelicts/wreckage/wreckage_mech_junk_016.cgf
    [-0.71119109750500076, 0.70026840847811533, 0.06189881438737935, -0.62422774115111679]
    [-0.70166443805045886, -0.70166177822273257, -0.12384607245306543, -49.46602515084668994]
    [-0.04329345805510985, -0.13151041545917047, 0.99036900770409275, -3.75207355356542394]
  #66 objects/spaceships/derelicts/wreckage/debris_small_f.cgf
    [-1.01208025000770219, 1.00423301031946810, 0.08892258109763561, -9.71048147592227906]
    [-1.00816224959543321, -1.00816159484377588, -0.08897569371884258, -26.40786366420798004]
    [0.00020720772744013, -0.12579291143292834, 1.42298056817308760, -0.93874878901988268]
  #67 objects/spaceships/derelicts/wreckage/debris_small_g.cgf
    [-0.00554601445103470, -1.42574964897017820, -0.08890144053789599, 24.04952369409147650]
    [1.42576540340591795, -0.00000766998229562, -0.08882173346947159, 80.89641418925020844]
    [0.08864841859311080, -0.08907426310206283, 1.42299104687217026, 5.43308128323405981]
  #68 objects/spaceships/derelicts/wreckage/debris_small_g.cgf
    [-0.01638267904265524, -1.42575048292097750, -0.08754318326300943, 31.96993657643906772]
    [1.40417264225972005, -0.00000637655122335, -0.26267057571515734, 67.99792553915176541]
    [0.26215918678272171, -0.08906290511641250, 1.40144104420253157, 4.93382042285520583]
  #69 objects/spaceships/derelicts/wreckage/wreckage_internals_04.cgf
    [0.70710794259528631, -0.70710563568983897, 0.00001409237903510, 12.93840760632883757]
    [0.70572986517069236, 0.70573092469828791, -0.06236378784936854, 14.22501506307162344]
    [0.04408783992307534, 0.04410787463065385, 0.99805349579606639, 0.49896018631989136]
  #70 objects/spaceships/derelicts/misc/freelancer/misc_door_a.cgf
    [-0.70805893383589258, 0.02327206614187927, -0.70576974225896738, 24.63537099782843143]
    [0.70614881177370004, 0.02690797004990575, -0.70755196891394945, 112.96015208237804472]
    [0.00252463490287814, -0.99936697164800425, -0.03548597093677788, 7.69319244299549609]
  #71 objects/spaceships/derelicts/wreckage/wreckage_mech_junk_06.cgf
    [-0.70710776644458118, -0.70710577553106013, 0.00001466744372406, 13.99481384782120585]
    [0.70710577477373526, -0.70710776433096911, 0.00006538543042481, 64.86919850332196802]
    [-0.00003586295266216, 0.00005660598063445, 0.99999998344018626, 3.68444080755580217]
  #72 objects/spaceships/derelicts/wreckage/debris_small_g.cgf
    [-1.00423514108505252, 1.01207750148333053, -0.08892671671596733, 6.72361546813044697]
    [-1.00816764790532321, -1.00816471911950178, -0.08887598879608979, 43.43003901350311935]
    [-0.12572519107828495, 0.00028046157191364, 1.42298634786647682, 2.18567768245702609]
  #73 objects/spaceships/derelicts/wreckage/debris_small_g.cgf
    [-1.01208011383537677, 1.00423119163517405, 0.08894086692442141, 3.56689497258048505]
    [-1.00816202873615768, -1.00817096964291864, -0.08886810826810020, 48.87671163771301508]
    [0.00029644032085214, -0.12572959317342353, 1.42298591082514903, 2.68544220633339137]
  #74 objects/spaceships/derelicts/misc/freelancer/misc_door_a.cgf
    [0.99343280069104178, -0.04216493545301812, -0.10636451385052999, 16.13840046082623303]
    [0.10900964429176972, 0.06638562686484285, 0.99182148952037130, 77.47268565208651125]
    [-0.03475901379208858, -0.99690274743390539, 0.07054604309383146, 4.68290416296804324]
  #75 objects/spaceships/derelicts/wreckage/wreckage_panel_medium_04.cgf
    [-0.54667021375009262, -0.55519213895744002, 0.09718556600522370, -26.51654987211804837]
    [0.55414186194830373, -0.55415638449864391, -0.04867408301471324, -93.82642581779509783]
    [0.10300554468745912, 0.03469954409958080, 0.77763581926528158, -3.96173173189163208]
  #76 objects/spaceships/derelicts/wreckage/debris_small_h.cgf
    [1.33731168205858686, -1.33730989235404274, -0.00000070608414966, -0.58722178044263273]
    [1.33471507944219869, 1.33471680349916988, 0.11775820279458747, -111.60163092077709734]
    [-0.08326706970997179, -0.08326817776212257, 1.88757338634367722, -6.93086565769044682]
  #77 objects/spaceships/derelicts/wreckage/debris_small_h.cgf
    [-1.33470877530415022, -1.33470552431388478, 0.11796170205056906, -5.46520457358565181]
    [1.33730004411013970, -1.33732189931993117, -0.00021043032939385, -109.25920779560692608]
    [0.08356070731921444, 0.08326233016138414, 1.88756094132798213, -6.86812212917720899]
  #78 objects/spaceships/derelicts/wreckage/wreckage_mech_junk_011.cgf
    [-0.70847667389545144, 0.70298206380260697, 0.06226665857870431, 8.73152338096406311]
    [-0.70573428472068411, -0.70573812863623231, -0.06223286440060866, 24.29714073974173516]
    [0.00019536763772229, -0.08803424341441009, 0.99611748808593303, 1.12381107482360676]
  #79 objects/spaceships/derelicts/wreckage/debris_small_h.cgf
    [-0.00000038274594276, -1.88756071048826168, 0.11796716077433071, -2.90397092525381595]
    [1.89124341211433844, -0.00001330655260670, -0.00020677839484696, -107.58526266401167959]
    [0.00020720574901118, 0.11796716002447012, 1.88756069916222580, -6.93043002701597288]
