# IncludedObjects
# Cgfs: 15, Materials: 8, Palettes: 1, Placements: 27

[CGFs]
      0: Data/ObjectContainers/PU/derelict/DRAK/caterpillar/surface/component/ctplr_sfce_nose_sml_vb//Brush/designer_26.cgf
      1: Data/ObjectContainers/PU/derelict/DRAK/caterpillar/surface/component/ctplr_sfce_nose_sml_vb//Brush/designer_27.cgf
      2: Data/ObjectContainers/PU/derelict/DRAK/caterpillar/surface/component/ctplr_sfce_nose_sml_vb//Brush/designer_29.cgf
      3: Data/ObjectContainers/PU/derelict/DRAK/caterpillar/surface/component/ctplr_sfce_nose_sml_vb//Brush/designer_31.cgf
      4: objects/spaceships/derelicts/drak/caterpillar/drak_caterpillar_der_hull_nose_door_bottom.cgf
      5: objects/spaceships/derelicts/drak/caterpillar/drak_caterpilllar_der_gear_side_assembled.cgf
      6: objects/spaceships/derelicts/drak/caterpillar/drak_caterpillar_der_hull_nose.cgf
      7: objects/planets/terrain_extension/crashpile_01/crashpile_01_e.cgf
      8: objects/planets/terrain_extension/crashpile_01/crashpile_01_a.cgf
      9: objects/planets/terrain_extension/crashpile_01/crashpile_01_d.cgf
     10: objects/spaceships/derelicts/drak/caterpillar/drak_caterpillar_door_single_grey.cgf
     11: objects/spaceships/derelicts/drak/caterpillar/drak_caterpillar_der_module_join_a.cgf
     12: objects/spaceships/derelicts/drak/caterpillar/drak_caterpillar_door_double_grey_left.cgf
     13: objects/spaceships/derelicts/drak/caterpillar/drak_caterpillar_door_double_grey_right.cgf
     14: Data/ObjectContainers/PU/derelict/DRAK/caterpillar/surface/component/ctplr_sfce_nose_sml_vb//Brush/designer_43.cgf

[Materials]
      0: objects/spaceships/derelicts/materials/decals/desert_sand_black_01_ext
      1: objects/spaceships/derelicts/materials/decals/sand_streak_b_ext
      2: materials/bhvr/special/proxy_nodraw
      3: objects/spaceships/derelicts/materials/decals/crumpled_metal_b
      4: objects/spaceships/derelicts/materials/decal_burned_01
      5: objects/spaceships/derelicts/materials/decals/scorch_02
      6: objects/spaceships/derelicts/drak/caterpillar/drak_caterpillar_ext_delerict
      7: materials/ui/ui_general_transparent

[Palettes]
      0: Libs/Foundry/Records/TintPalettes/default

[Placements]
  #0 Data/ObjectContainers/PU/derelict/DRAK/caterpillar/surface/component/ctplr_sfce_nose_sml_vb//Brush/designer_26.cgf
    [-0.00000064012100026, 0.00000000000000000, 1.00000042674731060, -0.07212500000002819]
    [0.00000000000000000, 1.00000042674751533, 0.00000000000000000, -1.01935000000003129]
    [-1.00000042674731060, 0.00000000000000000, -0.00000064012100026, 9.83818200000000331]
  #1 Data/ObjectContainers/PU/derelict/DRAK/caterpillar/surface/component/ctplr_sfce_nose_sml_vb//Brush/designer_27.cgf
    [-1.00000000000000000, 0.00000000000000000, 0.00000000000000000, -1.03258500000004005]
    [0.00000000000000000, 1.00000000000000000, 0.00000000000000000, -0.73846600000001672]
    [0.00000000000000000, 0.00000000000000000, -1.00000000000000000, 10.80838799999999367]
  #2 Data/ObjectContainers/PU/derelict/DRAK/caterpillar/surface/component/ctplr_sfce_nose_sml_vb//Brush/designer_29.cgf
    [-0.00000064012100026, 0.00000000000000000, 1.00000042674731060, -1.76745000000005348]
    [0.00000000000000000, 1.00000042674751533, 0.00000000000000000, -1.01935000000003129]
    [-1.00000042674731060, 0.00000000000000000, -0.00000064012100026, 9.83818200000000331]
  #3 Data/ObjectContainers/PU/derelict/DRAK/caterpillar/surface/component/ctplr_sfce_nose_sml_vb//Brush/designer_31.cgf
    [-0.00000064012127299, 0.00000000000000000, 1.00000085349446199, -1.92309600000010050]
    [0.00000000000000000, -1.00000085349466716, 0.00000000000000000, 3.93028499999991254]
    [1.00000085349446199, 0.00000000000000000, 0.00000064012127265, 10.87892200000000287]
  #4 objects/spaceships/derelicts/drak/caterpillar/drak_caterpillar_der_hull_nose_door_bottom.cgf
    [0.99619187150506217, 0.03683390151738372, -0.07898904705229953, 3.43973899999991772]
    [0.08189870146130657, -0.08564246812014069, 0.99295126822076407, 11.20852899999999863]
    [0.02980953797318057, -0.99564194470767431, -0.08833323322808434, 5.15626999999999214]
  #5 objects/spaceships/derelicts/drak/caterpillar/drak_caterpilllar_der_gear_side_assembled.cgf
    [-0.93565913836165326, -0.06233018012760689, -0.34735526255636523, 9.44366499999995312]
    [-0.06767885123846970, 0.99770115926542779, 0.00327458019834138, -1.51299600000004375]
    [0.34635285891036394, 0.02657251259656037, -0.93772722669171549, 8.68384700000000009]
  #6 objects/spaceships/derelicts/drak/caterpillar/drak_caterpillar_der_hull_nose.cgf
    [1.00000000000000000, 0.00000000000000000, 0.00000000000000000, 3.19366600000000744]
    [0.00000000000000000, 1.00000000000000000, 0.00000000000000000, -4.57549500000004628]
    [0.00000000000000000, 0.00000000000000000, 1.00000000000000000, 6.55885100000000421]
  #7 objects/planets/terrain_extension/crashpile_01/crashpile_01_e.cgf
    [-0.57238580916549242, -0.90018225606618529, 0.03497371108522287, 3.93973299999993287]
    [0.90074396322502170, -0.57254877232044366, 0.00499851633471127, -0.48390900000003967]
    [0.01454535379976155, 0.03219593631905709, 1.06673737325777340, 3.35107700000000364]
  #8 objects/planets/terrain_extension/crashpile_01/crashpile_01_a.cgf
    [0.75471196405510199, -0.75471080349847375, 0.00000000000000000, -0.31054500000004737]
    [0.75471080349847375, 0.75471196405510199, 0.00000000000000000, 12.72271799999998620]
    [0.00000000000000000, 0.00000000000000000, 1.06732307461481479, 3.90858599999999967]
  #9 objects/planets/terrain_extension/crashpile_01/crashpile_01_d.cgf
    [0.27470773612992805, -0.93938917373137176, 0.42574866159787850, 14.38854499999996506]
    [1.03089678257395967, 0.23682022794048760, -0.14264040865967104, -0.84098400000004858]
    [0.03107677999330488, 0.44793129247712810, 0.96828202184629109, 1.80985199999999224]
  #10 objects/planets/terrain_extension/crashpile_01/crashpile_01_d.cgf
    [1.14304186317885947, 0.02874487458604157, 0.04566910751199772, 4.74825999999995929]
    [0.00309538795533060, 0.93192888785387951, -0.66404488005867923, -8.23558600000001206]
    [-0.05387349783813615, 0.66342966194146935, 0.93081435639026333, 1.23332499999999357]
  #11 objects/planets/terrain_extension/crashpile_01/crashpile_01_a.cgf
    [-0.56559311647006560, -0.90514238782858736, 0.00000020813558122, -1.64177500000005239]
    [0.89399849569325951, -0.55862971047396337, -0.16696661916792327, -0.98711300000002211]
    [0.14159601668927391, -0.08847835878982219, 1.05418236739474636, 3.31328800000000001]
  #12 objects/planets/terrain_extension/crashpile_01/crashpile_01_d.cgf
    [-0.15033152904030656, 0.81245800614720465, -0.67564196011721467, -6.26084400000002006]
    [-1.05344900582290890, -0.06187650132508308, 0.15998790379841693, 11.18263999999999214]
    [0.08261514482495327, 0.68939315740613172, 0.81061177576844778, 2.42945000000000277]
  #13 objects/planets/terrain_extension/crashpile_01/crashpile_01_d.cgf
    [0.26624475386537433, 0.93142642446811030, -0.44803656143020976, -6.10326400000008107]
    [-1.03305523273521160, 0.22503709636343647, -0.14605959371160754, -0.29437700000005407]
    [-0.03299743465866249, 0.47008651820633324, 0.95765758402629619, 2.02020899999999415]
  #14 objects/planets/terrain_extension/crashpile_01/crashpile_01_d.cgf
    [-1.06419104023473055, -0.07708566500322146, 0.02711844190608780, 4.33853099999998904]
    [0.07648005354334844, -0.81479463255012918, 0.68515741836003408, 19.20166999999992186]
    [-0.02878213074824891, 0.68508954653737897, 0.81792669716245359, 2.73536299999999244]
  #15 objects/spaceships/derelicts/drak/caterpillar/drak_caterpillar_door_single_grey.cgf
    [1.00000000000000000, 0.00000000000000000, 0.00000000000000000, 0.44150400000000900]
    [0.00000000000000000, 1.00000000000000000, 0.00000000000000000, -1.31962200000009489]
    [0.00000000000000000, 0.00000000000000000, 1.00000000000000000, 8.09111099999999794]
  #16 objects/spaceships/derelicts/drak/caterpillar/drak_caterpillar_der_module_join_a.cgf
    [1.00000000000000000, 0.00000000000000000, 0.00000000000000000, 3.44366199999990386]
    [0.00000000000000000, 1.00000000000000000, 0.00000000000000000, -1.45049200000005385]
    [0.00000000000000000, 0.00000000000000000, 1.00000000000000000, 3.93385100000000421]
  #17 objects/planets/terrain_extension/crashpile_01/crashpile_01_e.cgf
    [-0.57238728683358242, -0.90018259291171743, 0.03497356478584476, 3.93973299999993287]
    [0.88453398397028959, -0.56944258003430392, -0.18031593437443399, 10.79469199999994089]
    [0.17073805087542751, -0.06771635257760700, 1.05140005255879987, 4.05799899999999525]
  #18 objects/planets/terrain_extension/crashpile_01/crashpile_01_d.cgf
    [-0.33458665031844514, -0.65450426405403384, -0.30715504129336790, -1.92762600000003204]
    [0.65199901926076431, -0.41940845788087378, 0.18347234660610090, 16.79548099999999522]
    [-0.31243772169801204, -0.17432438561840768, 0.71180190802433274, 2.80062300000000164]
  #19 objects/planets/terrain_extension/crashpile_01/crashpile_01_a.cgf
    [-0.67168830181277595, 0.82946582449288730, -0.00000096293651218, 9.51300699999995913]
    [-0.81925357775687280, -0.66341877980586383, -0.16696654373911493, -2.30291200000010576]
    [-0.12975796443824272, -0.10507472290687596, 1.05418257529974868, 3.25544499999999459]
  #20 objects/spaceships/derelicts/drak/caterpillar/drak_caterpillar_door_double_grey_left.cgf
    [1.00000000000000000, 0.00000000000000000, 0.00000000000000000, 3.42297299999995630]
    [0.00000000000000000, 1.00000000000000000, 0.00000000000000000, -1.52100900000004913]
    [0.00000000000000000, 0.00000000000000000, 1.00000000000000000, 5.12236099999999794]
  #21 objects/spaceships/derelicts/drak/caterpillar/drak_caterpillar_door_double_grey_right.cgf
    [1.00000000000000000, 0.00000000000000000, 0.00000000000000000, 3.42297299999995630]
    [0.00000000000000000, 1.00000000000000000, 0.00000000000000000, -1.52100900000004913]
    [0.00000000000000000, 0.00000000000000000, 1.00000000000000000, 5.12236099999999794]
  #22 Data/ObjectContainers/PU/derelict/DRAK/caterpillar/surface/component/ctplr_sfce_nose_sml_vb//Brush/designer_43.cgf
    [1.00000000000000000, 0.00000000000000000, 0.00000000000000000, 8.92297299999995630]
    [0.00000000000000000, 1.00000000000000000, 0.00000000000000000, 3.97899099999995087]
    [0.00000000000000000, 0.00000000000000000, 1.00000000000000000, 3.62236099999999794]
  #23 objects/planets/terrain_extension/crashpile_01/crashpile_01_d.cgf
    [-0.32668583517056859, -0.75735590084551507, 0.67739792383805331, 14.15814099999994369]
    [1.01273429078671318, -0.30054424211209346, 0.15238752397988201, 11.64908399999990252]
    [0.08261455096022675, 0.68939447390769260, 0.81061065745639838, 2.42945000000000277]
  #24 objects/planets/terrain_extension/crashpile_01/crashpile_01_d.cgf
    [0.09242373917324966, -1.05952982958020470, -0.08962778248187828, -3.28130100000009861]
    [1.05276485689690480, 0.10382238268777458, -0.14172443565424492, 4.17486699999994926]
    [0.14940801600220804, -0.07613277749049384, 1.05406821016076013, 3.34584099999999296]
  #25 objects/planets/terrain_extension/crashpile_01/crashpile_01_a.cgf
    [0.46788416830737045, 0.95930304532724842, 0.00000000000000000, 9.37491299999993544]
    [-0.95930304532724842, 0.46788416830737045, -0.00000000000000000, 12.13953499999990981]
    [-0.00000000000000000, 0.00000000000000000, 1.06732278516239520, 4.49007999999999186]
  #26 objects/planets/terrain_extension/crashpile_01/crashpile_01_d.cgf
    [-0.10352148823094673, -1.05684653532912631, 0.10740736099703199, 11.96297299999997676]
    [1.04897522050127323, -0.11873294025090302, -0.15726129413417519, 4.03551899999990837]
    [0.16766611824644248, 0.09030796543645679, 1.05019530713575926, 3.84271400000000085]
