# IncludedObjects
# Cgfs: 21, Materials: 8, Palettes: 1, Placements: 32

[CGFs]
      0: Data/ObjectContainers/PU/derelict/DRAK/caterpillar/surface/component/ctplr_sfce_nose_sml_vc//Brush/designer_36.cgf
      1: Data/ObjectContainers/PU/derelict/DRAK/caterpillar/surface/component/ctplr_sfce_nose_sml_vc//Brush/designer_20.cgf
      2: Data/ObjectContainers/PU/derelict/DRAK/caterpillar/surface/component/ctplr_sfce_nose_sml_vc//Brush/designer_23.cgf
      3: Data/ObjectContainers/PU/derelict/DRAK/caterpillar/surface/component/ctplr_sfce_nose_sml_vc//Brush/designer_19.cgf
      4: Data/ObjectContainers/PU/derelict/DRAK/caterpillar/surface/component/ctplr_sfce_nose_sml_vc//Brush/designer_25.cgf
      5: objects/spaceships/derelicts/drak/caterpillar/drak_caterpillar_door_single_grey.cgf
      6: objects/planets/terrain_extension/crashpile_01/crashpile_norocks_01_a.cgf
      7: objects/planets/terrain_extension/crashpile_01/crashpile_norocks_01_e.cgf
      8: objects/spaceships/derelicts/drak/caterpillar/drak_caterpilllar_der_gear_side_assembled.cgf
      9: Data/ObjectContainers/PU/derelict/DRAK/caterpillar/surface/component/ctplr_sfce_nose_sml_vc//Brush/designer_32.cgf
     10: objects/spaceships/derelicts/drak/caterpillar/drak_caterpillar_der_bulk_door_double.cgf
     11: objects/spaceships/derelicts/drak/caterpillar/drak_caterpwilllar_wreckage_panel_medium_04.cgf
     12: objects/spaceships/derelicts/drak/caterpillar/drak_caterpillar_der_hull_nose.cgf
     13: objects/spaceships/derelicts/drak/caterpillar/drak_caterpilllar_der_turret.cgf
     14: objects/planets/terrain_extension/crashpile_01/crashpile_norocks_01_d.cgf
     15: objects/spaceships/derelicts/drak/caterpillar/drak_caterpillar_der_bulk_door_double_flip.cgf
     16: Data/ObjectContainers/PU/derelict/DRAK/caterpillar/surface/component/ctplr_sfce_nose_sml_vc//Brush/designer_37.cgf
     17: Data/ObjectContainers/PU/derelict/DRAK/caterpillar/surface/component/ctplr_sfce_nose_sml_vc//Brush/designer_38.cgf
     18: objects/spaceships/derelicts/drak/caterpillar/drak_caterpwilllar_wreckage_panel_small_01.cgf
     19: objects/planets/terrain_extension/crashpile_01/crashpile_01_e.cgf
     20: objects/spaceships/derelicts/drak/caterpillar/drak_caterpillar_der_module_join_a.cgf

[Materials]
      0: materials/bhvr/special/proxy_nodraw
      1: objects/default/grid_transparent
      2: objects/spaceships/derelicts/materials/decal_burned_01
      3: objects/spaceships/derelicts/materials/decals/sand_streak_b_ext
      4: objects/spaceships/derelicts/materials/decals/desert_sand_black_01_ext
      5: objects/spaceships/derelicts/materials/decals/crumpled_metal_b
      6: objects/spaceships/derelicts/materials/decals/scorch_02
      7: objects/spaceships/derelicts/drak/caterpillar/drak_caterpillar_ext_delerict

[Palettes]
      0: Libs/Foundry/Records/TintPalettes/default

[Placements]
  #0 Data/ObjectContainers/PU/derelict/DRAK/caterpillar/surface/component/ctplr_sfce_nose_sml_vc//Brush/designer_36.cgf
    [-3.4376255955602993E-06, 0, -1.0000011349622584, 3.613402628417191]
    [0, 1.000001134968167, 0, -1.8943500000000313]
    [1.0000011349622584, 0, -3.4376255955602993E-06, 2.0315496458667042]
  #1 Data/ObjectContainers/PU/derelict/DRAK/caterpillar/surface/component/ctplr_sfce_nose_sml_vc//Brush/designer_20.cgf
    [-0.00066977917113452269, 0.015133321134659728, 0.99988526669773015, -3.0006761361859731]
    [-0.0013190318439695418, 0.99988460778080002, -0.015134194723343092, 6.4789909999999509]
    [-0.99999891206078317, -0.0013290170671337428, -0.0006497405472636902, 7.9681927916142286]
  #2 Data/ObjectContainers/PU/derelict/DRAK/caterpillar/surface/component/ctplr_sfce_nose_sml_vc//Brush/designer_23.cgf
    [-0.17364706452642453, 0, 0.9848079492882641, -3.9746311439413944]
    [0, 1, 0, 9.8539909999999509]
    [-0.9848079492882641, 0, -0.17364706452642453, 8.2033903529712688]
  #3 Data/ObjectContainers/PU/derelict/DRAK/caterpillar/surface/component/ctplr_sfce_nose_sml_vc//Brush/designer_19.cgf
    [1.7010680647299225E-06, 0, 1.0000000069101858, -2.7172877808728231]
    [0, 1.0000000069116326, 0, -0.021009000000049127]
    [-1.0000000069101858, 0, 1.7010680647299225E-06, 0.93716754346792186]
  #4 Data/ObjectContainers/PU/derelict/DRAK/caterpillar/surface/component/ctplr_sfce_nose_sml_vc//Brush/designer_25.cgf
    [0.00065238556718384829, 0.015134898586108506, 0.99988525978756426, -5.2661311863567448]
    [0.085830831269737506, 0.99619477137952839, -0.0151350382298822, 6.4789909999999509]
    [-0.99630952334061451, 0.085830855893800559, -0.0006491378282486906, 0.87888123013982522]
  #5 objects/spaceships/derelicts/drak/caterpillar/drak_caterpillar_door_single_grey.cgf
    [0.99999987908619414, 0, 1.5218827034730284E-07, 2.7042267688222523]
    [0, 0.99999987908620569, 0, -2.3960090000000491]
    [-1.5218827034730284E-07, 0, 0.99999987908619414, 1.216116259668496]
  #6 objects/planets/terrain_extension/crashpile_01/crashpile_norocks_01_a.cgf
    [-0.081246712364962725, -0.16658015781233607, 1.0511079632844169, -6.8218572465760872]
    [-0.95930304532724842, 0.46788416830737056, -5.9248316539717028E-17, 9.3895349999999098]
    [-0.46077604829522667, -0.94472926481471398, -0.1853374685456177, 1.4558538916368491]
  #7 objects/planets/terrain_extension/crashpile_01/crashpile_norocks_01_e.cgf
    [-0.057395457787697973, 0.064044206371472054, 0.50670107060868574, -6.0101743582131348]
    [-0.044079458298190086, 0.50736684239030028, -0.069121360659593054, 9.9823949999999968]
    [-0.50882672559711151, -0.05117715089318392, -0.051167728550108427, 4.5650902166710807]
  #8 objects/spaceships/derelicts/drak/caterpillar/drak_caterpilllar_der_gear_side_assembled.cgf
    [0.93566066754585364, 0.062331053482917925, 0.34735373008201181, -7.5977451722665705]
    [-0.067679865516052748, 0.99770204434009613, 0.0032749573816749848, -2.3879960000000438]
    [-0.34635128097627493, -0.026573093794897085, 0.93772880923793256, 3.1858710609022012]
  #9 Data/ObjectContainers/PU/derelict/DRAK/caterpillar/surface/component/ctplr_sfce_nose_sml_vc//Brush/designer_32.cgf
    [-3.4376255955602993E-06, 0, -1.0000011349622584, 1.9180727483192186]
    [0, 1.000001134968167, 0, -1.8943500000000313]
    [1.0000011349622584, 0, -3.4376255955602993E-06, 2.0315476729774673]
  #10 objects/spaceships/derelicts/drak/caterpillar/drak_caterpillar_der_bulk_door_double.cgf
    [-0.99999991486582163, 0, 1.5218826591155899E-07, -1.803321121537067]
    [0, 0.99999991486583273, 0, -1.6460090000000491]
    [-1.5218826591155899E-07, 0, -0.99999991486582163, 6.7238108952500966]
  #11 objects/spaceships/derelicts/drak/caterpillar/drak_caterpwilllar_wreckage_panel_medium_04.cgf
    [0.34202121997143098, 0, 0.93969225772220677, -4.1604215765628396]
    [0, 1.0000000270669016, 0, -5.2085090000000491]
    [-0.93969225772220677, 0, 0.34202121997143098, 7.7495911761051559]
  #12 objects/spaceships/derelicts/drak/caterpillar/drak_caterpillar_der_hull_nose.cgf
    [-0.99999991486582163, 0, 1.5218826591155899E-07, -1.3477315921581976]
    [0, 0.99999991486583273, 0, -5.4504950000000463]
    [-1.5218826591155899E-07, 0, -0.99999991486582163, 5.3108828361182248]
  #13 objects/planets/terrain_extension/crashpile_01/crashpile_norocks_01_a.cgf
    [-0.13105351712114111, 0.13105331559388911, 1.0511082483394607, -4.9591853007829627]
    [0.75471080349847375, 0.75471196405510199, 0, 10.972717999999986]
    [-0.74324634162442327, 0.74324519869902994, -0.1853375188081807, 8.1698639574735239]
  #14 objects/spaceships/derelicts/drak/caterpillar/drak_caterpilllar_der_turret.cgf
    [-0.9555916256199789, 0.2876394231106934, 0.064113476872135269, -4.7357789622388964]
    [0.19879231621070248, 0.78977077889298941, -0.58029825298846516, -5.2085090000000491]
    [-0.21755135177624246, -0.54178225301169491, -0.81187790354278122, 5.5663321148052205]
  #15 objects/planets/terrain_extension/crashpile_01/crashpile_norocks_01_d.cgf
    [0.10746468007883313, 0.53783891378004012, 0.91562016360867704, -6.0343806669597484]
    [-1.0534490058229091, -0.061876501325083197, 0.15998790379841685, 9.4326399999999921]
    [0.13370180744327467, -0.91982620100483847, 0.52461721786339399, 14.909252610789764]
  #16 objects/planets/terrain_extension/crashpile_01/crashpile_norocks_01_d.cgf
    [0.18309512862211308, 0.27245430076069738, 1.0155897138268613, -6.9674012681366548]
    [1.0489752205012732, -0.11873294025090325, -0.15726129413417531, 2.2855189999999084]
    [0.072834055277952461, 1.0251091560684891, -0.28813895518550314, -1.4003240158723145]
  #17 objects/spaceships/derelicts/drak/caterpillar/drak_caterpillar_door_single_grey.cgf
    [1.0000000030725578, -0, -2.782325734038028E-06, 2.6808657250814463]
    [0, 1.0000000030764284, -0, -2.4585090000000491]
    [2.782325734038028E-06, 0, 1.0000000030725578, 1.3180808881449195]
  #18 objects/spaceships/derelicts/drak/caterpillar/drak_caterpillar_der_bulk_door_double_flip.cgf
    [-0.99999991486582163, 0, 1.5218826591155899E-07, -1.5154909442667872]
    [0, 0.99999991486583273, 0, -1.9585090000000491]
    [-1.5218826591155899E-07, 0, -0.99999991486582163, 6.7365231551826241]
  #19 objects/planets/terrain_extension/crashpile_01/crashpile_norocks_01_a.cgf
    [0.23765846721452988, 0.070041127548676668, 1.0381671392677345, -5.1548968666099313]
    [0.89399849569325951, -0.55862971047396348, -0.16696661916792332, -4.4871130000000221]
    [0.53241286451571679, 0.90675542604932191, -0.18305587854718933, 9.0484258532471813]
  #20 Data/ObjectContainers/PU/derelict/DRAK/caterpillar/surface/component/ctplr_sfce_nose_sml_vc//Brush/designer_37.cgf
    [0.99999987908619403, 0, 1.5218827023628057E-07, 2.8785365386438002]
    [0, 0.99999987908620558, 0, -1.6134660000000167]
    [-1.5218827023628057E-07, 0, 0.99999987908619403, 1.0613405189182572]
  #21 Data/ObjectContainers/PU/derelict/DRAK/caterpillar/surface/component/ctplr_sfce_nose_sml_vc//Brush/designer_38.cgf
    [1.7010696007472325E-06, 0, -1.0000009098824727, 3.7690384895446414]
    [0, -1.0000009098839195, -0, 3.0552729999999428]
    [-1.0000009098824727, 0, -1.701069600858255E-06, 0.99080895001767999]
  #22 objects/planets/terrain_extension/crashpile_01/crashpile_norocks_01_d.cgf
    [-0.017097532005972745, 0.60424847003279825, 0.87964182695461446, -9.6510439799297956]
    [1.0308967825739599, 0.23682022794048754, -0.14264040865967095, -2.5909840000000486]
    [-0.27593075389250693, 0.84733597171780839, -0.58741999706774961, -4.9132580080884907]
  #23 objects/planets/terrain_extension/crashpile_01/crashpile_norocks_01_d.cgf
    [0.13808750281224411, 0.81043378708328584, 0.6806676582500748, -9.9856579151997948]
    [1.0127342907867132, -0.30054424211209368, 0.15238752397988209, 9.8990839999999025]
    [0.30737703313443937, 0.62613878489822805, -0.80786702136821953, -4.6202986267006452]
  #24 objects/planets/terrain_extension/crashpile_01/crashpile_norocks_01_a.cgf
    [-0.011149972975717862, -0.24751272793613341, 1.038167547367465, -8.1414044543037107]
    [-0.81925357775687291, -0.66341877980586406, -0.16696654373911488, -4.0529120000001058]
    [0.68401606869278142, -0.798618620434833, -0.18305476136817614, 1.8021564365873246]
  #25 objects/spaceships/derelicts/drak/caterpillar/drak_caterpwilllar_wreckage_panel_small_01.cgf
    [-0.17364706572660921, 0.17101066047314284, 0.96984641278521178, -2.9689532848527733]
    [-1.3877787903732627E-17, 0.98480766070799375, -0.17364874095171032, -3.8335090000000491]
    [-0.98480795609489458, -0.03015359412497402, -0.17100895940507821, 5.5086517392060728]
  #26 objects/planets/terrain_extension/crashpile_01/crashpile_01_e.cgf
    [0.11371749558538519, 0.18802082032645351, 1.0444583627215933, -7.6113882501403509]
    [0.90074396322502215, -0.57254877232044421, 0.0049985163347113209, -2.2339090000000397]
    [0.56116433693614542, 0.88091591175073891, -0.21967820217967998, 5.3370976852962428]
  #27 objects/planets/terrain_extension/crashpile_01/crashpile_norocks_01_d.cgf
    [-0.07872875591225395, 0.30120547555160843, 1.0209090351381591, -6.1317422417773741]
    [-1.0330552327352118, 0.22503709636343622, -0.14605959371160759, -2.0443770000000541]
    [-0.25647004239753857, -0.99890529095331748, 0.27493553898061585, 15.274122280987342]
  #28 objects/planets/terrain_extension/crashpile_01/crashpile_norocks_01_d.cgf
    [0.15644877907375326, 0.68806733084917959, 0.80079167546915619, -7.9792459097149049]
    [0.0764800535433484, -0.81479463255012952, 0.68515741836003419, 17.451669999999922]
    [1.0530217284997585, -0.043049213022610514, -0.16873702712148114, 4.9970104657593879]
  #29 objects/spaceships/derelicts/drak/caterpillar/drak_caterpillar_der_module_join_a.cgf
    [-0.99999991486582163, 0, 1.5218826591155899E-07, -1.5977329985684037]
    [0, 0.99999991486583273, 0, -2.3254920000000538]
    [-1.5218826591155899E-07, 0, -0.99999991486582163, 7.935889074358812]
  #30 objects/planets/terrain_extension/crashpile_01/crashpile_norocks_01_d.cgf
    [-0.25154091309878451, 0.64835934178153831, 0.90874307102577045, -9.529613110349203]
    [0.0030953879553305592, 0.93192888785387951, -0.66404488005867923, -9.9855860000000121]
    [-1.116321738472446, -0.14351079430952229, -0.20660848072093807, 4.8543305790124975]
  #31 objects/planets/terrain_extension/crashpile_01/crashpile_norocks_01_d.cgf
    [0.16307661850018715, -0.16591032386429055, 1.041660810896115, -4.1315456976894893]
    [1.0528197603832827, -0.038802963960490211, -0.17100393608724063, 2.2855189999999084]
    [0.064451785607479842, 1.0536344520022531, 0.15772721042635696, 10.073282602491275]
