# IncludedObjects
# Cgfs: 29, Materials: 2, Palettes: 1, Placements: 204

[CGFs]
      0: objects/planets/cave/acidic01/ent/ent_002/ent_002_water_000.cgf
      1: objects/planets/cave/acidic01/ent/ent_002/ent_002_water_001.cgf
      2: data/objects/planets/geology/acidic_flowstone_01/acidic_flowstone_01_plr_a.cgf
      3: data/objects/planets/geology/acidic_flowstone_01/acidic_flowstone_01_stt_c.cgf
      4: data/objects/planets/geology/acidic_flowstone_01/acidic_flowstone_01_stm_d.cgf
      5: data/objects/planets/geology/acidic_flowstone_01/acidic_flowstone_01_stt_d.cgf
      6: data/objects/planets/geology/acidic_flowstone_01/acidic_flowstone_01_plr_d.cgf
      7: objects/planets/geology/acidic_flowstone_01/acidic_flowstone_01_ldg_c.cgf
      8: objects/planets/geology/acidic_flowstone_01/acidic_flowstone_01_ldg_a.cgf
      9: objects/planets/geology/acidic_flowstone_01/acidic_flowstone_01_ldg_b.cgf
     10: data/objects/planets/geology/acidic_flowstone_01/acidic_flowstone_01_stt_a.cgf
     11: data/objects/planets/geology/acidic_flowstone_01/acidic_flowstone_01_plr_c.cgf
     12: data/objects/planets/geology/acidic_flowstone_01/acidic_flowstone_01_plr_b.cgf
     13: data/objects/planets/geology/acidic_flowstone_01/acidic_flowstone_01_stt_f.cgf
     14: data/objects/planets/geology/acidic_flowstone_01/acidic_flowstone_01_pil_a.cgf
     15: data/objects/planets/geology/acidic_flowstone_01/acidic_flowstone_01_stt_e.cgf
     16: data/objects/planets/geology/acidic_flowstone_01/acidic_flowstone_01_stt_b.cgf
     17: objects/planets/geology/acidic_flowstone_01/acidic_flowstone_01_stt_c.cgf
     18: objects/planets/geology/acidic_flowstone_01/acidic_flowstone_01_stt_f.cgf
     19: objects/planets/geology/acidic_flowstone_01/acidic_flowstone_01_stm_d.cgf
     20: data/objects/planets/geology/acidic_flowstone_01/acidic_flowstone_01_pil_b.cgf
     21: data/objects/planets/geology/acidic_flowstone_01/acidic_flowstone_01_stm_b.cgf
     22: objects/planets/geology/acidic_flowstone_01/acidic_flowstone_01_pil_a.cgf
     23: objects/planets/geology/acidic_flowstone_01/acidic_flowstone_01_stt_e.cgf
     24: data/objects/planets/geology/acidic_flowstone_01/acidic_flowstone_01_stm_c.cgf
     25: data/objects/planets/geology/acidic_flowstone_01/acidic_flowstone_01_stm_a.cgf
     26: objects/planets/geology/acidic_flowstone_01/acidic_flowstone_01_stm_c.cgf
     27: data/objects/planets/geology/acidic_flowstone_01/acidic_flowstone_01_stt_h.cgf
     28: objects/planets/geology/acidic_flowstone_01/acidic_flowstone_01_ldg_e.cgf

[Materials]
      0: materials/decals/acidic/acidic_flowstone_streaks_01
      1: materials/decals/acidic/acidic_flowstone_streaks_02

[Palettes]
      0: Libs/Foundry/Records/TintPalettes/default

[Placements]
  #0 objects/planets/cave/acidic01/ent/ent_002/ent_002_water_000.cgf
    [1.00000000000000000, 0.00000000000000000, 0.00000000000000000, -13.63453200000003562]
    [0.00000000000000000, 1.00000000000000000, 0.00000000000000000, -12.74998199999981807]
    [0.00000000000000000, 0.00000000000000000, 1.00000000000000000, -11.55957400000000135]
  #1 objects/planets/cave/acidic01/ent/ent_002/ent_002_water_001.cgf
    [1.00000000000000000, 0.00000000000000000, 0.00000000000000000, -5.19533199999932549]
    [0.00000000000000000, 1.00000000000000000, 0.00000000000000000, -18.18666799999982686]
    [0.00000000000000000, 0.00000000000000000, 1.00000000000000000, -14.03733899999999934]
  #2 data/objects/planets/geology/acidic_flowstone_01/acidic_flowstone_01_plr_a.cgf
    [-0.82903826352404586, 0.55919337105809963, 0.00000000000000000, -8.45659299999988434]
    [-0.55919337105809963, -0.82903826352404586, 0.00000000000000000, -0.32829099999980826]
    [0.00000000000000000, 0.00000000000000000, 1.00000083431079512, -13.66175300000000092]
  #3 data/objects/planets/geology/acidic_flowstone_01/acidic_flowstone_01_stt_c.cgf
    [0.50000006246586637, 0.86602507920230154, 0.00000000000000000, -10.81824799999958486]
    [-0.86602507920230154, 0.50000006246586637, -0.00000000000000000, -9.36819699999978184]
    [-0.00000000000000000, 0.00000000000000000, 0.99999975013658027, -7.55357400000000112]
  #4 data/objects/planets/geology/acidic_flowstone_01/acidic_flowstone_01_stm_d.cgf
    [1.00000000000000000, 0.00000000000000000, 0.00000000000000000, -2.23536599999988539]
    [0.00000000000000000, 1.00000000000000000, 0.00000000000000000, -0.83749399999987872]
    [0.00000000000000000, 0.00000000000000000, 1.00000000000000000, -10.16204700000000116]
  #5 data/objects/planets/geology/acidic_flowstone_01/acidic_flowstone_01_stt_d.cgf
    [0.52991860961253689, 0.84804818687121419, 0.00000000000000000, -9.79163799999969342]
    [-0.84804818687121419, 0.52991860961253689, -0.00000000000000000, -8.17658600000004299]
    [-0.00000000000000000, 0.00000000000000000, 0.99999973003458265, -8.78904499999999977]
  #6 data/objects/planets/geology/acidic_flowstone_01/acidic_flowstone_01_plr_a.cgf
    [0.68199849162770687, 0.73135353138431269, 0.00000000000000000, -6.09400000000005093]
    [-0.73135353138431269, 0.68199849162770687, -0.00000000000000000, -8.20950499999980821]
    [-0.00000000000000000, 0.00000000000000000, 0.99999996522538559, -13.26260800000000017]
  #7 data/objects/planets/geology/acidic_flowstone_01/acidic_flowstone_01_plr_d.cgf
    [-0.24192273217931179, 0.97029539539430620, 0.00000000000000000, -15.57296899999982998]
    [-0.97029539539430620, -0.24192273217931179, -0.00000000000000000, -14.78201899999976376]
    [-0.00000000000000000, 0.00000000000000000, 0.99999988133424100, -13.57711700000000121]
  #8 data/objects/planets/geology/acidic_flowstone_01/acidic_flowstone_01_stt_d.cgf
    [1.00000000000000000, 0.00000000000000000, 0.00000000000000000, -4.46889899999951012]
    [0.00000000000000000, 1.00000000000000000, 0.00000000000000000, -7.65050500000006650]
    [0.00000000000000000, 0.00000000000000000, 1.00000000000000000, -7.63835600000000081]
  #9 data/objects/planets/geology/acidic_flowstone_01/acidic_flowstone_01_plr_a.cgf
    [-0.82903855419706030, -0.55919168611234216, 0.00000000000000000, 2.81812700000045879]
    [0.55919168611234216, -0.82903855419706030, 0.00000000000000000, -6.74961200000007011]
    [0.00000000000000000, 0.00000000000000000, 1.00000013308114899, -10.92486600000000152]
  #10 objects/planets/geology/acidic_flowstone_01/acidic_flowstone_01_ldg_c.cgf
    [0.60265132192528437, 0.79663612330340727, -0.04671107696592608, -3.31930569931500941]
    [-0.79765730506191013, 0.60308258584357388, -0.00581994974980312, -12.33995139564603960]
    [0.02353425895517362, 0.04076683924267042, 0.99889131388509134, -7.92142327369021437]
  #11 objects/planets/geology/acidic_flowstone_01/acidic_flowstone_01_ldg_a.cgf
    [-0.22495045995370155, -0.97437036323603787, 0.00000000000000000, -1.29682546129697585]
    [0.97437036323603787, -0.22495045995370155, 0.00000000000000000, -2.29739422582542829]
    [0.00000000000000000, 0.00000000000000000, 1.00000015709304257, -9.71509900000000037]
  #12 data/objects/planets/geology/acidic_flowstone_01/acidic_flowstone_01_plr_a.cgf
    [0.30901759415389191, 0.95105618736305075, 0.00000000000000000, 0.08954400000038731]
    [-0.95105618736305075, 0.30901759415389191, -0.00000000000000000, -9.57908599999973376]
    [-0.00000000000000000, 0.00000000000000000, 0.99999987250909284, -13.26267299999999949]
  #13 objects/planets/geology/acidic_flowstone_01/acidic_flowstone_01_ldg_b.cgf
    [-0.55919422768634963, 0.82903688592158631, 0.00000000000000000, 0.81987352028863825]
    [-0.82903688592158631, -0.55919422768634963, 0.00000000000000000, -4.49326492026284541]
    [0.00000000000000000, 0.00000000000000000, 1.00000017124813256, -9.78776200000000074]
  #14 objects/planets/geology/acidic_flowstone_01/acidic_flowstone_01_ldg_a.cgf
    [0.39073110419214951, -0.92050501421785458, 0.00000000000000000, -0.15946280386106082]
    [0.92050501421785458, 0.39073110419214951, 0.00000000000000000, -3.11849782674380549]
    [0.00000000000000000, 0.00000000000000000, 1.00000013849170499, -9.76231500000000096]
  #15 data/objects/planets/geology/acidic_flowstone_01/acidic_flowstone_01_stt_a.cgf
    [1.00000000000000000, 0.00000000000000000, 0.00000000000000000, -3.39313899999979185]
    [0.00000000000000000, 1.00000000000000000, 0.00000000000000000, -1.69735099999979866]
    [0.00000000000000000, 0.00000000000000000, 1.00000000000000000, -6.08172700000000077]
  #16 data/objects/planets/geology/acidic_flowstone_01/acidic_flowstone_01_plr_c.cgf
    [1.00000000000000000, 0.00000000000000000, 0.00000000000000000, 0.68590600000061386]
    [0.00000000000000000, 1.00000000000000000, 0.00000000000000000, -11.53863099999989572]
    [0.00000000000000000, 0.00000000000000000, 1.00000000000000000, -15.65798000000000023]
  #17 data/objects/planets/geology/acidic_flowstone_01/acidic_flowstone_01_plr_b.cgf
    [0.54463858467342918, -0.83867088318617855, 0.00000000000000000, -7.88559499999973923]
    [0.83867088318617855, 0.54463858467342918, 0.00000000000000000, -7.78909999999996217]
    [0.00000000000000000, 0.00000000000000000, 1.00000001910968028, -10.76549900000000015]
  #18 data/objects/planets/geology/acidic_flowstone_01/acidic_flowstone_01_plr_a.cgf
    [0.99999999457094535, 0.00000000000000000, 0.00000000000000000, -7.64248399999996764]
    [0.00000000000000000, 0.98768837266708753, -0.15643422784074779, -10.23189199999978882]
    [0.00000000000000000, 0.15643422784074779, 0.98768837266708753, -12.86344100000000168]
  #19 data/objects/planets/geology/acidic_flowstone_01/acidic_flowstone_01_plr_c.cgf
    [-0.75470906429710971, -0.65605842279164484, 0.00000000000000000, -14.65386499999931402]
    [0.65605842279164484, -0.75470906429710971, 0.00000000000000000, -15.51043399999980466]
    [0.00000000000000000, 0.00000000000000000, 0.99999921292372995, -14.63527200000000050]
  #20 data/objects/planets/geology/acidic_flowstone_01/acidic_flowstone_01_stm_d.cgf
    [1.00000000000000000, 0.00000000000000000, 0.00000000000000000, -0.24535799999921437]
    [0.00000000000000000, 1.00000000000000000, 0.00000000000000000, -7.27544299999999566]
    [0.00000000000000000, 0.00000000000000000, 1.00000000000000000, -12.44573800000000041]
  #21 data/objects/planets/geology/acidic_flowstone_01/acidic_flowstone_01_stt_f.cgf
    [-0.86602560477193236, -0.50000167248599880, 0.00000000000000000, -9.96005900000000111]
    [0.50000167248599880, -0.86602560477193236, 0.00000000000000000, -13.52277999999978420]
    [0.00000000000000000, 0.00000000000000000, 1.00000101030418320, -9.83119100000000046]
  #22 data/objects/planets/geology/acidic_flowstone_01/acidic_flowstone_01_pil_a.cgf
    [1.00000000000000000, 0.00000000000000000, 0.00000000000000000, -1.21297899999990477]
    [0.00000000000000000, 1.00000000000000000, 0.00000000000000000, -2.09800199999972392]
    [0.00000000000000000, 0.00000000000000000, 1.00000000000000000, -10.79035800000000123]
  #23 data/objects/planets/geology/acidic_flowstone_01/acidic_flowstone_01_plr_b.cgf
    [1.00000000000000000, 0.00000000000000000, 0.00000000000000000, 2.98127600000043458]
    [0.00000000000000000, 1.00000000000000000, 0.00000000000000000, -5.30020999999987907]
    [0.00000000000000000, 0.00000000000000000, 1.00000000000000000, -8.62188500000000069]
  #24 data/objects/planets/geology/acidic_flowstone_01/acidic_flowstone_01_stt_f.cgf
    [-0.34201990533557569, 0.93969323571824537, 0.00000000000000000, -8.54784599999948114]
    [-0.93969323571824537, -0.34201990533557569, -0.00000000000000000, -4.56880199999977776]
    [-0.00000000000000000, 0.00000000000000000, 1.00000049645006750, -9.07214800000000032]
  #25 data/objects/planets/geology/acidic_flowstone_01/acidic_flowstone_01_stt_e.cgf
    [1.00000000000000000, 0.00000000000000000, 0.00000000000000000, -0.11230699999941862]
    [0.00000000000000000, 1.00000000000000000, 0.00000000000000000, -7.38267499999983556]
    [0.00000000000000000, 0.00000000000000000, 1.00000000000000000, -6.22642500000000076]
  #26 data/objects/planets/geology/acidic_flowstone_01/acidic_flowstone_01_plr_c.cgf
    [1.00000000000000000, 0.00000000000000000, 0.00000000000000000, 3.70270600000003469]
    [0.00000000000000000, 1.00000000000000000, 0.00000000000000000, -2.76109199999973498]
    [0.00000000000000000, 0.00000000000000000, 1.00000000000000000, -9.71240700000000068]
  #27 data/objects/planets/geology/acidic_flowstone_01/acidic_flowstone_01_stt_d.cgf
    [1.00000000000000000, 0.00000000000000000, 0.00000000000000000, -9.98648099999991246]
    [0.00000000000000000, 1.00000000000000000, 0.00000000000000000, -10.85517200000003868]
    [0.00000000000000000, 0.00000000000000000, 1.00000000000000000, -7.69889300000000087]
  #28 data/objects/planets/geology/acidic_flowstone_01/acidic_flowstone_01_plr_a.cgf
    [1.00000000000000000, 0.00000000000000000, 0.00000000000000000, -13.12463399999978719]
    [0.00000000000000000, 1.00000000000000000, 0.00000000000000000, -15.88086199999997916]
    [0.00000000000000000, 0.00000000000000000, 1.00000000000000000, -11.59373599999999982]
  #29 data/objects/planets/geology/acidic_flowstone_01/acidic_flowstone_01_plr_d.cgf
    [1.00000000000000000, 0.00000000000000000, 0.00000000000000000, -12.96541999999953987]
    [0.00000000000000000, 1.00000000000000000, 0.00000000000000000, -15.79796799999985524]
    [0.00000000000000000, 0.00000000000000000, 1.00000000000000000, -14.78708800000000068]
  #30 data/objects/planets/geology/acidic_flowstone_01/acidic_flowstone_01_stt_c.cgf
    [0.58778439139542349, 0.80901745127020830, 0.00000000000000000, -9.87265699999989010]
    [-0.80901745127020830, 0.58778439139542349, -0.00000000000000000, -2.36103199999979552]
    [-0.00000000000000000, 0.00000000000000000, 0.99999986361390691, -9.48873100000000136]
  #31 data/objects/planets/geology/acidic_flowstone_01/acidic_flowstone_01_stt_f.cgf
    [0.93357933616414102, -0.35837088575786180, 0.00000000000000000, -4.55199099999936152]
    [0.35837088575786180, 0.93357933616414102, 0.00000000000000000, -13.29575899999963440]
    [0.00000000000000000, 0.00000000000000000, 1.00000003433577578, -9.75370600000000110]
  #32 data/objects/planets/geology/acidic_flowstone_01/acidic_flowstone_01_plr_a.cgf
    [-0.25881800839921326, 0.96592629543430386, 0.00000000000000000, 3.59047499999996944]
    [-0.96592629543430386, -0.25881800839921326, -0.00000000000000000, -4.17220199999974284]
    [-0.00000000000000000, 0.00000000000000000, 1.00000018484156961, -9.46014700000000097]
  #33 data/objects/planets/geology/acidic_flowstone_01/acidic_flowstone_01_plr_a.cgf
    [-0.93969341179083532, 0.34201978233938735, 0.00000000000000000, -9.27906099999927392]
    [-0.34201978233938735, -0.93969341179083532, 0.00000000000000000, -10.19090299999970739]
    [0.00000000000000000, 0.00000000000000000, 1.00000061983709898, -14.76517300000000077]
  #34 data/objects/planets/geology/acidic_flowstone_01/acidic_flowstone_01_stt_e.cgf
    [0.17364719961933842, 0.98480783902040214, 0.00000000000000000, -26.07192699999995966]
    [-0.98480783902040214, 0.17364719961933842, -0.00000000000000000, -14.61582299999963652]
    [-0.00000000000000000, 0.00000000000000000, 0.99999991486583273, -9.70655800000000113]
  #35 data/objects/planets/geology/acidic_flowstone_01/acidic_flowstone_01_plr_d.cgf
    [1.00000000000000000, 0.00000000000000000, 0.00000000000000000, -4.38652000000001863]
    [0.00000000000000000, 1.00000000000000000, 0.00000000000000000, -0.64575699999977587]
    [0.00000000000000000, 0.00000000000000000, 1.00000000000000000, -11.26923999999999992]
  #36 data/objects/planets/geology/acidic_flowstone_01/acidic_flowstone_01_stt_d.cgf
    [0.01745309304552951, 0.99984796727091496, 0.00000000000000000, -11.76096899999993184]
    [-0.99984796727091496, 0.01745309304552951, -0.00000000000000000, -4.67282999999997628]
    [-0.00000000000000000, 0.00000000000000000, 1.00000028405627805, -9.63879900000000056]
  #37 data/objects/planets/geology/acidic_flowstone_01/acidic_flowstone_01_stt_e.cgf
    [0.86602542443567943, -0.50000001836480490, 0.00000000000000000, -3.43686199999956443]
    [0.50000001836480490, 0.86602542443567943, 0.00000000000000000, -1.44071200000007593]
    [0.00000000000000000, 0.00000000000000000, 1.00000002706690161, -6.13109200000000065]
  #38 data/objects/planets/geology/acidic_flowstone_01/acidic_flowstone_01_plr_a.cgf
    [-0.12187023539556469, 0.99254634492109051, 0.00000000000000000, 0.48289400000066962]
    [-0.99254634492109051, -0.12187023539556469, -0.00000000000000000, -14.14647199999990335]
    [-0.00000000000000000, 0.00000000000000000, 1.00000030054574784, -15.74643299999999968]
  #39 data/objects/planets/geology/acidic_flowstone_01/acidic_flowstone_01_plr_c.cgf
    [1.00000000000000000, 0.00000000000000000, 0.00000000000000000, -10.54559799999969982]
    [0.00000000000000000, 1.00000000000000000, 0.00000000000000000, -17.81143999999994776]
    [0.00000000000000000, 0.00000000000000000, 1.00000000000000000, -14.86230400000000174]
  #40 data/objects/planets/geology/acidic_flowstone_01/acidic_flowstone_01_stt_f.cgf
    [0.15643711765265653, 0.98768803338138589, 0.00000000000000000, -15.10080299999935960]
    [-0.98768803338138589, 0.15643711765265653, -0.00000000000000000, -11.81755999999995765]
    [-0.00000000000000000, 0.00000000000000000, 1.00000011153212420, -10.17984600000000128]
  #41 data/objects/planets/geology/acidic_flowstone_01/acidic_flowstone_01_pil_a.cgf
    [-0.42261682985046289, 0.90630809988700500, 0.00000000000000000, -3.04734199999984412]
    [-0.90630809988700500, -0.42261682985046289, -0.00000000000000000, -0.60448399999995672]
    [-0.00000000000000000, 0.00000000000000000, 0.99999967839677262, -10.88333400000000140]
  #42 data/objects/planets/geology/acidic_flowstone_01/acidic_flowstone_01_plr_a.cgf
    [0.99939080884103526, -0.00000080899395871, -0.03489999855618807, 1.07419300000037765]
    [0.00121881790920846, 0.99939080884043952, 0.03487870960874885, -7.67054099999995742]
    [0.03487870959167775, -0.03489999857324876, 0.99878199043265781, -9.04896500000000081]
  #43 data/objects/planets/geology/acidic_flowstone_01/acidic_flowstone_01_plr_a.cgf
    [1.00000000000000000, 0.00000000000000000, 0.00000000000000000, -5.19120999999995547]
    [0.00000000000000000, 1.00000000000000000, 0.00000000000000000, 0.62157700000034311]
    [0.00000000000000000, 0.00000000000000000, 1.00000000000000000, -12.06121100000000013]
  #44 data/objects/planets/geology/acidic_flowstone_01/acidic_flowstone_01_stt_d.cgf
    [1.00000000000000000, 0.00000000000000000, 0.00000000000000000, -28.82592299999942043]
    [0.00000000000000000, 1.00000000000000000, 0.00000000000000000, -15.31748999999990701]
    [0.00000000000000000, 0.00000000000000000, 1.00000000000000000, -9.37964400000000076]
  #45 objects/planets/geology/acidic_flowstone_01/acidic_flowstone_01_ldg_c.cgf
    [-0.15643462310551237, 0.98768830516746720, 0.00000000000000000, -4.80711499999961234]
    [-0.98768830516746720, -0.15643462310551237, -0.00000000000000000, -11.61738900000000285]
    [-0.00000000000000000, 0.00000000000000000, 0.99999998973537352, -8.05555900000000058]
  #46 data/objects/planets/geology/acidic_flowstone_01/acidic_flowstone_01_stt_e.cgf
    [1.00000000000000000, 0.00000000000000000, 0.00000000000000000, -7.89626799999950890]
    [0.00000000000000000, 1.00000000000000000, 0.00000000000000000, -1.02673099999992701]
    [0.00000000000000000, 0.00000000000000000, 1.00000000000000000, -7.39300700000000077]
  #47 data/objects/planets/geology/acidic_flowstone_01/acidic_flowstone_01_plr_c.cgf
    [1.00000000000000000, 0.00000000000000000, 0.00000000000000000, -3.27829099999962637]
    [0.00000000000000000, 1.00000000000000000, 0.00000000000000000, -0.46762599999965460]
    [0.00000000000000000, 0.00000000000000000, 1.00000000000000000, -9.39482100000000031]
  #48 data/objects/planets/geology/acidic_flowstone_01/acidic_flowstone_01_plr_a.cgf
    [-0.91354642332960490, 0.40648878667269739, 0.01419574916455301, -16.36699299999963841]
    [-0.40673658918792865, -0.91298992364984810, -0.03188207792652139, -9.30475799999976516]
    [0.00000086877219419, -0.03489965883072390, 0.99939168216272545, -13.54545200000000094]
  #49 data/objects/planets/geology/acidic_flowstone_01/acidic_flowstone_01_stt_f.cgf
    [0.86602542443567943, -0.50000001836480490, 0.00000000000000000, -10.65192499999920983]
    [0.50000001836480490, 0.86602542443567943, 0.00000000000000000, -15.25620399999979782]
    [0.00000000000000000, 0.00000000000000000, 1.00000002706690161, -10.86106600000000100]
  #50 objects/planets/geology/acidic_flowstone_01/acidic_flowstone_01_ldg_c.cgf
    [-0.15643462310551237, 0.98768830516746720, 0.00000000000000000, -11.29743699999926321]
    [-0.98768830516746720, -0.15643462310551237, -0.00000000000000000, -8.75608099999999467]
    [-0.00000000000000000, 0.00000000000000000, 0.99999998973537352, -8.05555900000000058]
  #51 data/objects/planets/geology/acidic_flowstone_01/acidic_flowstone_01_stt_e.cgf
    [1.00000000000000000, 0.00000000000000000, 0.00000000000000000, -6.87574700000004668]
    [0.00000000000000000, 1.00000000000000000, 0.00000000000000000, -6.61520599999994374]
    [0.00000000000000000, 0.00000000000000000, 1.00000000000000000, -9.65267200000000081]
  #52 data/objects/planets/geology/acidic_flowstone_01/acidic_flowstone_01_plr_d.cgf
    [1.00000000000000000, 0.00000000000000000, 0.00000000000000000, -23.32226999999966210]
    [0.00000000000000000, 1.00000000000000000, 0.00000000000000000, -10.13728799999989860]
    [0.00000000000000000, 0.00000000000000000, 1.00000000000000000, -15.19199500000000036]
  #53 data/objects/planets/geology/acidic_flowstone_01/acidic_flowstone_01_plr_a.cgf
    [0.39073110419214951, -0.92050501421785458, 0.00000000000000000, -8.79695499999979802]
    [0.92050501421785458, 0.39073110419214951, 0.00000000000000000, -8.76288399999975809]
    [0.00000000000000000, 0.00000000000000000, 1.00000013849170499, -14.76517300000000077]
  #54 data/objects/planets/geology/acidic_flowstone_01/acidic_flowstone_01_stt_d.cgf
    [1.00000000000000000, 0.00000000000000000, 0.00000000000000000, -15.50663999999960652]
    [0.00000000000000000, 1.00000000000000000, 0.00000000000000000, -9.45546299999978146]
    [0.00000000000000000, 0.00000000000000000, 1.00000000000000000, -8.15756900000000051]
  #55 data/objects/planets/geology/acidic_flowstone_01/acidic_flowstone_01_plr_a.cgf
    [1.00000000000000000, 0.00000000000000000, 0.00000000000000000, -6.69281499999942753]
    [0.00000000000000000, 1.00000000000000000, 0.00000000000000000, -10.12715600000001359]
    [0.00000000000000000, 0.00000000000000000, 1.00000000000000000, -14.45955700000000022]
  #56 data/objects/planets/geology/acidic_flowstone_01/acidic_flowstone_01_stt_d.cgf
    [1.00000000000000000, 0.00000000000000000, 0.00000000000000000, -5.34579200000007404]
    [0.00000000000000000, 1.00000000000000000, 0.00000000000000000, -17.92517999999972744]
    [0.00000000000000000, 0.00000000000000000, 1.00000000000000000, -9.34474100000000085]
  #57 data/objects/planets/geology/acidic_flowstone_01/acidic_flowstone_01_stt_b.cgf
    [1.00000000000000000, 0.00000000000000000, 0.00000000000000000, -10.79256499999974039]
    [0.00000000000000000, 1.00000000000000000, 0.00000000000000000, -10.25867399999970075]
    [0.00000000000000000, 0.00000000000000000, 1.00000000000000000, -7.48330500000000054]
  #58 data/objects/planets/geology/acidic_flowstone_01/acidic_flowstone_01_pil_a.cgf
    [1.00000000000000000, 0.00000000000000000, 0.00000000000000000, -9.16908799999964685]
    [0.00000000000000000, 1.00000000000000000, 0.00000000000000000, -16.24549499999966429]
    [0.00000000000000000, 0.00000000000000000, 1.00000000000000000, -15.53180100000000152]
  #59 data/objects/planets/geology/acidic_flowstone_01/acidic_flowstone_01_pil_a.cgf
    [1.00000000000000000, 0.00000000000000000, 0.00000000000000000, -27.90780199999971956]
    [0.00000000000000000, 1.00000000000000000, 0.00000000000000000, -16.20150299999977506]
    [0.00000000000000000, 0.00000000000000000, 1.00000000000000000, -16.88273900000000083]
  #60 data/objects/planets/geology/acidic_flowstone_01/acidic_flowstone_01_plr_c.cgf
    [1.00000000000000000, 0.00000000000000000, 0.00000000000000000, -29.98223299999972369]
    [0.00000000000000000, 1.00000000000000000, 0.00000000000000000, -15.63561899999967864]
    [0.00000000000000000, 0.00000000000000000, 1.00000000000000000, -17.07024400000000242]
  #61 data/objects/planets/geology/acidic_flowstone_01/acidic_flowstone_01_stt_b.cgf
    [1.00000000000000000, 0.00000000000000000, 0.00000000000000000, -3.69292700000005425]
    [0.00000000000000000, 1.00000000000000000, 0.00000000000000000, -21.49480599999969854]
    [0.00000000000000000, 0.00000000000000000, 1.00000000000000000, -11.16841300000000103]
  #62 objects/planets/geology/acidic_flowstone_01/acidic_flowstone_01_ldg_a.cgf
    [1.00000000000000000, 0.00000000000000000, 0.00000000000000000, -1.96692600000005768]
    [0.00000000000000000, 1.00000000000000000, 0.00000000000000000, -10.85835099999985687]
    [0.00000000000000000, 0.00000000000000000, 1.00000000000000000, -13.74202800000000124]
  #63 objects/planets/geology/acidic_flowstone_01/acidic_flowstone_01_ldg_c.cgf
    [-0.19319413204436356, 0.98097382904300068, -0.01915186825844763, -6.50523908229206427]
    [-0.97312169656033065, -0.19406830693128782, -0.12398417604604799, -4.43791632079773990]
    [-0.12534197624347146, -0.00531591563019845, 0.99209956658283238, -13.29024962357610562]
  #64 objects/planets/geology/acidic_flowstone_01/acidic_flowstone_01_ldg_a.cgf
    [0.78801117142124855, 0.60434974458162738, -0.11747313833773723, -2.97775326657847472]
    [-0.61566106910086149, 0.77353312803504826, -0.15035992191199760, -20.02066518844094389]
    [-0.00000061624429660, 0.19080892103861236, 0.98162727852438203, -18.30814380176888534]
  #65 objects/planets/geology/acidic_flowstone_01/acidic_flowstone_01_ldg_c.cgf
    [0.42261959495007190, 0.90630728478594469, 0.00000000000000000, -3.33960425317854970]
    [-0.90630728478594469, 0.42261959495007190, -0.00000000000000000, -10.52367848154335661]
    [-0.00000000000000000, 0.00000000000000000, 1.00000010824591135, -13.64805700000000144]
  #66 objects/planets/geology/acidic_flowstone_01/acidic_flowstone_01_ldg_c.cgf
    [-0.48119568909499855, -0.87462000762596237, 0.05908353714286975, -5.93421501493958203]
    [0.86810084886847572, -0.48480940127491273, -0.10658833863915122, -20.22458177817361502]
    [0.12186852872987035, 0.00000061968682283, 0.99254640949901940, -17.95204491116579248]
  #67 data/objects/planets/geology/acidic_flowstone_01/acidic_flowstone_01_stt_d.cgf
    [1.00000000000000000, 0.00000000000000000, 0.00000000000000000, -35.38184699999965233]
    [0.00000000000000000, 1.00000000000000000, 0.00000000000000000, -15.07366299999966941]
    [0.00000000000000000, 0.00000000000000000, 1.00000000000000000, -12.05176000000000158]
  #68 data/objects/planets/geology/acidic_flowstone_01/acidic_flowstone_01_plr_b.cgf
    [0.20791263467632279, 0.97814716874682284, 0.00000000000000000, -7.46367599999939557]
    [-0.97814716874682284, 0.20791263467632279, -0.00000000000000000, -27.00860099999999875]
    [-0.00000000000000000, 0.00000000000000000, 0.99999977369271220, -19.00780400000000014]
  #69 data/objects/planets/geology/acidic_flowstone_01/acidic_flowstone_01_stt_d.cgf
    [1.00000000000000000, 0.00000000000000000, 0.00000000000000000, -2.95532199999979639]
    [0.00000000000000000, 1.00000000000000000, 0.00000000000000000, -26.55888999999979205]
    [0.00000000000000000, 0.00000000000000000, 1.00000000000000000, -15.37238500000000130]
  #70 data/objects/planets/geology/acidic_flowstone_01/acidic_flowstone_01_stt_d.cgf
    [0.86602542443567943, 0.50000001836480490, 0.00000000000000000, -30.44704799999999523]
    [-0.50000001836480490, 0.86602542443567943, -0.00000000000000000, -14.88199099999974351]
    [-0.00000000000000000, 0.00000000000000000, 1.00000002706690161, -10.78254500000000071]
  #71 data/objects/planets/geology/acidic_flowstone_01/acidic_flowstone_01_stt_d.cgf
    [1.00000000000000000, 0.00000000000000000, 0.00000000000000000, -23.68076899999960006]
    [0.00000000000000000, 1.00000000000000000, 0.00000000000000000, -13.58330699999987701]
    [0.00000000000000000, 0.00000000000000000, 1.00000000000000000, -10.94788100000000064]
  #72 data/objects/planets/geology/acidic_flowstone_01/acidic_flowstone_01_pil_a.cgf
    [1.00000000000000000, 0.00000000000000000, 0.00000000000000000, -26.13486499999999069]
    [0.00000000000000000, 1.00000000000000000, 0.00000000000000000, -15.25970099999995000]
    [0.00000000000000000, 0.00000000000000000, 1.00000000000000000, -16.77070100000000252]
  #73 data/objects/planets/geology/acidic_flowstone_01/acidic_flowstone_01_stm_d.cgf
    [1.00000000000000000, 0.00000000000000000, 0.00000000000000000, -13.50564899999972113]
    [0.00000000000000000, 1.00000000000000000, 0.00000000000000000, -15.16228699999965102]
    [0.00000000000000000, 0.00000000000000000, 1.00000000000000000, -14.09738800000000047]
  #74 data/objects/planets/geology/acidic_flowstone_01/acidic_flowstone_01_pil_a.cgf
    [1.00000000000000000, 0.00000000000000000, 0.00000000000000000, 2.05565700000079232]
    [0.00000000000000000, 1.00000000000000000, 0.00000000000000000, -6.90808299999980591]
    [0.00000000000000000, 0.00000000000000000, 1.00000000000000000, -11.39126800000000017]
  #75 objects/planets/geology/acidic_flowstone_01/acidic_flowstone_01_stt_c.cgf
    [0.55919393253678529, 0.82903693683849167, 0.00000000000000000, -6.70304499999929249]
    [-0.82903693683849167, 0.55919393253678529, -0.00000000000000000, -26.63302299999986644]
    [-0.00000000000000000, 0.00000000000000000, 1.00000004841425083, -14.55204600000000070]
  #76 data/objects/planets/geology/acidic_flowstone_01/acidic_flowstone_01_pil_a.cgf
    [1.00000000000000000, 0.00000000000000000, 0.00000000000000000, -11.67303300000003219]
    [0.00000000000000000, 1.00000000000000000, 0.00000000000000000, -17.70012999999971726]
    [0.00000000000000000, 0.00000000000000000, 1.00000000000000000, -15.01110200000000106]
  #77 data/objects/planets/geology/acidic_flowstone_01/acidic_flowstone_01_plr_a.cgf
    [1.00000000000000000, 0.00000000000000000, 0.00000000000000000, -35.49533799999971961]
    [0.00000000000000000, 1.00000000000000000, 0.00000000000000000, -10.04439599999977872]
    [0.00000000000000000, 0.00000000000000000, 1.00000000000000000, -17.27478100000000083]
  #78 data/objects/planets/geology/acidic_flowstone_01/acidic_flowstone_01_plr_d.cgf
    [-0.69465880371356847, -0.71933961950705139, 0.00000000000000000, -22.26068099999974947]
    [0.71933961950705139, -0.69465880371356847, 0.00000000000000000, -9.69034199999987322]
    [0.00000000000000000, 0.00000000000000000, 1.00000017088464332, -16.19061200000000156]
  #79 data/objects/planets/geology/acidic_flowstone_01/acidic_flowstone_01_pil_a.cgf
    [-0.86602587900346473, 0.49999993088320377, 0.00000000000000000, -13.17220499999984895]
    [-0.49999993088320377, -0.86602587900346473, 0.00000000000000000, -5.03016899999965972]
    [0.00000000000000000, 0.00000000000000000, 1.00000037699339495, -14.26475600000000021]
  #80 data/objects/planets/geology/acidic_flowstone_01/acidic_flowstone_01_pil_a.cgf
    [1.00000000000000000, 0.00000000000000000, 0.00000000000000000, -35.64699599999948987]
    [0.00000000000000000, 1.00000000000000000, 0.00000000000000000, -15.87688699999989694]
    [0.00000000000000000, 0.00000000000000000, 1.00000000000000000, -17.21647099999999853]
  #81 data/objects/planets/geology/acidic_flowstone_01/acidic_flowstone_01_stt_d.cgf
    [0.06975465533055651, 0.99756409184201988, 0.00000000000000000, -11.04917500000010477]
    [-0.99756409184201988, 0.06975465533055651, -0.00000000000000000, -3.24643699999978708]
    [-0.00000000000000000, 0.00000000000000000, 0.99999991463643567, -10.32132499999999986]
  #82 objects/planets/geology/acidic_flowstone_01/acidic_flowstone_01_stt_f.cgf
    [0.88653392605832992, 0.46266349224555775, 0.00000000000000000, -4.83087299999988318]
    [-0.46266349224555775, 0.88653392605832992, -0.00000000000000000, -21.46250999999983833]
    [-0.00000000000000000, 0.00000000000000000, 0.99999995455462487, -14.42967800000000089]
  #83 data/objects/planets/geology/acidic_flowstone_01/acidic_flowstone_01_pil_a.cgf
    [1.00000000000000000, 0.00000000000000000, 0.00000000000000000, -10.22077300000000832]
    [0.00000000000000000, 1.00000000000000000, 0.00000000000000000, -10.43666600000005928]
    [0.00000000000000000, 0.00000000000000000, 1.00000000000000000, -14.01437200000000161]
  #84 data/objects/planets/geology/acidic_flowstone_01/acidic_flowstone_01_stt_e.cgf
    [-0.30901705825259262, 0.95105624158827706, 0.00000000000000000, -2.36769399999957386]
    [-0.95105624158827706, -0.30901705825259262, -0.00000000000000000, -25.63265799999999217]
    [-0.00000000000000000, 0.00000000000000000, 0.99999975847752354, -15.44762000000000057]
  #85 data/objects/planets/geology/acidic_flowstone_01/acidic_flowstone_01_pil_a.cgf
    [-0.68199821442962305, 0.73135358592792998, 0.00000000000000000, -5.44107199999962177]
    [-0.73135358592792998, -0.68199821442962305, 0.00000000000000000, -9.21353899999985515]
    [0.00000000000000000, 0.00000000000000000, 0.99999981606740129, -13.86482100000000095]
  #86 objects/planets/geology/acidic_flowstone_01/acidic_flowstone_01_stm_d.cgf
    [1.00000000000000000, 0.00000000000000000, 0.00000000000000000, -19.32783999999992375]
    [0.00000000000000000, 1.00000000000000000, 0.00000000000000000, -9.34322699999984252]
    [0.00000000000000000, 0.00000000000000000, 1.00000000000000000, -14.54069600000000051]
  #87 data/objects/planets/geology/acidic_flowstone_01/acidic_flowstone_01_pil_b.cgf
    [0.97299465617290426, -0.01880713222598391, -0.23006008206418702, -19.51851499999975204]
    [-0.01880709811900875, 0.98690227476954595, -0.16021904892369010, -9.20299599999998463]
    [0.23006008485238830, 0.16021904492008490, 0.95989695568096367, -15.14290800000000026]
  #88 data/objects/planets/geology/acidic_flowstone_01/acidic_flowstone_01_stt_b.cgf
    [-0.40673476458943003, 0.91354642670237896, 0.00000000000000000, -2.67930599999999686]
    [-0.91354642670237896, -0.40673476458943003, -0.00000000000000000, -17.21237900000005538]
    [-0.00000000000000000, 0.00000000000000000, 1.00000012123314486, -10.45408899999999974]
  #89 data/objects/planets/geology/acidic_flowstone_01/acidic_flowstone_01_pil_a.cgf
    [1.00000000000000000, 0.00000000000000000, 0.00000000000000000, -13.99522600000000239]
    [0.00000000000000000, 1.00000000000000000, 0.00000000000000000, -14.54204299999992145]
    [0.00000000000000000, 0.00000000000000000, 1.00000000000000000, -14.49234300000000175]
  #90 data/objects/planets/geology/acidic_flowstone_01/acidic_flowstone_01_pil_b.cgf
    [1.00000000000000000, 0.00000000000000000, 0.00000000000000000, -4.84344599999985803]
    [0.00000000000000000, 1.00000000000000000, 0.00000000000000000, -3.57609099999990576]
    [0.00000000000000000, 0.00000000000000000, 1.00000000000000000, -12.37033000000000094]
  #91 data/objects/planets/geology/acidic_flowstone_01/acidic_flowstone_01_stt_c.cgf
    [-0.54463869812290422, 0.83867086401727953, 0.00000000000000000, -4.66616399999929854]
    [-0.83867086401727953, -0.54463869812290422, 0.00000000000000000, -22.65580699999964054]
    [0.00000000000000000, 0.00000000000000000, 1.00000006482224912, -13.35599900000000062]
  #92 data/objects/planets/geology/acidic_flowstone_01/acidic_flowstone_01_stm_b.cgf
    [1.00000000000000000, 0.00000000000000000, 0.00000000000000000, -6.92592100000001665]
    [0.00000000000000000, 1.00000000000000000, 0.00000000000000000, -23.18905700000004799]
    [0.00000000000000000, 0.00000000000000000, 1.00000000000000000, -19.88897200000000254]
  #93 data/objects/planets/geology/acidic_flowstone_01/acidic_flowstone_01_stt_b.cgf
    [-0.40673476458943003, 0.91354642670237896, 0.00000000000000000, -26.52591499999925873]
    [-0.91354642670237896, -0.40673476458943003, -0.00000000000000000, -11.48209799999995084]
    [-0.00000000000000000, 0.00000000000000000, 1.00000012123314486, -11.54314600000000013]
  #94 objects/planets/geology/acidic_flowstone_01/acidic_flowstone_01_pil_a.cgf
    [1.00000000000000000, 0.00000000000000000, 0.00000000000000000, -4.67193299999962619]
    [0.00000000000000000, 1.00000000000000000, 0.00000000000000000, -19.86169199999994817]
    [0.00000000000000000, 0.00000000000000000, 1.00000000000000000, -19.18914200000000037]
  #95 data/objects/planets/geology/acidic_flowstone_01/acidic_flowstone_01_pil_a.cgf
    [1.00000000000000000, 0.00000000000000000, 0.00000000000000000, -0.16516499999943335]
    [0.00000000000000000, 1.00000000000000000, 0.00000000000000000, -13.58823399999982939]
    [0.00000000000000000, 0.00000000000000000, 1.00000000000000000, -15.09324200000000005]
  #96 objects/planets/geology/acidic_flowstone_01/acidic_flowstone_01_stt_e.cgf
    [0.24192301323716989, 0.97029537296520874, 0.00000000000000000, -21.71155300000009447]
    [-0.97029537296520874, 0.24192301323716989, -0.00000000000000000, -13.72310599999991609]
    [-0.00000000000000000, 0.00000000000000000, 0.99999992756571998, -12.01822100000000049]
  #97 data/objects/planets/geology/acidic_flowstone_01/acidic_flowstone_01_stt_b.cgf
    [-0.40673476458943003, 0.91354642670237896, 0.00000000000000000, -18.45178899999973510]
    [-0.91354642670237896, -0.40673476458943003, -0.00000000000000000, -9.51638599999978396]
    [-0.00000000000000000, 0.00000000000000000, 1.00000012123314486, -10.12618200000000002]
  #98 data/objects/planets/geology/acidic_flowstone_01/acidic_flowstone_01_stt_b.cgf
    [-0.40673476458943003, 0.91354642670237896, 0.00000000000000000, -14.78716399999939313]
    [-0.91354642670237896, -0.40673476458943003, -0.00000000000000000, -7.89471599999978935]
    [-0.00000000000000000, 0.00000000000000000, 1.00000012123314486, -10.72172500000000106]
  #99 data/objects/planets/geology/acidic_flowstone_01/acidic_flowstone_01_pil_a.cgf
    [-0.96126150500348440, -0.27563716898066953, 0.00000000000000000, -0.20916099999976723]
    [0.27563716898066953, -0.96126150500348440, 0.00000000000000000, -10.35479599999962375]
    [0.00000000000000000, 0.00000000000000000, 0.99999976496259357, -13.67631700000000095]
  #100 data/objects/planets/geology/acidic_flowstone_01/acidic_flowstone_01_pil_a.cgf
    [0.83103871083468073, -0.34722150259725953, -0.43452680603227811, -7.32843199999933859]
    [-0.08098916629801457, -0.84843258642991093, 0.52307222938948339, -22.54591499999969528]
    [-0.55028817175082401, -0.39950097665742074, -0.73320089580767878, -13.73160999999999987]
  #101 data/objects/planets/geology/acidic_flowstone_01/acidic_flowstone_01_pil_a.cgf
    [1.00000000000000000, 0.00000000000000000, 0.00000000000000000, -6.82784300000002986]
    [0.00000000000000000, 1.00000000000000000, 0.00000000000000000, 0.43135000000029322]
    [0.00000000000000000, 0.00000000000000000, 1.00000000000000000, -12.19700100000000020]
  #102 data/objects/planets/geology/acidic_flowstone_01/acidic_flowstone_01_pil_a.cgf
    [-0.97814774427048357, 0.20791273952417758, 0.00000000000000000, -2.12326099999972939]
    [-0.20791273952417758, -0.97814774427048357, 0.00000000000000000, -27.27303299999994124]
    [0.00000000000000000, 0.00000000000000000, 1.00000035843887813, -20.07890599999999992]
  #103 data/objects/planets/geology/acidic_flowstone_01/acidic_flowstone_01_plr_b.cgf
    [1.00000000000000000, 0.00000000000000000, 0.00000000000000000, -23.13658299999951851]
    [0.00000000000000000, 1.00000000000000000, 0.00000000000000000, -15.16087500000003274]
    [0.00000000000000000, 0.00000000000000000, 1.00000000000000000, -16.40655200000000136]
  #104 data/objects/planets/geology/acidic_flowstone_01/acidic_flowstone_01_pil_a.cgf
    [1.00000000000000000, 0.00000000000000000, 0.00000000000000000, -26.93104899999980262]
    [0.00000000000000000, 1.00000000000000000, 0.00000000000000000, -10.76028899999982968]
    [0.00000000000000000, 0.00000000000000000, 1.00000000000000000, -16.17935900000000160]
  #105 data/objects/planets/geology/acidic_flowstone_01/acidic_flowstone_01_stt_d.cgf
    [0.35836850283040306, 0.93357995860614251, 0.00000000000000000, -3.17696399999931600]
    [-0.93357995860614251, 0.35836850283040306, -0.00000000000000000, -22.23435799999970186]
    [-0.00000000000000000, 0.00000000000000000, 0.99999976146594727, -14.55108500000000049]
  #106 data/objects/planets/geology/acidic_flowstone_01/acidic_flowstone_01_pil_a.cgf
    [1.00000000000000000, 0.00000000000000000, 0.00000000000000000, -29.48232999999981985]
    [0.00000000000000000, 1.00000000000000000, 0.00000000000000000, -15.54634899999973641]
    [0.00000000000000000, 0.00000000000000000, 1.00000000000000000, -17.21647099999999853]
  #107 data/objects/planets/geology/acidic_flowstone_01/acidic_flowstone_01_stt_c.cgf
    [1.00000000000000000, 0.00000000000000000, 0.00000000000000000, -4.21276099999977305]
    [0.00000000000000000, 1.00000000000000000, 0.00000000000000000, -19.04721699999981865]
    [0.00000000000000000, 0.00000000000000000, 1.00000000000000000, -11.31662500000000016]
  #108 data/objects/planets/geology/acidic_flowstone_01/acidic_flowstone_01_pil_a.cgf
    [-0.68199821442962305, 0.73135358592792998, 0.00000000000000000, -7.54978499999924679]
    [-0.73135358592792998, -0.68199821442962305, 0.00000000000000000, -10.97433499999988271]
    [0.00000000000000000, 0.00000000000000000, 0.99999981606740129, -14.72010300000000171]
  #109 data/objects/planets/geology/acidic_flowstone_01/acidic_flowstone_01_stm_b.cgf
    [1.00000000000000000, 0.00000000000000000, 0.00000000000000000, -10.45470299999942654]
    [0.00000000000000000, 1.00000000000000000, 0.00000000000000000, -3.05849599999964994]
    [0.00000000000000000, 0.00000000000000000, 1.00000000000000000, -13.65420800000000057]
  #110 data/objects/planets/geology/acidic_flowstone_01/acidic_flowstone_01_plr_b.cgf
    [-0.37460813492464073, 0.92718297482872647, 0.00000000000000000, -15.55172499999935098]
    [-0.92718297482872647, -0.37460813492464073, -0.00000000000000000, -7.69918499999994310]
    [-0.00000000000000000, 0.00000000000000000, 0.99999976178195393, -12.97692100000000082]
  #111 data/objects/planets/geology/acidic_flowstone_01/acidic_flowstone_01_pil_b.cgf
    [1.00000000000000000, 0.00000000000000000, 0.00000000000000000, 0.15429500000027474]
    [0.00000000000000000, 1.00000000000000000, 0.00000000000000000, -7.21029099999987011]
    [0.00000000000000000, 0.00000000000000000, 1.00000000000000000, -12.08696600000000032]
  #112 data/objects/planets/geology/acidic_flowstone_01/acidic_flowstone_01_stm_c.cgf
    [1.00000000000000000, 0.00000000000000000, 0.00000000000000000, -7.56836599999951432]
    [0.00000000000000000, 1.00000000000000000, 0.00000000000000000, -11.68151699999998527]
    [0.00000000000000000, 0.00000000000000000, 1.00000000000000000, -14.96671600000000169]
  #113 data/objects/planets/geology/acidic_flowstone_01/acidic_flowstone_01_pil_a.cgf
    [1.00000000000000000, 0.00000000000000000, 0.00000000000000000, -7.93623399999978574]
    [0.00000000000000000, 1.00000000000000000, 0.00000000000000000, -7.73946200000000317]
    [0.00000000000000000, 0.00000000000000000, 1.00000000000000000, -14.01457800000000020]
  #114 data/objects/planets/geology/acidic_flowstone_01/acidic_flowstone_01_pil_b.cgf
    [1.00000000000000000, 0.00000000000000000, 0.00000000000000000, -20.77678199999991193]
    [0.00000000000000000, 1.00000000000000000, 0.00000000000000000, -13.63482499999963693]
    [0.00000000000000000, 0.00000000000000000, 1.00000000000000000, -15.66031399999999962]
  #115 data/objects/planets/geology/acidic_flowstone_01/acidic_flowstone_01_pil_a.cgf
    [1.00000000000000000, 0.00000000000000000, 0.00000000000000000, -22.53992299999936222]
    [0.00000000000000000, 1.00000000000000000, 0.00000000000000000, -14.37841399999979330]
    [0.00000000000000000, 0.00000000000000000, 1.00000000000000000, -16.17935900000000160]
  #116 data/objects/planets/geology/acidic_flowstone_01/acidic_flowstone_01_stm_c.cgf
    [-0.97029542908596256, -0.24192123224459194, 0.00000000000000000, -11.46315999999933410]
    [0.24192123224459194, -0.97029542908596256, 0.00000000000000000, -4.36892999999963649]
    [0.00000000000000000, 0.00000000000000000, 0.99999955115782646, -13.72145199999999932]
  #117 data/objects/planets/geology/acidic_flowstone_01/acidic_flowstone_01_pil_a.cgf
    [1.00000000000000000, 0.00000000000000000, 0.00000000000000000, -8.28374199999962002]
    [0.00000000000000000, 1.00000000000000000, 0.00000000000000000, -10.51736799999980576]
    [0.00000000000000000, 0.00000000000000000, 1.00000000000000000, -13.69312700000000049]
  #118 objects/planets/geology/acidic_flowstone_01/acidic_flowstone_01_ldg_c.cgf
    [0.00929162434251589, -0.99995658876974769, 0.00000000000000000, -7.12376399999993737]
    [0.99995658876974769, 0.00929162434251589, 0.00000000000000000, -23.33707299999969109]
    [0.00000000000000000, 0.00000000000000000, 0.99999975685344678, -14.67832500000000095]
  #119 data/objects/planets/geology/acidic_flowstone_01/acidic_flowstone_01_stt_c.cgf
    [1.00000000000000000, 0.00000000000000000, 0.00000000000000000, -23.61853399999927205]
    [0.00000000000000000, 1.00000000000000000, 0.00000000000000000, -12.02364399999987654]
    [0.00000000000000000, 0.00000000000000000, 1.00000000000000000, -10.25968000000000124]
  #120 data/objects/planets/geology/acidic_flowstone_01/acidic_flowstone_01_stt_c.cgf
    [1.00000000000000000, 0.00000000000000000, 0.00000000000000000, -2.82062099999984639]
    [0.00000000000000000, 1.00000000000000000, 0.00000000000000000, -20.88509099999964747]
    [0.00000000000000000, 0.00000000000000000, 1.00000000000000000, -12.87914600000000043]
  #121 data/objects/planets/geology/acidic_flowstone_01/acidic_flowstone_01_pil_a.cgf
    [1.00000000000000000, 0.00000000000000000, 0.00000000000000000, -24.01583299999947485]
    [0.00000000000000000, 1.00000000000000000, 0.00000000000000000, -9.67885200000000623]
    [0.00000000000000000, 0.00000000000000000, 1.00000000000000000, -16.17935900000000160]
  #122 data/objects/planets/geology/acidic_flowstone_01/acidic_flowstone_01_plr_b.cgf
    [1.00000000000000000, 0.00000000000000000, 0.00000000000000000, -7.20232399999986228]
    [0.00000000000000000, 1.00000000000000000, 0.00000000000000000, -8.08754499999986365]
    [0.00000000000000000, 0.00000000000000000, 1.00000000000000000, -12.51352400000000031]
  #123 data/objects/planets/geology/acidic_flowstone_01/acidic_flowstone_01_pil_a.cgf
    [0.55919214817975305, 0.82903787076925506, 0.00000000000000000, -1.41229099999964092]
    [-0.82903787076925506, 0.55919214817975305, -0.00000000000000000, -19.84037399999988338]
    [-0.00000000000000000, 0.00000000000000000, 0.99999982487773820, -17.86916400000000138]
  #124 data/objects/planets/geology/acidic_flowstone_01/acidic_flowstone_01_pil_a.cgf
    [1.00000000000000000, 0.00000000000000000, 0.00000000000000000, 1.29987500000061118]
    [0.00000000000000000, 1.00000000000000000, 0.00000000000000000, -4.78390399999989313]
    [0.00000000000000000, 0.00000000000000000, 1.00000000000000000, -11.09255300000000055]
  #125 data/objects/planets/geology/acidic_flowstone_01/acidic_flowstone_01_pil_b.cgf
    [1.00000000000000000, 0.00000000000000000, 0.00000000000000000, -15.42955799999981537]
    [0.00000000000000000, 1.00000000000000000, 0.00000000000000000, -14.02086999999983163]
    [0.00000000000000000, 0.00000000000000000, 1.00000000000000000, -14.17443500000000078]
  #126 data/objects/planets/geology/acidic_flowstone_01/acidic_flowstone_01_plr_d.cgf
    [1.00000000000000000, 0.00000000000000000, 0.00000000000000000, -33.91154699999970035]
    [0.00000000000000000, 1.00000000000000000, 0.00000000000000000, -10.62447199999996883]
    [0.00000000000000000, 0.00000000000000000, 1.00000000000000000, -17.53756299999999868]
  #127 data/objects/planets/geology/acidic_flowstone_01/acidic_flowstone_01_stt_c.cgf
    [1.00000000000000000, 0.00000000000000000, 0.00000000000000000, -4.37250299999959680]
    [0.00000000000000000, 1.00000000000000000, 0.00000000000000000, -24.69814099999985046]
    [0.00000000000000000, 0.00000000000000000, 1.00000000000000000, -13.85040800000000161]
  #128 data/objects/planets/geology/acidic_flowstone_01/acidic_flowstone_01_pil_a.cgf
    [1.00000000000000000, 0.00000000000000000, 0.00000000000000000, -0.75655800000004092]
    [0.00000000000000000, 1.00000000000000000, 0.00000000000000000, -17.88938899999993737]
    [0.00000000000000000, 0.00000000000000000, 1.00000000000000000, -16.58242700000000269]
  #129 data/objects/planets/geology/acidic_flowstone_01/acidic_flowstone_01_plr_d.cgf
    [-0.89879388743922106, 0.43837105151875289, 0.00000000000000000, -28.88695899999947869]
    [-0.43837105151875289, -0.89879388743922106, 0.00000000000000000, -11.56006999999999607]
    [0.00000000000000000, 0.00000000000000000, 0.99999981545386529, -18.41517100000000084]
  #130 data/objects/planets/geology/acidic_flowstone_01/acidic_flowstone_01_pil_b.cgf
    [1.00000000000000000, 0.00000000000000000, 0.00000000000000000, -2.83284000000003289]
    [0.00000000000000000, 1.00000000000000000, 0.00000000000000000, -25.34915000000000873]
    [0.00000000000000000, 0.00000000000000000, 1.00000000000000000, -20.32918300000000045]
  #131 data/objects/planets/geology/acidic_flowstone_01/acidic_flowstone_01_pil_a.cgf
    [0.70710595878995841, 0.70710746419526960, 0.00000000000000000, 0.41160100000070088]
    [-0.70710746419526960, 0.70710595878995841, -0.00000000000000000, -8.08451100000002043]
    [-0.00000000000000000, 0.00000000000000000, 0.99999990143846051, -12.18571400000000082]
  #132 data/objects/planets/geology/acidic_flowstone_01/acidic_flowstone_01_pil_a.cgf
    [-1.00000000000000000, 0.00000000000000000, 0.00000000000000000, -10.18217099999947095]
    [0.00000000000000000, -1.00000000000000000, 0.00000000000000000, -1.47423699999990276]
    [0.00000000000000000, 0.00000000000000000, 1.00000000000000000, -13.50262400000000085]
  #133 data/objects/planets/geology/acidic_flowstone_01/acidic_flowstone_01_stm_b.cgf
    [1.00000000000000000, 0.00000000000000000, 0.00000000000000000, -18.16710299999976996]
    [0.00000000000000000, 1.00000000000000000, 0.00000000000000000, -12.67149199999994380]
    [0.00000000000000000, 0.00000000000000000, 1.00000000000000000, -14.86057900000000132]
  #134 objects/planets/geology/acidic_flowstone_01/acidic_flowstone_01_stt_e.cgf
    [1.00000000000000000, 0.00000000000000000, 0.00000000000000000, -2.55189499999960390]
    [0.00000000000000000, 1.00000000000000000, 0.00000000000000000, -19.04413599999998041]
    [0.00000000000000000, 0.00000000000000000, 1.00000000000000000, -12.56068199999999990]
  #135 data/objects/planets/geology/acidic_flowstone_01/acidic_flowstone_01_stm_b.cgf
    [1.00000000000000000, 0.00000000000000000, 0.00000000000000000, -0.22259200000007695]
    [0.00000000000000000, 1.00000000000000000, 0.00000000000000000, -11.93278399999962858]
    [0.00000000000000000, 0.00000000000000000, 1.00000000000000000, -14.42719500000000110]
  #136 data/objects/planets/geology/acidic_flowstone_01/acidic_flowstone_01_pil_a.cgf
    [-0.96126150500348440, -0.27563716898066953, 0.00000000000000000, 0.24162100000012288]
    [0.27563716898066953, -0.96126150500348440, 0.00000000000000000, -15.93334899999990739]
    [0.00000000000000000, 0.00000000000000000, 0.99999976496259357, -15.09324200000000005]
  #137 data/objects/planets/geology/acidic_flowstone_01/acidic_flowstone_01_plr_b.cgf
    [0.20791263467632279, 0.97814716874682284, 0.00000000000000000, -7.73391099999935250]
    [-0.97814716874682284, 0.20791263467632279, -0.00000000000000000, -25.34841599999981554]
    [-0.00000000000000000, 0.00000000000000000, 0.99999977369271220, -19.00780400000000014]
  #138 data/objects/planets/geology/acidic_flowstone_01/acidic_flowstone_01_plr_a.cgf
    [1.00000000000000000, 0.00000000000000000, 0.00000000000000000, -7.99881599999935133]
    [0.00000000000000000, 1.00000000000000000, 0.00000000000000000, -21.37352299999975003]
    [0.00000000000000000, 0.00000000000000000, 1.00000000000000000, -18.99266000000000076]
  #139 data/objects/planets/geology/acidic_flowstone_01/acidic_flowstone_01_plr_b.cgf
    [-0.51503921040911627, 0.85716663754444333, 0.00000000000000000, -1.29367999999976746]
    [-0.85716663754444333, -0.51503921040911627, 0.00000000000000000, -16.91867599999977756]
    [0.00000000000000000, 0.00000000000000000, 1.00000001638904634, -12.62600400000000000]
  #140 data/objects/planets/geology/acidic_flowstone_01/acidic_flowstone_01_pil_a.cgf
    [1.00000000000000000, 0.00000000000000000, 0.00000000000000000, 0.74857400000018970]
    [0.00000000000000000, 1.00000000000000000, 0.00000000000000000, -12.37302699999963806]
    [0.00000000000000000, 0.00000000000000000, 1.00000000000000000, -13.65211900000000078]
  #141 data/objects/planets/geology/acidic_flowstone_01/acidic_flowstone_01_plr_b.cgf
    [1.00000000000000000, 0.00000000000000000, 0.00000000000000000, -0.82623100000000704]
    [0.00000000000000000, 1.00000000000000000, 0.00000000000000000, -17.18390899999985777]
    [0.00000000000000000, 0.00000000000000000, 1.00000000000000000, -14.87758300000000133]
  #142 data/objects/planets/geology/acidic_flowstone_01/acidic_flowstone_01_pil_a.cgf
    [-0.80901843164246001, 0.58778523800186211, 0.00000000000000000, -8.20333399999981339]
    [-0.58778523800186211, -0.80901843164246001, 0.00000000000000000, -0.63484100000005128]
    [0.00000000000000000, 0.00000000000000000, 1.00000115437439918, -13.03919000000000139]
  #143 data/objects/planets/geology/acidic_flowstone_01/acidic_flowstone_01_stt_d.cgf
    [1.00000000000000000, 0.00000000000000000, 0.00000000000000000, -2.98309299999982613]
    [0.00000000000000000, 1.00000000000000000, 0.00000000000000000, -24.38750299999992421]
    [0.00000000000000000, 0.00000000000000000, 1.00000000000000000, -15.10865100000000183]
  #144 data/objects/planets/geology/acidic_flowstone_01/acidic_flowstone_01_pil_b.cgf
    [1.00000000000000000, 0.00000000000000000, 0.00000000000000000, -10.92586399999981950]
    [0.00000000000000000, 1.00000000000000000, 0.00000000000000000, -3.86611199999970268]
    [0.00000000000000000, 0.00000000000000000, 1.00000000000000000, -13.80906600000000140]
  #145 data/objects/planets/geology/acidic_flowstone_01/acidic_flowstone_01_plr_b.cgf
    [1.00000000000000000, 0.00000000000000000, 0.00000000000000000, -17.24608699999953387]
    [0.00000000000000000, 1.00000000000000000, 0.00000000000000000, -12.68450699999993958]
    [0.00000000000000000, 0.00000000000000000, 1.00000000000000000, -13.38778200000000140]
  #146 data/objects/planets/geology/acidic_flowstone_01/acidic_flowstone_01_stm_c.cgf
    [1.00000000000000000, 0.00000000000000000, 0.00000000000000000, -0.54226299999936600]
    [0.00000000000000000, 1.00000000000000000, 0.00000000000000000, -13.94986599999992904]
    [0.00000000000000000, 0.00000000000000000, 1.00000000000000000, -15.31813200000000030]
  #147 data/objects/planets/geology/acidic_flowstone_01/acidic_flowstone_01_stt_c.cgf
    [1.00000000000000000, 0.00000000000000000, 0.00000000000000000, -30.12793799999963085]
    [0.00000000000000000, 1.00000000000000000, 0.00000000000000000, -12.35582399999975678]
    [0.00000000000000000, 0.00000000000000000, 1.00000000000000000, -10.72409100000000137]
  #148 data/objects/planets/geology/acidic_flowstone_01/acidic_flowstone_01_pil_a.cgf
    [0.83103871083468073, -0.34722150259725953, -0.43452680603227811, -3.25939199999993434]
    [-0.08098916629801457, -0.84843258642991093, 0.52307222938948339, -22.84320399999978690]
    [-0.55028817175082401, -0.39950097665742074, -0.73320089580767878, -13.57014600000000115]
  #149 data/objects/planets/geology/acidic_flowstone_01/acidic_flowstone_01_plr_b.cgf
    [-0.93358065539704715, -0.35836883353478527, 0.00000000000000000, -7.47742299999936222]
    [0.35836883353478527, -0.93358065539704715, 0.00000000000000000, -22.72291300000006231]
    [0.00000000000000000, 0.00000000000000000, 1.00000053049019111, -18.75281199999999870]
  #150 data/objects/planets/geology/acidic_flowstone_01/acidic_flowstone_01_stt_c.cgf
    [0.17364719961933842, 0.98480783902040214, 0.00000000000000000, -4.35140899999987596]
    [-0.98480783902040214, 0.17364719961933842, -0.00000000000000000, -18.44325799999978699]
    [-0.00000000000000000, 0.00000000000000000, 0.99999991486583273, -10.10326300000000010]
  #151 data/objects/planets/geology/acidic_flowstone_01/acidic_flowstone_01_pil_a.cgf
    [0.77714583093969414, 0.62932036333239294, 0.00000000000000000, -7.25611200000003009]
    [-0.62932036333239294, 0.77714583093969414, -0.00000000000000000, -27.71058399999992616]
    [-0.00000000000000000, 0.00000000000000000, 0.99999988112587423, -20.07890599999999992]
  #152 data/objects/planets/geology/acidic_flowstone_01/acidic_flowstone_01_plr_a.cgf
    [-0.30901705825259262, 0.95105624158827706, 0.00000000000000000, -1.75623199999972712]
    [-0.95105624158827706, -0.30901705825259262, -0.00000000000000000, -21.38958599999978105]
    [-0.00000000000000000, 0.00000000000000000, 0.99999975847752354, -18.91702000000000083]
  #153 data/objects/planets/geology/acidic_flowstone_01/acidic_flowstone_01_pil_a.cgf
    [0.55919393253678529, 0.82903693683849167, 0.00000000000000000, -2.24907799999982672]
    [-0.82903693683849167, 0.55919393253678529, -0.00000000000000000, -23.54872899999963920]
    [-0.00000000000000000, 0.00000000000000000, 1.00000004841425083, -20.07890599999999992]
  #154 data/objects/planets/geology/acidic_flowstone_01/acidic_flowstone_01_stm_b.cgf
    [-0.55919422768634963, 0.82903688592158631, 0.00000000000000000, -8.87399499999992258]
    [-0.82903688592158631, -0.55919422768634963, 0.00000000000000000, -11.51811700000007477]
    [0.00000000000000000, 0.00000000000000000, 1.00000017124813256, -14.57334499999999977]
  #155 data/objects/planets/geology/acidic_flowstone_01/acidic_flowstone_01_stt_f.cgf
    [-0.99026784198480255, 0.13917612384238706, 0.00000000000000000, -27.47125099999993836]
    [-0.13917612384238706, -0.99026784198480255, 0.00000000000000000, -12.55538399999977628]
    [0.00000000000000000, 0.00000000000000000, 1.00000019615849500, -12.37879900000000077]
  #156 data/objects/planets/geology/acidic_flowstone_01/acidic_flowstone_01_pil_a.cgf
    [1.00000000000000000, 0.00000000000000000, 0.00000000000000000, -6.52560399999947549]
    [0.00000000000000000, 1.00000000000000000, 0.00000000000000000, -10.59547199999997247]
    [0.00000000000000000, 0.00000000000000000, 1.00000000000000000, -14.72010300000000171]
  #157 data/objects/planets/geology/acidic_flowstone_01/acidic_flowstone_01_plr_c.cgf
    [0.46947173665147585, 0.88294727236291981, 0.00000000000000000, -2.08749600000010105]
    [-0.88294727236291981, 0.46947173665147585, -0.00000000000000000, -26.45224999999982174]
    [-0.00000000000000000, 0.00000000000000000, 0.99999979864381616, -20.40770900000000054]
  #158 data/objects/planets/geology/acidic_flowstone_01/acidic_flowstone_01_stm_c.cgf
    [1.00000000000000000, 0.00000000000000000, 0.00000000000000000, -27.12860000000000582]
    [0.00000000000000000, 1.00000000000000000, 0.00000000000000000, -15.77418299999999363]
    [0.00000000000000000, 0.00000000000000000, 1.00000000000000000, -16.70260599999999940]
  #159 data/objects/planets/geology/acidic_flowstone_01/acidic_flowstone_01_stt_c.cgf
    [1.00000000000000000, 0.00000000000000000, 0.00000000000000000, -5.91650599999957194]
    [0.00000000000000000, 1.00000000000000000, 0.00000000000000000, -22.65550499999972089]
    [0.00000000000000000, 0.00000000000000000, 1.00000000000000000, -13.57617300000000071]
  #160 data/objects/planets/geology/acidic_flowstone_01/acidic_flowstone_01_stt_e.cgf
    [1.00000000000000000, 0.00000000000000000, 0.00000000000000000, -27.00370399999974325]
    [0.00000000000000000, 1.00000000000000000, 0.00000000000000000, -15.62545699999964199]
    [0.00000000000000000, 0.00000000000000000, 1.00000000000000000, -11.10810900000000068]
  #161 data/objects/planets/geology/acidic_flowstone_01/acidic_flowstone_01_stm_b.cgf
    [1.00000000000000000, 0.00000000000000000, 0.00000000000000000, -5.17865899999924295]
    [0.00000000000000000, 1.00000000000000000, 0.00000000000000000, -9.36564599999974234]
    [0.00000000000000000, 0.00000000000000000, 1.00000000000000000, -13.47454600000000013]
  #162 data/objects/planets/geology/acidic_flowstone_01/acidic_flowstone_01_stm_b.cgf
    [-0.99254665599862579, 0.12186826696639036, 0.00000000000000000, -7.00080699999944045]
    [-0.12186826696639036, -0.99254665599862579, 0.00000000000000000, -6.88569400000005771]
    [0.00000000000000000, 0.00000000000000000, 1.00000036941365500, -13.80816500000000069]
  #163 data/objects/planets/geology/acidic_flowstone_01/acidic_flowstone_01_stt_e.cgf
    [1.00000000000000000, 0.00000000000000000, 0.00000000000000000, -7.52542300000004616]
    [0.00000000000000000, 1.00000000000000000, 0.00000000000000000, -24.48853400000007241]
    [0.00000000000000000, 0.00000000000000000, 1.00000000000000000, -15.99913400000000152]
  #164 data/objects/planets/geology/acidic_flowstone_01/acidic_flowstone_01_pil_b.cgf
    [-0.61170138372145677, 0.76220526734281113, 0.21181180979611561, -12.51405299999987619]
    [-0.78924739234485519, -0.56973931045071358, -0.22909685066575800, -14.99418299999979354]
    [-0.05394132007170432, -0.30731082594499731, 0.95007898904612287, -14.88133099999999942]
  #165 data/objects/planets/geology/acidic_flowstone_01/acidic_flowstone_01_pil_a.cgf
    [-0.27563570223041295, -0.96126249641126249, 0.00000000000000000, -10.20923199999924691]
    [0.96126249641126249, -0.27563570223041295, 0.00000000000000000, -2.51759899999979098]
    [0.00000000000000000, 0.00000000000000000, 1.00000031367538345, -13.91768899999999931]
  #166 data/objects/planets/geology/acidic_flowstone_01/acidic_flowstone_01_stt_c.cgf
    [0.24192069051327572, 0.97029573193512220, 0.00000000000000000, -33.75895299999956478]
    [-0.97029573193512220, 0.24192069051327572, -0.00000000000000000, -13.43000899999969988]
    [-0.00000000000000000, 0.00000000000000000, 0.99999971395492648, -11.50057500000000132]
  #167 data/objects/planets/geology/acidic_flowstone_01/acidic_flowstone_01_pil_a.cgf
    [1.00000000000000000, 0.00000000000000000, 0.00000000000000000, -9.58734199999980774]
    [0.00000000000000000, 1.00000000000000000, 0.00000000000000000, -9.27119499999980690]
    [0.00000000000000000, 0.00000000000000000, 1.00000000000000000, -13.57400000000000162]
  #168 data/objects/planets/geology/acidic_flowstone_01/acidic_flowstone_01_stm_b.cgf
    [1.00000000000000000, 0.00000000000000000, 0.00000000000000000, -5.41014399999949092]
    [0.00000000000000000, 1.00000000000000000, 0.00000000000000000, -11.09072299999979805]
    [0.00000000000000000, 0.00000000000000000, 1.00000000000000000, -15.02278300000000044]
  #169 data/objects/planets/geology/acidic_flowstone_01/acidic_flowstone_01_pil_a.cgf
    [1.00000000000000000, 0.00000000000000000, 0.00000000000000000, -6.38013899999987188]
    [0.00000000000000000, 1.00000000000000000, 0.00000000000000000, -3.50055099999963204]
    [0.00000000000000000, 0.00000000000000000, 1.00000000000000000, -12.82265000000000121]
  #170 data/objects/planets/geology/acidic_flowstone_01/acidic_flowstone_01_plr_a.cgf
    [0.03490058018409464, -0.99939065055297516, 0.00000000000000000, -2.22904599999947095]
    [0.99939065055297516, 0.03490058018409464, 0.00000000000000000, -24.58009199999969496]
    [0.00000000000000000, 0.00000000000000000, 0.99999986145493303, -20.44943899999999815]
  #171 data/objects/planets/geology/acidic_flowstone_01/acidic_flowstone_01_pil_a.cgf
    [0.42261959495007190, -0.90630728478594469, 0.00000000000000000, -0.36102399999981571]
    [0.90630728478594469, 0.42261959495007190, 0.00000000000000000, -9.06638399999974354]
    [0.00000000000000000, 0.00000000000000000, 1.00000010824591135, -12.75768900000000095]
  #172 data/objects/planets/geology/acidic_flowstone_01/acidic_flowstone_01_pil_a.cgf
    [1.00000000000000000, 0.00000000000000000, 0.00000000000000000, -18.98921399999926507]
    [0.00000000000000000, 1.00000000000000000, 0.00000000000000000, -13.36657399999967311]
    [0.00000000000000000, 0.00000000000000000, 1.00000000000000000, -15.47454600000000013]
  #173 data/objects/planets/geology/acidic_flowstone_01/acidic_flowstone_01_stm_a.cgf
    [0.58778439139542349, 0.80901745127020830, 0.00000000000000000, -12.54357799999979761]
    [-0.80901745127020830, 0.58778439139542349, -0.00000000000000000, -5.08225899999979447]
    [-0.00000000000000000, 0.00000000000000000, 0.99999986361390691, -13.74525500000000022]
  #174 data/objects/planets/geology/acidic_flowstone_01/acidic_flowstone_01_stt_d.cgf
    [0.17364719961933842, 0.98480783902040214, 0.00000000000000000, -6.71673299999929441]
    [-0.98480783902040214, 0.17364719961933842, -0.00000000000000000, -21.28578900000002250]
    [-0.00000000000000000, 0.00000000000000000, 0.99999991486583273, -11.42199100000000023]
  #175 data/objects/planets/geology/acidic_flowstone_01/acidic_flowstone_01_stm_b.cgf
    [1.00000000000000000, 0.00000000000000000, 0.00000000000000000, -24.66418900000007852]
    [0.00000000000000000, 1.00000000000000000, 0.00000000000000000, -15.28633799999988696]
    [0.00000000000000000, 0.00000000000000000, 1.00000000000000000, -16.30079600000000184]
  #176 data/objects/planets/geology/acidic_flowstone_01/acidic_flowstone_01_pil_a.cgf
    [0.55919393253678529, 0.82903693683849167, 0.00000000000000000, -1.75199999999949796]
    [-0.82903693683849167, 0.55919393253678529, -0.00000000000000000, -21.63232999999991080]
    [-0.00000000000000000, 0.00000000000000000, 1.00000004841425083, -19.18701800000000190]
  #177 data/objects/planets/geology/acidic_flowstone_01/acidic_flowstone_01_pil_a.cgf
    [1.00000000000000000, 0.00000000000000000, 0.00000000000000000, -8.86186199999974633]
    [0.00000000000000000, 1.00000000000000000, 0.00000000000000000, -10.98006199999963428]
    [0.00000000000000000, 0.00000000000000000, 1.00000000000000000, -14.01437200000000161]
  #178 data/objects/planets/geology/acidic_flowstone_01/acidic_flowstone_01_stt_d.cgf
    [-0.32556977204502713, 0.94551772328784145, 0.00000000000000000, -34.43110999999953492]
    [-0.94551772328784145, -0.32556977204502713, -0.00000000000000000, -11.11040000000002692]
    [-0.00000000000000000, 0.00000000000000000, 0.99999972076039811, -12.05176000000000158]
  #179 data/objects/planets/geology/acidic_flowstone_01/acidic_flowstone_01_pil_a.cgf
    [1.00000000000000000, 0.00000000000000000, 0.00000000000000000, -5.13188999999965745]
    [0.00000000000000000, 1.00000000000000000, 0.00000000000000000, -0.42762700000002951]
    [0.00000000000000000, 0.00000000000000000, 1.00000000000000000, -12.10909800000000125]
  #180 data/objects/planets/geology/acidic_flowstone_01/acidic_flowstone_01_pil_a.cgf
    [0.77714583093969414, 0.62932036333239294, 0.00000000000000000, -6.96891299999970215]
    [-0.62932036333239294, 0.77714583093969414, -0.00000000000000000, -22.89373399999976755]
    [-0.00000000000000000, 0.00000000000000000, 0.99999988112587423, -20.07890599999999992]
  #181 data/objects/planets/geology/acidic_flowstone_01/acidic_flowstone_01_stt_f.cgf
    [0.93357933616414102, -0.35837088575786180, 0.00000000000000000, -5.26431699999920966]
    [0.35837088575786180, 0.93357933616414102, 0.00000000000000000, -19.60288099999979750]
    [0.00000000000000000, 0.00000000000000000, 1.00000003433577578, -12.76005699999999976]
  #182 data/objects/planets/geology/acidic_flowstone_01/acidic_flowstone_01_plr_b.cgf
    [-0.29237217812094629, 0.95630508595991470, 0.00000000000000000, -35.06389899999976478]
    [-0.95630508595991470, -0.29237217812094629, -0.00000000000000000, -15.63976999999977124]
    [-0.00000000000000000, 0.00000000000000000, 1.00000045398588999, -16.42947600000000108]
  #183 data/objects/planets/geology/acidic_flowstone_01/acidic_flowstone_01_pil_b.cgf
    [1.00000000000000000, 0.00000000000000000, 0.00000000000000000, -26.91934799999944516]
    [0.00000000000000000, 1.00000000000000000, 0.00000000000000000, -14.91215599999986807]
    [0.00000000000000000, 0.00000000000000000, 1.00000000000000000, -17.19465900000000147]
  #184 objects/planets/geology/acidic_flowstone_01/acidic_flowstone_01_ldg_c.cgf
    [-0.46947068168617168, 0.88294742968892082, 0.00000000000000000, -6.17896199999995588]
    [-0.88294742968892082, -0.46947068168617168, -0.00000000000000000, -21.86130400000001828]
    [-0.00000000000000000, 0.00000000000000000, 0.99999944227841964, -12.95795900000000067]
  #185 data/objects/planets/geology/acidic_flowstone_01/acidic_flowstone_01_stt_d.cgf
    [0.24192301323716989, 0.97029537296520874, 0.00000000000000000, -23.96636799999942014]
    [-0.97029537296520874, 0.24192301323716989, -0.00000000000000000, -10.16559800000004543]
    [-0.00000000000000000, 0.00000000000000000, 0.99999992756571998, -11.49875500000000095]
  #186 objects/planets/geology/acidic_flowstone_01/acidic_flowstone_01_stm_c.cgf
    [0.99981325291317413, 0.01932509067953180, 0.00000000000000000, -20.64795400000002701]
    [-0.01932509067953180, 0.99981325291317413, -0.00000000000000000, -9.40655699999979333]
    [-0.00000000000000000, 0.00000000000000000, 0.99999999991529742, -15.41228600000000171]
  #187 data/objects/planets/geology/acidic_flowstone_01/acidic_flowstone_01_stt_b.cgf
    [1.00000000000000000, 0.00000000000000000, 0.00000000000000000, -28.41020099999968807]
    [0.00000000000000000, 1.00000000000000000, 0.00000000000000000, -15.43462199999976292]
    [0.00000000000000000, 0.00000000000000000, 1.00000000000000000, -11.07496200000000108]
  #188 data/objects/planets/geology/acidic_flowstone_01/acidic_flowstone_01_plr_a.cgf
    [-0.76604551435048629, -0.64278737592400603, 0.00000000000000000, -8.91318799999953626]
    [0.64278737592400603, -0.76604551435048629, 0.00000000000000000, -17.44730099999969752]
    [0.00000000000000000, 0.00000000000000000, 1.00000067035166063, -16.11192100000000238]
  #189 data/objects/planets/geology/acidic_flowstone_01/acidic_flowstone_01_plr_b.cgf
    [-0.99026793349271802, 0.13917414481174073, 0.00000000000000000, -8.96697199999925942]
    [-0.13917414481174073, -0.99026793349271802, 0.00000000000000000, -16.41845899999998437]
    [0.00000000000000000, 0.00000000000000000, 1.00000001134400862, -12.96677800000000147]
  #190 data/objects/planets/geology/acidic_flowstone_01/acidic_flowstone_01_pil_a.cgf
    [-0.97814774427048357, 0.20791273952417758, 0.00000000000000000, -7.18169899999975314]
    [-0.20791273952417758, -0.97814774427048357, 0.00000000000000000, -26.21231199999965611]
    [0.00000000000000000, 0.00000000000000000, 1.00000035843887813, -20.07890599999999992]
  #191 objects/planets/geology/acidic_flowstone_01/acidic_flowstone_01_stt_f.cgf
    [0.29400727724893022, 0.95580288655840862, 0.00000000000000000, -3.01883199999974750]
    [-0.95580288655840862, 0.29400727724893022, -0.00000000000000000, -7.21164199999975608]
    [-0.00000000000000000, 0.00000000000000000, 0.99999971851431824, -8.22922800000000088]
  #192 data/objects/planets/geology/acidic_flowstone_01/acidic_flowstone_01_stt_d.cgf
    [-0.12187023539556469, 0.99254634492109051, 0.00000000000000000, -5.76792299999942770]
    [-0.99254634492109051, -0.12187023539556469, -0.00000000000000000, -2.23133099999995466]
    [-0.00000000000000000, 0.00000000000000000, 1.00000030054574784, -6.23787700000000100]
  #193 data/objects/planets/geology/acidic_flowstone_01/acidic_flowstone_01_stt_d.cgf
    [1.00000000000000000, 0.00000000000000000, 0.00000000000000000, -5.04128700000001118]
    [0.00000000000000000, 1.00000000000000000, 0.00000000000000000, -2.53229099999998652]
    [0.00000000000000000, 0.00000000000000000, 1.00000000000000000, -6.48857700000000115]
  #194 data/objects/planets/geology/acidic_flowstone_01/acidic_flowstone_01_stt_d.cgf
    [1.00000000000000000, 0.00000000000000000, 0.00000000000000000, -4.87465599999995902]
    [0.00000000000000000, 1.00000000000000000, 0.00000000000000000, -1.52120799999966039]
    [0.00000000000000000, 0.00000000000000000, 1.00000000000000000, -6.23787700000000100]
  #195 data/objects/planets/geology/acidic_flowstone_01/acidic_flowstone_01_stt_h.cgf
    [-0.15643462310551237, 0.98768830516746720, 0.00000000000000000, -13.97681499999998778]
    [-0.98768830516746720, -0.15643462310551237, -0.00000000000000000, -11.51490699999976641]
    [-0.00000000000000000, 0.00000000000000000, 0.99999998973537352, -7.87585500000000049]
  #196 data/objects/planets/geology/acidic_flowstone_01/acidic_flowstone_01_stt_d.cgf
    [1.00000000000000000, 0.00000000000000000, 0.00000000000000000, 0.99608100000023114]
    [0.00000000000000000, 1.00000000000000000, 0.00000000000000000, -6.82181599999967148]
    [0.00000000000000000, 0.00000000000000000, 1.00000000000000000, -5.96355199999999996]
  #197 data/objects/planets/geology/acidic_flowstone_01/acidic_flowstone_01_pil_a.cgf
    [1.00000000000000000, 0.00000000000000000, 0.00000000000000000, -1.55114799999955721]
    [0.00000000000000000, 1.00000000000000000, 0.00000000000000000, 0.06051200000001700]
    [0.00000000000000000, 0.00000000000000000, 1.00000000000000000, -8.67720500000000072]
  #198 data/objects/planets/geology/acidic_flowstone_01/acidic_flowstone_01_stt_c.cgf
    [0.64278803720613709, 0.76604413342418709, 0.00000000000000000, -1.42297899999994115]
    [-0.76604413342418709, 0.64278803720613709, -0.00000000000000000, -7.45202299999982642]
    [-0.00000000000000000, 0.00000000000000000, 1.00000003756446532, -6.32462200000000063]
  #199 data/objects/planets/geology/acidic_flowstone_01/acidic_flowstone_01_stt_h.cgf
    [-0.61566136450638853, 0.78801054237111634, 0.00000000000000000, -5.83056699999997363]
    [-0.78801054237111634, -0.61566136450638853, 0.00000000000000000, -4.76600899999993999]
    [0.00000000000000000, 0.00000000000000000, 0.99999976531691714, -7.61643000000000114]
  #200 objects/planets/geology/acidic_flowstone_01/acidic_flowstone_01_ldg_b.cgf
    [-0.43837082161289403, -0.89879371293733246, 0.00000000000000000, 3.94399635814534122]
    [0.89879371293733246, -0.43837082161289403, 0.00000000000000000, -1.26913831410774947]
    [0.00000000000000000, 0.00000000000000000, 0.99999955782852212, -6.07720000000000038]
  #201 objects/planets/geology/acidic_flowstone_01/acidic_flowstone_01_ldg_a.cgf
    [0.86602542443567943, 0.50000001836480490, 0.00000000000000000, 0.99927699413910887]
    [-0.50000001836480490, 0.86602542443567943, -0.00000000000000000, 0.19149122896214976]
    [-0.00000000000000000, 0.00000000000000000, 1.00000002706690161, -6.90907100000000085]
  #202 objects/planets/geology/acidic_flowstone_01/acidic_flowstone_01_ldg_e.cgf
    [-0.71934006187055644, 0.69465899955931698, 0.00000000000000000, 3.60599275569893507]
    [-0.69465899955931698, -0.71934006187055644, 0.00000000000000000, -2.51739901959717827]
    [0.00000000000000000, 0.00000000000000000, 1.00000062514014765, -6.49910500000000013]
  #203 objects/planets/geology/acidic_flowstone_01/acidic_flowstone_01_ldg_a.cgf
    [-0.22495045995370155, -0.97437036323603787, 0.00000000000000000, 2.36999553870282398]
    [0.97437036323603787, -0.22495045995370155, 0.00000000000000000, 0.29206577417471635]
    [0.00000000000000000, 0.00000000000000000, 1.00000015709304257, -6.71849500000000077]
