# IncludedObjects
# Cgfs: 53, Materials: 2, Palettes: 12, Placements: 108

[CGFs]
      0: objects/buildingsets/human/lowtech/prop/drink/bottle/bottle_alcohol_rust_1_tray_a.cgf
      1: objects/buildingsets/human/universal/prop/utility/waste/trash_bag_standing_1_b.cgf
      2: objects/buildingsets/human/universal/prop/salvage/salvage_shelf_1_b.cgf
      3: objects/buildingsets/human/lowtech/bravo/int/prop/light/light_b.cgf
      4: objects/buildingsets/human/universal/prop/crates/crate_basket_1_a.cgf
      5: objects/buildingsets/human/universal/prop/dressing/literature/literature_newspaper_1_open_a.cgf
      6: objects/buildingsets/human/universal/prop/dressing/can/can_drink_2_e_opened.cgf
      7: objects/buildingsets/human/lowtech/prop/storage/canister/canister_gas_3_a.cgf
      8: objects/buildingsets/human/universal/prop/storage/box_cardboard/box_cardboard_005x005x004_red.cgf
      9: objects/buildingsets/human/universal/prop/storage/box_cardboard/box_cardboard_005x005x004_a.cgf
     10: objects/buildingsets/human/lowtech/prop/food/food_carafi_tray_1_a.cgf
     11: objects/buildingsets/human/lowtech/prop/kiosk/shelf/kiosk_shelf_02x003x004_a.cgf
     12: objects/buildingsets/human/universal/prop/dressing/cup/cup_disposable_stack.cgf
     13: objects/buildingsets/human/universal/prop/dressing/cup/cup_coffee_1_lid_a.cgf
     14: objects/buildingsets/human/universal/prop/dressing/cup/cup_disposable_1_d.cgf
     15: objects/buildingsets/human/lowtech/prop/storage/canister/canister_liquid_1_a.cgf
     16: objects/buildingsets/human/lowtech/prop/utilitarian/improvised/improvised_plastic_crate_a.cgf
     17: objects/buildingsets/human/universal/prop/dressing/bottle/bottle_alcohol_02_dolan_a.cgf
     18: objects/buildingsets/human/lowtech/prop/utility/waste/waste_trashcan_3_a.cgf
     19: objects/buildingsets/human/colonialism/props/dressing/sacks/sack_opened_1_a.cgf
     20: objects/buildingsets/human/lowtech/prop/appliance/machine/machine_coffee_1_a/machine_coffee_1_a.cgf
     21: objects/buildingsets/human/universal/prop/dressing/can/can_drink_2_e.cgf
     22: objects/buildingsets/human/universal/prop/dressing/can/can_drink_2_f.cgf
     23: objects/buildingsets/human/universal/prop/dressing/linen/linen_towel_1_a.cgf
     24: objects/buildingsets/human/universal/prop/dressing/can/can_drink_2_shop_3x5_e.cgf
     25: objects/buildingsets/human/universal/prop/dressing/can/can_drink_2_shop_1x5_e.cgf
     26: objects/buildingsets/human/universal/prop/dressing/can/can_drink_2_shop_3x5_f.cgf
     27: objects/buildingsets/human/universal/prop/dressing/can/can_drink_2_shop_1x5_f.cgf
     28: objects/buildingsets/human/colonialism/props/dressing/basket/basket_woven_1_small_a.cgf
     29: objects/buildingsets/human/universal/prop/storage/box_cardboard/box_cardboard_open_005x005x004_red.cgf
     30: objects/buildingsets/human/lowtech/prop/utilitarian/improvised/improvised_light_1_a.cgf
     31: objects/buildingsets/human/common/light/work/industrial/set_c/common_light_work_industrial_set_c_ceiling_c.cgf
     32: objects/buildingsets/human/universal/prop/dressing/can/can_drink_2_9_e_opened.cgf
     33: objects/buildingsets/human/lowtech/prop/kiosk/beam/kiosk_beam_001x001x01_a.cgf
     34: objects/buildingsets/human/lowtech/prop/kiosk/panel/kiosk_panel_grid_02x001x005_a.cgf
     35: objects/buildingsets/human/universal/prop/dressing/literature/literature_book_3_h.cgf
     36: objects/buildingsets/human/lowtech/delta/int/common/prop/panel/lt_delta_panel_01x04m_a.cgf
     37: objects/buildingsets/human/lowtech/prop/kiosk/beam/kiosk_beam_001x001x02_a.cgf
     38: objects/buildingsets/human/lowtech/prop/furniture/stool/stool_bar/stool_bar_1_b.cgf
     39: objects/buildingsets/human/universal/prop/dressing/food/food_biscuit_1_jar_a.cgf
     40: objects/buildingsets/human/universal/prop/dressing/literature/literature_book_3_bundle_a.cgf
     41: objects/buildingsets/human/lowtech/delta/int/common/prop/panel/lt_delta_panel_01x02m_a.cgf
     42: objects/buildingsets/human/utilitarian/prop/texture/decal/improvised_sign_nyx_market_017.cgf
     43: objects/buildingsets/human/colonialism/props/dressing/rug/rug_heavy_1_c.cgf
     44: objects/buildingsets/human/colonialism/props/furniture/furniture_pillow_1_d.cgf
     45: objects/buildingsets/human/colonialism/props/furniture/furniture_pot_1_c.cgf
     46: data/objects/props/flair/rooster/rooster_wooden_1_a.cgf
     47: objects/buildingsets/human/universal/prop/dressing/food/food_biscuit_1_jar_b.cgf
     48: objects/buildingsets/human/utilitarian/prop/texture/decal/improvised_sign_nyx_market_031.cgf
     49: objects/buildingsets/human/utilitarian/prop/texture/decal/improvised_sign_nyx_market_030.cgf
     50: objects/planets/flora/bush/corylus_02/corylus_02_g.cgf
     51: objects/buildingsets/human/universal/prop/dressing/literature/literature_book_3_bundle_b.cgf
     52: objects/buildingsets/human/universal/prop/dressing/linen/linen_towel_1_f.cgf

[Materials]
      0: materials/pu/decal/graffiti/graffiti_buff_004_c
      1: objects/buildingsets/human/colonialism/props/dressing/basket/basket_woven_1_coffee

[Palettes]
      0: Libs/Foundry/Records/TintPalettes/default<222>
      1: Libs/Foundry/Records/TintPalettes/default
      2: Libs/Foundry/Records/TintPalettes/Generic/gen_grey_darkgrey_red_a<332>
      3: Libs/Foundry/Records/TintPalettes/Generic/gen_green_orange_grey<332>
      4: Libs/Foundry/Records/TintPalettes/Generic/gen_darkgrey_white_orange_a
      5: Libs/Foundry/Records/TintPalettes/Brand/Levski/levski_default
      6: Libs/Foundry/Records/TintPalettes/Generic/gen_glossy_lightgrey_darkgrey_red_b<333>
      7: Libs/Foundry/Records/TintPalettes/Generic/gen_darkgrey_yellow_orange_a<333>
      8: Libs/Foundry/Records/TintPalettes/Generic/gen_faded_blue_red_grey_a<222>
      9: Libs/Foundry/Records/TintPalettes/Generic/gen_grey_orange_rust<222>
     10: Libs/Foundry/Records/TintPalettes/Generic/gen_red_orange_lightorange<122>
     11: Libs/Foundry/Records/TintPalettes/Generic/gen_grey_darkgrey_lightteal_a

[Placements]
  #0 objects/buildingsets/human/lowtech/prop/drink/bottle/bottle_alcohol_rust_1_tray_a.cgf
    [-0.79484837109883621, 0.083541885917273226, 0, -2.1554190000000517]
    [-0.083541885917273226, -0.79484837109883621, 0, -0.020197]
    [0, 0, 0.7992266135090148, 0.84375]
  #1 objects/buildingsets/human/universal/prop/utility/waste/trash_bag_standing_1_b.cgf
    [-0.70477021684139496, -0.25651341944551637, 0, 1.5082929999999806]
    [0.25651341944551637, -0.70477021684139496, 0, -0.089777999999999997]
    [0, 0, 0.7500001286015211, 0.34742700000003879]
  #2 objects/buildingsets/human/universal/prop/salvage/salvage_shelf_1_b.cgf
    [-0.98480858431016194, -0.17364866315185978, 0, -2.7750200000000405]
    [0.17364866315185978, -0.98480858431016194, 0, 0.125747]
    [0, 0, 1.0000009029722994, -0.010771999999974469]
  #3 objects/buildingsets/human/lowtech/bravo/int/prop/light/light_b.cgf
    [-0.099513895396082561, -0.99503661708116931, 0, -1.9174739999999701]
    [0.99503661708116931, -0.099513895396082561, 0, 0.041877000000000004]
    [0, 0, 1.0000004423545223, 1.112777000000051]
  #4 objects/buildingsets/human/universal/prop/crates/crate_basket_1_a.cgf
    [1.6798736864807664, 0.26606891162238927, 0, -1.517202999999995]
    [-0.26606891162238927, 1.6798736864807664, -0, -0.13109800000000002]
    [-0, 0, 1.7008140016657913, 0.74991899999997713]
  #5 objects/buildingsets/human/universal/prop/salvage/salvage_shelf_1_b.cgf
    [-0.98480858431016194, -0.17364866315185978, 0, -1.5440109999999549]
    [0.17364866315185978, -0.98480858431016194, 0, -0.091312999999999991]
    [0, 0, 1.0000009029722994, -0.010771999999974469]
  #6 objects/buildingsets/human/universal/prop/dressing/literature/literature_newspaper_1_open_a.cgf
    [0.20791016811720922, 0.97814834103700621, 0, -1.5050240000000485]
    [-0.97814834103700621, 0.20791016811720922, -0, 0.157912]
    [-0, 0, 1.0000004075399038, 1.1227880000000141]
  #7 objects/buildingsets/human/universal/prop/dressing/can/can_drink_2_e_opened.cgf
    [0.94431301184237426, 0.29632786749560724, 0.14305094224091652, 1.4280140000000188]
    [0.15095160156936213, -0.0038296033646342716, -0.98853416207384492, 0.048471]
    [-0.29238226880943508, 0.95507903890144086, -0.048347490134151169, 0.79301999999995587]
  #8 objects/buildingsets/human/lowtech/prop/storage/canister/canister_gas_3_a.cgf
    [1.0161848661692557E-06, -0.25881917415324285, 0.96592601701608738, -0.15932599999996455]
    [9.2965887569757837E-08, 0.96592601701660663, 0.25881917415328415, 0.113195]
    [-1.0000002176289366, -1.7320992060438199E-07, 1.0056205357599226E-06, 0.13219000000003689]
  #9 objects/buildingsets/human/universal/prop/storage/box_cardboard/box_cardboard_005x005x004_red.cgf
    [0.11732598713744287, -0.74076622784702473, 0, -2.1929599999999709]
    [0.74076622784702473, 0.11732598713744287, 0, 0.0098099999999999993]
    [0, 0, 0.74999999438432374, 0.36708499999997457]
  #10 objects/buildingsets/human/universal/prop/salvage/salvage_shelf_1_b.cgf
    [-0.98480858431016194, -0.17364866315185978, 0, -2.1595150000000558]
    [0.17364866315185978, -0.98480858431016194, 0, 0.017217]
    [0, 0, 1.0000009029722994, -0.011532999999985805]
  #11 objects/buildingsets/human/universal/prop/storage/box_cardboard/box_cardboard_005x005x004_a.cgf
    [0.080907928963532202, -0.76979445812354108, 0, -2.9017529999999851]
    [0.76979445812354108, 0.080907928963532202, 0, 0.108804]
    [0, 0, 0.77403462501808284, 0.7500479999999925]
  #12 objects/buildingsets/human/lowtech/prop/food/food_carafi_tray_1_a.cgf
    [-0.99619013581712657, 0.087154628006690466, 0, 0.75452000000001362]
    [-0.087154628006690466, -0.99619013581712657, 0, 0.096850000000000006]
    [0, 0, 0.9999953579303904, 1.0053719999999657]
  #13 objects/buildingsets/human/lowtech/prop/kiosk/shelf/kiosk_shelf_02x003x004_a.cgf
    [-0.97319089875862408, -0.17159818204651128, 0, -2.189057000000048]
    [0.17159818204651128, -0.97319089875862408, 0, -0.166324]
    [0, 0, 0.98820365386305187, 0.74034800000003997]
  #14 objects/buildingsets/human/lowtech/prop/food/food_carafi_tray_1_a.cgf
    [-0.99862356499330651, -0.052337801998899612, 0, 0.2267959999999789]
    [0.052337801998899612, -0.99862356499330651, 0, 0.082785999999999998]
    [0, 0, 0.99999413502180934, 1.0053719999999657]
  #15 objects/buildingsets/human/universal/prop/dressing/cup/cup_disposable_stack.cgf
    [0.25882002723089614, 0.96592581878434502, 0, -2.1640790000000152]
    [-0.96592581878434502, 0.25882002723089614, -0, 0.031219]
    [-0, 0, 1.0000002469449742, 1.2246830000000273]
  #16 objects/buildingsets/human/universal/prop/dressing/cup/cup_coffee_1_lid_a.cgf
    [0.99026820100364421, 0.13917215376862146, 0, -0.60117200000001958]
    [-0.13917215376862146, 0.99026820100364421, -0, 0.043489]
    [-0, 0, 0.99999999915179538, 1.0452549999999974]
  #17 objects/buildingsets/human/lowtech/prop/drink/bottle/bottle_alcohol_rust_1_tray_a.cgf
    [0.79922401905059814, 0, 0, -2.1554190000000517]
    [0, 0.79922401905059814, 0, -0.020197]
    [0, 0, 0.79922401905059814, 0.75]
  #18 objects/buildingsets/human/universal/prop/dressing/cup/cup_disposable_1_d.cgf
    [0.25882002723089614, 0.96592581878434502, 0, -0.67342199999995955]
    [-0.96592581878434502, 0.25882002723089614, -0, 0.01728]
    [-0, 0, 1.0000002469449742, 1.0183120000000372]
  #19 objects/buildingsets/human/lowtech/prop/storage/canister/canister_liquid_1_a.cgf
    [-0.14858296116582528, 0.039812610628931815, -0.8723830512587698, -2.5312460000000101]
    [-0.84265708437676023, 0.22579022625718537, 0.15382438140244256, 0.082763000000000003]
    [0.22927335265640841, 0.85565639026369433, -2.2806080370533142E-07, 0.53001700000004348]
  #20 objects/buildingsets/human/lowtech/prop/utilitarian/improvised/improvised_plastic_crate_a.cgf
    [-0.56261961555854567, -0.059133673096459775, 0, -2.8170890000000099]
    [0.059133673096459775, -0.56261961555854567, 0, 0.119311]
    [0, 0, 0.56571867841279977, -0.0045630000000187465]
  #21 objects/buildingsets/human/universal/prop/dressing/bottle/bottle_alcohol_02_dolan_a.cgf
    [-0.99254665599862579, -0.12186826696639036, 0, -2.626117000000022]
    [0.12186826696639036, -0.99254665599862579, 0, -0.040175999999999996]
    [0, 0, 1.000000369413655, 0.74114799999995284]
  #22 objects/buildingsets/human/lowtech/prop/utility/waste/waste_trashcan_3_a.cgf
    [0.81021872825512042, 0.5062801195258807, 0, 1.4548070000000166]
    [-0.5062801195258807, 0.81021872825512042, -0, -0.12972700000000001]
    [-0, 0, 0.95539203840229103, 3.9999999899009708E-06]
  #23 objects/buildingsets/human/universal/prop/dressing/cup/cup_coffee_1_lid_a.cgf
    [0.069754655330556511, -0.99756409184201988, 0, -0.60060499999997319]
    [0.99756409184201988, 0.069754655330556511, 0, 0.045581000000000003]
    [0, 0, 0.99999991463643567, 1.0243150000000014]
  #24 objects/buildingsets/human/universal/prop/dressing/cup/cup_disposable_1_d.cgf
    [0.25882002723089614, 0.96592581878434502, 0, -2.0632020000000466]
    [-0.96592581878434502, 0.25882002723089614, -0, 0.016347]
    [-0, 0, 1.0000002469449742, 1.1233310000000074]
  #25 objects/buildingsets/human/colonialism/props/dressing/sacks/sack_opened_1_a.cgf
    [-0.78801194652027007, -0.61566118763539623, 0, -1.5116440000000466]
    [0.61566118763539623, -0.78801194652027007, 0, -0.34513100000000002]
    [0, 0, 1.0000007629093546, 0.0018370000000231812]
  #26 objects/buildingsets/human/lowtech/prop/appliance/machine/machine_coffee_1_a/machine_coffee_1_a.cgf
    [-0.99984681939897113, -0.017451317330140641, 0, -2.6627190000000382]
    [0.017451317330140641, -0.99984681939897113, 0, 0.11430700000000001]
    [0, 0, 0.99999910536899783, 1.1165760000000091]
  #27 objects/buildingsets/human/universal/prop/dressing/can/can_drink_2_e.cgf
    [-0.62931603692021887, 0.77714857182754093, 0, -1.4313640000000305]
    [-0.77714857182754093, -0.62931603692021887, 0, -0.45138899999999998]
    [0, 0, 0.9999992885090252, 0.86845100000005004]
  #28 objects/buildingsets/human/universal/prop/dressing/can/can_drink_2_f.cgf
    [-0.19826887979352079, -0.16636605189862061, 0.96592533162096683, 1.065226999999993]
    [-0.73994243290926032, -0.62088400063768268, -0.25882081044316702, -0.85053699999999999]
    [0.64278659403548088, -0.76604526805783379, 6.74092793591005E-07, 0.45949499999994714]
  #29 objects/buildingsets/human/universal/prop/dressing/cup/cup_coffee_1_lid_a.cgf
    [0.25882002723089614, 0.96592581878434502, 0, -0.70562299999994593]
    [-0.96592581878434502, 0.25882002723089614, -0, -0.078902]
    [-0, 0, 1.0000002469449742, 1.1506900000000542]
  #30 objects/buildingsets/human/universal/prop/dressing/linen/linen_towel_1_a.cgf
    [-0.99619405618003676, 0.087156973289884226, 0, -2.3313829999999598]
    [-0.087156973289884226, -0.99619405618003676, 0, -0.25791500000000001]
    [0, 0, 0.99999946778060211, 0.74037199999997938]
  #31 objects/buildingsets/human/universal/prop/dressing/can/can_drink_2_shop_3x5_e.cgf
    [-0.81915210675699535, 0.57357677273668306, 0, 1.1526769999999829]
    [-0.57357677273668306, -0.81915210675699535, 0, -0.76276299999999997]
    [0, 0, 1.0000002441136966, 0.55105600000001687]
  #32 objects/buildingsets/human/universal/prop/dressing/cup/cup_disposable_1_d.cgf
    [0.25882002723089614, 0.96592581878434502, 0, -0.70562299999994593]
    [-0.96592581878434502, 0.25882002723089614, -0, -0.078902]
    [-0, 0, 1.0000002469449742, 1.0183120000000372]
  #33 objects/buildingsets/human/universal/prop/dressing/can/can_drink_2_shop_1x5_e.cgf
    [-0.98768747993642925, -0.1564342959742549, 0, -1.6436899999999923]
    [0.1564342959742549, -0.98768747993642925, 0, -0.33354600000000001]
    [0, 0, 0.99999912348968367, 0.86845100000005004]
  #34 objects/buildingsets/human/universal/prop/dressing/can/can_drink_2_e_opened.cgf
    [0.34201883882588258, -0.93969335461041059, 0, -0.6057140000000345]
    [0.93969335461041059, 0.34201883882588258, 0, -0.047983999999999999]
    [0, 0, 1.0000002434053563, 1.022609999999986]
  #35 objects/buildingsets/human/universal/prop/dressing/can/can_drink_2_shop_3x5_f.cgf
    [-0.3907317514129095, -0.92050493246196075, 0, 1.2851130000000239]
    [0.92050493246196075, -0.3907317514129095, 0, -0.51939799999999992]
    [0, 0, 1.0000003161244493, 0.41976599999998143]
  #36 objects/buildingsets/human/lowtech/prop/storage/canister/canister_gas_3_a.cgf
    [0.1860397930798518, 0.87523304662710188, 0, -1.0774430000000166]
    [-0.87523304662710188, 0.1860397930798518, -0, -0.24832400000000002]
    [-0, 0, 0.89478695258555963, 0.062507999999979802]
  #37 objects/buildingsets/human/universal/prop/dressing/can/can_drink_2_shop_1x5_e.cgf
    [-0.81915210675699535, 0.57357677273668306, 0, 1.2018739999999752]
    [-0.57357677273668306, -0.81915210675699535, 0, -0.8330249999999999]
    [0, 0, 1.0000002441136966, 0.67908499999998639]
  #38 objects/buildingsets/human/universal/prop/dressing/can/can_drink_2_e.cgf
    [-0.4848125651538483, -0.87461819870689672, 0, 1.2836080000000152]
    [0.87461819870689672, -0.4848125651538483, 0, -0.67369199999999996]
    [0, 0, 1.0000001084201695, 0.67747499999995853]
  #39 objects/buildingsets/human/universal/prop/dressing/cup/cup_disposable_1_d.cgf
    [-0.51503921040911627, 0.85716663754444333, 0, -1.7630840000000489]
    [-0.85716663754444333, -0.51503921040911627, 0, -0.35090500000000002]
    [0, 0, 1.0000000163890463, 0.73824700000000121]
  #40 objects/buildingsets/human/universal/prop/dressing/can/can_drink_2_shop_1x5_f.cgf
    [-0.3907317514129095, -0.92050493246196075, 0, 1.138922999999977]
    [0.92050493246196075, -0.3907317514129095, 0, -0.58213499999999996]
    [0, 0, 1.0000003161244493, 0.41976599999998143]
  #41 objects/buildingsets/human/universal/prop/dressing/can/can_drink_2_shop_1x5_e.cgf
    [-0.81915210675699535, 0.57357677273668306, 0, 1.2445900000000165]
    [-0.57357677273668306, -0.81915210675699535, 0, -0.89402699999999991]
    [0, 0, 1.0000002441136966, 0.67908499999998639]
  #42 objects/buildingsets/human/universal/prop/dressing/can/can_drink_2_shop_3x5_f.cgf
    [-0.3907317514129095, -0.92050493246196075, 0, 1.2851130000000239]
    [0.92050493246196075, -0.3907317514129095, 0, -0.51939799999999992]
    [0, 0, 1.0000003161244493, 0.13437999999996464]
  #43 objects/buildingsets/human/universal/prop/dressing/can/can_drink_2_f.cgf
    [-0.29236897335262613, 0.95630568409398042, 0, 1.1250800000000254]
    [-0.95630568409398042, -0.29236897335262613, -0, -0.75639299999999998]
    [-0, 0, 1.0000000890048582, 0.41976599999998143]
  #44 objects/buildingsets/human/universal/prop/dressing/cup/cup_disposable_1_d.cgf
    [-0.51503921040911627, 0.85716663754444333, 0, -1.6673389999999699]
    [-0.85716663754444333, -0.51503921040911627, 0, -0.34736800000000001]
    [0, 0, 1.0000000163890463, 0.73824700000000121]
  #45 objects/buildingsets/human/universal/prop/crates/crate_basket_1_a.cgf
    [-1.8410116504257805, 0.78145873707711777, 0, 1.2865189999999984]
    [-0.78145873707711777, -1.8410116504257805, 0, -0.73677999999999999]
    [0, 0, 2.0000004136893628, 0.00055499999996300176]
  #46 objects/buildingsets/human/universal/prop/dressing/can/can_drink_2_shop_1x5_f.cgf
    [-0.3907317514129095, -0.92050493246196075, 0, 1.4265780000000063]
    [0.92050493246196075, -0.3907317514129095, 0, -0.460032]
    [0, 0, 1.0000003161244493, 0.13437999999996464]
  #47 objects/buildingsets/human/colonialism/props/dressing/basket/basket_woven_1_small_a.cgf
    [-0.84804902716638342, -0.52991862332740103, 0, -3.0408820000000105]
    [0.52991862332740103, -0.84804902716638342, 0, -0.21987100000000001]
    [0, 0, 1.0000004499134272, 0.73945600000001832]
  #48 objects/buildingsets/human/universal/prop/dressing/can/can_drink_2_shop_1x5_f.cgf
    [-0.3907317514129095, -0.92050493246196075, 0, 1.4265780000000063]
    [0.92050493246196075, -0.3907317514129095, 0, -0.460032]
    [0, 0, 1.0000003161244493, 0.41976599999998143]
  #49 objects/buildingsets/human/universal/prop/dressing/can/can_drink_2_shop_3x5_f.cgf
    [-0.3907317514129095, -0.92050493246196075, 0, 1.0644030000000271]
    [0.92050493246196075, -0.3907317514129095, 0, -0.61308299999999993]
    [0, 0, 1.0000003161244493, 0.29311199999995097]
  #50 objects/buildingsets/human/universal/prop/dressing/can/can_drink_2_e.cgf
    [-0.48480886124452882, 0.045775742036296828, 0.87342041062906706, 1.3863699999999994]
    [0.87461913554527748, 0.025373116279205007, 0.48414443806776525, -0.74236999999999997]
    [6.7326636009019569E-07, 0.99862858491780959, -0.052337496961913768, 0.84089600000004339]
  #51 objects/buildingsets/human/universal/prop/dressing/cup/cup_disposable_1_d.cgf
    [-0.51503921040911627, 0.85716663754444333, 0, -2.7355549999999766]
    [-0.85716663754444333, -0.51503921040911627, 0, -0.16352900000000001]
    [0, 0, 1.0000000163890463, 0.73696299999994608]
  #52 objects/buildingsets/human/universal/prop/storage/box_cardboard/box_cardboard_open_005x005x004_red.cgf
    [-0.61436408006774645, 0.43018257955251232, 0, 1.3448309999999992]
    [-0.43018257955251232, -0.61436408006774645, 0, -0.67136699999999994]
    [0, 0, 0.75000018308527239, 0.53395599999998922]
  #53 objects/buildingsets/human/universal/prop/dressing/can/can_drink_2_f.cgf
    [-0.92718331392145781, 0.37460661342906121, 0, 1.0990199999999959]
    [-0.37460661342906121, -0.92718331392145781, 0, -0.68509199999999992]
    [0, 0, 0.99999950621946176, 0.41976599999998143]
  #54 objects/buildingsets/human/universal/prop/dressing/can/can_drink_2_shop_3x5_f.cgf
    [-0.3907317514129095, -0.92050493246196075, 0, 1.0638509999999997]
    [0.92050493246196075, -0.3907317514129095, 0, -0.61399999999999999]
    [0, 0, 1.0000003161244493, 0.13437999999996464]
  #55 objects/buildingsets/human/universal/prop/dressing/can/can_drink_2_shop_1x5_e.cgf
    [-0.81915210675699535, 0.57357677273668306, 0, 1.2445900000000165]
    [-0.57357677273668306, -0.81915210675699535, 0, -0.89402699999999991]
    [0, 0, 1.0000002441136966, 0.55105600000001687]
  #56 objects/buildingsets/human/universal/prop/crates/crate_basket_1_a.cgf
    [-1.8410116504257805, 0.78145873707711777, 0, 1.2865189999999984]
    [-0.78145873707711777, -1.8410116504257805, 0, -0.73677999999999999]
    [0, 0, 2.0000004136893628, 0.26630399999999099]
  #57 objects/buildingsets/human/universal/prop/dressing/can/can_drink_2_shop_1x5_e.cgf
    [-0.98768747993642925, -0.1564342959742549, 0, -1.6713799999999992]
    [0.1564342959742549, -0.98768747993642925, 0, -0.41396500000000003]
    [0, 0, 0.99999912348968367, 0.74535200000002533]
  #58 objects/buildingsets/human/universal/prop/dressing/can/can_drink_2_shop_1x5_e.cgf
    [-0.98768747993642925, -0.1564342959742549, 0, -1.6436899999999923]
    [0.1564342959742549, -0.98768747993642925, 0, -0.33354600000000001]
    [0, 0, 0.99999912348968367, 0.74535200000002533]
  #59 objects/buildingsets/human/lowtech/prop/utilitarian/improvised/improvised_light_1_a.cgf
    [-6.4645757096994982E-07, 1.0098994511666981, 0, -0.99421299999994517]
    [-1.0098994511666981, -6.4645757096994982E-07, -0, 0.51236800000000005]
    [-0, 0, 1.009899451166905, 2.3119719999999688]
  #60 objects/buildingsets/human/common/light/work/industrial/set_c/common_light_work_industrial_set_c_ceiling_c.cgf
    [-2.1623516803111944E-07, -0.2965871435099634, -0.24265842867526066, 0.99271399999997811]
    [-1.6735783200346038E-07, -0.24265842867520315, 0.29658714351004212, 0.48419999999999996]
    [-0.38320627174214955, 2.7333414677733731E-07, 7.3983776326499494E-09, 2.474599000000012]
  #61 objects/buildingsets/human/lowtech/prop/utilitarian/improvised/improvised_light_1_a.cgf
    [-0.16537888008595711, 1.0066055010082733, 0, -2.9915150000000494]
    [-1.0066055010082733, -0.16537888008595711, -0, 0.84051300000000007]
    [-0, 0, 1.0201003914510585, 2.3119719999999688]
  #62 objects/buildingsets/human/common/light/work/industrial/set_c/common_light_work_industrial_set_c_ceiling_c.cgf
    [-9.6420632988088393E-08, -0.24265810657489884, 0.2965871611233068, -0.99736399999994774]
    [-6.1056568103408069E-08, 0.29658716112332212, 0.24265810657489156, 0.49844299999999997]
    [-0.38320608141011225, 1.3801070184096826E-08, -1.1328889372741186E-07, 2.474599000000012]
  #63 objects/buildingsets/human/universal/prop/dressing/can/can_drink_2_e_opened.cgf
    [0.77714591145314826, -5.5511128230593268E-17, 0.62931979440150487, 1.6094459999999913]
    [-0.62931979440144548, 4.3458360747287856E-07, 0.77714591145307477, 0.104006]
    [-2.7349217982611696E-07, -0.99999958565676816, 3.377350136416891E-07, 0.037738999999987755]
  #64 objects/buildingsets/human/universal/prop/dressing/can/can_drink_2_9_e_opened.cgf
    [0.43360200524330139, 0, 0, 0.032413000000019565]
    [0, 0.43360200524330139, 0, 0.24795399999999998]
    [0, 0, 0.43360200524330139, 1.000438000000031]
  #65 objects/buildingsets/human/lowtech/prop/kiosk/beam/kiosk_beam_001x001x01_a.cgf
    [0.18974568274301795, -1.0761073958879559, 0, -3.0708499999999503]
    [1.0761073958879559, 0.18974568274301795, 0, 0.39058300000000001]
    [0, 0, 1.0927078985732519, -0.01049399999999423]
  #66 objects/buildingsets/human/lowtech/prop/kiosk/panel/kiosk_panel_grid_02x001x005_a.cgf
    [0.9848076607059838, 0.17364874095370852, -1.818078030203492E-06, -2.1222430000000259]
    [-0.1736487409497085, 0.9848076607059838, 2.1667022570373634E-06, 0.19158599999999998]
    [2.1667022758862466E-06, -1.8180780077402544E-06, 1.0000000069076529, 0.083255000000008295]
  #67 objects/buildingsets/human/universal/prop/dressing/literature/literature_book_3_h.cgf
    [0.96067506646664969, 0.034900350086995241, -0.27546929739637149, -2.4963820000000396]
    [-0.033548351614755667, 0.99938977238050053, 0.0096199033327367817, 0.492255]
    [0.27563721872812846, -6.0425518370377134E-08, 0.96126066975964719, 1.2668489999999792]
  #68 objects/buildingsets/human/lowtech/delta/int/common/prop/panel/lt_delta_panel_01x04m_a.cgf
    [0.086935775056711073, -0.49304010058811681, 0, -2.078832000000034]
    [0.49304010058811681, 0.086935775056711073, 0, 0.43778899999999998]
    [0, 0, 0.50064595251799593, 1.0832540000000108]
  #69 objects/buildingsets/human/lowtech/prop/kiosk/beam/kiosk_beam_001x001x02_a.cgf
    [1, 0, 0, 1]
    [0, 1, 0, 0.50001700000000004]
    [0, 0, 1, 0.73300300000005336]
  #70 objects/buildingsets/human/universal/prop/dressing/can/can_drink_2_e_opened.cgf
    [0.85716717482625837, 3.8295045860495844E-07, -0.51503766316187172, 1.2311310000000049]
    [0.51503766316198085, -9.969054603710189E-07, 0.85716717482569882, 0.09679900000000001]
    [-1.8519135522694029E-07, -0.99999968003688744, -1.0517488828764151E-06, 0.037738999999987755]
  #71 objects/buildingsets/human/lowtech/prop/furniture/stool/stool_bar/stool_bar_1_b.cgf
    [-1.0309501143336375, -0.39574771805184245, 0, -1.5476280000000315]
    [0.39574771805184245, -1.0309501143336375, 0, 0.48386999999999997]
    [0, 0, 1.1042981456960708, 0]
  #72 objects/buildingsets/human/universal/prop/dressing/food/food_biscuit_1_jar_a.cgf
    [0.6946585498610045, 0.71933966989494158, 0, -2.0902320000000145]
    [-0.71933966989494158, 0.6946585498610045, -0, 0.16244399999999998]
    [-0, 0, 1.0000000307897781, 1.125]
  #73 objects/buildingsets/human/lowtech/prop/furniture/stool/stool_bar/stool_bar_1_b.cgf
    [-1.0982458515906899, -0.11543278383547355, 0, -2.3750509999999849]
    [0.11543278383547355, -1.0982458515906899, 0, 0.65931400000000007]
    [0, 0, 1.10429555741213, 0]
  #74 objects/buildingsets/human/universal/prop/dressing/cup/cup_disposable_1_d.cgf
    [-0.51503921040911627, 0.85716663754444333, 0, -2.6465640000000121]
    [-0.85716663754444333, -0.51503921040911627, 0, 0.10058500000000001]
    [0, 0, 1.0000000163890463, 0.73696299999994608]
  #75 objects/buildingsets/human/lowtech/prop/kiosk/beam/kiosk_beam_001x001x02_a.cgf
    [0.17364719961933842, -0.98480783902040214, 0, -2.994878999999969]
    [0.98480783902040214, 0.17364719961933842, 0, 0.82143600000000006]
    [0, 0, 0.99999991486583273, 0.73950600000000577]
  #76 objects/buildingsets/human/universal/prop/dressing/cup/cup_coffee_1_lid_a.cgf
    [0.5877859713284157, 0.75528222185083393, 0.28992532137876076, -2.2861480000000256]
    [-0.80901664174507149, 0.54874548056201478, 0.21064364612608005, 0.177314]
    [1.9125775564641445E-07, -0.35836774077730593, 0.93358065376331156, 1.5810739999999441]
  #77 objects/buildingsets/human/lowtech/delta/int/common/prop/panel/lt_delta_panel_01x04m_a.cgf
    [0, 0.50064599514007568, 0, 0.0058609999999816864]
    [0, 0, 0.50064599514007568, 0.47601099999999996]
    [0.50064599514007568, 0, 0, 2.4778290000000425]
  #78 objects/buildingsets/human/universal/prop/dressing/cup/cup_disposable_1_d.cgf
    [-0.51503921040911627, 0.85716663754444333, 0, -2.6465640000000121]
    [-0.85716663754444333, -0.51503921040911627, 0, 0.10058500000000001]
    [0, 0, 1.0000000163890463, 0.77860699999996541]
  #79 objects/buildingsets/human/universal/prop/crates/crate_basket_1_a.cgf
    [-1.5456085142985887, -0.10808096728797197, 0, 0.74151599999999007]
    [0.10808096728797197, -1.5456085142985887, 0, 0.31875799999999999]
    [0, 0, 1.5493828367973468, 2.2642280000000028]
  #80 objects/buildingsets/human/universal/prop/dressing/can/can_drink_2_e.cgf
    [-0.22495045995370155, -0.97437036323603787, 0, -2.375248000000056]
    [0.97437036323603787, -0.22495045995370155, 0, 0.29441800000000001]
    [0, 0, 1.0000001570930426, 1.5715840000000298]
  #81 objects/buildingsets/human/universal/prop/dressing/literature/literature_book_3_bundle_a.cgf
    [0.99938984262645547, 0.034898658928332216, 0, -2.777924999999982]
    [-0.034898658928332216, 0.99938984262645547, -0, 0.49627599999999999]
    [-0, 0, 0.99999898696945055, 1.1241509999999835]
  #82 objects/buildingsets/human/lowtech/delta/int/common/prop/panel/lt_delta_panel_01x02m_a.cgf
    [7.0140780083655927E-07, -0.49303986469569455, 0.086935981228325368, -1.6298399999999447]
    [-2.8344810950661748E-07, 0.086935981228005665, 0.49303986469616834, 0.10476300000000001]
    [-0.5006457560103752, -7.3997201076653074E-07, -1.5734407259671108E-07, 0.83325400000001082]
  #83 objects/buildingsets/human/lowtech/prop/kiosk/beam/kiosk_beam_001x001x01_a.cgf
    [0.18974568274301795, -1.0761073958879559, 0, -1.0868150000000014]
    [1.0761073958879559, 0.18974568274301795, 0, 0.48499399999999998]
    [0, 0, 1.0927078985732519, -0.01049399999999423]
  #84 objects/buildingsets/human/lowtech/prop/kiosk/beam/kiosk_beam_001x001x01_a.cgf
    [0.18974568274301795, -1.0761073958879559, 0, -2.994878999999969]
    [1.0761073958879559, 0.18974568274301795, 0, 0.82143600000000006]
    [0, 0, 1.0927078985732519, -0.01049399999999423]
  #85 objects/buildingsets/human/lowtech/prop/kiosk/beam/kiosk_beam_001x001x02_a.cgf
    [1, 0, 0, -1]
    [0, 1, 0, 0.50001700000000004]
    [0, 0, 1, 0.73300300000005336]
  #86 objects/buildingsets/human/universal/prop/dressing/can/can_drink_2_e_opened.cgf
    [0.85716717482625837, 3.8295045860495844E-07, -0.51503766316187172, -3.2187490000000025]
    [0.51503766316198085, -9.969054603710189E-07, 0.85716717482569882, 0.34935299999999997]
    [-1.8519135522694029E-07, -0.99999968003688744, -1.0517488828764151E-06, 0.037738999999987755]
  #87 objects/buildingsets/human/utilitarian/prop/texture/decal/improvised_sign_nyx_market_017.cgf
    [0.64599284999715489, 0.045172752612260732, 0, 0.063912000000016178]
    [-1.6664533952208211E-09, 2.3831113018853077E-08, 0.64757033581381318, 0.51416800000000007]
    [0.045172752612260704, -0.64599284999715456, 2.3889307537477803E-08, 2.4916889999999512]
  #88 objects/buildingsets/human/colonialism/props/dressing/rug/rug_heavy_1_c.cgf
    [-0.1060124828786672, 0.86339623498471385, 0, -0.93843300000003183]
    [-0.86339623498471385, -0.1060124828786672, -0, 1.150928]
    [-0, 0, 0.86988028205718004, -0.0013030000000071595]
  #89 objects/buildingsets/human/colonialism/props/furniture/furniture_pillow_1_d.cgf
    [-0.67723253083473833, -0.071181544847148101, 0, -2.3726820000000544]
    [0.071181544847148101, -0.67723253083473833, 0, 0.68184900000000004]
    [0, 0, 0.68096307766842357, 0.82879800000000614]
  #90 objects/buildingsets/human/lowtech/delta/int/common/prop/panel/lt_delta_panel_01x02m_a.cgf
    [7.0140780083655927E-07, -0.49303986469569455, 0.086935981228325368, -2.6146469999999908]
    [-2.8344810950661748E-07, 0.086935981228005665, 0.49303986469616834, 0.27841099999999996]
    [-0.5006457560103752, -7.3997201076653074E-07, -1.5734407259671108E-07, 0.83325400000001082]
  #91 objects/buildingsets/human/colonialism/props/furniture/furniture_pot_1_c.cgf
    [0.94574159161245785, -0.23068722685884546, 0, -2.9088030000000344]
    [0.23068722685884546, 0.94574159161245785, 0, 0.73615300000000006]
    [0, 0, 0.97346995574670381, 1.1185840000000553]
  #92 objects/buildingsets/human/lowtech/delta/int/common/prop/panel/lt_delta_panel_01x04m_a.cgf
    [3.2939851858365975E-07, 0.49448187700439167, 0.078318189083323539, -1.9952200000000175]
    [-3.2534308061495707E-07, -0.07831818908311243, 0.49448187700442781, 0.63339500000000004]
    [0.50064564856490235, -3.7623792226145183E-07, 2.6980832086277595E-07, 2.4778290000000425]
  #93 data/objects/props/flair/rooster/rooster_wooden_1_a.cgf
    [-1.0888929265747151, -1.2244861152525179, 0, -2.7621420000000398]
    [1.2244861152525179, -1.0888929265747151, 0, 0.67996000000000001]
    [0, 0, 1.6386134541101049, 1.1115660000000389]
  #94 objects/buildingsets/human/universal/prop/dressing/can/can_drink_2_e.cgf
    [0.52992044881298983, -0.84804734021539019, 0, -2.2939949999999953]
    [0.84804734021539019, 0.52992044881298983, 0, 0.27081299999999997]
    [0, 0, 0.99999998665827916, 1.5715840000000298]
  #95 objects/buildingsets/human/universal/prop/dressing/cup/cup_disposable_1_d.cgf
    [-0.49999868821687127, 0.86602529559026242, 0, -1.3069160000000011]
    [-0.86602529559026242, -0.49999868821687127, -0, 0.301066]
    [-0, 0, 0.99999925041011561, 1.1233049999999594]
  #96 objects/buildingsets/human/universal/prop/dressing/food/food_biscuit_1_jar_b.cgf
    [-0.50000201287575563, 0.8660242326203953, 0, -2.9215070000000196]
    [-0.8660242326203953, -0.50000201287575563, 0, 0.27077000000000001]
    [0, 0, 0.99999999218277591, 1.558373999999958]
  #97 objects/buildingsets/human/utilitarian/prop/texture/decal/improvised_sign_nyx_market_031.cgf
    [1.0974161151372379, 0.076739767748451107, -7.633449152161205E-18, -0.78530299999999897]
    [-2.8309868601337055E-09, 4.0484493261040005E-08, 1.1000959602311939, 0.51416800000000007]
    [0.076739767748451065, -1.0974161151372375, 4.058335473084481E-08, 2.3829899999999498]
  #98 objects/buildingsets/human/utilitarian/prop/texture/decal/improvised_sign_nyx_market_030.cgf
    [1.0462530943810713, -0.33994859710284331, 0, 0.7893179999999802]
    [1.2238695917913114E-07, 3.7666793101672801E-07, 1.1000957168237686, 0.51416800000000007]
    [-0.33994859710282127, -1.0462530943810038, 3.9605214054597302E-07, 2.4588979999999765]
  #99 objects/buildingsets/human/universal/prop/dressing/cup/cup_coffee_1_lid_a.cgf
    [0.58778610363794903, 0.80901651728189239, 0, -2.3122489999999516]
    [-0.80901651728189239, 0.58778610363794903, -0, 0.16499599999999998]
    [-0, 0, 1.0000001144323956, 1.5721559999999499]
  #100 objects/buildingsets/human/lowtech/prop/kiosk/shelf/kiosk_shelf_02x003x004_a.cgf
    [-1, 0, 0, 0.0058609999999816864]
    [0, -1, 0, 0.49274099999999998]
    [0, 0, 1, 2.2642530000000534]
  #101 objects/buildingsets/human/lowtech/prop/kiosk/beam/kiosk_beam_001x001x01_a.cgf
    [0.18974568274301795, -1.0761073958879559, 0, -1.1627859999999828]
    [1.0761073958879559, 0.18974568274301795, 0, 0.054141000000000002]
    [0, 0, 1.0927078985732519, -0.01049399999999423]
  #102 objects/buildingsets/human/colonialism/props/furniture/furniture_pillow_1_d.cgf
    [-0.62682920738272074, -0.26607521965411624, 0, -1.5478170000000091]
    [0.26607521965411624, -0.62682920738272074, 0, 0.49770700000000001]
    [0, 0, 0.6809631985225314, 0.82879800000000614]
  #103 objects/buildingsets/human/universal/prop/dressing/cup/cup_coffee_1_lid_a.cgf
    [-0.49999868821687127, 0.86602529559026242, 0, -1.3069160000000011]
    [-0.86602529559026242, -0.49999868821687127, -0, 0.301066]
    [-0, 0, 0.99999925041011561, 1.2486679999999524]
  #104 objects/planets/flora/bush/corylus_02/corylus_02_g.cgf
    [-0.4022342423697613, -0.97342245667879712, 0, -2.912529999999947]
    [0.97342245667879712, -0.4022342423697613, 0, 0.76162300000000005]
    [0, 0, 1.0532538463738743, 1.3290799999999763]
  #105 objects/buildingsets/human/universal/prop/dressing/literature/literature_book_3_bundle_b.cgf
    [0.99938984262645547, 0.034898658928332216, 0, -2.6115310000000136]
    [-0.034898658928332216, 0.99938984262645547, -0, 0.49627599999999999]
    [-0, 0, 0.99999898696945055, 1.1241509999999835]
  #106 objects/buildingsets/human/universal/prop/dressing/linen/linen_towel_1_f.cgf
    [1.1479170322418213, 0, 0, -0.33103200000005018]
    [0, 1.1479170322418213, 0, 0.56072600000000006]
    [0, 0, 1.1479170322418213, 0.83147099999996499]
  #107 objects/buildingsets/human/universal/prop/dressing/can/can_drink_2_e.cgf
    [0.52992044881298983, -0.84804734021539019, 0, -2.1430880000000343]
    [0.84804734021539019, 0.52992044881298983, 0, 0.29396699999999998]
    [0, 0, 0.99999998665827916, 1.1265540000000556]
