# IncludedObjects
# Cgfs: 32, Materials: 5, Palettes: 5, Placements: 170

[CGFs]
      0: data/objects/space/3d/asteroid/angular_smooth_01/angular_smooth_01_00900_cluster_01.cgf
      1: data/objects/space/3d/asteroid/angular_smooth_01/angular_smooth_01_02200_column_01.cgf
      2: data/objects/buildingsets/human/station/utilitarian/addon/antennas/addon_antenna_lge_003_a.cgf
      3: objects/space/3d/asteroid/angular_smooth_01/angular_smooth_01_01300_cluster_01.cgf
      4: data/objects/space/3d/asteroid/angular_smooth_01/angular_smooth_01_01700_01.cgf
      5: data/objects/space/3d/asteroid/angular_smooth_01/angular_smooth_01_03500_cluster_01.cgf
      6: data/objects/space/3d/asteroid/angular_smooth_01/angular_smooth_01_03900_column_01.cgf
      7: objects/buildingsets/human/station/utilitarian/util_001/001_armsml_spine_008_b.cgf
      8: objects/buildingsets/human/station/utilitarian/addon/addon_light_sml_003_a.cgf
      9: objects/buildingsets/human/station/utilitarian/util_001/001_armlge_spine_001_a.cgf
     10: data/objects/buildingsets/human/station/utilitarian/util_001/001_armsml_spine_007_a.cgf
     11: objects/buildingsets/human/station/utilitarian/util_001/001_armlge_platform_004_a.cgf
     12: data/objects/buildingsets/human/station/utilitarian/util_001/001_armsml_spine_008_a.cgf
     13: data/objects/space/3d/asteroid/angular_smooth_01/angular_smooth_01_01000_01.cgf
     14: objects/buildingsets/human/station/utilitarian/util_001/001_armsml_spine_004_a_dmg_a.cgf
     15: objects/buildingsets/human/station/utilitarian/addon/antennas/addon_antenna_lge_003_a.cgf
     16: objects/buildingsets/human/station/utilitarian/util_001/001_armsml_hangar_xl_a_dmg_a.cgf
     17: objects/buildingsets/human/station/utilitarian/util_001/001_armsml_junction_001_a.cgf
     18: data/objects/buildingsets/human/station/utilitarian/util_001/001_armlge_cap_002_b.cgf
     19: data/objects/space/3d/asteroid/angular_smooth_01/angular_smooth_01_01700_column_01.cgf
     20: data/objects/buildingsets/human/station/utilitarian/util_001/001_armsml_hangar_xl_a_addon_b.cgf
     21: objects/buildingsets/human/station/utilitarian/util_001/001_armsml_component_003_a.cgf
     22: objects/buildingsets/human/station/utilitarian/util_001/001_armlge_cap_002_a.cgf
     23: objects/buildingsets/human/station/utilitarian/addon/addon_ref_lrg_tank_a.cgf
     24: objects/buildingsets/human/station/utilitarian/util_001/001_tower_head_001_a.cgf
     25: data/objects/space/3d/asteroid/angular_smooth_01/angular_smooth_01_03400_01.cgf
     26: data/objects/buildingsets/human/station/utilitarian/util_001/001_armlge_cap_002_a.cgf
     27: objects/buildingsets/human/station/utilitarian/util_001/001_armsml_spine_007_a.cgf
     28: objects/buildingsets/human/station/utilitarian/util_001/001_core_sml_001_b.cgf
     29: data/objects/space/3d/asteroid/angular_smooth_01/angular_smooth_01_01200_surface_01.cgf
     30: data/objects/space/3d/asteroid/angular_smooth_01/angular_smooth_01_01400_01.cgf
     31: data/objects/buildingsets/human/station/utilitarian/addon/antennas/addon_antenna_lge_002_a.cgf

[Materials]
      0: objects/buildingsets/human/station/utilitarian/station_util_a
      1: materials/decals/manmade_marking/truckstop_arrow_marking_a
      2: materials/decals/manmade_marking/number_06_a
      3: materials/decals/manmade_marking/number_01_a
      4: materials/decals/manmade_marking/number_03_a

[Palettes]
      0: Libs/Foundry/Records/TintPalettes/default
      1: Libs/Foundry/Records/TintPalettes/Generic/gen_yellow_grey_black<321>
      2: Libs/Foundry/Records/TintPalettes/Generic/gen_darkgrey_grey_yellow<222>
      3: Libs/Foundry/Records/TintPalettes/Generic/gen_darkblue_grey_lightblue_a
      4: Libs/Foundry/Records/TintPalettes/Brand/Levski/levski_lightgreen

[Placements]
  #0 data/objects/space/3d/asteroid/angular_smooth_01/angular_smooth_01_00900_cluster_01.cgf
    [1.11892677600388857, -0.24421014298737026, -0.56549347112720116, -1261.23690099999998893]
    [0.54713953346650901, -0.14459517600860675, 1.14505421525661810, -3881.11772199999995792]
    [-0.28294838883346451, -1.24534020693984937, -0.02205828913171553, 8319.14254299999993236]
  #1 data/objects/space/3d/asteroid/angular_smooth_01/angular_smooth_01_00900_cluster_01.cgf
    [0.05178016424142372, -1.22271762251014415, -0.36564760967139737, 5855.86419500000010885]
    [0.24839405262511119, -0.34929450570206388, 1.20320882941032292, 3639.57757499999979700]
    [-1.25181346592682874, -0.11988623004176176, 0.22362487034041878, 5505.20506899999963935]
  #2 data/objects/space/3d/asteroid/angular_smooth_01/angular_smooth_01_02200_column_01.cgf
    [-0.00000161058635747, -0.70710724741393072, 0.70710561722056886, 3432.00000000000000000]
    [0.51503797800960194, 0.60610715987704711, 0.60610973033464977, 1392.00000000000000000]
    [-0.85716678333797336, 0.36418740320507398, 0.36418629043603234, 2368.00000000000000000]
  #3 data/objects/space/3d/asteroid/angular_smooth_01/angular_smooth_01_00900_cluster_01.cgf
    [-0.96421687347735108, -0.10714783901960596, 0.83079526633253242, 2394.03956400000015492]
    [-0.35014974255659570, 1.20235263099679979, -0.25131438794501421, 2382.13236599999981991]
    [-0.76098396287613346, -0.41747227979119278, -0.93703570738624065, -4643.88680899999963003]
  #4 data/objects/space/3d/asteroid/angular_smooth_01/angular_smooth_01_02200_column_01.cgf
    [-0.03585454197891430, -0.24612336565235243, -0.96857486760691902, 5040.00000000000000000]
    [-0.68012921520897873, 0.71612735019747009, -0.15679732899092697, 136.00000000000000000]
    [0.73221461054735926, 0.65313432051870357, -0.19307215470354669, 1640.00000000000000000]
  #5 data/objects/buildingsets/human/station/utilitarian/addon/antennas/addon_antenna_lge_003_a.cgf
    [-1.00000085349466716, 0.00000000000000000, 0.00000000000000000, -3343.99999799999977768]
    [0.00000000000000000, 0.00000064012127265, 1.00000085349446199, -0.00000100000000000]
    [0.00000000000000000, 1.00000085349446199, -0.00000064012127299, 463.99997200000001385]
  #6 data/objects/buildingsets/human/station/utilitarian/addon/antennas/addon_antenna_lge_003_a.cgf
    [-0.01234116300847349, 0.70699962359799451, -0.70710624811700440, 1712.00000000000000000]
    [0.01234086094993505, -0.70699854969947495, -0.70710732712373126, -408.00000000000000000]
    [-0.99984769692429987, -0.01745282651455715, 0.00000020030211450, -3128.00000000000000000]
  #7 objects/space/3d/asteroid/angular_smooth_01/angular_smooth_01_01300_cluster_01.cgf
    [-0.16665193983017038, -1.16916956159180141, 0.48650575546122354, -2758.71429699999998775]
    [-1.24470090897010022, 0.24158098975722406, 0.15419615914719137, -3731.59072199999991426]
    [-0.23316294958390613, -0.45398165660517015, -1.17087739635974608, 6739.70876200000020617]
  #8 objects/space/3d/asteroid/angular_smooth_01/angular_smooth_01_01300_cluster_01.cgf
    [-0.52304390719602667, 0.12568171636163533, 1.15846805566580580, 3805.20208800000000338]
    [-1.15349801128567186, 0.12416340198327508, -0.53427038683474182, 5616.64084499999989930]
    [-0.16518616099940051, -1.26499273296763937, 0.06265761273737680, -8169.16147400000045309]
  #9 data/objects/space/3d/asteroid/angular_smooth_01/angular_smooth_01_02200_column_01.cgf
    [-0.68352253009777741, -0.58065242740292011, 0.44231246566276367, 2408.00000000000000000]
    [-0.52007025594348621, 0.81260164185737527, 0.26307053885682202, -2368.00000000000000000]
    [-0.51217622710591870, -0.05021890164707549, -0.85741132613568360, -3008.00000000000000000]
  #10 objects/space/3d/asteroid/angular_smooth_01/angular_smooth_01_01300_cluster_01.cgf
    [-0.78778521840613958, -0.89996729212077542, -0.44818559094109789, 4601.71079100000042672]
    [-0.39745680077650708, -0.24422732787430287, 1.18903242385963259, -768.96208300000000690]
    [-0.92349311980703264, 0.87282809681277318, -0.12941627500781056, 2333.44674600000007558]
  #11 objects/space/3d/asteroid/angular_smooth_01/angular_smooth_01_01300_cluster_01.cgf
    [-0.62332809558041946, 0.04429186698447129, -1.11396651188440821, -157.32597300000000473]
    [-0.73315052473837228, -0.97775268632161938, 0.37136379237548800, -4705.82019800000034593]
    [-0.83986514819745617, 0.82064547079155015, 0.50258195146003559, 10423.87651200000073004]
  #12 data/objects/space/3d/asteroid/angular_smooth_01/angular_smooth_01_00900_cluster_01.cgf
    [0.56549388862592631, -0.24420900129450293, 1.11892761156681186, -2282.81489099999998871]
    [-1.14505475648577870, -0.14459644203979924, 0.54713969688907205, 964.67161899999996422]
    [0.02205993855754391, -1.24534100026832539, -0.28294792184192658, 4045.38871299999982512]
  #13 objects/space/3d/asteroid/angular_smooth_01/angular_smooth_01_01300_cluster_01.cgf
    [-0.52304390719602667, 0.12568171636163533, 1.15846805566580580, 10060.69112400000085472]
    [-1.15349801128567186, 0.12416340198327508, -0.53427038683474182, 3731.81212099999993370]
    [-0.16518616099940051, -1.26499273296763937, 0.06265761273737680, 4844.73702500000035798]
  #14 data/objects/space/3d/asteroid/angular_smooth_01/angular_smooth_01_00900_cluster_01.cgf
    [-0.78520722125702269, 0.81741968347811511, -0.58880962359353217, 500.64604200000002265]
    [0.98033062246708580, 0.79192142673601251, -0.20792887393935633, -2128.66104700000005323]
    [0.23199910005669200, -0.57974788229620189, -1.11422210650926679, -12451.33568799999920884]
  #15 data/objects/space/3d/asteroid/angular_smooth_01/angular_smooth_01_01700_01.cgf
    [-0.68352253009777741, -0.58065242740292011, 0.44231246566276367, -120.00000000000000000]
    [-0.52007025594348621, 0.81260164185737527, 0.26307053885682202, -5064.00000000000000000]
    [-0.51217622710591870, -0.05021890164707549, -0.85741132613568360, 6440.00000000000000000]
  #16 data/objects/space/3d/asteroid/angular_smooth_01/angular_smooth_01_00900_cluster_01.cgf
    [-0.25853637099319438, 1.22289985991178907, -0.26285619884479511, -7588.87878799999998591]
    [1.17556443068643479, 0.14585049421644583, -0.47769698179016756, -3242.82502800000020216]
    [-0.42734730366329260, -0.33861788159263484, -1.15504576363327183, -6557.75247599999966042]
  #17 data/objects/space/3d/asteroid/angular_smooth_01/angular_smooth_01_03500_cluster_01.cgf
    [0.84548656928962784, 0.44609334246683802, 0.29351834120525139, 784.00000000000000000]
    [-0.52006982972575899, 0.81260156697823382, 0.26307012604969376, -4312.00000000000000000]
    [-0.12115964272866596, -0.37507232478222940, 0.91904347983247159, 5016.00000000000000000]
  #18 objects/space/3d/asteroid/angular_smooth_01/angular_smooth_01_01300_cluster_01.cgf
    [0.34676229944579468, -1.22850180124561881, 0.04424060461563555, -3930.76196299999992334]
    [1.16904355867734999, 0.31533720701034051, -0.40659267438966074, 447.16193299999997635]
    [0.38014610964139045, 0.15087666913280415, 1.21001783669222318, -6671.08509899999990012]
  #19 data/objects/space/3d/asteroid/angular_smooth_01/angular_smooth_01_03500_cluster_01.cgf
    [-0.88088826766978778, 0.41778877138897985, -0.22246278097884903, 6352.06392500000038126]
    [-0.28997363124841996, -0.10486540930817240, 0.95127273988539729, -6228.90271500000017113]
    [0.37410217802114160, 0.90247275580471242, 0.21352229852622340, 175.72472500000000650]
  #20 data/objects/space/3d/asteroid/angular_smooth_01/angular_smooth_01_03500_cluster_01.cgf
    [1.00000000000000000, 0.00000000000000000, 0.00000000000000000, 3416.00000000000000000]
    [0.00000000000000000, 1.00000000000000000, 0.00000000000000000, 224.00000000000000000]
    [0.00000000000000000, 0.00000000000000000, 1.00000000000000000, -2360.00000000000000000]
  #21 data/objects/space/3d/asteroid/angular_smooth_01/angular_smooth_01_01700_01.cgf
    [0.96952604784057295, 0.19572524679634720, -0.14734355584052625, 3160.00000000000000000]
    [0.14200950784175775, -0.93907525589257734, -0.31300194340517273, 352.00000000000000000]
    [-0.19962914457504205, 0.28253945681865783, -0.93825311782025933, 1424.00000000000000000]
  #22 data/objects/space/3d/asteroid/angular_smooth_01/angular_smooth_01_00900_cluster_01.cgf
    [-0.66101257922907586, -0.97644114848165087, 0.49095826355536165, 676.00751400000001468]
    [-0.82681123535033163, 0.82200241517882333, 0.52164180568583285, -4292.11200800000005984]
    [-0.71474506930787551, -0.04785055791265650, -1.05748038889998530, 7799.95354599999973289]
  #23 data/objects/space/3d/asteroid/angular_smooth_01/angular_smooth_01_00900_cluster_01.cgf
    [0.28997336485764802, 0.10486577494417719, -0.95127238820450344, 7872.06392500000038126]
    [0.37410221152089845, 0.90247226259955993, 0.21352257542333319, -6524.90271500000017113]
    [0.88088791718930703, -0.41778885112649572, 0.22246234033223802, 4287.72472500000003492]
  #24 objects/space/3d/asteroid/angular_smooth_01/angular_smooth_01_01300_cluster_01.cgf
    [-1.05366100126842643, -0.70372895670692226, -0.16119446095470769, 3474.63664599999992788]
    [0.69483256781918679, -0.91104520145829615, -0.56446784491402402, 4300.52486700000008568]
    [0.19602500209944437, -0.55333696852485315, 1.13437736320851945, 2336.32034999999996217]
  #25 objects/space/3d/asteroid/angular_smooth_01/angular_smooth_01_01300_cluster_01.cgf
    [-0.77005529581340504, -0.09272977247258596, -1.01480654218025790, -2279.48955400000022564]
    [-1.01641317010729915, 0.16106706312272318, 0.75655664439246795, 4608.37598400000024412]
    [0.07304379773190606, 1.26367514727446606, -0.17089766861691605, 1199.89735599999994520]
  #26 data/objects/space/3d/asteroid/angular_smooth_01/angular_smooth_01_00900_cluster_01.cgf
    [0.78725013705942415, -0.63922860929405456, -0.77655855455947642, 5043.00914300000022195]
    [0.86575427805268035, 0.93262743088840339, 0.10997630239090160, -8469.53173600000081933]
    [0.51198235675948500, -0.59414816511883795, 1.00810773538968457, 669.50900500000000193]
  #27 data/objects/space/3d/asteroid/angular_smooth_01/angular_smooth_01_00900_cluster_01.cgf
    [-0.56660174499301130, -0.98524393897893936, 0.58281529284045497, -107.46779600000000698]
    [0.68632923925979317, 0.22806854892138673, 1.05278380241269542, -1682.02535899999998037]
    [-0.91615034803274220, 0.78018968205861583, 0.42823991185003796, -3639.99224300000014409]
  #28 data/objects/space/3d/asteroid/angular_smooth_01/angular_smooth_01_03900_column_01.cgf
    [0.11557632448273594, 0.98517946130198530, -0.12674377925055424, 4728.00000000000000000]
    [-0.85106804817325166, 0.16401161467877975, 0.49878232823542706, 1568.00000000000000000]
    [0.51217744379126562, 0.05022014147840890, 0.85741043076945112, -2376.00000000000000000]
  #29 data/objects/space/3d/asteroid/angular_smooth_01/angular_smooth_01_00900_cluster_01.cgf
    [-0.00000081760714543, 0.00000000000000000, 1.27727022636580334, 456.00000000000000000]
    [0.00000000000000000, 1.27727022636606491, 0.00000000000000000, -3800.00000000000000000]
    [-1.27727022636580334, 0.00000000000000000, -0.00000081760714543, 4736.00000000000000000]
  #30 data/objects/space/3d/asteroid/angular_smooth_01/angular_smooth_01_00900_cluster_01.cgf
    [-0.14247565014852070, 0.00905307739820996, -1.26926604439780233, -6963.54122600000027887]
    [0.54945923510171657, -1.15092486781710690, -0.06988603693497848, -3823.82526800000005096]
    [-1.14420837203415804, -0.55381183716733851, 0.12448779432998444, 7400.17680600000039703]
  #31 data/objects/space/3d/asteroid/angular_smooth_01/angular_smooth_01_03900_column_01.cgf
    [0.98095984021736271, -0.11577543847215817, -0.15592915065158275, 1152.00000000000000000]
    [0.14852486477232521, 0.96452938914288699, 0.21822805117498101, 80.00000000000000000]
    [0.12513279634335270, -0.23723230307411158, 0.96336009775839493, -4192.00000000000000000]
  #32 data/objects/space/3d/asteroid/angular_smooth_01/angular_smooth_01_02200_column_01.cgf
    [0.99583418697940962, -0.05790697202295725, 0.07043500615452924, 2565.21198400000002948]
    [0.03547032883201404, 0.95763019583497466, 0.28580815113536340, 8964.41168099999958940]
    [-0.08400097185988338, -0.28211916998672459, 0.95569484989215814, 2969.02131599999984246]
  #33 objects/space/3d/asteroid/angular_smooth_01/angular_smooth_01_01300_cluster_01.cgf
    [-0.88168862685855964, 0.39105356287100923, 0.83732807420661792, -1137.09755700000005163]
    [0.91322260368237074, 0.19129105248242737, 0.87226615031431964, -2695.11200000000008004]
    [0.14165334098518684, 1.20079176872031468, -0.41164242587673050, -3806.27847800000017742]
  #34 data/objects/space/3d/asteroid/angular_smooth_01/angular_smooth_01_01700_01.cgf
    [-0.51217653195066681, -0.05022045745629201, -0.85741042880203122, 3648.00000000000000000]
    [0.68352091011800198, 0.58065279328535879, -0.44231327894150280, 3456.00000000000000000]
    [0.52007105591165192, -0.81260062573776437, -0.26307006196096910, 3104.00000000000000000]
  #35 objects/space/3d/asteroid/angular_smooth_01/angular_smooth_01_01300_cluster_01.cgf
    [0.25433434072876859, -0.29869616669246601, -1.21552984408661069, 773.72694799999999304]
    [1.02800930467258800, 0.75748026555337378, 0.02895989536761251, -1205.73546099999998660]
    [0.71409318115255482, -0.98408455228011160, 0.39123737210420961, 13057.46261199999935343]
  #36 data/objects/space/3d/asteroid/angular_smooth_01/angular_smooth_01_03500_cluster_01.cgf
    [-0.49999895314067022, -0.70710638444848606, 0.50000068291548749, -576.00000000000000000]
    [-0.49999851619576335, 0.70710652384036587, 0.50000092272910834, 48.00000000000000000]
    [-0.70710791654866889, 0.00000033837946776, -0.70710499173716523, -3040.00000000000000000]
  #37 data/objects/space/3d/asteroid/angular_smooth_01/angular_smooth_01_00900_cluster_01.cgf
    [0.05178016424142372, -1.22271762251014415, -0.36564760967139737, 1352.08326699999997800]
    [0.24839405262511119, -0.34929450570206388, 1.20320882941032292, 4080.24482200000011289]
    [-1.25181346592682874, -0.11988623004176176, 0.22362487034041878, -7408.50916799999959039]
  #38 objects/buildingsets/human/station/utilitarian/util_001/001_armsml_spine_008_b.cgf
    [1.00000000000000000, 0.00000000000000000, 0.00000000000000000, 4224.00000000000000000]
    [0.00000000000000000, -1.00000000000000000, 0.00000000000000000, 0.00000000000000000]
    [0.00000000000000000, 0.00000000000000000, -1.00000000000000000, 480.00000000000000000]
  #39 objects/space/3d/asteroid/angular_smooth_01/angular_smooth_01_01300_cluster_01.cgf
    [-0.71742055703039787, 0.27648089286088406, 1.01994304565599236, -51.80409000000000219]
    [1.01079546571745782, 0.53913394776545731, 0.56484056954227391, 1763.68823599999996077]
    [-0.30824994239123682, 1.12441569643911543, -0.52162157812548138, 3044.48386600000003455]
  #40 data/objects/space/3d/asteroid/angular_smooth_01/angular_smooth_01_03900_column_01.cgf
    [0.68352228387515690, 0.58065263375362952, -0.44231262285058687, 3264.00000000000000000]
    [0.52007044076467945, -0.81260151125124302, -0.26307065690975545, -2376.00000000000000000]
    [-0.51217640912172457, -0.05021904816970979, -0.85741123337171565, 4136.00000000000000000]
  #41 data/objects/space/3d/asteroid/angular_smooth_01/angular_smooth_01_00900_cluster_01.cgf
    [-0.01575995908568218, -0.99831939439135586, 0.05576560236757084, -10165.04881999999997788]
    [0.99469324508581947, -0.02132496149900969, -0.10064981934127593, -2241.23212499999999636]
    [0.10166987659077469, 0.05388343655397407, 0.99335774190111115, 2205.06158199999981662]
  #42 data/objects/space/3d/asteroid/angular_smooth_01/angular_smooth_01_00900_cluster_01.cgf
    [-0.00000081760671301, 0.00000000000000000, 1.27726955084656479, 2080.00000000000000000]
    [0.00000000000000000, 1.27726955084682636, 0.00000000000000000, -416.00000000000000000]
    [-1.27726955084656479, 0.00000000000000000, -0.00000081760671301, -6600.00000000000000000]
  #43 data/objects/space/3d/asteroid/angular_smooth_01/angular_smooth_01_00900_cluster_01.cgf
    [-1.27726900577545166, 0.00000000000000000, 0.00000000000000000, 2144.00000000000000000]
    [0.00000000000000000, 1.27726900577545166, 0.00000000000000000, -1176.00000000000000000]
    [0.00000000000000000, 0.00000000000000000, -1.27726900577545166, -8352.00000000000000000]
  #44 data/objects/buildingsets/human/station/utilitarian/addon/antennas/addon_antenna_lge_003_a.cgf
    [-0.01234116300847349, 0.70699962359799451, -0.70710624811700440, 1264.00000000000000000]
    [0.01234086094993505, -0.70699854969947495, -0.70710732712373126, -216.00000000000000000]
    [-0.99984769692429987, -0.01745282651455715, 0.00000020030211450, -4624.00000000000000000]
  #45 data/objects/space/3d/asteroid/angular_smooth_01/angular_smooth_01_02200_column_01.cgf
    [0.84548656928962784, 0.44609334246683802, 0.29351834120525139, 2104.00000000000000000]
    [-0.52006982972575899, 0.81260156697823382, 0.26307012604969376, -304.00000000000000000]
    [-0.12115964272866596, -0.37507232478222940, 0.91904347983247159, -6888.00000000000000000]
  #46 objects/buildingsets/human/station/utilitarian/addon/addon_light_sml_003_a.cgf
    [-0.00000064012100026, -1.00000042674731060, 0.00000000000000000, 5757.35368000000016764]
    [1.00000042674731060, -0.00000064012100026, 0.00000000000000000, 0.68065900000000001]
    [0.00000000000000000, 0.00000000000000000, 1.00000042674751533, 508.91502400000001671]
  #47 objects/buildingsets/human/station/utilitarian/addon/addon_light_sml_003_a.cgf
    [-0.00000064012100026, -1.00000042674731060, 0.00000000000000000, 4988.83845000000019354]
    [1.00000042674731060, -0.00000064012100026, 0.00000000000000000, 0.68055600000000005]
    [0.00000000000000000, 0.00000000000000000, 1.00000042674751533, 508.91504900000001044]
  #48 objects/buildingsets/human/station/utilitarian/util_001/001_armsml_spine_008_b.cgf
    [1.00000000000000000, 0.00000000000000000, 0.00000000000000000, 4608.00000000000000000]
    [0.00000000000000000, -1.00000000000000000, 0.00000000000000000, 0.00000000000000000]
    [0.00000000000000000, 0.00000000000000000, -1.00000000000000000, 480.00000000000000000]
  #49 objects/buildingsets/human/station/utilitarian/util_001/001_armsml_spine_008_b.cgf
    [1.00000000000000000, 0.00000000000000000, 0.00000000000000000, 5376.00000000000000000]
    [0.00000000000000000, -1.00000000000000000, 0.00000000000000000, 0.00000000000000000]
    [0.00000000000000000, 0.00000000000000000, -1.00000000000000000, 480.00000000000000000]
  #50 objects/buildingsets/human/station/utilitarian/addon/addon_light_sml_003_a.cgf
    [-0.00000064012100026, -1.00000042674731060, 0.00000000000000000, 5373.21575399999983347]
    [1.00000042674731060, -0.00000064012100026, 0.00000000000000000, 0.68060799999999999]
    [0.00000000000000000, 0.00000000000000000, 1.00000042674751533, 508.91503699999998389]
  #51 data/objects/space/3d/asteroid/angular_smooth_01/angular_smooth_01_00900_cluster_01.cgf
    [0.00000000000000000, -1.00000000000000000, 0.00000000000000000, 4936.00000000000000000]
    [0.00000000000000000, 0.00000000000000000, 1.00000000000000000, -72.00000000000000000]
    [-1.00000000000000000, 0.00000000000000000, 0.00000000000000000, 1752.00000000000000000]
  #52 data/objects/buildingsets/human/station/utilitarian/addon/antennas/addon_antenna_lge_003_a.cgf
    [1.00000000000000000, 0.00000000000000000, 0.00000000000000000, 6208.00000000000000000]
    [0.00000000000000000, -1.00000000000000000, 0.00000000000000000, 0.00000000000000000]
    [0.00000000000000000, 0.00000000000000000, -1.00000000000000000, 416.00000000000000000]
  #53 objects/buildingsets/human/station/utilitarian/util_001/001_armlge_spine_001_a.cgf
    [-1.00000000000000000, 0.00000000000000000, 0.00000000000000000, 7040.00000000000000000]
    [0.00000000000000000, -1.00000000000000000, 0.00000000000000000, 0.00000000000000000]
    [0.00000000000000000, 0.00000000000000000, 1.00000000000000000, 224.00000000000000000]
  #54 objects/buildingsets/human/station/utilitarian/addon/addon_light_sml_003_a.cgf
    [-0.00000064012100026, -1.00000042674731060, 0.00000000000000000, 4221.34523199999966891]
    [1.00000042674731060, -0.00000064012100026, 0.00000000000000000, 0.68039700000000003]
    [0.00000000000000000, 0.00000000000000000, 1.00000042674751533, 509.65699899999998479]
  #55 objects/buildingsets/human/station/utilitarian/addon/addon_light_sml_003_a.cgf
    [-0.00000064012100026, -1.00000042674731060, 0.00000000000000000, 4604.72894600000017817]
    [1.00000042674731060, -0.00000064012100026, 0.00000000000000000, 0.68050500000000003]
    [0.00000000000000000, 0.00000000000000000, 1.00000042674751533, 508.91506199999997762]
  #56 objects/buildingsets/human/station/utilitarian/util_001/001_armsml_spine_008_b.cgf
    [1.00000000000000000, 0.00000000000000000, 0.00000000000000000, 5760.00000000000000000]
    [0.00000000000000000, -1.00000000000000000, 0.00000000000000000, 0.00000000000000000]
    [0.00000000000000000, 0.00000000000000000, -1.00000000000000000, 480.00000000000000000]
  #57 data/objects/buildingsets/human/station/utilitarian/util_001/001_armsml_spine_007_a.cgf
    [-1.00000000000000000, 0.00000000000000000, 0.00000000000000000, 6144.00000000000000000]
    [0.00000000000000000, 1.00000000000000000, 0.00000000000000000, 0.00000000000000000]
    [0.00000000000000000, 0.00000000000000000, -1.00000000000000000, 480.00000000000000000]
  #58 data/objects/buildingsets/human/station/utilitarian/util_001/001_armsml_spine_007_a.cgf
    [1.04608798027038574, 0.00000000000000000, 0.00000000000000000, 4736.00000000000000000]
    [0.00000000000000000, 1.04608798027038574, 0.00000000000000000, 0.00000000000000000]
    [0.00000000000000000, 0.00000000000000000, 1.04608798027038574, 352.00000000000000000]
  #59 objects/space/3d/asteroid/angular_smooth_01/angular_smooth_01_01300_cluster_01.cgf
    [0.25433434072876859, -0.29869616669246601, -1.21552984408661069, 5791.43651500000032684]
    [1.02800930467258800, 0.75748026555337378, 0.02895989536761251, -2590.68095600000015111]
    [0.71409318115255482, -0.98408455228011160, 0.39123737210420961, 2081.69029399999999441]
  #60 objects/buildingsets/human/station/utilitarian/util_001/001_armlge_platform_004_a.cgf
    [1.00000000000000000, 0.00000000000000000, 0.00000000000000000, 6519.21881599999960599]
    [0.00000000000000000, 1.00000000000000000, 0.00000000000000000, 38.71957499999999897]
    [0.00000000000000000, 0.00000000000000000, 1.00000000000000000, 422.00000000000000000]
  #61 data/objects/buildingsets/human/station/utilitarian/util_001/001_armsml_spine_008_a.cgf
    [1.00000000000000000, 0.00000000000000000, 0.00000000000000000, 4992.00000000000000000]
    [0.00000000000000000, -1.00000000000000000, 0.00000000000000000, 0.00000000000000000]
    [0.00000000000000000, 0.00000000000000000, -1.00000000000000000, 480.00000000000000000]
  #62 data/objects/space/3d/asteroid/angular_smooth_01/angular_smooth_01_01000_01.cgf
    [-0.70710530659756199, -0.00000111293238237, -0.70710641952994413, 4824.00000000000000000]
    [-0.50000057896907624, 0.70710546958295462, 0.49999867907484069, -624.00000000000000000]
    [0.49999890957109550, 0.70710625654477011, -0.49999923554250070, 80.00000000000000000]
  #63 objects/buildingsets/human/station/utilitarian/util_001/001_armsml_spine_004_a_dmg_a.cgf
    [1.50000000000000000, 0.00000000000000000, 0.00000000000000000, 5920.00000000000000000]
    [0.00000000000000000, 1.50000000000000000, 0.00000000000000000, 0.00000000000000000]
    [0.00000000000000000, 0.00000000000000000, 1.50000000000000000, 384.00000000000000000]
  #64 objects/buildingsets/human/station/utilitarian/util_001/001_armsml_spine_008_b.cgf
    [1.00000000000000000, 0.00000000000000000, 0.00000000000000000, 6144.00000000000000000]
    [0.00000000000000000, -1.00000000000000000, 0.00000000000000000, 0.00000000000000000]
    [0.00000000000000000, 0.00000000000000000, -1.00000000000000000, 480.00000000000000000]
  #65 objects/space/3d/asteroid/angular_smooth_01/angular_smooth_01_01300_cluster_01.cgf
    [0.73949500592210804, -0.53048312768208095, -0.89618722970619347, -1153.73705799999993360]
    [-1.04140967596100009, -0.37092047382628857, -0.63976609173888688, 1273.35635099999990416]
    [0.00545767886829805, 1.10110054789228107, -0.64727471787507040, -13997.76370200000019395]
  #66 objects/space/3d/asteroid/angular_smooth_01/angular_smooth_01_01300_cluster_01.cgf
    [0.38929366877100058, -1.21025438996450685, -0.12309481295943320, -7585.55345099999976810]
    [1.19779595865133826, 0.40391705903681507, -0.18317596132854130, 400.87933700000002091]
    [0.21249203007265882, -0.05960623240696699, 1.25805874909119830, -9403.24383300000044983]
  #67 data/objects/space/3d/asteroid/angular_smooth_01/angular_smooth_01_00900_cluster_01.cgf
    [-0.60999067319488987, 0.25238256767661404, -1.09344997868379123, 6877.44218499999988126]
    [0.15595821499820312, -1.21340562392361395, -0.36707256059326737, -1206.21176599999989776]
    [-1.11130862118729112, -0.30881753366491849, 0.54867414474467224, 9778.95889899999929185]
  #68 data/objects/space/3d/asteroid/angular_smooth_01/angular_smooth_01_00900_cluster_01.cgf
    [0.35805979438378921, 0.79829205249090363, -0.93055959192002269, -767.77820599999995466]
    [0.61124225120044440, 0.72413716354675761, 0.85640320542168047, -6434.03483400000004622]
    [1.06282372269907088, -0.68540013046320358, -0.17902672193773836, 5283.21048200000041106]
  #69 data/objects/space/3d/asteroid/angular_smooth_01/angular_smooth_01_02200_column_01.cgf
    [-0.45645588355984018, -0.71819203174933222, 0.52521246226399565, 6023.47582899999997608]
    [0.86111813762925227, -0.20805753678332922, 0.46388308123450556, -10000.99761799999942014]
    [-0.22388273276778378, 0.66401217273590474, 0.71341730778626999, -1147.05927500000007058]
  #70 objects/space/3d/asteroid/angular_smooth_01/angular_smooth_01_01300_cluster_01.cgf
    [-0.32389856223154656, 0.70888920185246385, -1.01192028775546206, 6598.86649399999987509]
    [-0.39252808886251067, -1.05095784583818386, -0.61059491777682862, 2474.36691199999995661]
    [-1.17150683682514845, 0.15614273488678196, 0.48436352619060263, -5304.35485400000015943]
  #71 objects/space/3d/asteroid/angular_smooth_01/angular_smooth_01_01300_cluster_01.cgf
    [0.34676229944579468, -1.22850180124561881, 0.04424060461563555, 2324.72707399999990230]
    [1.16904355867734999, 0.31533720701034051, -0.40659267438966074, -1437.66679100000010294]
    [0.38014610964139045, 0.15087666913280415, 1.21001783669222318, 6342.81340000000000146]
  #72 objects/buildingsets/human/station/utilitarian/addon/addon_light_sml_003_a.cgf
    [-0.00000064012100026, -1.00000042674731060, 0.00000000000000000, 1917.57753600000000915]
    [1.00000042674731060, -0.00000064012100026, 0.00000000000000000, 0.68006999999999995]
    [0.00000000000000000, 0.00000000000000000, 1.00000042674751533, 508.91514999999998281]
  #73 objects/buildingsets/human/station/utilitarian/addon/addon_light_sml_003_a.cgf
    [-0.00000064012100026, -1.00000042674731060, 0.00000000000000000, 3837.59040800000002491]
    [1.00000042674731060, -0.00000064012100026, 0.00000000000000000, 0.68034499999999998]
    [0.00000000000000000, 0.00000000000000000, 1.00000042674751533, 508.52315199999998185]
  #74 objects/buildingsets/human/station/utilitarian/addon/addon_light_sml_003_a.cgf
    [-0.00000064012100026, -1.00000042674731060, 0.00000000000000000, 2300.76206199999978708]
    [1.00000042674731060, -0.00000064012100026, 0.00000000000000000, 0.68013699999999999]
    [0.00000000000000000, 0.00000000000000000, 1.00000042674751533, 508.91513700000001563]
  #75 objects/buildingsets/human/station/utilitarian/util_001/001_armsml_spine_008_b.cgf
    [1.00000000000000000, 0.00000000000000000, 0.00000000000000000, 1536.00000000000000000]
    [0.00000000000000000, -1.00000000000000000, 0.00000000000000000, 0.00000000000000000]
    [0.00000000000000000, 0.00000000000000000, -1.00000000000000000, 480.00000000000000000]
  #76 objects/buildingsets/human/station/utilitarian/addon/addon_light_sml_003_a.cgf
    [1.00000000000000000, 0.00000000000000000, 0.00000000000000000, 1267.12294100000008257]
    [0.00000000000000000, 1.00000000000000000, 0.00000000000000000, -427.45677999999998065]
    [0.00000000000000000, 0.00000000000000000, 1.00000000000000000, 501.50860499999998865]
  #77 data/objects/space/3d/asteroid/angular_smooth_01/angular_smooth_01_00900_cluster_01.cgf
    [1.00000000000000000, 0.00000000000000000, 0.00000000000000000, 2104.00000000000000000]
    [0.00000000000000000, 1.00000000000000000, 0.00000000000000000, -1384.00000000000000000]
    [0.00000000000000000, 0.00000000000000000, 1.00000000000000000, 1008.00000000000000000]
  #78 objects/buildingsets/human/station/utilitarian/addon/antennas/addon_antenna_lge_003_a.cgf
    [-0.00000000000205347, -0.50000000000205347, 0.00000000000000000, 352.00000000000000000]
    [-0.00000202655997584, 0.00000000000000000, 0.49999999999794653, 48.00000000000000000]
    [-0.49999999999794653, 0.00000000000205347, -0.00000202655997584, -2048.00000000000000000]
  #79 objects/buildingsets/human/station/utilitarian/util_001/001_armsml_hangar_xl_a_dmg_a.cgf
    [-0.99984783253277765, -0.01745133501336893, 0.00000000000000000, 1504.00000000000000000]
    [-0.01745133501336893, 0.99984783253277765, 0.00000000000000000, 32.00000000000000000]
    [-0.00000000000000000, 0.00000000000000000, -1.00000011865711413, 384.00000000000000000]
  #80 objects/buildingsets/human/station/utilitarian/util_001/001_armsml_junction_001_a.cgf
    [1.15982331469081346, 0.02024354923366147, 0.00000000000000000, 1088.00000000000000000]
    [-0.02024354923366147, 1.15982331469081346, -0.00000000000000000, 32.00000000000000000]
    [-0.00000000000000000, 0.00000000000000000, 1.15999996663187943, 608.00000000000000000]
  #81 data/objects/buildingsets/human/station/utilitarian/util_001/001_armsml_spine_008_a.cgf
    [1.00000000000000000, 0.00000000000000000, 0.00000000000000000, -2560.00000000000000000]
    [0.00000000000000000, -1.00000000000000000, 0.00000000000000000, 0.00000000000000000]
    [0.00000000000000000, 0.00000000000000000, -1.00000000000000000, 480.00000000000000000]
  #82 objects/buildingsets/human/station/utilitarian/util_001/001_armsml_spine_008_b.cgf
    [1.00000000000000000, 0.00000000000000000, 0.00000000000000000, 1920.00000000000000000]
    [0.00000000000000000, -1.00000000000000000, 0.00000000000000000, 0.00000000000000000]
    [0.00000000000000000, 0.00000000000000000, -1.00000000000000000, 480.00000000000000000]
  #83 data/objects/buildingsets/human/station/utilitarian/util_001/001_armlge_cap_002_b.cgf
    [0.02467977323774579, -0.02467810242070213, -0.99939038971192085, 2240.00000000000000000]
    [-0.70710585555569805, -0.70710717718901817, -0.00000114952987811, -95.99979999999999336]
    [-0.70667635366303028, 0.70667508957327085, -0.03490128858411698, 448.00000000000000000]
  #84 data/objects/space/3d/asteroid/angular_smooth_01/angular_smooth_01_01700_column_01.cgf
    [0.36519747338576175, 0.92904138882241116, -0.05927714892047435, 1120.00000000000000000]
    [0.91886630621479071, -0.36995123569002514, -0.13719209748075495, 952.00000000000000000]
    [-0.14938672575701414, -0.00436556558852464, -0.98876965219471102, 704.00000000000000000]
  #85 data/objects/space/3d/asteroid/angular_smooth_01/angular_smooth_01_03500_cluster_01.cgf
    [1.00000000000000000, 0.00000000000000000, 0.00000000000000000, -1416.00000000000000000]
    [0.00000000000000000, 1.00000000000000000, 0.00000000000000000, -688.00000000000000000]
    [0.00000000000000000, 0.00000000000000000, 1.00000000000000000, 1120.00000000000000000]
  #86 objects/buildingsets/human/station/utilitarian/addon/addon_light_sml_003_a.cgf
    [-0.00000064012100026, -1.00000042674731060, 0.00000000000000000, 3454.14821100000017395]
    [1.00000042674731060, -0.00000064012100026, 0.00000000000000000, 0.68023699999999998]
    [0.00000000000000000, 0.00000000000000000, 1.00000042674751533, 508.66908000000000811]
  #87 data/objects/buildingsets/human/station/utilitarian/util_001/001_armsml_hangar_xl_a_addon_b.cgf
    [-0.99984783252374365, -0.01745133501321125, 0.00000000000000000, 1312.00000000000000000]
    [0.01745133501321125, -0.99984783252374365, 0.00000000000000000, -960.00000000000000000]
    [0.00000000000000000, 0.00000000000000000, 1.00000011864807914, 608.00000000000000000]
  #88 data/objects/buildingsets/human/station/utilitarian/addon/antennas/addon_antenna_lge_003_a.cgf
    [0.00623761844608373, -0.01234158968018972, -0.99990436956225126, 1184.00000000000000000]
    [-0.01226498986985018, 0.99984766297429950, -0.01241740140771095, 96.00000000000000000]
    [0.99990531208160394, 0.01234127215458698, 0.00608529884170590, 704.00000000000000000]
  #89 data/objects/buildingsets/human/station/utilitarian/addon/antennas/addon_antenna_lge_003_a.cgf
    [-0.01234116300847349, 0.70699962359799451, -0.70710624811700440, 2304.00000000000000000]
    [0.01234086094993505, -0.70699854969947495, -0.70710732712373126, -216.00000000000000000]
    [-0.99984769692429987, -0.01745282651455715, 0.00000020030211450, -2024.00000000000000000]
  #90 objects/buildingsets/human/station/utilitarian/addon/addon_light_sml_003_a.cgf
    [-0.00000064012100026, -1.00000042674731060, 0.00000000000000000, 3069.42137199999979202]
    [1.00000042674731060, -0.00000064012100026, 0.00000000000000000, 0.68025999999999998]
    [0.00000000000000000, 0.00000000000000000, 1.00000042674751533, 508.91511200000002191]
  #91 data/objects/buildingsets/human/station/utilitarian/util_001/001_armsml_spine_008_a.cgf
    [1.00000000000000000, 0.00000000000000000, 0.00000000000000000, 608.00000000000000000]
    [0.00000000000000000, -1.00000000000000000, 0.00000000000000000, 0.00000000000000000]
    [0.00000000000000000, 0.00000000000000000, -1.00000000000000000, 480.00000000000000000]
  #92 objects/buildingsets/human/station/utilitarian/util_001/001_armsml_component_003_a.cgf
    [1.00000000000000000, 0.00000000000000000, 0.00000000000000000, 1280.00000000000000000]
    [0.00000000000000000, 1.00000000000000000, 0.00000000000000000, -288.00000000000000000]
    [0.00000000000000000, 0.00000000000000000, 1.00000000000000000, 768.00000000000000000]
  #93 objects/buildingsets/human/station/utilitarian/addon/addon_light_sml_003_a.cgf
    [-0.00000064012100026, -1.00000042674731060, 0.00000000000000000, 2684.99996899999996458]
    [1.00000042674731060, -0.00000064012100026, 0.00000000000000000, 0.68020499999999995]
    [0.00000000000000000, 0.00000000000000000, 1.00000042674751533, 508.91512499999998909]
  #94 objects/buildingsets/human/station/utilitarian/util_001/001_armlge_cap_002_a.cgf
    [0.02466743277448351, 0.02466576279288741, -0.99889067116628782, 3040.00000000000000000]
    [0.70675228610637730, -0.70675360707884982, 0.00000114895508631, 95.99979999999999336]
    [-0.70632299897469120, -0.70632173551700617, -0.03488383712435559, 448.00000000000000000]
  #95 data/objects/space/3d/asteroid/angular_smooth_01/angular_smooth_01_01000_01.cgf
    [-0.98095836490750954, 0.11577513756255202, 0.15593106740713991, 3160.00000000000000000]
    [0.14852503875261525, 0.96452819039658932, 0.21822780926405269, -1384.00000000000000000]
    [-0.12513469991929496, 0.23723233631827215, -0.96335861413258506, 856.00000000000000000]
  #96 objects/buildingsets/human/station/utilitarian/addon/antennas/addon_antenna_lge_003_a.cgf
    [-0.00000000000205347, -0.50000000000205347, 0.00000000000000000, 3016.00000000000000000]
    [0.00000202655586890, 0.00000000000000000, -0.49999999999794653, 368.00000000000000000]
    [0.49999999999794653, -0.00000000000205347, 0.00000202655586890, 2104.00000000000000000]
  #97 objects/buildingsets/human/station/utilitarian/addon/addon_ref_lrg_tank_a.cgf
    [-0.70710511751652116, 0.70710763244986130, 0.00000000000000000, 1280.00000000000000000]
    [-0.70710763244986130, -0.70710511751652116, 0.00000000000000000, 0.00000000000000000]
    [0.00000000000000000, 0.00000000000000000, 0.99999942554328558, 800.00000000000000000]
  #98 objects/buildingsets/human/station/utilitarian/util_001/001_armsml_hangar_xl_a_dmg_a.cgf
    [-0.99984783253277765, -0.01745133501336893, 0.00000000000000000, 1056.00000000000000000]
    [-0.01745133501336893, 0.99984783253277765, 0.00000000000000000, 32.00000000000000000]
    [-0.00000000000000000, 0.00000000000000000, -1.00000011865711413, 384.00000000000000000]
  #99 data/objects/space/3d/asteroid/angular_smooth_01/angular_smooth_01_00900_cluster_01.cgf
    [-0.00000064012100026, 0.00000000000000000, 1.00000042674731060, 3432.00000000000000000]
    [0.00000000000000000, 1.00000042674751533, 0.00000000000000000, 2016.00000000000000000]
    [-1.00000042674731060, 0.00000000000000000, -0.00000064012100026, 2312.00000000000000000]
  #100 objects/buildingsets/human/station/utilitarian/util_001/001_armsml_spine_008_b.cgf
    [-0.00000064012127299, -0.00000000000000000, -1.00000085349446199, 1383.99999200000002020]
    [0.00000000000000000, -1.00000085349466716, 0.00000000000000000, 400.00000000000000000]
    [-1.00000085349446199, 0.00000000000000000, 0.00000064012127265, -2208.00001500000007582]
  #101 data/objects/buildingsets/human/station/utilitarian/util_001/001_armsml_spine_008_a.cgf
    [0.00000000000000000, 0.00000000000000000, 1.00000000000000000, 1248.00000000000000000]
    [1.00000000000000000, 0.00000000000000000, 0.00000000000000000, -416.00000000000000000]
    [0.00000000000000000, 1.00000000000000000, 0.00000000000000000, 480.00000000000000000]
  #102 data/objects/buildingsets/human/station/utilitarian/util_001/001_armsml_spine_008_a.cgf
    [1.00000000000000000, 0.00000000000000000, 0.00000000000000000, -176.00000000000000000]
    [0.00000000000000000, -1.00000000000000000, 0.00000000000000000, 0.00000000000000000]
    [0.00000000000000000, 0.00000000000000000, -1.00000000000000000, 480.00000000000000000]
  #103 data/objects/buildingsets/human/station/utilitarian/util_001/001_armlge_cap_002_b.cgf
    [0.00000139042887732, -0.00000054838250063, -0.99999991780473474, 1856.00000000000000000]
    [-0.70710662187128193, -0.70710682426146876, -0.00000059541650690, -95.99985100000000671]
    [-0.70710682426035232, 0.70710662187132001, -0.00000137094675801, 448.00000000000000000]
  #104 objects/buildingsets/human/station/utilitarian/util_001/001_tower_head_001_a.cgf
    [0.50000021337375766, -0.00000000000000000, 0.00000000000000000, 1376.00000000000000000]
    [0.00000000000000000, -0.00000032006050013, 0.50000021337365530, -224.00000000000000000]
    [-0.00000000000000000, -0.50000021337365530, -0.00000032006050013, 800.00000000000000000]
  #105 objects/buildingsets/human/station/utilitarian/util_001/001_armsml_spine_008_b.cgf
    [0.00000000000000000, 1.00000000000000000, 0.00000000000000000, 656.00000000000000000]
    [0.00000000000000000, 0.00000000000000000, -1.00000000000000000, 687.99999200000002020]
    [-1.00000000000000000, 0.00000000000000000, 0.00000000000000000, -2152.00005999999984851]
  #106 data/objects/buildingsets/human/station/utilitarian/addon/antennas/addon_antenna_lge_003_a.cgf
    [0.69465634816475275, 0.71934000043367863, 0.00000000000000000, 1152.00000000000000000]
    [0.71934000043367863, -0.69465634816475252, 0.00000000000000000, 288.00000000000000000]
    [0.00000000000000000, 0.00000000000000000, -0.99999873913396231, 480.00000000000000000]
  #107 data/objects/buildingsets/human/station/utilitarian/addon/antennas/addon_antenna_lge_003_a.cgf
    [0.01745309817931746, -0.99984826137391980, 0.00000000000000000, 1440.00000000000000000]
    [-0.99984826137391980, -0.01745309817931735, -0.00000000000000000, -1056.00000000000000000]
    [0.00000000000000000, 0.00000000000000000, -1.00000057820408639, 480.00000000000000000]
  #108 objects/buildingsets/human/station/utilitarian/util_001/001_armlge_cap_002_a.cgf
    [0.00000138973363018, 0.00000054810829640, -0.99949989448081367, 1856.00000000000000000]
    [0.70675305203878547, -0.70675325432777258, 0.00000059511878473, 95.99985100000000671]
    [-0.70675325432665659, -0.70675305203882355, -0.00000137026125254, 448.00000000000000000]
  #109 objects/buildingsets/human/station/utilitarian/util_001/001_armsml_junction_001_a.cgf
    [-1.14982498356407570, -0.02006903484912069, 0.00000000000000000, 960.00000000000000000]
    [0.02006903484912069, -1.14982498356407570, 0.00000000000000000, 32.00000000000000000]
    [0.00000000000000000, 0.00000000000000000, 1.15000011260343027, 608.00000000000000000]
  #110 data/objects/buildingsets/human/station/utilitarian/util_001/001_armsml_spine_008_a.cgf
    [1.00000000000000000, 0.00000000000000000, 0.00000000000000000, 3840.00000000000000000]
    [0.00000000000000000, -1.00000000000000000, 0.00000000000000000, 0.00000000000000000]
    [0.00000000000000000, 0.00000000000000000, -1.00000000000000000, 480.00000000000000000]
  #111 data/objects/space/3d/asteroid/angular_smooth_01/angular_smooth_01_03400_01.cgf
    [0.82285687053075529, -0.55502652814986464, -0.12186965222193183, 1152.00000000000000000]
    [0.54826095046838075, 0.83182124034047822, -0.08650689436334789, 160.00000000000000000]
    [0.14938737990303907, 0.00436642082157960, 0.98876915079171501, -1120.00000000000000000]
  #112 data/objects/space/3d/asteroid/angular_smooth_01/angular_smooth_01_00900_cluster_01.cgf
    [-0.78778514300093427, -0.89996889675043623, -0.44818394879692186, 2106.94521799999984069]
    [-0.39745533429965346, -0.24422662729404426, 1.18903360354858290, -2016.62902099999996608]
    [-0.92349451774991587, 0.87282738156681372, -0.12941613610161345, -1866.21571999999991931]
  #113 data/objects/buildingsets/human/station/utilitarian/util_001/001_armlge_cap_002_a.cgf
    [-0.00000020612217968, 0.00000000000000006, -1.00000015669822817, 1248.00000000000000000]
    [0.69465873234459063, 0.71933966870589672, -0.00000014318454939, -384.00000000000000000]
    [0.71933966870588162, -0.69465873234460529, -0.00000014827183728, 352.00000000000000000]
  #114 objects/buildingsets/human/station/utilitarian/util_001/001_armsml_spine_008_b.cgf
    [-0.00000011813515871, -0.64278817321421133, 0.76604408509896116, 1375.99999400000001515]
    [-0.00000007593587638, 0.76604408509897026, 0.64278817321420711, 367.99999500000001262]
    [-1.00000008796957696, 0.00000001776565246, -0.00000013930741054, -4007.99895500000002357]
  #115 data/objects/buildingsets/human/station/utilitarian/util_001/001_armsml_spine_007_a.cgf
    [1.00000000000000000, 0.00000000000000000, 0.00000000000000000, -3360.00000000000000000]
    [0.00000000000000000, -1.00000000000000000, 0.00000000000000000, -0.00000300000000000]
    [0.00000000000000000, 0.00000000000000000, -1.00000000000000000, 480.00000000000000000]
  #116 data/objects/buildingsets/human/station/utilitarian/util_001/001_armlge_cap_002_b.cgf
    [0.02467977323774579, -0.02467810242070213, -0.99939038971192085, 3040.00000000000000000]
    [-0.70710585555569805, -0.70710717718901817, -0.00000114952987811, -95.99979999999999336]
    [-0.70667635366303028, 0.70667508957327085, -0.03490128858411698, 448.00000000000000000]
  #117 data/objects/space/3d/asteroid/angular_smooth_01/angular_smooth_01_00900_cluster_01.cgf
    [0.00000000000000000, -1.00000000000000000, 0.00000000000000000, 3128.00000000000000000]
    [0.00000000000000000, 0.00000000000000000, 1.00000000000000000, -2184.00000000000000000]
    [-1.00000000000000000, 0.00000000000000000, 0.00000000000000000, 1344.00000000000000000]
  #118 data/objects/buildingsets/human/station/utilitarian/addon/antennas/addon_antenna_lge_003_a.cgf
    [-0.01234116300847349, 0.70699962359799451, -0.70710624811700440, 528.00000000000000000]
    [0.01234086094993505, -0.70699854969947495, -0.70710732712373126, -584.00000000000000000]
    [-0.99984769692429987, -0.01745282651455715, 0.00000020030211450, -1944.00000000000000000]
  #119 objects/buildingsets/human/station/utilitarian/util_001/001_armsml_spine_008_b.cgf
    [1.00000000000000000, 0.00000000000000000, 0.00000000000000000, -1360.00000000000000000]
    [0.00000000000000000, -1.00000000000000000, 0.00000000000000000, 0.00000000000000000]
    [0.00000000000000000, 0.00000000000000000, -1.00000000000000000, 480.00000000000000000]
  #120 objects/buildingsets/human/station/utilitarian/util_001/001_armsml_spine_008_b.cgf
    [1.00000000000000000, 0.00000000000000000, 0.00000000000000000, -2960.00000000000000000]
    [0.00000000000000000, -1.00000000000000000, 0.00000000000000000, 0.00000000000000000]
    [0.00000000000000000, 0.00000000000000000, -1.00000000000000000, 480.00000000000000000]
  #121 objects/buildingsets/human/station/utilitarian/util_001/001_armsml_spine_008_b.cgf
    [1.00000000000000000, 0.00000000000000000, 0.00000000000000000, 224.00000000000000000]
    [0.00000000000000000, -1.00000000000000000, 0.00000000000000000, 0.00000000000000000]
    [0.00000000000000000, 0.00000000000000000, -1.00000000000000000, 480.00000000000000000]
  #122 data/objects/space/3d/asteroid/angular_smooth_01/angular_smooth_01_00900_cluster_01.cgf
    [-0.00000064012100026, 0.00000000000000000, 1.00000042674731060, 1264.00000000000000000]
    [0.00000000000000000, 1.00000042674751533, 0.00000000000000000, 2416.00000000000000000]
    [-1.00000042674731060, 0.00000000000000000, -0.00000064012100026, -128.00000000000000000]
  #123 data/objects/space/3d/asteroid/angular_smooth_01/angular_smooth_01_00900_cluster_01.cgf
    [0.01146302265037438, 0.98524423293367702, -0.81276192932445690, -2758.34122600000000602]
    [1.22973910768568584, -0.22806892183787078, -0.25912515720533591, -1650.36593599999991966]
    [-0.34500707140100173, -0.78019095197214861, -0.95062703113295810, 2177.67992499999991196]
  #124 objects/buildingsets/human/station/utilitarian/util_001/001_armlge_cap_002_a.cgf
    [0.02466743277448351, 0.02466576279288741, -0.99889067116628782, 2240.00000000000000000]
    [0.70675228610637730, -0.70675360707884982, 0.00000114895508631, 95.99979999999999336]
    [-0.70632299897469120, -0.70632173551700617, -0.03488383712435559, 448.00000000000000000]
  #125 objects/buildingsets/human/station/utilitarian/util_001/001_armsml_spine_008_b.cgf
    [-0.00000011813515871, -0.64278817321421133, 0.76604408509896116, 1376.00000599999998485]
    [-0.00000007593587638, 0.76604408509897026, 0.64278817321420711, 368.00000499999998738]
    [-1.00000008796957696, 0.00000001776565246, -0.00000013930741054, -3624.00104499999997643]
  #126 data/objects/space/3d/asteroid/angular_smooth_01/angular_smooth_01_01000_01.cgf
    [0.85355306623257843, -0.50000081377739902, 0.14644669096085930, -1368.00000000000000000]
    [-0.14644674873173238, -0.49999958175926856, -0.85355377802042687, 1360.00000000000000000]
    [0.50000079685671650, 0.70710670227977490, -0.49999959867999216, 2744.00000000000000000]
  #127 objects/buildingsets/human/station/utilitarian/util_001/001_armsml_component_003_a.cgf
    [-0.99984782088827373, 0.01745333521480037, 0.00000000000000000, 800.00000000000000000]
    [-0.01745333521480037, -0.99984782088827373, 0.00000000000000000, 352.00000000000000000]
    [0.00000000000000000, 0.00000000000000000, 1.00000014192256481, 768.00000000000000000]
  #128 objects/buildingsets/human/station/utilitarian/util_001/001_armsml_spine_008_b.cgf
    [0.00000139042892092, 0.70710664404334300, 0.70710684643247712, 2056.00000600000021223]
    [-0.00000059541652551, 0.70710684643362065, -0.70710664404331569, 439.99999400000001515]
    [-0.99999994916078228, 0.00000056215845496, 0.00000140420486205, -2120.00008299999990413]
  #129 data/objects/space/3d/asteroid/angular_smooth_01/angular_smooth_01_00900_cluster_01.cgf
    [-0.46657374248818895, -0.04793298618057491, -1.18803612362315358, 185.86357200000000489]
    [0.62054973699988658, 1.07881130940734771, -0.28723273138924460, 1332.18745499999999993]
    [1.01422158629516845, -0.68211952538229481, -0.37079102788807611, -2517.60148799999979019]
  #130 data/objects/buildingsets/human/station/utilitarian/util_001/001_armsml_spine_008_a.cgf
    [1.00000000000000000, 0.00000000000000000, 0.00000000000000000, -976.00000000000000000]
    [0.00000000000000000, -1.00000000000000000, 0.00000000000000000, 0.00000000000000000]
    [0.00000000000000000, 0.00000000000000000, -1.00000000000000000, 480.00000000000000000]
  #131 data/objects/buildingsets/human/station/utilitarian/util_001/001_armlge_cap_002_b.cgf
    [0.02467977323774579, -0.02467810242070213, -0.99939038971192085, 2656.00000000000000000]
    [-0.70710585555569805, -0.70710717718901817, -0.00000114952987811, -95.99979999999999336]
    [-0.70667635366303028, 0.70667508957327085, -0.03490128858411698, 448.00000000000000000]
  #132 objects/buildingsets/human/station/utilitarian/util_001/001_armsml_spine_008_b.cgf
    [1.00000000000000000, 0.00000000000000000, 0.00000000000000000, -2160.00000000000000000]
    [0.00000000000000000, -1.00000000000000000, 0.00000000000000000, 0.00000000000000000]
    [0.00000000000000000, 0.00000000000000000, -1.00000000000000000, 480.00000000000000000]
  #133 data/objects/buildingsets/human/station/utilitarian/util_001/001_armsml_spine_008_a.cgf
    [1.00000000000000000, 0.00000000000000000, 0.00000000000000000, -1760.00000000000000000]
    [0.00000000000000000, -1.00000000000000000, 0.00000000000000000, 0.00000000000000000]
    [0.00000000000000000, 0.00000000000000000, -1.00000000000000000, 480.00000000000000000]
  #134 objects/buildingsets/human/station/utilitarian/util_001/001_armsml_spine_007_a.cgf
    [0.00000000000000000, -1.00000000000000000, 0.00000000000000000, 1376.00000000000000000]
    [0.00000000000000000, 0.00000000000000000, 1.00000000000000000, -288.00000000000000000]
    [-1.00000000000000000, 0.00000000000000000, 0.00000000000000000, 768.00000000000000000]
  #135 data/objects/space/3d/asteroid/angular_smooth_01/angular_smooth_01_02200_column_01.cgf
    [0.15449881877144650, 0.14091870136019305, -0.97789195313870825, 1584.00000000000000000]
    [-0.91050410490177680, 0.40455334182446184, -0.08555411143789343, 448.00000000000000000]
    [0.38355316106570558, 0.90359235866283738, 0.19081000867587641, -2472.00000000000000000]
  #136 objects/buildingsets/human/station/utilitarian/util_001/001_core_sml_001_b.cgf
    [0.84996766304542204, 0.00741702581273920, 0.00000000000000000, 1664.00000000000000000]
    [-0.00741702581273920, 0.84996766304542204, -0.00000000000000000, 0.00000000000000000]
    [-0.00000000000000000, 0.00000000000000000, 0.85000002382047202, 480.00000000000000000]
  #137 objects/buildingsets/human/station/utilitarian/util_001/001_armsml_spine_008_b.cgf
    [1.00000000000000000, 0.00000000000000000, 0.00000000000000000, -576.00000000000000000]
    [0.00000000000000000, -1.00000000000000000, 0.00000000000000000, 0.00000000000000000]
    [0.00000000000000000, 0.00000000000000000, -1.00000000000000000, 480.00000000000000000]
  #138 objects/buildingsets/human/station/utilitarian/util_001/001_armsml_spine_008_b.cgf
    [0.00000139042892092, 0.70710664404334300, 0.70710684643247712, 2055.99999399999978777]
    [-0.00000059541652551, 0.70710684643362065, -0.70710664404331569, 440.00000599999998485]
    [-0.99999994916078228, 0.00000056215845496, 0.00000140420486205, -2503.99991700000009587]
  #139 objects/buildingsets/human/station/utilitarian/util_001/001_armsml_spine_008_b.cgf
    [0.00000000000000000, 1.00000000000000000, 0.00000000000000000, 656.00000000000000000]
    [0.00000000000000000, 0.00000000000000000, -1.00000000000000000, 688.00000799999997980]
    [-1.00000000000000000, 0.00000000000000000, 0.00000000000000000, -2535.99994000000015149]
  #140 data/objects/buildingsets/human/station/utilitarian/util_001/001_armsml_spine_008_a.cgf
    [1.00000000000000000, 0.00000000000000000, 0.00000000000000000, 3456.00000000000000000]
    [0.00000000000000000, -1.00000000000000000, 0.00000000000000000, 0.00000000000000000]
    [0.00000000000000000, 0.00000000000000000, -1.00000000000000000, 480.00000000000000000]
  #141 data/objects/buildingsets/human/station/utilitarian/util_001/001_armsml_hangar_xl_a_addon_b.cgf
    [0.99884787900735561, 0.01743388493704669, 0.00000000000000000, 1280.00000000000000000]
    [-0.01743388493704669, 0.99884787900735561, -0.00000000000000000, -960.00000000000000000]
    [-0.00000000000000000, 0.00000000000000000, 0.99900001288362905, 608.00000000000000000]
  #142 data/objects/space/3d/asteroid/angular_smooth_01/angular_smooth_01_01700_01.cgf
    [-0.95200623895701220, 0.27081393500239759, 0.14263720167965524, -360.00000000000000000]
    [0.26714977950234015, 0.96262255981548694, -0.04461210994440432, 160.00000000000000000]
    [-0.14938726186103199, -0.00436550688439836, -0.98876985494647174, 1616.00000000000000000]
  #143 objects/buildingsets/human/station/utilitarian/util_001/001_armsml_spine_008_b.cgf
    [1.00000000000000000, 0.00000000000000000, 0.00000000000000000, 3072.00000000000000000]
    [0.00000000000000000, -1.00000000000000000, 0.00000000000000000, 0.00000000000000000]
    [0.00000000000000000, 0.00000000000000000, -1.00000000000000000, 480.00000000000000000]
  #144 data/objects/buildingsets/human/station/utilitarian/addon/antennas/addon_antenna_lge_003_a.cgf
    [-0.71934033987295465, 0.69465744429554388, 0.00000000000000000, 1088.00000000000000000]
    [0.69465744429554388, 0.71934033987295498, 0.00000000000000000, 288.00000000000000000]
    [0.00000000000000000, 0.00000000000000000, -0.99999974474184461, 480.00000000000000000]
  #145 objects/buildingsets/human/station/utilitarian/addon/antennas/addon_antenna_lge_003_a.cgf
    [-0.00000000000205347, 0.50000000000205347, 0.00000000000000000, 1584.00000000000000000]
    [0.00000202655997584, 0.00000000000000000, -0.49999999999794653, -952.00000000000000000]
    [-0.49999999999794653, -0.00000000000205347, -0.00000202655997584, -2736.00000000000000000]
  #146 data/objects/space/3d/asteroid/angular_smooth_01/angular_smooth_01_02200_column_01.cgf
    [0.39348748906953573, 0.88491967135429883, 0.24916967849852772, 64.00000000000000000]
    [-0.61302190688322733, 0.45454293097152160, -0.64621639028438305, 1464.00000000000000000]
    [-0.68510765220811221, 0.10153155490351820, 0.72133182775465410, 776.00000000000000000]
  #147 data/objects/space/3d/asteroid/angular_smooth_01/angular_smooth_01_01200_surface_01.cgf
    [0.39073110419214951, 0.92050501421785458, 0.00000000000000000, 2784.00000000000000000]
    [-0.92050501421785458, 0.39073110419214951, -0.00000000000000000, -64.00000000000000000]
    [-0.00000000000000000, 0.00000000000000000, 1.00000013849170499, 96.00000000000000000]
  #148 data/objects/buildingsets/human/station/utilitarian/util_001/001_armsml_spine_008_a.cgf
    [0.00000000000000000, 0.00000000000000000, 1.00000000000000000, 1248.00000000000000000]
    [1.00000000000000000, 0.00000000000000000, 0.00000000000000000, 0.00000000000000000]
    [0.00000000000000000, 1.00000000000000000, 0.00000000000000000, 480.00000000000000000]
  #149 objects/buildingsets/human/station/utilitarian/util_001/001_armsml_spine_008_b.cgf
    [-0.00000061177201908, -0.99939145994178358, 0.03489869777113460, 808.00000000000000000]
    [-0.00000061139936156, 0.03489869777150841, 0.99939145994177070, -263.99999200000002020]
    [-1.00000060465497564, 0.00000059006233290, -0.00000063237696502, -2080.00182300000005853]
  #150 objects/buildingsets/human/station/utilitarian/util_001/001_armlge_cap_002_a.cgf
    [0.02466743277448351, 0.02466576279288741, -0.99889067116628782, 2656.00000000000000000]
    [0.70675228610637730, -0.70675360707884982, 0.00000114895508631, 95.99979999999999336]
    [-0.70632299897469120, -0.70632173551700617, -0.03488383712435559, 448.00000000000000000]
  #151 data/objects/buildingsets/human/station/utilitarian/addon/antennas/addon_antenna_lge_003_a.cgf
    [-0.01234116300847349, 0.70699962359799451, -0.70710624811700440, 2184.00000000000000000]
    [0.01234086094993505, -0.70699854969947495, -0.70710732712373126, 32.00000000000000000]
    [-0.99984769692429987, -0.01745282651455715, 0.00000020030211450, -1680.00000000000000000]
  #152 objects/buildingsets/human/station/utilitarian/addon/addon_ref_lrg_tank_a.cgf
    [-0.70710511751652116, 0.70710763244986130, 0.00000000000000000, 1120.00000000000000000]
    [-0.70710763244986130, -0.70710511751652116, 0.00000000000000000, 0.00000000000000000]
    [0.00000000000000000, 0.00000000000000000, 0.99999942554328558, 704.00000000000000000]
  #153 data/objects/buildingsets/human/station/utilitarian/util_001/001_armsml_spine_008_a.cgf
    [1.00000000000000000, 0.00000000000000000, 0.00000000000000000, 2688.00000000000000000]
    [0.00000000000000000, -1.00000000000000000, 0.00000000000000000, 0.00000000000000000]
    [0.00000000000000000, 0.00000000000000000, -1.00000000000000000, 480.00000000000000000]
  #154 data/objects/space/3d/asteroid/angular_smooth_01/angular_smooth_01_01700_column_01.cgf
    [0.90796930564797185, 0.39533628171405488, -0.13892439609875998, 2200.00000000000000000]
    [0.39150300435577606, -0.91852554728599245, -0.05509301256175091, -896.00000000000000000]
    [-0.14938594663254282, -0.00436655622126604, -0.98876882819252820, 456.00000000000000000]
  #155 objects/buildingsets/human/station/utilitarian/addon/antennas/addon_antenna_lge_003_a.cgf
    [-0.00000000000205347, -0.50000000000205347, 0.00000000000000000, 1064.00000000000000000]
    [0.00000202655586890, 0.00000000000000000, -0.49999999999794653, 1016.00525300000003881]
    [0.49999999999794653, -0.00000000000205347, 0.00000202655586890, 1295.99588199999993776]
  #156 data/objects/space/3d/asteroid/angular_smooth_01/angular_smooth_01_01400_01.cgf
    [-0.98095836490750954, 0.11577513756255202, 0.15593106740713991, 1624.00000000000000000]
    [0.14852503875261525, 0.96452819039658932, 0.21822780926405269, -800.00000000000000000]
    [-0.12513469991929496, 0.23723233631827215, -0.96335861413258506, -2224.00000000000000000]
  #157 data/objects/buildingsets/human/station/utilitarian/util_001/001_armsml_hangar_xl_a_addon_b.cgf
    [-0.99984783252374365, -0.01745133501321125, 0.00000000000000000, 544.00000000000000000]
    [0.01745133501321125, -0.99984783252374365, 0.00000000000000000, 32.00000000000000000]
    [0.00000000000000000, 0.00000000000000000, 1.00000011864807914, 704.00000000000000000]
  #158 objects/buildingsets/human/station/utilitarian/addon/antennas/addon_antenna_lge_003_a.cgf
    [-0.00000000000205347, 0.50000000000205347, 0.00000000000000000, 1376.00000000000000000]
    [-0.00000202655586890, 0.00000000000000000, 0.49999999999794653, -256.00000000000000000]
    [0.49999999999794653, 0.00000000000205347, 0.00000202655586890, 672.00000000000000000]
  #159 data/objects/space/3d/asteroid/angular_smooth_01/angular_smooth_01_01000_01.cgf
    [-0.49999895314067022, -0.70710638444848606, 0.50000068291548749, 1280.00000000000000000]
    [-0.49999851619576335, 0.70710652384036587, 0.50000092272910834, 2000.00000000000000000]
    [-0.70710791654866889, 0.00000033837946776, -0.70710499173716523, -360.00000000000000000]
  #160 objects/buildingsets/human/station/utilitarian/util_001/001_armsml_spine_008_b.cgf
    [-0.00000064012127299, -0.00000000000000000, -1.00000085349446199, 1384.00000799999997980]
    [0.00000000000000000, -1.00000085349466716, 0.00000000000000000, 400.00000000000000000]
    [-1.00000085349446199, 0.00000000000000000, 0.00000064012127265, -2591.99998499999992418]
  #161 data/objects/buildingsets/human/station/utilitarian/util_001/001_armlge_cap_002_a.cgf
    [0.69465752281762139, 0.71934041438265239, -0.00000000000000006, 1120.00000000000000000]
    [-0.00000013771314783, 0.00000013298776514, 0.99999985288563109, 32.00000000000000000]
    [0.71934041438263929, -0.69465752281760873, 0.00000019144361244, 384.00000000000000000]
  #162 objects/buildingsets/human/station/utilitarian/util_001/001_armsml_spine_008_b.cgf
    [-0.00000061177201908, -0.99939145994178358, 0.03489869777113460, 808.00000000000000000]
    [-0.00000061139936156, 0.03489869777150841, 0.99939145994177070, -264.00000799999997980]
    [-1.00000060465497564, 0.00000059006233290, -0.00000063237696502, -2463.99817699999994147]
  #163 data/objects/buildingsets/human/station/utilitarian/addon/antennas/addon_antenna_lge_002_a.cgf
    [-0.00000000000205347, 0.50000000000205347, 0.00000000000000000, 1728.00000000000000000]
    [0.00000202655997584, 0.00000000000000000, -0.49999999999794653, 320.00000000000000000]
    [-0.49999999999794653, -0.00000000000205347, -0.00000202655997584, -512.00000000000000000]
  #164 objects/buildingsets/human/station/utilitarian/util_001/001_armsml_spine_008_b.cgf
    [1.00000000000000000, 0.00000000000000000, 0.00000000000000000, 2304.00000000000000000]
    [0.00000000000000000, -1.00000000000000000, 0.00000000000000000, 0.00000000000000000]
    [0.00000000000000000, 0.00000000000000000, -1.00000000000000000, 480.00000000000000000]
  #165 data/objects/space/3d/asteroid/angular_smooth_01/angular_smooth_01_01400_01.cgf
    [0.39073110419214951, 0.92050501421785458, 0.00000000000000000, 1248.00000000000000000]
    [-0.92050501421785458, 0.39073110419214951, -0.00000000000000000, 80.00000000000000000]
    [-0.00000000000000000, 0.00000000000000000, 1.00000013849170499, -2960.00000000000000000]
  #166 data/objects/space/3d/asteroid/angular_smooth_01/angular_smooth_01_00900_cluster_01.cgf
    [0.66952822956919344, -0.44092013789696394, 0.99435352844930958, -34.41641599999999812]
    [-0.40120364074017362, 0.98519223841115955, 0.70700031807911290, -8128.84831699999995180]
    [-1.01103172363655314, -0.68293721754203685, 0.37792746450763459, 2755.38902700000016921]
  #167 objects/space/3d/asteroid/angular_smooth_01/angular_smooth_01_01300_cluster_01.cgf
    [0.15780768559605471, 1.22113360130664206, -0.33963084381526382, -7976.42162100000041391]
    [-0.55486137288751092, -0.24115946747807135, -1.12489582453979264, 8015.48271199999999226]
    [-1.13958116831938905, 0.28652135513700305, 0.50067946014016995, 2762.07388099999980113]
  #168 objects/space/3d/asteroid/angular_smooth_01/angular_smooth_01_01300_cluster_01.cgf
    [-0.29329009390883404, 1.05931295927037250, 0.65058078240627371, 5859.18953099999998813]
    [0.57943239965389304, -0.47490187314059740, 1.03447797676820996, 7283.28193999999984953]
    [1.09984425913210315, 0.53267498956583637, -0.37150819700883819, 2659.71371200000021418]
  #169 data/objects/space/3d/asteroid/angular_smooth_01/angular_smooth_01_00900_cluster_01.cgf
    [-1.25822792753164125, -0.19580252210135007, 0.09972796643641819, -6567.30079800000021351]
    [-0.20806711658993060, 1.24803554399070338, -0.17474887267488154, -8088.61436899999989691]
    [-0.07065670488173967, -0.18838913409732544, -1.26132429485072417, -2283.99864600000000792]
