# IncludedObjects
# Cgfs: 7, Materials: 0, Palettes: 1, Placements: 30

[CGFs]
      0: objects/buildingsets/human/lowtech/prop/utilitarian/structure/structure_post_8_a.cgf
      1: objects/buildingsets/human/station/utilitarian/addon/addon_suspension_fixings_med_003_a.cgf
      2: objects/buildingsets/human/station/utilitarian/addon/addon_light_tiny_006_a.cgf
      3: objects/buildingsets/human/station/utilitarian/util_001/001_ring_hull_002_a.cgf
      4: objects/buildingsets/human/station/utilitarian/util_001/001_armlge_strut_003_a.cgf
      5: objects/buildingsets/human/station/utilitarian/addon/antennas/addon_antenna_med_001_a.cgf
      6: objects/buildingsets/human/station/utilitarian/addon/addon_suspension_fixings_med_002_a.cgf

[Palettes]
      0: Libs/Foundry/Records/TintPalettes/Brand/Station/Rund/Station_Rund_Default|ext_main

[Placements]
  #0 objects/buildingsets/human/lowtech/prop/utilitarian/structure/structure_post_8_a.cgf
    [-0.104700449079891, 2.9981719666801596, 0, 21.101905000003171]
    [-2.9981719666801596, -0.104700449079891, -0, -847.19048000000475]
    [-0, 0, 2.9999995543040181, 102.312488]
  #1 objects/buildingsets/human/station/utilitarian/addon/addon_suspension_fixings_med_003_a.cgf
    [-1.2801051862969284, 2.7777091676128614E-06, -0.89634198182353098, 895.61602299999504]
    [-0.89634198182699276, -1.824684265496232E-06, 1.2801051862962178, 752.66853700000502]
    [1.2287659055238432E-06, 1.5627214199467221, 3.0879240986569033E-06, 31.000187999999998]
  #2 objects/buildingsets/human/station/utilitarian/addon/addon_light_tiny_006_a.cgf
    [0.62373770574802756, 2.9344405734066363, 0, 234.87973800000327]
    [-2.9344405734066363, 0.62373770574802756, -0, -1033.4464060000028]
    [-0, 0, 2.9999983674040358, 21.733628]
  #3 objects/buildingsets/human/station/utilitarian/util_001/001_ring_hull_002_a.cgf
    [0.50000006246586637, 0.86602507920230154, 0, 0]
    [-0.86602507920230154, 0.50000006246586637, -0, 0]
    [-0, 0, 0.99999975013658027, 0]
  #4 objects/buildingsets/human/station/utilitarian/util_001/001_armlge_strut_003_a.cgf
    [0.52862406710073606, 0.37014692742480948, 0, 542.32290199999989]
    [-0.37014692742480948, 0.52862406710073606, -0, -351.70829700000468]
    [-0, 0, 0.64533104078461212, -69]
  #5 objects/buildingsets/human/station/utilitarian/addon/addon_suspension_fixings_med_003_a.cgf
    [1.758295809533394, 7.4466724085889305E-22, -9.9464262805277809E-06, -81.676151000006939]
    [9.946426280525743E-06, -1.1255356576614854E-06, 1.7582958095330339, 1066.116246000005]
    [-6.3669931896449394E-12, -1.7582958095611667, -1.1255356576434767E-06, 24.000105999999999]
  #6 objects/buildingsets/human/station/utilitarian/addon/antennas/addon_antenna_med_001_a.cgf
    [-9.5926417121194439E-07, -0.8251932998063144, 1.1784994962710569, 1250.9785839999968]
    [-5.5021090801543931E-07, 1.178499496271443, 0.82519329980613709, 876.81204499999876]
    [-1.4386817037677466, 9.950435072142499E-08, -1.101371271601728E-06, 96.999686000000011]
  #7 objects/buildingsets/human/station/utilitarian/addon/addon_suspension_fixings_med_003_a.cgf
    [-1.2801175889532055, 0.89633921350404155, 2.9808023975257623E-06, 513.61835299999802]
    [0.89633921350404155, 1.2801175889563301, -9.3983497442123309E-07, -333.3322829999961]
    [-2.9808018944810963E-06, 9.3983656988787028E-07, -1.5627299917808992, -42.999811999999999]
  #8 objects/buildingsets/human/station/utilitarian/addon/addon_suspension_fixings_med_002_a.cgf
    [-1.4772187565917931, 0.26047403155477389, 0, -481.94107800000347]
    [0.26047403155477389, 1.4772187565917931, 0, 1209.589433000001]
    [0, 0, -1.5000073252957802, 45.999851999999997]
  #9 objects/buildingsets/human/station/utilitarian/addon/addon_light_tiny_006_a.cgf
    [-0.3135867102116508, 2.9835624480498213, 0, -132.74926700000651]
    [-2.9835624480498213, -0.3135867102116508, -0, -1050.6392659999983]
    [-0, 0, 2.9999969177041517, 21.733628]
  #10 objects/buildingsets/human/station/utilitarian/addon/addon_suspension_fixings_med_003_a.cgf
    [-0.8791431471425013, -1.9520979281634854E-16, 1.5227289188454642, 754.48416999999608]
    [1.5227289188454534, -2.0826221470612181E-07, 0.87914314714249553, -147.29334800000652]
    [1.8036061509524125E-07, 1.7582935003735456, 1.041306811124783E-07, -69.999901999999992]
  #11 objects/buildingsets/human/lowtech/prop/utilitarian/structure/structure_post_8_a.cgf
    [0.1047017405522849, -2.9981719516589247, 0, 58.991745999999694]
    [2.9981719516589247, 0.1047017405522849, 0, 845.55498299999454]
    [0, 0, 2.9999995843647991, 102.311998]
  #12 objects/buildingsets/human/station/utilitarian/util_001/001_ring_hull_002_a.cgf
    [-0.4999979282597764, -0.86602573435043051, 0, 0]
    [0.86602573435043051, -0.4999979282597764, 0, 0]
    [0, 0, 0.99999925041035465, 0]
  #13 objects/buildingsets/human/station/utilitarian/addon/addon_suspension_fixings_med_002_a.cgf
    [-0.74999534153992498, -1.2990332827967548, 0, -726.56334100000095]
    [-1.2990332827967548, 0.74999534153992464, 0, -1238.5913640000072]
    [-0, 0, -1.4999934940343249, 45.999851999999997]
  #14 objects/buildingsets/human/station/utilitarian/addon/addon_suspension_fixings_med_002_a.cgf
    [1.2287277274963386, 0.86036473198918795, 0, 1270.6891069999983]
    [0.86036473198918795, -1.2287277274963391, 0, 891.28442900000664]
    [0, 0, -1.4999997667896967, 90.999852000000004]
  #15 objects/buildingsets/human/station/utilitarian/util_001/001_armlge_strut_003_a.cgf
    [0.52862406710073606, -0.37014692742480948, 0, 542.32139100000495]
    [0.37014692742480948, 0.52862406710073606, 0, 352.29170299999532]
    [0, 0, 0.64533104078461212, 85]
  #16 objects/buildingsets/human/station/utilitarian/addon/addon_suspension_fixings_med_002_a.cgf
    [1.499997973441078, 2.9999959393138933E-06, 0, 1220.2522690000042]
    [2.9999959393138933E-06, -1.4999979734410775, 0, 9.3718979999976]
    [0, 0, -1.4999979734440776, -30.000147999999999]
  #17 objects/buildingsets/human/station/utilitarian/addon/addon_suspension_fixings_med_003_a.cgf
    [-0.98374136599134898, 6.6664767819785598E-17, 0.68882178207533762, 1007.1592789999995]
    [-0.68882178207523481, 6.5592590279170124E-07, -0.98374136599120232, 708.58339600000181]
    [-3.7622315144240934E-07, -1.200925694047529, -5.3730338744450429E-07, 41.000236000000001]
  #18 objects/buildingsets/human/station/utilitarian/util_001/001_ring_hull_002_a.cgf
    [-0.094369923680144699, -1.0786301020801818, 0, 10.999945999996271]
    [1.0786301020801818, -0.094369923680144699, 0, 25.000023999993573]
    [0, 0, 1.0827504696876835, 0]
  #19 objects/buildingsets/human/station/utilitarian/addon/addon_suspension_fixings_med_002_a.cgf
    [1.2287277274963386, 0.86036473198918795, 0, 1553.837606999994]
    [0.86036473198918795, -1.2287277274963391, 0, 1173.1918940000032]
    [0, 0, -1.4999997667896967, 45.999851999999997]
  #20 objects/buildingsets/human/station/utilitarian/addon/addon_suspension_fixings_med_003_a.cgf
    [-0.78137113430609284, 1.3533539036257329, 2.7067240950838339E-06, 451.61885600000096]
    [1.3533539036257329, 0.7813711343092179, -1.5627163810893574E-06, -567.33241600000474]
    [-2.7067244327587119E-06, 1.5627157962148616E-06, -1.5627244280369326, -42.999811999999999]
  #21 objects/buildingsets/human/station/utilitarian/addon/addon_suspension_fixings_med_002_a.cgf
    [1.2287326303324455, -0.86036139049028082, 0, 998.69260500000382]
    [-0.86036139049028082, -1.2287326303324457, -0, -738.71615500000189]
    [0, 0, -1.5000018663621921, -63.000148000000003]
  #22 objects/buildingsets/human/station/utilitarian/addon/addon_suspension_fixings_med_002_a.cgf
    [1.2287326303324455, -0.86036139049028082, 0, 1270.6928670000052]
    [-0.86036139049028082, -1.2287326303324457, -0, -860.71557099999336]
    [0, 0, -1.5000018663621921, -63.000148000000003]
  #23 objects/buildingsets/human/station/utilitarian/addon/addon_suspension_fixings_med_003_a.cgf
    [-0.87914395662489619, 2.1178796647882086E-06, 1.522732438797425, 754.48354200000176]
    [-1.5227324387968992, 1.6258788931338953E-06, -0.87914395662685385, 166.70661900000414]
    [-2.4669892261281861E-06, -1.7582969534846462, 1.0212054678148047E-06, -69.999899999999997]
  #24 objects/buildingsets/human/station/utilitarian/addon/antennas/addon_antenna_med_001_a.cgf
    [-9.5926417121194439E-07, -0.8251932998063144, 1.1784994962710569, 1534.127084000007]
    [-5.5021090801543931E-07, 1.178499496271443, 0.82519329980613709, 1158.719511000003]
    [-1.4386817037677466, 9.950435072142499E-08, -1.101371271601728E-06, 51.999685999999997]
  #25 objects/buildingsets/human/station/utilitarian/util_001/001_armlge_strut_003_a.cgf
    [0.52862406710073606, -0.37014692742480948, 0, 763.73857000000135]
    [0.37014692742480948, 0.52862406710073606, 0, 604.44045100000221]
    [0, 0, 0.64533104078461212, 36]
  #26 objects/buildingsets/human/station/utilitarian/addon/addon_suspension_fixings_med_003_a.cgf
    [-0.60045837931863799, -1.3332909003797555E-16, -1.0400301039978004, 508.02297000000544]
    [1.0400301039977931, -1.4224394778280422E-07, -0.60045837931863411, -805.28448800000479]
    [-1.2318704068274663E-07, -1.2009216804253395, 7.1121682767334007E-08, 41.000236000000001]
  #27 objects/buildingsets/human/station/utilitarian/addon/addon_suspension_fixings_med_002_a.cgf
    [1.2287229997519884, 8.3266704554906703E-17, 0.8603711903305461, 1010.070338000005]
    [0.86037119033050713, 4.5250830710436459E-07, -1.2287229997519324, 734.1924219999928]
    [-2.5955014358580498E-07, 1.4999995984233199, 3.7067167549719019E-07, 58.999851999999997]
  #28 objects/buildingsets/human/station/utilitarian/addon/addon_suspension_fixings_med_002_a.cgf
    [0.86035895425474573, 9.3414390522838317E-07, 1.2287315573418554, 636.07277600000089]
    [1.2287315573420132, -1.5037511301122696E-06, -0.86035895425371323, -401.80838099999528]
    [6.960051199212735E-07, 1.4999995900572103, -1.6277190083348622E-06, 58.999851999999997]
  #29 objects/buildingsets/human/station/utilitarian/addon/addon_suspension_fixings_med_003_a.cgf
    [-0.78135810205622691, 8.6748531063194259E-17, 1.3533593270247788, 549.92970599999535]
    [1.3533593270247695, -1.8509769352319709E-07, 0.78135810205622136, -620.96954099999857]
    [1.6029952377869585E-07, 1.5627226086845474, 9.2548467410272203E-08, 31.000105999999999]
