# IncludedObjects
# Cgfs: 62, Materials: 21, Palettes: 5, Placements: 213

[CGFs]
      0: objects/buildingsets/human/colonialism/col_a/ext/tradingpost/col_a_tp_a_ext_shop_banner_pole_a.cgf
      1: objects/buildingsets/human/utilitarian/prop/machine/generator/generator_mobile_gaz_1_a.cgf
      2: objects/buildingsets/human/hightech/prop/storage/crate/crate_dry_1_0125x0125x0125_c.cgf
      3: objects/buildingsets/human/lowtech/prop/storage/box/box_plastic_4_0075x015x0075_a.cgf
      4: objects/buildingsets/human/lowtech/prop/storage/box/box_plastic_4_weapon_005x010x005_a.cgf
      5: objects/buildingsets/human/colonialism/props/light/light_floor_2_a.cgf
      6: objects/buildingsets/human/hightech/prop/storage/canister/canister_portable_gas_1_a.cgf
      7: objects/buildingsets/human/colonialism/ruin/addons/col_a_ruin_ext_adn_lightpost_a.cgf
      8: objects/buildingsets/human/colonialism/ruin/col_a_der_slabs_rebar_a.cgf
      9: objects/buildingsets/human/colonialism/ruin/col_a_der_conc_piece_d.cgf
     10: objects/planet/geology/generic_rock_set_a/generic_rock_ground_scatter_a.cgf
     11: objects/buildingsets/human/colonialism/col_a/int/garage/col_garage_sml_a_int_machinery_g.cgf
     12: objects/buildingsets/human/colonialism/ruin/col_a_der_rebar_4m_a.cgf
     13: objects/buildingsets/human/universal/prop/junk/scrap/scrap_pile_4_large_a.cgf
     14: objects/buildingsets/human/universal/prop/junk/scrap/scrap_cockpit_rusted_1_c.cgf
     15: objects/buildingsets/human/colonialism/col_a/int/garage/col_garage_sml_a_int_floor_cables_c.cgf
     16: objects/buildingsets/human/colonialism/ruin/col_a_der_floor_tile_scatter.cgf
     17: objects/buildingsets/human/colonialism/ruin/col_a_der_slabs_b.cgf
     18: objects/buildingsets/human/colonialism/ruin/structure/col_a_ruin_struct_addon_bar_4m_d.cgf
     19: objects/buildingsets/human/colonialism/ruin/col_a_der_slabs_c.cgf
     20: objects/buildingsets/organic/megascans/rubble/organic_concrete_rubble_pile_f.cgf
     21: objects/buildingsets/human/colonialism/ruin/col_a_der_conc_piece_h.cgf
     22: objects/planet/geology/generic_rock_set_a/generic_rock_ground_scatter_d_color.cgf
     23: objects/buildingsets/human/colonialism/ruin/structure/col_a_ruin_struct_addon_bar_4m_b.cgf
     24: objects/buildingsets/human/colonialism/ruin/structure/col_a_ruin_struct_sheet_4m_a.cgf
     25: objects/buildingsets/organic/megascans/rubble/organic_concrete_rubble_pile_b.cgf
     26: objects/buildingsets/human/colonialism/col_a/int/garage/col_garage_sml_a_int_b_wall_machinery_a.cgf
     27: objects/buildingsets/human/colonialism/col_a/int/garage/col_garage_sml_a_int_greeble_e.cgf
     28: objects/buildingsets/human/colonialism/ruin/structure/col_a_ruin_struct_addon_bar_2m_c.cgf
     29: objects/buildingsets/human/universal/prop/junk/scrap/scrap_pile_1_small_a.cgf
     30: objects/buildingsets/human/lowtech/alpha/ext/prop/shipping_container_1_025x05x025_a.cgf
     31: objects/buildingsets/human/colonialism/ruin/col_a_der_pipe_4m_a.cgf
     32: objects/buildingsets/human/colonialism/ruin/col_a_der_floor_4m_b.cgf
     33: objects/buildingsets/human/colonialism/ruin/structure/col_a_ruin_struct_sheet_4m_bare_a.cgf
     34: objects/buildingsets/human/colonialism/ruin/structure/col_a_ruin_struct_sheet_2m_bare_a.cgf
     35: objects/buildingsets/human/colonialism/col_a/int/garage/col_garage_sml_a_int_b_wall_machinery_d.cgf
     36: objects/buildingsets/organic/megascans/rubble/organic_ms_rubble_mound_b.cgf
     37: objects/buildingsets/human/colonialism/col_a/int/garage/col_garage_sml_a_int_hanging_cables_b.cgf
     38: objects/planet/geology/generic_rock_set_a/generic_rock_ground_scatter_e_color.cgf
     39: objects/planets/terrain_extension/biome_embed_piles/pile_mound_20x05x04_b.cgf
     40: objects/buildingsets/human/universal/prop/box_plastic/box_plastic_1_064x094x055_a.cgf
     41: objects/buildingsets/human/colonialism/ruin/col_a_der_floor_4m_a.cgf
     42: objects/buildingsets/organic/megascans/rubble/organic_concrete_rubble_pile_flat.cgf
     43: objects/buildingsets/human/colonialism/ruin/structure/col_a_ruin_struct_sheet_4m_bare_b.cgf
     44: objects/buildingsets/human/colonialism/ruin/structure/col_a_structural_addon_bar_2m_d.cgf
     45: objects/planets/terrain_extension/biome_embed_piles/pile_mound_10x5x04_c.cgf
     46: objects/buildingsets/organic/megascans/rubble/organic_concrete_ruibble_pile_e.cgf
     47: objects/planets/terrain_extension/biome_embed_piles/pile_wall_pinch_10x5x04_a.cgf
     48: objects/buildingsets/human/lowtech/prop/utilitarian/tank/tank_liquid_1_025x025x025_a.cgf
     49: objects/planets/terrain_extension/biome_embed_piles/pile_mound_10x5x04_b.cgf
     50: objects/buildingsets/human/colonialism/ruin/col_a_der_conc_piece_e.cgf
     51: objects/planets/terrain_extension/biome_embed_piles/pile_mound_10x5x04_a.cgf
     52: objects/buildingsets/human/colonialism/ruin/col_a_der_wall_broken_g.cgf
     53: objects/buildingsets/human/colonialism/props/furniture/table/table_simple_1_a.cgf
     54: objects/buildingsets/human/universal/prop/uee/seat/seat_stool_1_a.cgf
     55: objects/buildingsets/human/lowtech/prop/utilitarian/heater/heater_hanging_1_a.cgf
     56: objects/buildingsets/human/universal/prop/dressing/bucket/bucket_plastic_1_a.cgf
     57: objects/buildingsets/human/universal/prop/junk/scrap/scrap_pile_3_medium_a.cgf
     58: objects/buildingsets/human/universal/prop/junk/scrap/scrap_pile_4_small_a.cgf
     59: objects/buildingsets/human/universal/prop/dressing/drug/drug_widow_1_a.cgf
     60: objects/planet/geology/generic_rock_set_a/generic_rock_ground_scatter_med_b.cgf
     61: objects/buildingsets/human/colonialism/col_a/int/garage/col_garage_sml_a_int_machinery_f.cgf

[Materials]
      0: objects/buildingsets/human/colonialism/col_a/col_a_derelict_a
      1: objects/planets/terrain_extension/biome_embed_piles/biome_embed_sand_piles_02
      2: materials/decals/leakings/rust_leakings_b
      3: materials/pu/decal/brands/worn/decal_brand_worn_terramills_a
      4: materials/pu/decal/brands/worn/decal_brand_worn_bennys_a
      5: materials/decals/leakings/rust_leakings_a
      6: materials/pu/decal/brands/worn/decal_brand_worn_casaba_a
      7: materials/decals/debris/debris
      8: materials/pu/decal/brands/worn/decal_brand_worn_ellroys_a
      9: materials/decals/damage_decals/fs_concrete_damage_rebar_04
     10: materials/decals/dirty_rust/dirty_rust_e
     11: materials/decals/damage_decals/fs_concrete_damage_rebar_05
     12: materials/pu/decal/stains/leaking/decal_leaking_d
     13: materials/decals/dirty_rust/dirty_rust_d
     14: materials/pu/decal/debris/road/decal_debris_road_rocks_b
     15: materials/decals/damage_decals/fs_concrete_damage_rebar_01
     16: materials/decals/damage_decals/fs_concrete_damage_rebar_03
     17: materials/dev/grey_light
     18: materials/pu/decal/markings/numbers/rajdhani/0
     19: materials/pu/decal/markings/numbers/rajdhani/3
     20: materials/pu/decal/graffiti/graffiti_chalk_marks_a

[Palettes]
      0: Libs/Foundry/Records/TintPalettes/Brand/Colonialism/col_default
      1: Libs/Foundry/Records/TintPalettes/Generic/gen_beige_burgundy_red
      2: Libs/Foundry/Records/TintPalettes/default
      3: Libs/Foundry/Records/TintPalettes/Generic/gen_brown_orange_ocher<333>
      4: Libs/Foundry/Records/TintPalettes/Generic/gen_darkgrey_yellow_orange_a<333>

[Placements]
  #0 objects/buildingsets/human/colonialism/col_a/ext/tradingpost/col_a_tp_a_ext_shop_banner_pole_a.cgf
    [0.99452387062343339, 0.10446499461740751, -0.0036471601796849592, -4.545331]
    [-0.10452864142060643, 0.99391806317310016, -0.03470753432041155, -10.408114000000012]
    [-7.4400261534970174E-07, 0.034898634864780675, 0.99939284138001916, 0.020566000000000001]
  #1 objects/buildingsets/human/utilitarian/prop/machine/generator/generator_mobile_gaz_1_a.cgf
    [0.17364754462515539, -0.98480979565681115, 0, -12.590241000000001]
    [0.98480979565681115, 0.17364754462515539, 0, 7.8947340000000281]
    [0, 0, 1.0000019016861694, 0]
  #2 objects/buildingsets/human/hightech/prop/storage/crate/crate_dry_1_0125x0125x0125_c.cgf
    [0.32556596117349157, -0.94550541698033663, -0.0048173490914205546, -3.758772]
    [0.94551717873492869, 0.3255668535043974, 0.00061974400796145992, -10.335804999999993]
    [0.00098239939420461438, -0.0047566612591481627, 0.99998665217658989, -0.017479999999999999]
  #3 objects/buildingsets/human/lowtech/prop/storage/box/box_plastic_4_0075x015x0075_a.cgf
    [-0.66913249475628478, -0.74314387961289718, 0, -9.6909329999999994]
    [0.74314387961289718, -0.66913249475628478, 0, 14.129618999999991]
    [0, 0, 1.0000005606722815, 0]
  #4 objects/buildingsets/human/lowtech/prop/storage/box/box_plastic_4_weapon_005x010x005_a.cgf
    [-0.97814787888792987, -0.2079107823208978, 0, 4.0111150000000002]
    [0.2079107823208978, -0.97814787888792987, 0, -11.571206000000018]
    [0, 0, 1.0000000831891183, 0]
  #5 objects/buildingsets/human/lowtech/prop/storage/box/box_plastic_4_weapon_005x010x005_a.cgf
    [0.97029589802732896, 0.24192117877086725, 0, 2.288894]
    [-0.24192117877086725, 0.97029589802732896, -0, -15.100674000000026]
    [-0, 0, 0.99999999323327327, 0]
  #6 objects/buildingsets/human/colonialism/col_a/ext/tradingpost/col_a_tp_a_ext_shop_banner_pole_a.cgf
    [0.99619674565491245, 0.087155121013512762, 0, -4.6363830000000004]
    [-0.087155121013512762, 0.99619674565491245, -0, -10.116904999999974]
    [-0, 0, 1.000001985584188, 0.020566000000000001]
  #7 objects/buildingsets/human/colonialism/props/light/light_floor_2_a.cgf
    [-0.51503563004187936, -0.85716902765920588, 0, 8.5291040000000002]
    [0.85716902765920588, -0.51503563004187936, 0, 3.2749400000000151]
    [0, 0, 1.0000002210954073, -0.0060299999999999998]
  #8 objects/buildingsets/human/hightech/prop/storage/canister/canister_portable_gas_1_a.cgf
    [-0.66913249475628478, -0.74314387961289718, 0, -10.078668]
    [0.74314387961289718, -0.66913249475628478, 0, 15.164136999999982]
    [0, 0, 1.0000005606722815, 0]
  #9 objects/buildingsets/human/hightech/prop/storage/crate/crate_dry_1_0125x0125x0125_c.cgf
    [-0.99618191212548524, 0.087152679092575083, -0.0048175494642021663, 2.6300400000000002]
    [-0.087156641900007742, -0.99619302225915174, 0.00061844703281099648, -11.608661999999981]
    [-0.0047453164875717463, 0.0010359686313817834, 0.99998680443407284, 0.0022230000000000001]
  #10 objects/buildingsets/human/colonialism/ruin/addons/col_a_ruin_ext_adn_lightpost_a.cgf
    [0.39073110419214951, 0.92050501421785458, 0, -9.4585729999999995]
    [-0.92050501421785458, 0.39073110419214951, -0, 12.599155999999994]
    [-0, 0, 1.000000138491705, -1.2999999999999999E-05]
  #11 objects/buildingsets/human/hightech/prop/storage/canister/canister_portable_gas_1_a.cgf
    [-0.66913249475628478, -0.74314387961289718, 0, 1.982416]
    [0.74314387961289718, -0.66913249475628478, 0, -15.716351999999972]
    [0, 0, 1.0000005606722815, 0]
  #12 objects/buildingsets/human/colonialism/props/light/light_floor_2_a.cgf
    [-0.7431467840388486, 0.66912908650107494, 0, -16.567046000000001]
    [-0.66912908650107494, -0.7431467840388486, 0, 9.3542170000000056]
    [0, 0, 1.000000438514427, -0.012411]
  #13 objects/buildingsets/human/colonialism/ruin/col_a_der_slabs_rebar_a.cgf
    [-0.04353511974132479, 0.90923973291176841, 0.034028638429902308, -10.285283]
    [-0.17076656996956624, -0.041627190532075288, 0.89379869231219178, -1.4984010000000012]
    [0.89370779269271583, 0.036337747490602937, 0.172441573228069, 0.153831]
  #14 objects/buildingsets/human/colonialism/ruin/col_a_der_conc_piece_d.cgf
    [-0.04077465021355707, 0.43293799875825267, 0.0081980855317213327, -1.295445]
    [-0.26468415827468156, -0.031436280205018541, 0.34368466378428791, -12.683605]
    [0.34270222604122302, 0.027231250307228068, 0.26641834536743098, 0.56633500000000003]
  #15 objects/buildingsets/human/lowtech/prop/storage/box/box_plastic_4_0075x015x0075_a.cgf
    [0.12186943568311163, -0.99254637732629858, 0, -9.4525400000000008]
    [0.99254637732629858, 0.12186943568311163, 0, 6.7315280000000257]
    [0, 0, 1.0000002352486119, 0]
  #16 objects/planet/geology/generic_rock_set_a/generic_rock_ground_scatter_a.cgf
    [-0.70661220059041396, 0.0380691093041347, 0.0048338747396307353, 11.362066]
    [-0.036132960575105642, -0.69005404472785714, 0.15262126315241359, 2.6246499999999742]
    [0.012924108800472742, 0.1521498725696156, 0.69098249553820046, 0.12245300000000001]
  #17 objects/buildingsets/human/colonialism/col_a/int/garage/col_garage_sml_a_int_machinery_g.cgf
    [0.0064478372615439355, 0.40924867259387582, 0, -2.395556]
    [-0.40924867259387582, 0.0064478372615439355, -0, 12.453273000000024]
    [-0, 0, 0.40929946326033795, -0.65986100000000003]
  #18 objects/buildingsets/human/colonialism/ruin/col_a_der_rebar_4m_a.cgf
    [-0.99820723868063455, 0.05792645204614176, -0.015062747552511883, -5.5833399999999997]
    [0.015797899965461912, 0.012254177781653728, -0.99980013655154043, -13.105698000000018]
    [-0.057730291590861744, -0.99824566758145439, -0.013147324921535091, -0.306446]
  #19 objects/buildingsets/human/universal/prop/junk/scrap/scrap_pile_4_large_a.cgf
    [-0.26231943531821816, -0.050989891229920578, 0, -13.604794999999999]
    [0.050989891229920578, -0.26231943531821816, 0, 11.723372999999981]
    [0, 0, 0.26722921837498975, 0]
  #20 objects/buildingsets/human/colonialism/ruin/col_a_der_conc_piece_d.cgf
    [-0.57489160476768353, -0.36074688196657184, 0.12219866802900389, -6.7464940000000002]
    [0.35286388886147318, -0.587735375571105, -0.075002591881074512, 8.2270409999999856]
    [0.14338027498308228, 1.6484609057777886E-06, 0.67454672283844619, -0.16752400000000001]
  #21 objects/buildingsets/human/universal/prop/junk/scrap/scrap_cockpit_rusted_1_c.cgf
    [-0.97029542908596256, -0.24192123224459194, 0, -4.5634829999999997]
    [0.24192123224459194, -0.97029542908596256, 0, -15.86962699999998]
    [0, 0, 0.99999955115782646, -0.096953999999999999]
  #22 objects/buildingsets/human/colonialism/col_a/int/garage/col_garage_sml_a_int_floor_cables_c.cgf
    [-0.77415464583712501, 0.28177033323568013, 0, 2.237498]
    [-0.28177033323568013, -0.77415464583712501, 0, -8.655460000000005]
    [0, 0, 0.82383853779909477, 0.032881000000000001]
  #23 objects/buildingsets/human/colonialism/ruin/col_a_der_floor_tile_scatter.cgf
    [-0.9999999999993332, 0, 1.9999999949491522E-06, 0.37968800000000003]
    [0, -1.0000000000013332, 0, 8.4147829999999999]
    [1.9999999949491522E-06, 0, 0.99999999999933342, 0.019102000000000001]
  #24 objects/buildingsets/human/colonialism/ruin/col_a_der_slabs_b.cgf
    [0.91251041700782276, 0.034171396809783046, 0, 7.3694800000000003]
    [-0.034171396809783046, 0.91251041700782276, -0, 0.39031799999997929]
    [-0, 0, 0.91315001259799711, -1.2371160000000001]
  #25 objects/buildingsets/human/colonialism/ruin/col_a_der_rebar_4m_a.cgf
    [0.21987448467015258, 0.029527395187513097, 0.97508108935299853, 10.317043999999999]
    [0.3651398625407889, 0.92439177681891227, -0.11032910143123456, -0.91017599999997856]
    [-0.90461476809970542, 0.38029956977673574, 0.19246855704997914, 1.0110619999999999]
  #26 objects/buildingsets/human/colonialism/col_a/ext/tradingpost/col_a_tp_a_ext_shop_banner_pole_a.cgf
    [-1.0000019868205057, 0, 0, -4.3847399999999999]
    [0, -1.0000019868205057, 0, -8.3265380000000278]
    [0, 0, 1.0000019868205057, 0.020566000000000001]
  #27 objects/buildingsets/human/colonialism/ruin/col_a_der_rebar_4m_a.cgf
    [-0.083071794312102362, 0.1154183004272312, 0.98983781680573435, 10.506107]
    [0.10699091164073735, -0.98649692952916634, 0.12400791715973862, 2.8884780000000205]
    [0.99078415029638867, 0.11620514024130804, 0.06960131870479308, 0.11619400000000001]
  #28 objects/buildingsets/human/colonialism/ruin/structure/col_a_ruin_struct_addon_bar_4m_d.cgf
    [0.0085077888340331052, -0.65826973133096722, 0.63573928537176028, 5.0410219999999999]
    [0.91236386229926936, -0.043393231920600156, -0.057140798176343904, -3.5004309999999919]
    [0.071243672855209883, 0.6343136833297276, 0.65584018696718993, 1.00739]
  #29 objects/buildingsets/human/colonialism/ruin/col_a_der_slabs_c.cgf
    [-0.02956613375792045, -0.91267107241206769, 0, -10.218653]
    [0.91267107241206769, -0.02956613375792045, 0, -3.186836000000028]
    [0, 0, 0.91314984678484457, -0.064857999999999999]
  #30 objects/buildingsets/human/hightech/prop/storage/crate/crate_dry_1_0125x0125x0125_c.cgf
    [-0.99618191212548524, 0.087152679092575083, -0.0048175494642021663, -8.696161]
    [-0.087156641900007742, -0.99619302225915174, 0.00061844703281099648, -5.5698980000000233]
    [-0.0047453164875717463, 0.0010359686313817834, 0.99998680443407284, -0.017479999999999999]
  #31 objects/buildingsets/organic/megascans/rubble/organic_concrete_rubble_pile_f.cgf
    [-2.4913901230713669, -1.4969678477071924, 4.0478554351448198E-06, -2.8654480000000002]
    [1.4969678476955652, -2.4913901230713651, -7.1556964080139494E-06, 13.033294000000012]
    [7.1551330446474046E-06, -4.048851172973632E-06, 2.906533585279115, -0.34405799999999997]
  #32 objects/buildingsets/human/colonialism/ruin/col_a_der_conc_piece_h.cgf
    [-0.12477593032087046, -0.20467740280654143, -0.66581629799248143, 10.686838]
    [-0.56080299121618105, 0.43072868189023994, -0.027313409153073422, 2.3029450000000224]
    [0.41316363215441393, 0.52283188316795304, -0.23815089688579116, 0.402119]
  #33 objects/planet/geology/generic_rock_set_a/generic_rock_ground_scatter_d_color.cgf
    [-0.7062183801678964, 0.040924401094144407, 0.01880437100012106, 9.8490870000000008]
    [-0.035771422893502672, -0.68920390429488565, 0.15649662957857027, -3.9801939999999831]
    [0.027364507629387278, 0.15522880905413028, 0.68987535977336489, 0.062130999999999999]
  #34 objects/buildingsets/human/colonialism/ruin/col_a_der_rebar_4m_a.cgf
    [4.1904976279947715E-07, 9.8823668377834164E-07, 1.0000005614533496, -10.287347]
    [-0.99995348724910427, -0.0097028988626310896, 4.2861879141249498E-07, 5.0073360000000093]
    [0.0097028988630491995, -0.99995348724870781, 9.8412416825049796E-07, 0.11729299999999999]
  #35 objects/buildingsets/human/colonialism/ruin/structure/col_a_ruin_struct_addon_bar_4m_b.cgf
    [0.075157252714786835, -1.3688791360750832, 0.44477511392997099, -1.6593500000000001]
    [1.4393244912642293, 0.071478876059247132, -0.023224618683485656, -13.747708999999986]
    [-2.2846530957279431E-07, 0.44538105582114718, 1.3707440749112529, 1.206939]
  #36 objects/buildingsets/human/colonialism/ruin/col_a_der_conc_piece_d.cgf
    [-0.039347948869414694, 0.13834391010472338, 0.67445205351601656, -10.214573]
    [0.052756906994066384, -0.67296054777342096, 0.14111584227216292, -9.1078430000000026]
    [0.68647018778637048, 0.059648425902941858, 0.027813982151283216, -0.25553700000000001]
  #37 objects/buildingsets/human/colonialism/ruin/structure/col_a_ruin_struct_sheet_4m_a.cgf
    [-0.25827381964111751, 0.0040698566331095519, 0.96606280880858308, 10.631618]
    [-0.015759318136867297, -0.99987545429378677, -9.0008661893522022E-07, -1.7691449999999804]
    [0.96594283380953982, -0.015224729092338051, 0.25830588387455727, 0.85522900000000002]
  #38 objects/buildingsets/organic/megascans/rubble/organic_concrete_rubble_pile_b.cgf
    [-0.81659962346435722, -0.071440987884257526, 1.5663255079863337E-06, -1.4705779999999999]
    [0.071440987880978635, -0.81659962346435711, -1.7094336981173606E-06, -13.184796000000006]
    [1.709347900634164E-06, -1.5664191392553328E-06, 0.81971870772179289, -0.18362899999999999]
  #39 objects/buildingsets/human/colonialism/col_a/int/garage/col_garage_sml_a_int_b_wall_machinery_a.cgf
    [0.0064478372615439355, 0.40924867259387582, 0, -3.1451099999999999]
    [-0.40924867259387582, 0.0064478372615439355, -0, 13.336172999999974]
    [-0, 0, 0.40929946326033795, -0.45372499999999999]
  #40 objects/buildingsets/human/colonialism/col_a/int/garage/col_garage_sml_a_int_greeble_e.cgf
    [-0.044803516042758368, -6.7959293042281404E-17, 1.2234256792459917, 4.2570459999999999]
    [-1.2234256792459908, 4.1686715581487734E-08, -0.044803516042758507, -1.4913010000000213]
    [-4.1658789884709388E-08, -1.2242457872863226, -1.5256015874386729E-09, -0.016657999999999999]
  #41 objects/buildingsets/human/universal/prop/junk/scrap/scrap_pile_4_large_a.cgf
    [-0.26231943531821816, -0.050989891229920578, 0, -11.562016]
    [0.050989891229920578, -0.26231943531821816, 0, 8.2905349999999771]
    [0, 0, 0.26722921837498975, 0]
  #42 objects/buildingsets/human/colonialism/ruin/col_a_der_slabs_b.cgf
    [-0.02956613375792045, -0.91267107241206769, 0, -10.359873]
    [0.91267107241206769, -0.02956613375792045, 0, 2.7647079999999846]
    [0, 0, 0.91314984678484457, -1.0369980000000001]
  #43 objects/buildingsets/human/colonialism/ruin/structure/col_a_ruin_struct_addon_bar_2m_c.cgf
    [-1.4378849034462169, -0.089402820483770198, -0.042425131491291117, 0.31271900000000002]
    [0.097563679581108939, -1.1773590765872999, -0.82559837987676421, -20.200225999999986]
    [0.016555498153220521, -0.82652192476551389, 1.1806325317446793, -0.46751199999999998]
  #44 objects/buildingsets/human/universal/prop/junk/scrap/scrap_pile_1_small_a.cgf
    [-0.97029542908596256, -0.24192123224459194, 0, -3.5513599999999999]
    [0.24192123224459194, -0.97029542908596256, 0, -13.996563999999978]
    [0, 0, 0.99999955115782646, 0]
  #45 objects/buildingsets/human/colonialism/ruin/structure/col_a_ruin_struct_addon_bar_2m_c.cgf
    [-0.012407500735853417, -1.36129781059329, 0.07971239147324384, 3.4942700000000002]
    [0.7602562991930788, 0.059271190837690127, 1.1305472241480692, -10.925004000000001]
    [-1.1320318697005451, 0.054726020918535553, 0.7583855544323681, 0.050423000000000003]
  #46 objects/buildingsets/human/colonialism/ruin/col_a_der_rebar_4m_a.cgf
    [0.99968709309030557, -0.013590817415614732, -0.021001696616600792, 4.3087020000000003]
    [0.019038174470187928, -0.13126015550620823, 0.99116516542878652, 0.3885970000000043]
    [-0.0162274302230206, -0.99125482441630852, -0.13096033464333978, -0.103505]
  #47 objects/buildingsets/human/colonialism/ruin/col_a_der_rebar_4m_a.cgf
    [-0.54127902435627129, -0.84058073591040283, -0.021001834078969751, 6.519412]
    [-0.12140306614323938, 0.053411460962341138, 0.99116524565549635, 0.2625150000000076]
    [-0.83203265930453418, 0.53904663534858088, -0.13095958001013475, 0.48008200000000001]
  #48 objects/buildingsets/human/colonialism/ruin/col_a_der_conc_piece_h.cgf
    [0.3700123137886438, -0.050612575093092006, -0.63556504836540018, -9.3656179999999996]
    [-0.6373344967338701, -0.0090914836770973791, -0.37031845756595311, -10.330399]
    [0.017587004698122886, 0.73537023871209817, -0.048321683525649327, 0.55486400000000002]
  #49 objects/buildingsets/human/colonialism/ruin/structure/col_a_ruin_struct_sheet_4m_a.cgf
    [-0.049616431365110139, 0.71762635367263428, 0.69465939062923809, 5.6863039999999998]
    [-0.99801189221592845, -0.0085491773575788362, -0.06245171973904836, -2.5535869999999932]
    [-0.03887821331346529, -0.69637660128503864, 0.71662344117990229, 0.45884200000000003]
  #50 objects/buildingsets/human/colonialism/ruin/col_a_der_conc_piece_d.cgf
    [-0.65993891906352664, -0.09518220874821591, 0.17604848572902398, -8.9339019999999998]
    [0.057446429494882385, -0.67119526529776063, -0.1475429519311767, -2.9303009999999858]
    [0.19170975438918289, -0.12652810780252371, 0.65023850016156348, -0.019279000000000001]
  #51 objects/buildingsets/human/colonialism/ruin/col_a_der_conc_piece_d.cgf
    [0.37120573702143433, 0.051939943953869812, -0.013060766945269848, 0.26780500000000002]
    [0.012025178482265489, 0.0082961137717037867, 0.37476473978685965, 12.77619900000002]
    [0.052189428944944882, -0.3713427760534892, 0.0065457457974428292, 1.1151409999999999]
  #52 objects/buildingsets/human/colonialism/ruin/structure/col_a_ruin_struct_sheet_4m_a.cgf
    [5.3996259844561188E-08, 0.025558408511869152, -0.99967329450554454, -12.92404]
    [-1.380058524676072E-09, 0.99967329450554565, 0.025558408511869114, 11.840072000000021]
    [0.99999996399661362, -4.508216554292223E-13, 5.4013892967647264E-08, 1.0191749999999999]
  #53 objects/buildingsets/human/lowtech/alpha/ext/prop/shipping_container_1_025x05x025_a.cgf
    [0.069757417386184975, -0.99756396088222321, 0, -0.78849199999999997]
    [0.99756396088222321, 0.069757417386184975, 0, -15.588892999999985]
    [0, 0, 0.99999997666570961, 9.9999999999999995E-07]
  #54 objects/planet/geology/generic_rock_set_a/generic_rock_ground_scatter_a.cgf
    [-0.68755899997642145, 0.040616518452920684, 0.1624350258422326, 9.7607859999999995]
    [0.001469248026461148, -0.6850261648225946, 0.17750834475839211, 2.2347300000000132]
    [0.16742962850654586, 0.17280529383497201, 0.6654906968252442, 0.34736499999999998]
  #55 objects/buildingsets/human/colonialism/ruin/col_a_der_rebar_4m_a.cgf
    [-0.083073648402209849, -0.058219351646476514, 0.99484052331690631, 10.514524]
    [0.10699153198431065, -0.99304206715806176, -0.049179830586731463, 4.2718189999999936]
    [0.99078250480276564, 0.10235404606928486, 0.088724676547454959, -0.13261700000000001]
  #56 objects/buildingsets/human/colonialism/ruin/col_a_der_pipe_4m_a.cgf
    [-0.98909699405249007, -0.14690418746675835, 0.010273038519262648, -9.3349840000000004]
    [0.14726294719094646, -0.98668764049823743, 0.068995389208378846, 4.5990600000000086]
    [5.6854692538712858E-07, 0.069755996531557701, 0.99756370233029457, -0.088509000000000004]
  #57 objects/planet/geology/generic_rock_set_a/generic_rock_ground_scatter_d_color.cgf
    [-0.70667336478065812, 0.036986339970384079, 0.0041568626327272732, 10.069296]
    [-0.037218414718984724, -0.70172386326431624, -0.083492051555691407, -5.9712299999999914]
    [-0.00024177915099739009, -0.083595117816579093, 0.70269788043073256, 0.088412000000000004]
  #58 objects/buildingsets/human/colonialism/ruin/col_a_der_conc_piece_d.cgf
    [-0.096138988754012389, -0.0049740876229716936, 0.48354192753120173, 10.249987000000001]
    [0.062963742740112086, -0.48893734171361991, 0.0074890162966108021, 0.52180399999997462]
    [0.479450836195358, 0.063212156404072462, 0.095975837278110057, 0.29867300000000002]
  #59 objects/buildingsets/human/colonialism/ruin/col_a_der_conc_piece_d.cgf
    [-6.3823421585162578E-07, 0.010938429553780849, 0.6266644692489699, -10.451567000000001]
    [0.032414973446394976, -0.62582581109357727, 0.010923823787447428, 7.376248999999973]
    [0.62592114180355463, 0.032410047648324544, -0.00056507996882473497, -0.040629999999999999]
  #60 objects/buildingsets/human/colonialism/ruin/col_a_der_rebar_4m_a.cgf
    [0.2098713847944122, 0.057927286449396653, 0.97601219288878582, -9.9997480000000003]
    [-0.9777296868450378, 0.012255463063361307, 0.20951332278759216, -9.2595039999999926]
    [0.00017505676488695088, -0.99824626342811984, 0.059209258105611562, 0.037911]
  #61 objects/buildingsets/human/colonialism/ruin/col_a_der_floor_4m_b.cgf
    [-0.9999999999993332, 0, 1.9999999949491522E-06, 10.140798]
    [0, -1.0000000000013332, 0, 13.008111999999983]
    [1.9999999949491522E-06, 0, 0.99999999999933342, -0.34791699999999998]
  #62 objects/buildingsets/human/colonialism/ruin/structure/col_a_ruin_struct_sheet_4m_bare_a.cgf
    [0.95431499556612531, -0.18805889827098432, -0.23219972422480209, 9.0666069999999994]
    [0.12975304553625672, 0.96082584065939014, -0.24490370149629592, -1.1031600000000026]
    [0.2691598192952222, 0.2035866562759561, 0.94133173587990937, 0.56030800000000003]
  #63 objects/buildingsets/human/colonialism/ruin/structure/col_a_ruin_struct_sheet_2m_bare_a.cgf
    [0.00945152423734303, -0.25813178784407054, 0.96606333305288694, 10.629728]
    [0.99933019367811682, 0.036590691145363959, 2.7924820802040955E-08, 0.61047100000001819]
    [-0.035348937297846855, 0.96541639518974764, 0.25830476419529036, 0.94725800000000004]
  #64 objects/buildingsets/human/colonialism/ruin/col_a_der_slabs_b.cgf
    [0.018232470917949804, -0.91241191017041423, -0.031868215201790916, 10.54209]
    [0.91296805667312442, 0.018243559157373551, 7.1805790252505404E-07, -3.4742550000000278]
    [0.00063596813623716163, -0.031861868827690501, 0.91259405916107195, -1.2874060000000001]
  #65 objects/buildingsets/human/colonialism/ruin/col_a_der_conc_piece_d.cgf
    [-0.18145190295789201, -0.0093880747582569934, 0.91263278086653044, 10.236084]
    [0.11883751894929437, -0.92281600274535991, 0.014134741381967998, -1.701863000000003]
    [0.90491125131132011, 0.11930637399691768, 0.18114397069947361, -0.090107999999999994]
  #66 objects/buildingsets/human/colonialism/col_a/int/garage/col_garage_sml_a_int_b_wall_machinery_d.cgf
    [-0.0076961310604180076, 0.65251519051744844, -0.018118721958809064, -3.4272279999999999]
    [-0.0051918546486769716, 0.018058219588651357, 0.65254159846352844, 13.329151000000024]
    [0.65274605060984436, 0.0078370417893371992, 0.0049766016501530223, 0.59991499999999998]
  #67 objects/buildingsets/organic/megascans/rubble/organic_ms_rubble_mound_b.cgf
    [0.84977936986075886, -2.7795337055794964, 3.4574710433445582E-06, 9.3106209999999994]
    [2.779533705579496, 0.84977936985494551, -4.6732452700355641E-06, 0.20884899999998652]
    [3.4581943710084045E-06, 4.6727100339954395E-06, 2.9065327450196734, -0.34405400000000003]
  #68 objects/buildingsets/human/colonialism/col_a/int/garage/col_garage_sml_a_int_hanging_cables_b.cgf
    [0.17234672596668607, 0.37124471820412236, 0, 0.63447399999999998]
    [-0.37124471820412236, 0.17234672596668607, -0, -13.254058999999984]
    [-0, 0, 0.40929944386218531, 1.1120270000000001]
  #69 objects/buildingsets/organic/megascans/rubble/organic_concrete_rubble_pile_b.cgf
    [-0.99170561559149473, -0.17486279514070852, 1.8307593251658591E-06, 8.7005730000000003]
    [0.17486279513668049, -0.9917056155914945, -2.1819381679129294E-06, 1.6097859999999855]
    [2.1818325884462056E-06, -1.8308851496669895E-06, 1.0070039846571446, -0.51717000000000002]
  #70 objects/buildingsets/human/colonialism/ruin/col_a_der_rebar_4m_a.cgf
    [0.22735756588126457, -1.153689544025033, 0.19858196436906955, -6.6733200000000004]
    [1.1676837381825387, 0.20908873957817892, -0.12215731617255618, 8.4660489999999982]
    [0.083360950986776788, 0.21773414596185975, 1.169516402989569, 0.099221000000000004]
  #71 objects/buildingsets/human/colonialism/ruin/structure/col_a_ruin_struct_addon_bar_2m_c.cgf
    [-1.4378843367316201, -0.033217270881086086, -0.093216469110622827, -4.4051799999999997]
    [0.097563508435789564, -0.24872951366572824, -1.4163047178731281, -13.706627000000026]
    [0.016554728023702718, -1.4192724562124051, 0.2503910921603214, 0.013743999999999999]
  #72 objects/buildingsets/human/colonialism/ruin/col_a_der_slabs_b.cgf
    [-0.0023039791993341033, 0.91259080723966879, -0.031867945715659381, 10.541221999999999]
    [-0.91314705331698054, -0.0023053765664466297, 1.9941701436102568E-07, 3.6518370000000004]
    [-8.0255852897311502E-05, 0.031867844658433613, 0.91259371561416169, -1.2874060000000001]
  #73 objects/buildingsets/human/colonialism/col_a/int/garage/col_garage_sml_a_int_floor_cables_c.cgf
    [-0.81932463773494002, 0.086116349687777663, 0, -12.626745]
    [-0.086116349687777663, -0.81932463773494002, 0, 9.3162290000000212]
    [0, 0, 0.82383790133923696, -0.026676999999999999]
  #74 objects/buildingsets/human/colonialism/ruin/structure/col_a_ruin_struct_sheet_4m_a.cgf
    [-0.094870663949230175, -0.99174876425816494, -0.086219193074599076, 1.0063]
    [0.018355965467876732, 0.084852353053996674, -0.99622434233115476, -12.186188000000016]
    [0.99532025961183679, -0.096095110769500891, 0.01015450799512139, 0.0056059999999999999]
  #75 objects/buildingsets/human/colonialism/ruin/structure/col_a_ruin_struct_addon_bar_4m_b.cgf
    [1.4412855857878364, -0.0005732834307189714, -0.00057442951317491781, 0.25315300000000002]
    [0.00081155560490506185, 1.0191435379703615, 1.0191420847034525, 15.368668000000014]
    [8.1098117474258727E-07, -1.0191422465889179, 1.0191436992102634, -0.82980100000000001]
  #76 objects/buildingsets/human/colonialism/ruin/col_a_der_rebar_4m_a.cgf
    [0.98993430087977163, 0.13882869219189006, -0.027516964169277743, -3.376071]
    [0.026214186832297821, 0.011204199961639072, 0.99959381323769059, 13.011208000000011]
    [0.13908057197727242, -0.99025328541673374, 0.0074521386840084077, 0.88467600000000002]
  #77 objects/buildingsets/human/colonialism/ruin/col_a_der_slabs_b.cgf
    [-0.8007184059296969, 0.025839451130773825, 0.0022603213558096643, -2.6464400000000001]
    [-0.025938124204472102, -0.79767138570426233, -0.069787721150366439, 13.145379999999989]
    [-3.5292549180633193E-07, -0.06982431579233897, 0.79808979244566991, -0.114812]
  #78 objects/buildingsets/human/colonialism/ruin/structure/col_a_ruin_struct_sheet_4m_a.cgf
    [-0.81973570050836231, 0.57274342939677036, 0, 0.13064600000000001]
    [0.57274342939677036, 0.81973570050836186, 0, -13.494414000000006]
    [0, 0, -1.0000008273022123, 2.5318529999999999]
  #79 objects/buildingsets/human/colonialism/ruin/col_a_der_slabs_b.cgf
    [-0.91267142565212955, 0.029565747145056977, 0, -0.034113999999999998]
    [-0.029565747145056977, -0.91267142565212955, 0, 13.076345000000003]
    [0, 0, 0.91315018732196307, -0.79232899999999995]
  #80 objects/buildingsets/human/colonialism/ruin/col_a_der_slabs_rebar_a.cgf
    [-0.04353511974132479, 0.90923973291176841, 0.034028638429902308, 10.491603]
    [-0.17076656996956624, -0.041627190532075288, 0.89379869231219178, 5.3750900000000001]
    [0.89370779269271583, 0.036337747490602937, 0.172441573228069, 0.27646900000000002]
  #81 objects/planet/geology/generic_rock_set_a/generic_rock_ground_scatter_e_color.cgf
    [-0.70667377106682272, 0.037232569703817338, 0, 8.8434340000000002]
    [-0.037232569703817338, -0.70667377106682272, 0, -6.6663639999999873]
    [0, 0, 0.7076539288102297, 0]
  #82 objects/buildingsets/human/colonialism/ruin/col_a_der_conc_piece_h.cgf
    [-0.68763649365640545, 0.039658133495384801, 0.16234348273685814, 8.9932809999999996]
    [0.00045382468527121881, -0.68699252669121147, 0.16974446577466418, 2.3227580000000216]
    [0.16711662988052792, 0.16504733280375458, 0.6675354157640534, 0.084738999999999995]
  #83 objects/buildingsets/human/colonialism/ruin/col_a_der_rebar_4m_a.cgf
    [-0.083069877883416146, -0.040847420424862196, 0.99570597982967712, 10.506107]
    [0.10699054877152779, -0.99374980665165324, -0.031841150872387446, -3.0749329999999873]
    [0.9907834942597249, 0.10388611389375077, 0.086920984106560351, 0.17108899999999999]
  #84 objects/buildingsets/human/colonialism/ruin/col_a_der_floor_4m_b.cgf
    [-0.9999999999993332, 0, 1.9999999949491522E-06, 5.7004109999999999]
    [0, -1.0000000000013332, 0, 0.59571399999998675]
    [1.9999999949491522E-06, 0, 0.99999999999933342, -0.347908]
  #85 objects/buildingsets/human/colonialism/ruin/col_a_der_rebar_4m_a.cgf
    [0.69518895729895802, 0.057926561690469731, 0.71648963117991882, -8.4048490000000005]
    [-0.71813587151177616, 0.012255940100660979, 0.69579539123818501, -11.900829999999985]
    [0.031523771754623023, -0.99824589649594719, 0.050119321936686598, -0.120036]
  #86 objects/buildingsets/organic/megascans/rubble/organic_concrete_rubble_pile_b.cgf
    [0.8891300951326675, -0.47276125081022419, 2.4413449479430182E-06, -6.9835409999999998]
    [0.47276125081425213, 0.88913009513266728, -1.4669891136010272E-06, 12.719313]
    [-1.4668648502422151E-06, 2.441419612724267E-06, 1.0070032404794544, -0.18362700000000001]
  #87 objects/buildingsets/human/colonialism/ruin/structure/col_a_ruin_struct_addon_bar_4m_b.cgf
    [1.4306409169936367, 0.17441974862156412, -0.012192355601909757, 11.239322]
    [-0.17417653237615238, 1.4129166416437913, -0.22501874356634391, -0.27661699999998746]
    [-0.015278671858253328, 0.22483027082122922, 1.423559709716957, 0.220331]
  #88 objects/buildingsets/organic/megascans/rubble/organic_concrete_rubble_pile_f.cgf
    [0.84977936986075886, -2.7795337055794964, 3.4574710433445582E-06, 10.360023999999999]
    [2.779533705579496, 0.84977936985494551, -4.6732452700355641E-06, -4.8091120000000274]
    [3.4581943710084045E-06, 4.6727100339954395E-06, 2.9065327450196734, -0.34405400000000003]
  #89 objects/buildingsets/human/colonialism/ruin/col_a_der_floor_tile_scatter.cgf
    [-0.9999999999993332, 0, 1.9999999949491522E-06, 0.061075999999999998]
    [0, -1.0000000000013332, 0, 11.770804999999996]
    [1.9999999949491522E-06, 0, 0.99999999999933342, 0.019102000000000001]
  #90 objects/buildingsets/human/colonialism/ruin/col_a_der_rebar_4m_a.cgf
    [-0.99820723868063455, 0.05792645204614176, -0.015062747552511883, -1.3215190000000001]
    [0.015797899965461912, 0.012254177781653728, -0.99980013655154043, -13.127399000000025]
    [-0.057730291590861744, -0.99824566758145439, -0.013147324921535091, 0.37161899999999998]
  #91 objects/buildingsets/organic/megascans/rubble/organic_concrete_rubble_pile_b.cgf
    [0.99720335347309719, 0.14014681912411203, 1.8685577256644529E-06, 9.7286739999999998]
    [-0.140146819120084, 0.99720335347309697, -2.1496513739512697E-06, -0.24402199999997265]
    [-2.1495449108534475E-06, 1.868680197330442E-06, 1.0070033063917796, -0.62867300000000004]
  #92 objects/planets/terrain_extension/biome_embed_piles/pile_mound_20x05x04_b.cgf
    [-2.4003107999647291E-07, -0.37497782814683128, 0, 7.3688120000000001]
    [0.37497782814683128, -2.4003107999647291E-07, 0, 0.44858699999997498]
    [0, 0, 0.37497782814690811, -0.25614599999999998]
  #93 objects/buildingsets/human/colonialism/ruin/col_a_der_conc_piece_d.cgf
    [-0.039035657655896304, 0.68847658330996864, 0.0069580432104195036, 5.9181249999999999]
    [0.088669845234914793, -0.001884238972559126, 0.68389056938199189, 0.073925999999971737]
    [0.6827782060651193, 0.039606143178056101, -0.088416499846869098, -0.090107999999999994]
  #94 objects/buildingsets/human/colonialism/ruin/col_a_der_rebar_4m_a.cgf
    [-0.98993456963189819, -0.1388286223144955, -0.027516950319015718, -1.729695]
    [-0.026214173637769768, -0.011204200038115867, 0.99959406965171915, 13.027094999999974]
    [-0.13908050197309782, 0.99025355369655521, 0.0074521435269376034, 1.002319]
  #95 objects/buildingsets/human/universal/prop/box_plastic/box_plastic_1_064x094x055_a.cgf
    [0.97029589802732896, 0.24192117877086725, 0, -14.182509]
    [-0.24192117877086725, 0.97029589802732896, -0, 12.145785999999987]
    [-0, 0, 0.99999999323327327, 0]
  #96 objects/buildingsets/human/colonialism/col_a/int/garage/col_garage_sml_a_int_floor_cables_c.cgf
    [-0.77415464583712501, 0.28177033323568013, 0, 10.110087]
    [-0.28177033323568013, -0.77415464583712501, 0, 4.0540849999999864]
    [0, 0, 0.82383853779909477, -0.020284]
  #97 objects/buildingsets/human/colonialism/ruin/col_a_der_slabs_b.cgf
    [0.91267125068579469, -0.029565749974597169, 0, -3.9722019999999998]
    [0.029565749974597169, 0.91267125068579469, 0, 12.963182000000018]
    [0, 0, 0.91315001253897654, -0.52314300000000002]
  #98 objects/buildingsets/human/colonialism/ruin/structure/col_a_ruin_struct_addon_bar_2m_c.cgf
    [0.00081448302756236706, -0.60911445947025744, 1.3062480719651544, 3.9667050000000001]
    [-1.4357751938604193, 0.11377287179905533, 0.053948493664789147, -3.6819160000000011]
    [-0.12591283867621261, -1.3012841436588247, -0.60672122770647019, 1.364892]
  #99 objects/buildingsets/human/colonialism/ruin/col_a_der_rebar_4m_a.cgf
    [-0.99820723868063455, 0.05792645204614176, -0.015062747552511883, -3.8186279999999999]
    [0.015797899965461912, 0.012254177781653728, -0.99980013655154043, -13.085610999999972]
    [-0.057730291590861744, -0.99824566758145439, -0.013147324921535091, 0.054704000000000003]
  #100 objects/buildingsets/human/hightech/prop/storage/crate/crate_dry_1_0125x0125x0125_c.cgf
    [-0.99618191212548524, 0.087152679092575083, -0.0048175494642021663, -3.74004]
    [-0.087156641900007742, -0.99619302225915174, 0.00061844703281099648, -11.899094999999988]
    [-0.0047453164875717463, 0.0010359686313817834, 0.99998680443407284, -0.017479999999999999]
  #101 objects/buildingsets/human/colonialism/ruin/col_a_der_floor_4m_a.cgf
    [1.670583250421045E-07, -0.99999985566258986, 2.8286761973912171E-06, 9.8750009999999993]
    [0.99939065474849786, 2.6567819861964077E-07, 0.034900294189705507, 0.80481200000002673]
    [-0.034900294190316913, 2.8211225794803348E-06, 0.99939065474453015, -0.18262900000000001]
  #102 objects/buildingsets/human/colonialism/ruin/structure/col_a_ruin_struct_addon_bar_4m_b.cgf
    [0.00081012346021873329, 1.4412851960801696, 2.7951036732124594E-06, 3.4318599999999999]
    [-1.4357748808270194, 0.00080727038012104696, -0.12591073285616888, -1.2872780000000148]
    [-0.12591071453146213, 6.7987989971510744E-05, 1.43577510776984, 0.131716]
  #103 objects/buildingsets/organic/megascans/rubble/organic_concrete_rubble_pile_b.cgf
    [-0.99170561559149473, -0.17486279514070852, 1.8307593251658591E-06, 4.0455300000000003]
    [0.17486279513668049, -0.9917056155914945, -2.1819381679129294E-06, 3.3322630000000117]
    [2.1818325884462056E-06, -1.8308851496669895E-06, 1.0070039846571446, -0.51717000000000002]
  #104 objects/buildingsets/organic/megascans/rubble/organic_concrete_rubble_pile_b.cgf
    [0.60585569672646566, 0.60585183192543701, 1.5831269252617405E-06, -6.9626530000000004]
    [-0.60585183192543701, 0.60585569672817918, -6.5578773698244706E-07, -13.408087000000023]
    [-1.5831538316395705E-06, -6.5572277894716904E-07, 0.85680661032866046, -0.10896599999999999]
  #105 objects/buildingsets/human/colonialism/ruin/structure/col_a_ruin_struct_sheet_4m_bare_a.cgf
    [-0.049743164644767031, -0.93837573595267176, 0.34201965144576124, 1.7341569999999999]
    [0.99322037884785119, -0.082501473191264912, -0.081900135477766284, -2.4514609999999948]
    [0.10507018055152029, 0.33562677385039985, 0.93611739224432644, 0.67224200000000001]
  #106 objects/buildingsets/organic/megascans/rubble/organic_concrete_rubble_pile_b.cgf
    [-0.47791816415628491, -0.041811121134622965, 9.1672393753134531E-07, -4.7530159999999997]
    [0.041811121132703993, -0.47791816415628491, -1.00042476298245E-06, -13.374360000000024]
    [1.0004258141870357E-06, -9.1672279034595401E-07, 0.47974362057253761, -0.183619]
  #107 objects/buildingsets/human/colonialism/ruin/col_a_der_rebar_4m_a.cgf
    [-0.034591117299072785, 0.99902309395417832, -0.027516666202749875, 0.21935099999999999]
    [-0.0084028710372053665, 0.027241441865997518, 0.9995939926650641, 13.027094999999974]
    [0.99936664989933743, 0.034808277176172603, 0.0074523471264337643, 0.39175900000000002]
  #108 objects/buildingsets/organic/megascans/rubble/organic_concrete_rubble_pile_flat.cgf
    [-0.67381498260289407, 0.7483513275592325, 8.1914934489978169E-07, -3.5804809999999998]
    [-0.7483513275592325, -0.67381498260088002, -1.839939420688455E-06, 3.8437589999999773]
    [-8.1922842180591892E-07, -1.8399042132563565E-06, 1.007003644599372, -0.064087000000000005]
  #109 objects/buildingsets/human/colonialism/ruin/structure/col_a_ruin_struct_sheet_4m_bare_b.cgf
    [0.087129767105172673, -0.60658034105694281, 0.032396946886198021, 0.58270999999999995]
    [0.56946587002862037, 0.070174909529666721, -0.21763495487893322, -4.6690179999999941]
    [0.21141876737141996, 0.060964256379060812, 0.57285803903532984, 0.29902200000000001]
  #110 objects/buildingsets/human/colonialism/ruin/structure/col_a_structural_addon_bar_2m_d.cgf
    [0.15436401523979823, -2.2639040475460974, -0.56556612887558677, 1.7453749999999999]
    [2.3234425937192258, 0.20163153911266146, -0.17295683841411763, -1.4831740000000195]
    [0.21619689248043164, -0.55048888977646826, 2.2625595500985929, 1.3608830000000001]
  #111 objects/planets/terrain_extension/biome_embed_piles/pile_mound_10x5x04_c.cgf
    [-0.026157445533820014, 0.37406420851280958, 0, -2.0158710000000002]
    [-0.37406420851280958, -0.026157445533820014, -0, -13.258817000000022]
    [-0, 0, 0.37497765806400984, -0.39656799999999998]
  #112 objects/buildingsets/organic/megascans/rubble/organic_concrete_rubble_pile_b.cgf
    [-0.051080372057950643, -0.73047419403750158, 1.071048957902487E-06, -9.8507529999999992]
    [0.73047419403750136, -0.051080372059415124, -9.9882563591844693E-07, 12.282646]
    [1.0711060168132446E-06, 9.9876444767440463E-07, 0.73225798224622884, -0.393955]
  #113 objects/buildingsets/human/colonialism/ruin/col_a_der_rebar_4m_a.cgf
    [-0.010431839969663691, 0.13348461154614494, 0.99099592856180041, -10.261665000000001]
    [0.99696046212388378, 0.077908486009349423, 5.5298496826955112E-07, -2.6152999999999906]
    [-0.07720692266514774, 0.98798381642562783, -0.1338916158856561, 0.57860900000000004]
  #114 objects/buildingsets/human/colonialism/ruin/col_a_der_conc_piece_d.cgf
    [-0.024815652262473963, 0.31019634420461523, 0.30385408321265028, -8.3765470000000004]
    [0.033273192207938382, -0.30209662739988302, 0.3111196149940248, -12.19673899999998]
    [0.43294569003883382, 0.040996929102415987, -0.0064941297407669447, 0.087202000000000002]
  #115 objects/buildingsets/organic/megascans/rubble/organic_concrete_rubble_pile_b.cgf
    [-0.81659962346435722, -0.071440987884257526, 1.5663255079863337E-06, -0.38723400000000002]
    [0.071440987880978635, -0.81659962346435711, -1.7094336981173606E-06, -17.931040999999993]
    [1.709347900634164E-06, -1.5664191392553328E-06, 0.81971870772179289, -0.18362899999999999]
  #116 objects/buildingsets/human/colonialism/ruin/structure/col_a_ruin_struct_sheet_4m_bare_a.cgf
    [0.99256264883006107, -0.12173410262882446, -0.00033977105924713107, -1.109205]
    [0.11299199285944939, 0.92023779155078222, 0.37469338877428104, 1.4118050000000153]
    [-0.045300295107957203, -0.37194506892639301, 0.92714867632124565, 0.68089500000000003]
  #117 objects/buildingsets/human/colonialism/ruin/col_a_der_slabs_b.cgf
    [0.029564041206169223, 0.91267112324959365, 0, -10.238025]
    [-0.91267112324959365, 0.029564041206169223, -0, -2.8146219999999857]
    [-0, 0, 0.91314982984508908, -0.94248100000000001]
  #118 objects/buildingsets/human/colonialism/ruin/structure/col_a_ruin_struct_addon_bar_2m_c.cgf
    [0.029664373619862169, -0.46595093078680411, 1.7462758053423526, 10.638087000000001]
    [1.8039629353203039, 0.11483536592447505, -3.3126897564362069E-06, -3.5389020000000073]
    [-0.11093775829591684, 1.7427484047100237, 0.46689425457203249, 0.86973500000000004]
  #119 objects/buildingsets/human/colonialism/ruin/col_a_der_rebar_4m_a.cgf
    [4.1904976279947715E-07, 9.8823668377834164E-07, 1.0000005614533496, -10.287348]
    [-0.99995348724910427, -0.0097028988626310896, 4.2861879141249498E-07, 7.0030340000000137]
    [0.0097028988630491995, -0.99995348724870781, 9.8412416825049796E-07, 0.037453]
  #120 objects/planets/terrain_extension/biome_embed_piles/pile_mound_20x05x04_b.cgf
    [0.37497766812611993, 0, 0, -10.390665]
    [0, 0.37497766812611993, 0, -5.402985000000001]
    [0, 0, 0.37497766812611993, -0.146568]
  #121 objects/buildingsets/human/lowtech/alpha/ext/prop/shipping_container_1_025x05x025_a.cgf
    [-0.087157632807041821, 0.99619500266170358, 0, -0.56235400000000002]
    [-0.99619500266170358, -0.087157632807041821, -0, -10.752184]
    [-0, 0, 1.0000004681422296, 9.9999999999999995E-07]
  #122 objects/buildingsets/organic/megascans/rubble/organic_concrete_rubble_pile_b.cgf
    [-1.0068500858143814, -0.017571537866535279, 1.9963002916842359E-06, 0.18951899999999999]
    [0.017571537862507265, -1.0068500858143812, -2.0315608595352454E-06, 12.906696000000011]
    [2.0314457348085427E-06, -1.9964174430970923E-06, 1.0070034032928066, -0.51717000000000002]
  #123 objects/buildingsets/organic/megascans/rubble/organic_concrete_ruibble_pile_e.cgf
    [6.4695360101097903E-06, 2.9065332079582413, 4.1101321492114223E-06, -10.704037]
    [-2.9065332079582404, 6.4695418230476111E-06, -4.1107878517698138E-06, 2.0251680000000079]
    [-4.1107970003424908E-06, -4.1101229991588771E-06, 2.9065332079625343, -0.194079]
  #124 objects/buildingsets/human/colonialism/ruin/structure/col_a_ruin_struct_sheet_4m_a.cgf
    [-0.99868321767185741, 0.0420378208643922, 0.029436340245360855, -0.55146700000000004]
    [0.051319358035633041, 0.81807343715242875, 0.57282110705341804, -18.476928999999984]
    [-9.3695519161134314E-07, 0.57357695108160189, -0.81915281050396072, 0.98008499999999998]
  #125 objects/buildingsets/organic/megascans/rubble/organic_concrete_rubble_pile_f.cgf
    [0.84977936986075886, -2.7795337055794964, 3.4574710433445582E-06, 7.1496009999999997]
    [2.779533705579496, 0.84977936985494551, -4.6732452700355641E-06, -1.6004879999999844]
    [3.4581943710084045E-06, 4.6727100339954395E-06, 2.9065327450196734, -0.344057]
  #126 objects/buildingsets/organic/megascans/rubble/organic_concrete_rubble_pile_b.cgf
    [0.81468402282602947, 0.59190006691819053, 1.9153799778724007E-06, 5.5930280000000003]
    [-0.59190006691819053, 0.81468402282804342, -6.2237854711132402E-07, 13.051091999999983]
    [-1.9154011453004457E-06, -6.2231340024188854E-07, 1.0070033496793214, -0.51717000000000002]
  #127 objects/buildingsets/organic/megascans/rubble/organic_concrete_rubble_pile_b.cgf
    [0.30010368019431055, -0.9816057247956208, 1.2210213465792746E-06, -2.2117019999999998]
    [0.98160572479562058, 0.30010368019225753, -1.6503807353296604E-06, -1.429286999999988]
    [1.2212799379217612E-06, 1.650189387185409E-06, 1.0264560476781173, 0.189945]
  #128 objects/buildingsets/organic/megascans/rubble/organic_concrete_rubble_pile_b.cgf
    [-0.35106505335610405, 0.96455448333199223, 1.1774087161930797E-06, -5.1855479999999998]
    [-0.96455448333199201, -0.35106505335405108, -1.6817827213803687E-06, -1.429286999999988]
    [-1.1776675775693372E-06, -1.68160146397503E-06, 1.0264560502042654, -0.38628099999999999]
  #129 objects/buildingsets/organic/megascans/rubble/organic_concrete_rubble_pile_f.cgf
    [1.2564033488627271, -4.1095554679553166, 5.1118820231293003E-06, 1.707244]
    [4.1095554679553157, 1.2564033488541322, -6.9094281980945631E-06, -4.5799979999999891]
    [5.1129706706150625E-06, 6.9086226387353749E-06, 4.2973242278407593, -0.60027200000000003]
  #130 objects/buildingsets/human/colonialism/ruin/structure/col_a_ruin_struct_addon_bar_2m_c.cgf
    [0.027569234101876242, -0.43734538922603577, -1.7536929285184673, 0.37067099999999997]
    [1.8016098272172623, 0.14697807164391327, -0.0083316632156058175, -1.5856679999999983]
    [0.14460949998923861, -1.7477403687792072, 0.43813426656026122, 2.3375400000000002]
  #131 objects/buildingsets/organic/megascans/rubble/organic_concrete_rubble_pile_f.cgf
    [0.84977936986075886, -2.7795337055794964, 3.4574710433445582E-06, 4.0495599999999996]
    [2.779533705579496, 0.84977936985494551, -4.6732452700355641E-06, -2.2473949999999832]
    [3.4581943710084045E-06, 4.6727100339954395E-06, 2.9065327450196734, -0.34405400000000003]
  #132 objects/buildingsets/human/colonialism/ruin/structure/col_a_ruin_struct_addon_bar_2m_c.cgf
    [0.027569234101876242, -0.43734538922603577, -1.7536929285184673, 3.9713539999999998]
    [1.8016098272172623, 0.14697807164391327, -0.0083316632156058175, -1.476239000000021]
    [0.14460949998923861, -1.7477403687792072, 0.43813426656026122, 0.77190300000000001]
  #133 objects/buildingsets/human/colonialism/ruin/structure/col_a_ruin_struct_sheet_4m_a.cgf
    [0.054362633816708014, 0.78117861108490838, -0.0024296532212264126, 2.2083499999999998]
    [-0.71810764336972344, 0.050931771806531301, 0.30810483401180377, 1.3044290000000274]
    [0.30751802900855135, -0.019161257550388607, 0.71990744518347283, 0.30590600000000001]
  #134 objects/buildingsets/human/colonialism/ruin/structure/col_a_ruin_struct_addon_bar_4m_b.cgf
    [0.00081194044058628017, 1.1510601935896885, 0.86738952948932746, 3.1247929999999999]
    [-1.4357753509920457, 0.076420647404737307, -0.1000692286151777, -3.8901450000000182]
    [-0.12590991469346954, -0.86401686312550452, 1.1467023929504876, 1.544481]
  #135 objects/planets/terrain_extension/biome_embed_piles/pile_wall_pinch_10x5x04_a.cgf
    [-0.097174117809797345, 0.097173829670886308, 0, 9.6767649999999996]
    [-0.097173829670886308, -0.097174117809797345, 0, 0.05177800000001298]
    [0, 0, 0.13742475157342948, 0]
  #136 objects/buildingsets/organic/megascans/rubble/organic_concrete_rubble_pile_b.cgf
    [2.2414493393336579E-06, 1.0070037369834159, 1.4240789571489887E-06, -9.1728889999999996]
    [-1.0070037369834157, 2.2414513532965789E-06, -1.4241586327981284E-06, 9.7772879999999986]
    [-1.4241618025964139E-06, -1.4240757871663005E-06, 1.0070037369849034, -0.18362800000000001]
  #137 objects/buildingsets/organic/megascans/rubble/organic_concrete_rubble_pile_f.cgf
    [0.84977936986075886, -2.7795337055794964, 3.4574710433445582E-06, 0.82073200000000002]
    [2.779533705579496, 0.84977936985494551, -4.6732452700355641E-06, -0.74875100000002703]
    [3.4581943710084045E-06, 4.6727100339954395E-06, 2.9065327450196734, -0.092857999999999996]
  #138 objects/buildingsets/human/colonialism/ruin/structure/col_a_ruin_struct_sheet_4m_a.cgf
    [0.00010677427017381829, -0.049240159269759165, 0.99878668068061272, -10.721778]
    [0.034899384199101706, 0.99817843957259522, 0.049206442114773055, 5.9947950000000105]
    [-0.99939054416800988, 0.034851795910107293, 0.0018250315234288684, 0.40301199999999998]
  #139 objects/buildingsets/organic/megascans/rubble/organic_concrete_rubble_pile_f.cgf
    [0.84977936986075886, -2.7795337055794964, 3.4574710433445582E-06, -3.462205]
    [2.779533705579496, 0.84977936985494551, -4.6732452700355641E-06, 4.9259930000000054]
    [3.4581943710084045E-06, 4.6727100339954395E-06, 2.9065327450196734, -0.34405400000000003]
  #140 objects/buildingsets/organic/megascans/rubble/organic_ms_rubble_mound_b.cgf
    [0.84977936986075886, -2.7795337055794964, 3.4574710433445582E-06, -9.6970279999999995]
    [2.779533705579496, 0.84977936985494551, -4.6732452700355641E-06, -3.7317489999999793]
    [3.4581943710084045E-06, 4.6727100339954395E-06, 2.9065327450196734, -0.34405400000000003]
  #141 objects/buildingsets/human/lowtech/prop/utilitarian/tank/tank_liquid_1_025x025x025_a.cgf
    [0.052334708109609412, -0.9986296388888215, 0, -11.586299]
    [0.9986296388888215, 0.052334708109609412, 0, 9.8570389999999861]
    [0, 0, 1.0000000386700674, 9.9999999999999995E-07]
  #142 objects/buildingsets/organic/megascans/rubble/organic_concrete_rubble_pile_f.cgf
    [0.84977936986075886, -2.7795337055794964, 3.4574710433445582E-06, -9.9661899999999992]
    [2.779533705579496, 0.84977936985494551, -4.6732452700355641E-06, 2.4297910000000229]
    [3.4581943710084045E-06, 4.6727100339954395E-06, 2.9065327450196734, -0.34405400000000003]
  #143 objects/buildingsets/human/colonialism/ruin/structure/col_a_structural_addon_bar_2m_d.cgf
    [0.036913522846982627, 0.25304551783209861, 2.4063163479162308, -2.186944]
    [2.4118275305445791, -0.19640220070024172, -0.016344631538675072, -3.3664400000000114]
    [0.19359329340413259, 2.3985718980214004, -0.25520089201206619, -0.022811000000000001]
  #144 objects/buildingsets/organic/megascans/rubble/organic_concrete_ruibble_pile_e.cgf
    [0.84977936986075886, -2.7795337055794964, 3.4574710433445582E-06, -6.0602729999999996]
    [2.779533705579496, 0.84977936985494551, -4.6732452700355641E-06, -11.886662000000001]
    [3.4581943710084045E-06, 4.6727100339954395E-06, 2.9065327450196734, -0.091421000000000002]
  #145 objects/buildingsets/human/lowtech/prop/utilitarian/tank/tank_liquid_1_025x025x025_a.cgf
    [0.99756411930375677, 0.069755494505169907, 0, -11.590519]
    [-0.069755494505169907, 0.99756411930375677, -0, 12.590337999999974]
    [-0, 0, 1.0000000005679703, 9.9999999999999995E-07]
  #146 objects/buildingsets/organic/megascans/rubble/organic_concrete_rubble_pile_b.cgf
    [-0.81659962346435722, -0.071440987884257526, 1.5663255079863337E-06, 1.1486080000000001]
    [0.071440987880978635, -0.81659962346435711, -1.7094336981173606E-06, -13.366498999999976]
    [1.709347900634164E-06, -1.5664191392553328E-06, 0.81971870772179289, -0.18362899999999999]
  #147 objects/planets/terrain_extension/biome_embed_piles/pile_mound_10x5x04_c.cgf
    [0.37497766812611993, 0, 0, -2.7518210000000001]
    [0, 0.37497766812611993, 0, 3.6060659999999984]
    [0, 0, 0.37497766812611993, -0.41520099999999999]
  #148 objects/planets/terrain_extension/biome_embed_piles/pile_mound_10x5x04_b.cgf
    [0.17332835279979861, 0.50338267316526897, 0, -1.9171199999999999]
    [-0.50338267316526897, 0.17332835279979861, -0, -1.5812569999999937]
    [-0, 0, 0.53238786004876504, -0.075422000000000003]
  #149 objects/buildingsets/human/colonialism/ruin/structure/col_a_ruin_struct_sheet_2m_bare_a.cgf
    [0.074525003364937226, -0.96409499410839961, 0.25488658944813791, -0.99582300000000001]
    [0.96667901770994935, 0.0070715956322042663, -0.25589446364949864, -2.6722009999999727]
    [0.24490407890581589, 0.26546401289489713, 0.9324972693069693, 1.658299]
  #150 objects/buildingsets/human/colonialism/ruin/structure/col_a_ruin_struct_sheet_4m_a.cgf
    [0.40333905088176347, 0.91375631906287591, 0.048660947961444989, 1.4821930000000001]
    [-0.2006509005513967, 0.036434199706726761, 0.97898552269667827, -1.2539719999999761]
    [0.8927808883436944, -0.40462677483631576, 0.19804127585897255, 0.96580200000000005]
  #151 objects/buildingsets/human/colonialism/ruin/structure/col_a_ruin_struct_addon_bar_2m_c.cgf
    [0.00081458761843041677, 1.3363358781470271, 0.53991633728929733, 1.929128]
    [-1.4357749173148098, 0.047919658390514201, -0.11643877016377506, -3.4833780000000161]
    [-0.12591114845210452, -0.53778622255001551, 1.3312536405879691, 0.42337900000000001]
  #152 objects/planets/terrain_extension/biome_embed_piles/pile_mound_20x05x04_b.cgf
    [-0.28647767504016475, 0, 0, 9.8496699999999997]
    [0, -0.28647767504016475, 0, 3.993155999999999]
    [0, 0, 0.28647767504016475, -0.125]
  #153 objects/buildingsets/organic/megascans/rubble/organic_concrete_rubble_pile_b.cgf
    [0.51229771370746957, 0.32011707893421948, 1.1613205180388963E-06, -8.7125590000000006]
    [-0.32011707893421948, 0.5122977137086776, -3.3303335556458728E-07, -12.299635000000023]
    [-1.1613374086986552E-06, -3.3297445051209663E-07, 0.60408930771465152, -0.10896599999999999]
  #154 objects/buildingsets/organic/megascans/rubble/organic_concrete_rubble_pile_b.cgf
    [2.2414493393336579E-06, 1.0070037369834159, 1.4240789571489887E-06, -10.404927000000001]
    [-1.0070037369834157, 2.2414513532965789E-06, -1.4241586327981284E-06, -6.4977700000000027]
    [-1.4241618025964139E-06, -1.4240757871663005E-06, 1.0070037369849034, -0.18362800000000001]
  #155 objects/buildingsets/human/colonialism/ruin/structure/col_a_ruin_struct_sheet_4m_a.cgf
    [-0.017451865346883446, 0.99984244435300185, 0.0031010748483410945, -2.3151139999999999]
    [5.364228744515489E-05, -0.003100610899181015, 0.99999474055299065, -13.549746000000027]
    [0.99984725199277591, 0.017451947781054276, 4.7760832138128711E-07, 0.29109699999999999]
  #156 objects/buildingsets/organic/megascans/rubble/organic_concrete_rubble_pile_f.cgf
    [0.84977936986075886, -2.7795337055794964, 3.4574710433445582E-06, -6.0275249999999998]
    [2.779533705579496, 0.84977936985494551, -4.6732452700355641E-06, 12.962954000000025]
    [3.4581943710084045E-06, 4.6727100339954395E-06, 2.9065327450196734, -0.34405400000000003]
  #157 objects/buildingsets/human/colonialism/ruin/col_a_der_conc_piece_e.cgf
    [0.98975184075370271, 0.13848757256982117, -0.034823948053486813, -2.8368120000000001]
    [0.032062753235250256, 0.022120059609094533, 0.99924116418786602, 12.800743000000011]
    [0.1391527756434951, -0.9901172236640795, 0.017453074918262933, -0.21185300000000001]
  #158 objects/planets/terrain_extension/biome_embed_piles/pile_mound_10x5x04_a.cgf
    [0.12208070766920422, 0.35454853159201716, 0, 6.9333879999999999]
    [-0.35454853159201716, 0.12208070766920422, -0, 13.441552000000001]
    [-0, 0, 0.37497781326242396, -0.41520099999999999]
  #159 objects/buildingsets/human/colonialism/ruin/structure/col_a_ruin_struct_sheet_4m_bare_a.cgf
    [-0.055292487501140707, 0.99707330109059567, 0.052793850171519947, -2.1457160000000002]
    [-0.93441500589417326, -0.033039488900159016, -0.3546499774012441, -5.760955000000024]
    [-0.35186780916051824, -0.068940858445576139, 0.93350726855823607, 0.099763000000000004]
  #160 objects/buildingsets/organic/megascans/rubble/organic_concrete_rubble_pile_f.cgf
    [1.0220355513291948, -3.342964496402749, 4.1583218522787311E-06, -4.5098589999999996]
    [3.3429644964027481, 1.0220355513222033, -5.6205480504478893E-06, -1.8647540000000049]
    [4.1591984977480646E-06, 5.619899364834092E-06, 3.4957071233669543, -0.34405400000000003]
  #161 objects/buildingsets/organic/megascans/rubble/organic_concrete_rubble_pile_f.cgf
    [0.84977936986075886, -2.7795337055794964, 3.4574710433445582E-06, 10.57925]
    [2.779533705579496, 0.84977936985494551, -4.6732452700355641E-06, 4.9853780000000256]
    [3.4581943710084045E-06, 4.6727100339954395E-06, 2.9065327450196734, -0.34405400000000003]
  #162 objects/buildingsets/organic/megascans/rubble/organic_concrete_rubble_pile_b.cgf
    [-0.99170561559149473, -0.17486279514070852, 1.8307593251658591E-06, 8.6577850000000005]
    [0.17486279513668049, -0.9917056155914945, -2.1819381679129294E-06, 12.91627699999998]
    [2.1818325884462056E-06, -1.8308851496669895E-06, 1.0070039846571446, -0.51717000000000002]
  #163 objects/buildingsets/human/colonialism/ruin/structure/col_a_ruin_struct_addon_bar_2m_c.cgf
    [0.027569234101876242, -0.43734538922603577, -1.7536929285184673, 2.0933359999999999]
    [1.8016098272172623, 0.14697807164391327, -0.0083316632156058175, -3.6700829999999769]
    [0.14460949998923861, -1.7477403687792072, 0.43813426656026122, 1.15815]
  #164 objects/buildingsets/human/colonialism/ruin/structure/col_a_ruin_struct_addon_bar_2m_c.cgf
    [0.00081351960222055453, 1.3921741811528774, 0.37303414824564962, -0.81262900000000005]
    [-1.4357750174263137, 0.033371088703254614, -0.12141069974846994, -3.5554940000000101]
    [-0.12591078492532085, -0.3715393761235275, 1.3868702370695734, 1.228]
  #165 objects/buildingsets/human/colonialism/ruin/col_a_der_wall_broken_g.cgf
    [-0.9999999999993332, 0, 1.9999999949491522E-06, 10.625000999999999]
    [0, -1.0000000000013332, 0, 7.8750009999999975]
    [1.9999999949491522E-06, 0, 0.99999999999933342, -1.1077239999999999]
  #166 objects/buildingsets/human/colonialism/ruin/structure/col_a_structural_addon_bar_2m_d.cgf
    [0.036913522846982627, 0.25304551783209861, 2.4063163479162308, 0.65888199999999997]
    [2.4118275305445791, -0.19640220070024172, -0.016344631538675072, -3.8588990000000081]
    [0.19359329340413259, 2.3985718980214004, -0.25520089201206619, 1.5012220000000001]
  #167 objects/buildingsets/organic/megascans/rubble/organic_concrete_rubble_pile_b.cgf
    [0.29286997062963266, 0.52834753122810663, 1.0409530474644511E-06, -10.652326]
    [-0.52834753122810652, 0.2928699706308408, -6.1322489752253157E-07, -9.7361200000000281]
    [-1.0410045420804607E-06, -6.1313747670069678E-07, 0.60408934227567779, -0.10896599999999999]
  #168 objects/buildingsets/organic/megascans/rubble/organic_concrete_rubble_pile_b.cgf
    [-0.67381498260289407, 0.7483513275592325, 8.1914934489978169E-07, -3.8303449999999999]
    [-0.7483513275592325, -0.67381498260088002, -1.839939420688455E-06, 3.7075550000000135]
    [-8.1922842180591892E-07, -1.8399042132563565E-06, 1.007003644599372, -0.362153]
  #169 objects/buildingsets/organic/megascans/rubble/organic_concrete_ruibble_pile_e.cgf
    [0.84977936986075886, -2.7795337055794964, 3.4574710433445582E-06, -8.0865030000000004]
    [2.779533705579496, 0.84977936985494551, -4.6732452700355641E-06, 9.702918000000011]
    [3.4581943710084045E-06, 4.6727100339954395E-06, 2.9065327450196734, -0.25784899999999999]
  #170 objects/buildingsets/human/colonialism/ruin/structure/col_a_ruin_struct_addon_bar_2m_c.cgf
    [0.00081351960222055453, 1.3921741811528774, 0.37303414824564962, -1.1362159999999999]
    [-1.4357750174263137, 0.033371088703254614, -0.12141069974846994, -1.7896150000000262]
    [-0.12591078492532085, -0.3715393761235275, 1.3868702370695734, 1.8018730000000001]
  #171 objects/buildingsets/human/colonialism/ruin/structure/col_a_ruin_struct_sheet_4m_a.cgf
    [-0.0435292551500846, 0.89113645798612806, 0.4516427097890573, -8.986262]
    [-0.9848384848102465, 0.037710738820812398, -0.16932565997459531, 2.4761510000000158]
    [-0.16792403906029249, -0.45216571468556993, 0.87598390606229248, 0.37708900000000001]
  #172 objects/buildingsets/human/colonialism/ruin/structure/col_a_ruin_struct_addon_bar_2m_c.cgf
    [-1.5851428481962115, -1.3181286930136562, 0.63408111208120399, -1.1025210000000001]
    [1.3716720138167178, -1.6642649715845974, -0.030625938355127526, -1.6372059999999919]
    [0.50797440344570066, 0.3807345666501179, 2.0613595398264111, 1.1636070000000001]
  #173 objects/buildingsets/organic/megascans/rubble/organic_concrete_rubble_pile_b.cgf
    [-0.010540361175579511, 0.60399751442563543, 8.4678496069136836E-07, -10.998303999999999]
    [-0.60399751442563532, -0.010540361174371359, -8.6177411259949006E-07, 3.921888000000024]
    [-8.468679258024661E-07, -8.6169258268059227E-07, 0.60408947735026375, -0.10896599999999999]
  #174 objects/buildingsets/human/colonialism/props/furniture/table/table_simple_1_a.cgf
    [-0.99452444590038136, 0.10452867593663065, 0, -0.28265200000000001]
    [-0.10452867593663065, -0.99452444590038136, 0, -8.1646759999999858]
    [0, 0, 1.0000025587899892, 0]
  #175 objects/buildingsets/human/universal/prop/uee/seat/seat_stool_1_a.cgf
    [0.92757446472783778, -0.37361562932179243, 0.0041141461921556099, -2.589029]
    [0.37360744824781039, 0.92758314692175636, 0.0026329542409677231, -8.616106000000002]
    [-0.0047999256420386219, -0.00090518548174313353, 0.99998804674886921, 0.025250000000000002]
  #176 objects/buildingsets/human/universal/prop/box_plastic/box_plastic_1_064x094x055_a.cgf
    [-0.27563903538767048, 0.96126081453353251, 0, -4.1390560000000001]
    [-0.96126081453353251, -0.27563903538767048, -0, -9.5698540000000207]
    [-0, 0, 0.99999961569348428, 1.245228]
  #177 objects/buildingsets/human/lowtech/prop/utilitarian/heater/heater_hanging_1_a.cgf
    [0.71660405716563613, -0.69465687961187095, -0.062694403495580101, -4.2517149999999999]
    [0.69201352317380393, 0.71934133968229252, -0.060543076703137952, -13.501188000000013]
    [0.087155334698153175, 3.9352499703611043E-08, 0.99619480574919161, 1.8646609999999999]
  #178 objects/buildingsets/human/universal/prop/box_plastic/box_plastic_1_064x094x055_a.cgf
    [-0.64278830923689623, 0.76604408164290649, 0, -0.58821100000000004]
    [-0.76604408164290649, -0.64278830923689623, 0, -8.0318909999999732]
    [0, 0, 1.0000001727558609, 0.80000099999999996]
  #179 objects/buildingsets/human/universal/prop/dressing/bucket/bucket_plastic_1_a.cgf
    [-0.24191958061067195, 0.97029582050708152, 0, -1.8428530000000001]
    [-0.97029582050708152, -0.24191958061067195, -0, -8.7837940000000003]
    [-0, 0, 0.9999995313880673, 0.074687000000000003]
  #180 objects/buildingsets/human/colonialism/ruin/col_a_der_floor_tile_scatter.cgf
    [-0.9999999999993332, 0, 1.9999999949491522E-06, -4.0442349999999996]
    [0, -1.0000000000013332, 0, 10.268994000000021]
    [1.9999999949491522E-06, 0, 0.99999999999933342, 0.019102000000000001]
  #181 objects/buildingsets/human/hightech/prop/storage/crate/crate_dry_1_0125x0125x0125_c.cgf
    [-0.99861549521088622, -0.0523370301293287, -0.0048174547098279469, -10.993327000000001]
    [0.052334652792006477, -0.99862704833796911, 0.00061831453058814841, 14.495121999999981]
    [-0.0048432127539095489, 0.00036533951380570507, 0.99998584474240582, 0.035538]
  #182 objects/buildingsets/human/universal/prop/junk/scrap/scrap_pile_1_small_a.cgf
    [-0.63960967919401956, -0.15947221547972129, 0, -1.6817610000000001]
    [0.15947221547972129, -0.63960967919401956, 0, -8.834132000000011]
    [0, 0, 0.65919035887115873, 0.80000199999999999]
  #183 objects/buildingsets/human/colonialism/ruin/structure/col_a_ruin_struct_addon_bar_4m_b.cgf
    [0.018025177903217386, 0.049886511463017626, -1.4403086458031551, -3.3805170000000002]
    [0.0039646376969091927, 1.4404141300661608, 0.049939781671405101, -12.092773000000022]
    [1.4411668678016436, -0.0045865149629727093, 0.017877059909415117, 1.371761]
  #184 objects/buildingsets/human/colonialism/ruin/col_a_der_slabs_rebar_a.cgf
    [0.0049949721062987913, 0.91086904050181283, -0.0079124939896954051, -10.156891]
    [0.063347109749937944, -0.0082408091483464844, -0.90867441859176534, -4.5564620000000104]
    [-0.90869805776845336, 0.0044324228205574927, -0.063388955567615993, 0.71099599999999996]
  #185 objects/buildingsets/human/universal/prop/uee/seat/seat_stool_1_a.cgf
    [0.92757446472783778, -0.37361562932179243, 0.0041141461921556099, -2.0061840000000002]
    [0.37360744824781039, 0.92758314692175636, 0.0026329542409677231, -10.822374000000025]
    [-0.0047999256420386219, -0.00090518548174313353, 0.99998804674886921, 2.5049130000000002]
  #186 objects/buildingsets/human/universal/prop/box_plastic/box_plastic_1_064x094x055_a.cgf
    [0.34202125079316209, 0.93969193411874996, 0, -10.293975]
    [-0.93969193411874996, 0.34202125079316209, -0, 14.669343000000026]
    [-0, 0, 0.99999973352094262, 0.75]
  #187 objects/buildingsets/human/universal/prop/junk/scrap/scrap_pile_3_medium_a.cgf
    [-0.47664333397752162, 0.18296663991715753, 0, -0.71864799999999995]
    [-0.18296663991715753, -0.47664333397752162, 0, -8.7378800000000183]
    [0, 0, 0.51055426660422887, 0.80000199999999999]
  #188 objects/buildingsets/human/colonialism/ruin/col_a_der_floor_tile_scatter.cgf
    [-0.9999999999993332, 0, 1.9999999949491522E-06, -8.0946130000000007]
    [0, -1.0000000000013332, 0, -0.54866700000002311]
    [1.9999999949491522E-06, 0, 0.99999999999933342, 0.019119000000000001]
  #189 objects/buildingsets/human/colonialism/ruin/col_a_der_floor_tile_scatter.cgf
    [-0.9999999999993332, 0, 1.9999999949491522E-06, -3.0968300000000002]
    [0, -1.0000000000013332, 0, -6.9057740000000081]
    [1.9999999949491522E-06, 0, 0.99999999999933342, 0.019109000000000001]
  #190 objects/buildingsets/human/colonialism/ruin/col_a_der_slabs_rebar_a.cgf
    [0.037628671313932043, 0.090400264953270665, -0.86010209931322656, -5.7433050000000003]
    [-0.86483977079367358, 0.0039328319358553996, -0.037422583262026819, 12.886392000000001]
    [-4.3254709676627677E-07, 0.86091583269262484, 0.090485772751688287, 1.085291]
  #191 objects/buildingsets/human/hightech/prop/storage/crate/crate_dry_1_0125x0125x0125_c.cgf
    [-0.99618191212548524, 0.087152679092575083, -0.0048175494642021663, -13.555930999999999]
    [-0.087156641900007742, -0.99619302225915174, 0.00061844703281099648, 13.362468999999976]
    [-0.0047453164875717463, 0.0010359686313817834, 0.99998680443407284, 0.02291]
  #192 objects/buildingsets/human/universal/prop/junk/scrap/scrap_pile_3_medium_a.cgf
    [-0.30254404813055735, -0.18178621449706267, 0, -13.744308]
    [0.18178621449706267, -0.30254404813055735, 0, 12.354391000000021]
    [0, 0, 0.35295768703967495, 0.17160500000000001]
  #193 objects/buildingsets/human/universal/prop/junk/scrap/scrap_pile_4_small_a.cgf
    [0.082578564196639559, -0.25415010636468582, 0, -13.401123]
    [0.25415010636468582, 0.082578564196639559, 0, 12.239508000000001]
    [0, 0, 0.26722929448314542, 0.17160500000000001]
  #194 objects/buildingsets/human/universal/prop/dressing/bucket/bucket_plastic_1_a.cgf
    [-0.24191958061067195, 0.97029582050708152, 0, 2.1018029999999999]
    [-0.97029582050708152, -0.24191958061067195, -0, -14.446497000000022]
    [-0, 0, 0.9999995313880673, 0.074687000000000003]
  #195 objects/buildingsets/human/colonialism/props/light/light_floor_2_a.cgf
    [0.35836611913979849, 0.93358139955063379, 0, 2.2726280000000001]
    [-0.93358139955063379, 0.35836611913979849, -0, -10.482944999999972]
    [-0, 0, 1.0000002524670883, 0.026553]
  #196 objects/buildingsets/human/colonialism/ruin/structure/col_a_ruin_struct_sheet_2m_bare_a.cgf
    [-0.033984864932359707, 0.76283359808410323, 0.73739696832907908, 4.9930399999999997]
    [-1.0593142948585377, 0.016874969966438991, -0.066278340416141071, -2.5010669999999777]
    [-0.059351596231401821, -0.7379867853383415, 0.76070838762438542, 1.1774210000000001]
  #197 objects/buildingsets/human/colonialism/ruin/col_a_der_conc_piece_h.cgf
    [-0.04989024208577484, 0.048801053079113144, -0.1938457405947635, 10.464359999999999]
    [0.15891729424093939, 0.1308770707949381, -0.0079521138708775353, 3.8242190000000278]
    [0.12125595869688814, -0.15144767988399921, -0.069335005026265314, 0.71631299999999998]
  #198 objects/planet/geology/generic_rock_set_a/generic_rock_ground_scatter_e_color.cgf
    [-0.70667377106682272, 0.037232569703817338, 0, 6.6247740000000004]
    [-0.037232569703817338, -0.70667377106682272, 0, -1.0453739999999812]
    [0, 0, 0.7076539288102297, 0.119298]
  #199 objects/buildingsets/human/colonialism/ruin/col_a_der_conc_piece_h.cgf
    [0.11117570962319226, -0.21236994070190313, -0.66581690547525185, 10.458771]
    [-0.65804342435382124, -0.25885525017180239, -0.027312869929412422, 1.6723380000000247]
    [-0.2353550403009613, 0.62343095005409721, -0.23814919118100972, 0.97873699999999997]
  #200 objects/buildingsets/human/universal/prop/dressing/drug/drug_widow_1_a.cgf
    [-0.24191958061067195, 0.97029582050708152, 0, 3.753692]
    [-0.97029582050708152, -0.24191958061067195, -0, -12.326941999999974]
    [-0, 0, 0.9999995313880673, 0.074687000000000003]
  #201 objects/buildingsets/human/colonialism/ruin/structure/col_a_ruin_struct_addon_bar_2m_c.cgf
    [-1.4378849034462169, -0.089402820483770198, -0.042425131491291117, 0.48581400000000002]
    [0.097563679581108939, -1.1773590765872999, -0.82559837987676421, -17.920682999999997]
    [0.016555498153220521, -0.82652192476551389, 1.1806325317446793, 1.13276]
  #202 objects/planet/geology/generic_rock_set_a/generic_rock_ground_scatter_e_color.cgf
    [-0.70667377106682272, 0.037232569703817338, 0, 7.6992399999999996]
    [-0.037232569703817338, -0.70667377106682272, 0, 1.5698380000000043]
    [0, 0, 0.7076539288102297, 0.074663999999999994]
  #203 objects/buildingsets/human/universal/prop/box_plastic/box_plastic_1_064x094x055_a.cgf
    [0.97029589802732896, 0.24192117877086725, 0, 3.3307609999999999]
    [-0.24192117877086725, 0.97029589802732896, -0, -12.561437000000012]
    [-0, 0, 0.99999999323327327, 0.039648999999999997]
  #204 objects/planet/geology/generic_rock_set_a/generic_rock_ground_scatter_med_b.cgf
    [-0.70667377106776708, 0.037232569703792524, -3.7245613579135233E-08, 9.5785319999999992]
    [-0.037232569703792524, -0.70667377106635187, 1.4148121656782296E-06, 1.4335479999999734]
    [3.7245033624018213E-08, 1.414812180945709E-06, 0.7076539288097573, 0.44538899999999998]
  #205 objects/planet/geology/generic_rock_set_a/generic_rock_ground_scatter_a.cgf
    [-0.70661220059041396, 0.0380691093041347, 0.0048338747396307353, 9.4090550000000004]
    [-0.036132960575105642, -0.69005404472785714, 0.15262126315241359, 1.10932600000001]
    [0.012924108800472742, 0.1521498725696156, 0.69098249553820046, 0.47081499999999998]
  #206 objects/buildingsets/human/colonialism/ruin/col_a_der_conc_piece_h.cgf
    [0.049936955372653836, -0.09539043982130746, -0.29906633088038559, 10.395922000000001]
    [-0.29557460534102553, -0.11627059290284966, -0.012268157602752707, 4.3554280000000176]
    [-0.10571498925438973, 0.28002771113617758, -0.10696975194056933, 0.84672499999999995]
  #207 objects/buildingsets/human/colonialism/ruin/col_a_der_floor_tile_scatter.cgf
    [-0.9999999999993332, 0, 1.9999999949491522E-06, 4.9499919999999999]
    [0, -1.0000000000013332, 0, -7.2593370000000164]
    [1.9999999949491522E-06, 0, 0.99999999999933342, 0.019092999999999999]
  #208 objects/buildingsets/human/colonialism/ruin/structure/col_a_ruin_struct_sheet_2m_bare_a.cgf
    [-0.34152119093403788, 0.93969200728159663, 0.018463974607914484, 1.5497380000000001]
    [0.029653001742444614, 0.0304082925531679, -0.99909696526208369, -3.8655959999999823]
    [-0.93940549625542469, -0.34066549276280722, -0.038249789672817135, 3.1640199999999998]
  #209 objects/buildingsets/human/colonialism/col_a/int/garage/col_garage_sml_a_int_machinery_f.cgf
    [-0.022115649364203009, 0.40870141957381079, 0, 6.5697010000000002]
    [-0.40870141957381079, -0.022115649364203009, -0, -0.12864400000000842]
    [-0, 0, 0.40929934315662975, 0.28230300000000003]
  #210 objects/buildingsets/human/colonialism/ruin/structure/col_a_ruin_struct_sheet_4m_bare_a.cgf
    [0.00056406085407919367, 0.93969268058645572, 0.34202070279063634, 2.3560490000000001]
    [-0.99617696816144052, 0.0304072829791345, -0.081900296069754797, -2.620584000000008]
    [-0.087360993525941275, -0.34066681147988975, 0.93611697645972214, 2.6047750000000001]
  #211 objects/buildingsets/human/colonialism/ruin/col_a_der_floor_tile_scatter.cgf
    [-0.9999999999993332, 0, 1.9999999949491522E-06, 5.7661499999999997]
    [0, -1.0000000000013332, 0, 8.4857180000000199]
    [1.9999999949491522E-06, 0, 0.99999999999933342, 0.019091]
  #212 objects/buildingsets/human/colonialism/ruin/structure/col_a_ruin_struct_addon_bar_2m_c.cgf
    [0.70019560162918215, -2.0387050318311388, -0.074866833418027148, 2.237771]
    [-0.05793660721370484, 0.059250225797963192, -2.1553027375262053, -1.4276889999999867]
    [2.0392563838576581, 0.70168962799074175, -0.035527411480462533, 2.6572789999999999]
