# IncludedObjects
# Cgfs: 45, Materials: 2, Palettes: 6, Placements: 133

[CGFs]
      0: objects/buildingsets/human/lowtech/alpha/int/universal/prop/cable_hanging_i.cgf
      1: objects/buildingsets/human/universal/prop/junk/aurora/aurora_door_frame_1_a.cgf
      2: objects/buildingsets/human/colonialism/props/furniture/furniture_pot_1_d.cgf
      3: objects/buildingsets/human/colonialism/col_a/ext/nongp/col_a_ext_adn_fluff_a.cgf
      4: objects/buildingsets/human/lowtech/prop/storage/canister/canister_trolley_1_a.cgf
      5: objects/buildingsets/human/colonialism/col_a/int/addons/col_a_int_addn_airlock_b.cgf
      6: objects/buildingsets/human/colonialism/props/dressing/cloth/cloth_col_4_a.cgf
      7: objects/buildingsets/human/colonialism/props/dressing/cloth/cloth_col_7_a.cgf
      8: objects/buildingsets/human/lowtech/prop/light/lamp/lamp_lantern_1_a.cgf
      9: objects/buildingsets/human/lowtech/bravo/int/shanty/roof/shanty_roof_flat_02x02x01_a.cgf
     10: objects/buildingsets/human/colonialism/props/dressing/cloth/cloth_col_2_a.cgf
     11: objects/buildingsets/human/lowtech/prop/storage/crate/crate_dry_1_0125x0125x00625_a.cgf
     12: objects/buildingsets/human/colonialism/props/furniture/furniture_pot_1_e.cgf
     13: objects/buildingsets/human/lowtech/bravo/int/walkway/addon/walkway_addon_railing_panel_c.cgf
     14: objects/buildingsets/human/colonialism/col_a/int/addons/col_a_int_addn_gen_d_blades_a.cgf
     15: objects/buildingsets/human/lowtech/prop/storage/drum/drum_dry_1_a.cgf
     16: objects/buildingsets/human/colonialism/props/dressing/basket/basket_woven_1_large_b.cgf
     17: objects/buildingsets/human/universal/prop/storage/bag/bag_rucksack_1_a.cgf
     18: objects/buildingsets/human/colonialism/col_a/int/addons/col_a_int_addn_gen_a.cgf
     19: objects/buildingsets/human/colonialism/props/storage/container/plastic_tray_b.cgf
     20: objects/buildingsets/human/universal/prop/tool/construction/construction_cablespool_3_a.cgf
     21: objects/buildingsets/human/colonialism/props/dressing/sacks/sack_upright_1_a.cgf
     22: objects/buildingsets/human/colonialism/props/dressing/cloth/cloth_col_3_a.cgf
     23: objects/buildingsets/human/universal/prop/storage/box_cardboard/box_cardboard_open_005x005x004_a.cgf
     24: objects/buildingsets/human/colonialism/col_a/int/addons/col_a_int_addn_airlock_c.cgf
     25: objects/buildingsets/human/universal/prop/funnel/tool_funnel_1_a.cgf
     26: objects/buildingsets/human/lowtech/prop/storage/crate/crate_weapon_1_005x0025x0025_a.cgf
     27: objects/buildingsets/human/lowtech/bravo/int/walkway/addon/walkway_addon_railing_cable_c.cgf
     28: objects/buildingsets/human/colonialism/props/furniture/table/table_simple_1_a.cgf
     29: objects/buildingsets/human/colonialism/props/dressing/basket/basket_woven_1_large_a.cgf
     30: objects/buildingsets/human/colonialism/props/furniture/furniture_pot_1_f.cgf
     31: objects/buildingsets/human/colonialism/col_a/int/addons/col_a_int_addn_gen_e.cgf
     32: objects/buildingsets/human/universal/prop/storage/ammo-box/ammo-box_1_pallet_250x125x025_a.cgf
     33: objects/buildingsets/human/lowtech/prop/storage/crate/crate_weapon_1_015x0075x0075_a.cgf
     34: objects/buildingsets/human/colonialism/props/storage/container/plastic_tray_a.cgf
     35: objects/buildingsets/human/colonialism/props/dressing/basket/basket_woven_1_medium_a.cgf
     36: objects/buildingsets/human/universal/prop/bucket_1/bucket_1_a.cgf
     37: objects/buildingsets/human/lowtech/prop/storage/crate/crate_weapon_1_01x005x00375_b.cgf
     38: objects/buildingsets/human/universal/prop/metal_crate/universal_metal_crate_b.cgf
     39: objects/buildingsets/human/universal/prop/light/lamp/lamp_office_2_a.cgf
     40: objects/buildingsets/human/universal/prop/dressing/bottle/bottle_cleaning_3_a.cgf
     41: objects/buildingsets/human/colonialism/props/dressing/basket/basket_woven_1_medium_d.cgf
     42: objects/buildingsets/human/lowtech/bravo/int/walkway/addon/walkway_addon_railing_cable_e.cgf
     43: objects/characters/human/male_v7/clothing/navy/bdu/m_nvy_bdu_boots_01_right_a.cgf
     44: objects/buildingsets/human/universal/prop/dressing/bottle/bottle_cleaning_2_a.cgf

[Materials]
      0: objects/buildingsets/human/colonialism/props/dressing/basket/basket_woven_1_spice_d
      1: objects/buildingsets/human/colonialism/props/dressing/basket/basket_woven_1_spice_a

[Palettes]
      0: Libs/Foundry/Records/TintPalettes/default
      1: Libs/Foundry/Records/TintPalettes/Brand/DRAK/drak_cutlass_black_default
      2: Libs/Foundry/Records/TintPalettes/Generic/gen_grey_darkgrey_blue_a<222>
      3: Libs/Foundry/Records/TintPalettes/Generic/gen_pink_purple_white
      4: Libs/Foundry/Records/TintPalettes/Generic/gen_matte_dark_a
      5: Libs/Foundry/Records/TintPalettes/Generic/gen_grey_darkgrey_blue_a<131>

[Placements]
  #0 objects/buildingsets/human/lowtech/alpha/int/universal/prop/cable_hanging_i.cgf
    [0.94440919129927869, 0.30685419104385564, 0.00000000000000000, 11.53765299999999883]
    [-0.30685419104385564, 0.94440919129927869, -0.00000000000000000, 6.78994099999999889]
    [-0.00000000000000000, 0.00000000000000000, 0.99300967526592443, 6.69050100000000025]
  #1 objects/buildingsets/human/universal/prop/junk/aurora/aurora_door_frame_1_a.cgf
    [-0.10044641482791639, -0.10035531379913069, -0.00974565285244148, 5.48436599999999963]
    [-0.10067445684724756, 0.10058187646770124, 0.00189443230861838, 8.78938499999998157]
    [0.00555162100237214, 0.00823080357791743, -0.14197564011383049, 5.69878100000000032]
  #2 objects/buildingsets/human/colonialism/props/furniture/furniture_pot_1_d.cgf
    [-0.60181639611381743, 0.79863337350951202, 0.00000000000000000, 2.41765499999999989]
    [-0.79863337350951202, -0.60181639611381743, 0.00000000000000000, 17.05568199999999024]
    [0.00000000000000000, 0.00000000000000000, 0.99999911995691637, 0.86981100000000033]
  #3 objects/buildingsets/human/colonialism/col_a/ext/nongp/col_a_ext_adn_fluff_a.cgf
    [-0.22044691016735815, 0.14342873223385999, 0.31293362827136373, 3.68304999999999971]
    [0.09580236698067715, 0.38248317224545120, -0.10781756148969326, 9.34022099999998545]
    [-0.33063751059762114, 0.01519601442720460, -0.23988333595096559, 6.19689800000000091]
  #4 objects/buildingsets/human/lowtech/prop/storage/canister/canister_trolley_1_a.cgf
    [0.35306351037451172, 0.85774438779568118, 0.37365789479862904, 0.43924899999999933]
    [-0.93520194303158277, 0.33518184417845320, 0.11423640654969679, 20.15703199999995832]
    [-0.02725771249176125, -0.38977839349616006, 0.92050492696757102, 0.16254400000000047]
  #5 objects/buildingsets/human/colonialism/col_a/int/addons/col_a_int_addn_airlock_b.cgf
    [0.26440704025335132, 0.48986134638230866, 0.59386663911539439, 2.99643999999999977]
    [-0.19924512118046303, 0.65006820256779319, -0.44751035783018583, 17.17175899999995181]
    [-0.74360144258835659, -0.00000017356706217, 0.33107355866895294, 0.47515800000000041]
  #6 objects/buildingsets/human/colonialism/props/dressing/cloth/cloth_col_4_a.cgf
    [-1.20906777690228817, -1.01452653800635129, 0.00000000000000000, 1.36717999999999940]
    [1.01452653800635129, -1.20906777690228817, 0.00000000000000000, 17.62009599999998954]
    [0.00000000000000000, 0.00000000000000000, 1.57832474017947066, 0.68728899999999982]
  #7 objects/buildingsets/human/colonialism/props/dressing/cloth/cloth_col_7_a.cgf
    [-0.90528860875687700, 1.29289559801241838, 0.00000000000000000, 4.40188299999999977]
    [-1.29289559801241838, -0.90528860875687700, 0.00000000000000000, 20.51981899999998404]
    [0.00000000000000000, 0.00000000000000000, 1.57833028625343519, 0.45091799999999971]
  #8 objects/buildingsets/human/lowtech/prop/light/lamp/lamp_lantern_1_a.cgf
    [0.70944790512948985, 0.25204637250579964, 0.00982660639262188, 5.21369799999999906]
    [-0.25141191608134777, 0.70895991429663785, -0.03328895540504005, 8.87342099999995071]
    [-0.02039569902781378, 0.02808437655211699, 0.75215393998435942, 5.82550800000000013]
  #9 objects/buildingsets/human/lowtech/bravo/int/shanty/roof/shanty_roof_flat_02x02x01_a.cgf
    [-0.07737595853761281, -0.25919814673607677, 0.33515249299000488, 2.94135199999999974]
    [0.05830752916089284, -0.34396835976104295, -0.25255476894110668, 17.18529699999999139]
    [0.41965593630018350, 0.00000057216470442, 0.09688553512333695, 0.09826900000000016]
  #10 objects/buildingsets/human/colonialism/props/dressing/cloth/cloth_col_2_a.cgf
    [0.68891440999412989, -0.71339144155096634, 0.00000000000000000, 2.90067899999999979]
    [0.71339144155096634, 0.68891440999412989, 0.00000000000000000, 19.40905299999997169]
    [0.00000000000000000, 0.00000000000000000, 0.99173101856084234, 0.70981100000000019]
  #11 objects/buildingsets/human/lowtech/prop/storage/crate/crate_dry_1_0125x0125x00625_a.cgf
    [-0.39073175141290950, 0.92050493246196075, 0.00000000000000000, 3.38784499999999955]
    [-0.92050493246196075, -0.39073175141290950, -0.00000000000000000, 22.34762699999998858]
    [-0.00000000000000000, 0.00000000000000000, 1.00000031612444928, 0.06981000000000037]
  #12 objects/buildingsets/human/colonialism/props/furniture/furniture_pot_1_e.cgf
    [-0.11845012122658481, -0.84282749614450547, 0.00000000000000000, 4.57724499999999956]
    [0.84282749614450547, -0.11845012122658481, 0.00000000000000000, 20.10137699999995675]
    [0.00000000000000000, 0.00000000000000000, 0.85111022757091170, 0.87798900000000035]
  #13 objects/buildingsets/human/lowtech/prop/light/lamp/lamp_lantern_1_a.cgf
    [-0.12186987219395996, 0.99254338690247457, 0.00000000000000000, 1.29146499999999964]
    [-0.99254338690247457, -0.12186987219395996, -0.00000000000000000, 18.12425799999999754]
    [-0.00000000000000000, 0.00000000000000000, 0.99999732031261324, 1.20316400000000012]
  #14 objects/buildingsets/human/lowtech/bravo/int/walkway/addon/walkway_addon_railing_panel_c.cgf
    [-0.52051487316843570, -0.33802439568254067, 0.00000000000000000, 2.26914799999999950]
    [0.33802439568254067, -0.52051487316843570, 0.00000000000000000, 17.72801299999997582]
    [0.00000000000000000, 0.00000000000000000, 0.62064178498236744, 0.06981099999999962]
  #15 objects/buildingsets/human/lowtech/prop/light/lamp/lamp_lantern_1_a.cgf
    [0.99254579333769477, 0.12187228281798007, 0.00000000000000000, 3.73035099999999975]
    [-0.12187228281798007, 0.99254579333769477, -0.00000000000000000, 18.99171300000000429]
    [-0.00000000000000000, 0.00000000000000000, 1.00000000259580979, 1.16029500000000052]
  #16 objects/buildingsets/human/colonialism/props/dressing/cloth/cloth_col_2_a.cgf
    [0.68891440999412989, -0.71339144155096634, 0.00000000000000000, 3.59517299999999951]
    [0.71339144155096634, 0.68891440999412989, 0.00000000000000000, 18.88571399999995037]
    [0.00000000000000000, 0.00000000000000000, 0.99173101856084234, 0.70981100000000019]
  #17 objects/buildingsets/human/colonialism/col_a/int/addons/col_a_int_addn_gen_d_blades_a.cgf
    [-0.23857009209231844, 0.84514021332794431, -0.59048090085614280, 1.13066299999999931]
    [-0.31659701992065747, -0.63685428719276083, -0.78359958343683556, 19.22649300000000494]
    [-0.98117073001452915, 0.00000100994080130, 0.39642068798507257, 0.41528399999999976]
  #18 objects/buildingsets/human/colonialism/col_a/int/addons/col_a_int_addn_gen_d_blades_a.cgf
    [0.26345878338613282, 0.52996166230075270, 0.65207201715991370, 4.19919699999999985]
    [-0.19852736826444098, 0.70328404368416086, -0.49137180175924577, 19.87944699999997056]
    [-0.81648280026071030, 0.00000235700746872, 0.32988429257506446, 0.99718700000000027]
  #19 objects/buildingsets/human/lowtech/prop/storage/drum/drum_dry_1_a.cgf
    [-0.64278830923689623, 0.76604408164290649, 0.00000000000000000, 1.85331499999999938]
    [-0.76604408164290649, -0.64278830923689623, 0.00000000000000000, 21.30908499999998185]
    [0.00000000000000000, 0.00000000000000000, 1.00000017275586095, 0.06981000000000037]
  #20 objects/buildingsets/human/colonialism/props/dressing/basket/basket_woven_1_large_b.cgf
    [-0.99026784198480255, 0.13917612384238706, 0.00000000000000000, 0.69497399999999931]
    [-0.13917612384238706, -0.99026784198480255, 0.00000000000000000, 19.64728599999995140]
    [0.00000000000000000, 0.00000000000000000, 1.00000019615849500, 0.06981000000000037]
  #21 objects/buildingsets/human/lowtech/bravo/int/walkway/addon/walkway_addon_railing_panel_c.cgf
    [-0.33802620623551827, 0.52051521755813923, 0.00000000000000000, 4.13717600000000019]
    [-0.52051521755813923, -0.33802620623551827, 0.00000000000000000, 20.61901499999999032]
    [0.00000000000000000, 0.00000000000000000, 0.62064305990768498, 0.07798900000000053]
  #22 objects/buildingsets/human/universal/prop/storage/bag/bag_rucksack_1_a.cgf
    [0.81065724110380299, 0.68021875840506207, 0.00000000000000000, 3.05804099999999979]
    [-0.68021875840506207, 0.81065724110380299, -0.00000000000000000, 19.92940299999997933]
    [-0.00000000000000000, 0.00000000000000000, 1.05823566460413421, 0.11048100000000005]
  #23 objects/buildingsets/human/colonialism/col_a/int/addons/col_a_int_addn_gen_a.cgf
    [-0.80646554969447637, 0.11334382927545353, 0.00000000000000000, 2.19780099999999923]
    [-0.11334382927545353, -0.80646554969447637, 0.00000000000000000, 17.26049000000000433]
    [0.00000000000000000, 0.00000000000000000, 0.81439149460123728, 0.86981100000000033]
  #24 objects/buildingsets/human/colonialism/props/storage/container/plastic_tray_b.cgf
    [0.80901578724672807, -0.58778683526518261, 0.00000000000000000, 3.48782399999999981]
    [0.58778683526518261, 0.80901578724672807, 0.00000000000000000, 18.80450799999999845]
    [0.00000000000000000, 0.00000000000000000, 0.99999995386274998, 0.84722600000000003]
  #25 objects/buildingsets/human/universal/prop/tool/construction/construction_cablespool_3_a.cgf
    [0.25881757772310116, 0.96592633214348911, 0.00000000000000000, 3.14753499999999953]
    [-0.96592633214348911, 0.25881757772310116, -0.00000000000000000, 22.25279399999999441]
    [-0.00000000000000000, 0.00000000000000000, 1.00000010883330770, 0.68754400000000082]
  #26 objects/buildingsets/human/colonialism/props/dressing/sacks/sack_upright_1_a.cgf
    [0.60181113645522177, -0.79863827265138310, 0.00000000000000000, 3.39774599999999971]
    [0.79863827265138310, 0.60181113645522177, 0.00000000000000000, 16.62852599999996528]
    [0.00000000000000000, 0.00000000000000000, 0.99999986725254641, 0.06981000000000037]
  #27 objects/buildingsets/human/colonialism/props/dressing/cloth/cloth_col_3_a.cgf
    [-0.40695478057995771, 1.11810058007875912, 0.00000000000000000, 3.15406399999999953]
    [-1.11810058007875912, -0.40695478057995771, -0.00000000000000000, 19.93322599999999056]
    [-0.00000000000000000, 0.00000000000000000, 1.18985759677758884, 1.11379400000000039]
  #28 objects/buildingsets/human/universal/prop/storage/box_cardboard/box_cardboard_open_005x005x004_a.cgf
    [-0.60182620305472789, 0.60182441853071378, 0.00000000000000000, 4.87020699999999973]
    [-0.60182441853071378, -0.60182620305472789, 0.00000000000000000, 20.84388799999999264]
    [0.00000000000000000, 0.00000000000000000, 0.85110951670340451, 0.23174799999999962]
  #29 objects/buildingsets/human/colonialism/col_a/int/addons/col_a_int_addn_airlock_c.cgf
    [-0.38615884246863941, 0.20843419607641334, 0.46815132335686566, 2.87239899999999970]
    [-0.51245534015623651, -0.15706436481439781, -0.35277391757658405, 17.66851599999995415]
    [-0.00000040156195568, -0.58618691428839809, 0.26098664484683848, 0.66947200000000073]
  #30 objects/buildingsets/human/universal/prop/funnel/tool_funnel_1_a.cgf
    [-0.60181034527122734, 0.78650182751982112, -0.13868144610506120, 3.23062199999999944]
    [-0.79863487789140220, -0.59266773751304480, 0.10450188796302734, 17.89319399999999405]
    [-0.00000109303956028, 0.17364673357259955, 0.98480463635162452, 0.50154799999999966]
  #31 objects/buildingsets/human/lowtech/prop/storage/crate/crate_weapon_1_005x0025x0025_a.cgf
    [0.68856348200205064, 0.50026852086733553, 0.00000000000000000, 4.54534699999999958]
    [-0.50026852086733553, 0.68856348200205064, -0.00000000000000000, 20.58034299999997074]
    [-0.00000000000000000, 0.00000000000000000, 0.85111001739938419, 0.22485400000000055]
  #32 objects/buildingsets/human/lowtech/bravo/int/shanty/roof/shanty_roof_flat_02x02x01_a.cgf
    [0.05830814267804772, -0.34396915677287154, -0.25255384895320493, 2.97981799999999941]
    [0.07737657160777729, 0.25919738834090350, -0.33515316942879042, 18.66711599999996452]
    [0.41965592286818143, 0.00000094694350757, 0.09688639396447968, 0.10644399999999976]
  #33 objects/buildingsets/human/lowtech/bravo/int/walkway/addon/walkway_addon_railing_cable_c.cgf
    [-0.35369772052015613, -0.26653027338997792, 0.00000000000000000, 3.28484099999999968]
    [0.26653027338997792, -0.35369772052015613, 0.00000000000000000, 17.11440199999998413]
    [0.00000000000000000, 0.00000000000000000, 0.44287748208109523, 0.42358699999999949]
  #34 objects/buildingsets/human/colonialism/props/furniture/table/table_simple_1_a.cgf
    [0.60181287231351877, -0.79863726686866743, 0.00000000000000000, 4.32104899999999947]
    [0.79863726686866743, 0.60181287231351877, 0.00000000000000000, 19.34872799999999415]
    [0.00000000000000000, 0.00000000000000000, 1.00000010865684552, 0.07798900000000053]
  #35 objects/buildingsets/human/colonialism/props/dressing/basket/basket_woven_1_large_a.cgf
    [-0.79863488528496551, -0.60181437980640085, 0.00000000000000000, 3.70301299999999944]
    [0.60181437980640085, -0.79863488528496551, 0.00000000000000000, 17.06017499999995835]
    [0.00000000000000000, 0.00000000000000000, 0.99999911386755380, 0.06981000000000037]
  #36 objects/buildingsets/human/colonialism/props/furniture/furniture_pot_1_f.cgf
    [-0.60181639611381743, 0.79863337350951202, 0.00000000000000000, 1.21945899999999963]
    [-0.79863337350951202, -0.60181639611381743, 0.00000000000000000, 17.63065999999997757]
    [0.00000000000000000, 0.00000000000000000, 0.99999911995691637, 0.90948999999999991]
  #37 objects/buildingsets/human/colonialism/col_a/int/addons/col_a_int_addn_gen_e.cgf
    [0.07955815444150434, 0.56608598590580073, 0.00000000000000000, 3.39387599999999967]
    [-0.56608598590580073, 0.07955815444150434, -0.00000000000000000, 19.20380299999999352]
    [-0.00000000000000000, 0.00000000000000000, 0.57164923106489063, 0.85754000000000019]
  #38 objects/buildingsets/human/universal/prop/storage/ammo-box/ammo-box_1_pallet_250x125x025_a.cgf
    [-0.40741158932850063, 0.54065076008789381, 0.00000000000000000, 4.45636099999999935]
    [-0.54065076008789381, -0.40741158932850063, 0.00000000000000000, 20.50106799999997520]
    [0.00000000000000000, 0.00000000000000000, 0.67696931060631715, 0.06250800000000112]
  #39 objects/buildingsets/human/colonialism/col_a/int/addons/col_a_int_addn_gen_e.cgf
    [-0.19669321566137871, 0.12853231706147544, 0.31728235445797914, 4.06886299999999945]
    [0.06779171049807702, 0.37330457772818826, -0.10920094460089617, 9.22412599999995564]
    [-0.33554870431479134, 0.00007605781634245, -0.20804790629726913, 5.84123300000000079]
  #40 objects/buildingsets/human/lowtech/prop/storage/crate/crate_weapon_1_015x0075x0075_a.cgf
    [-0.64953331165773376, 1.00018742863668031, 0.00000000000000000, 2.46002699999999930]
    [-1.00018742863668031, -0.64953331165773376, 0.00000000000000000, 20.99006099999996877]
    [0.00000000000000000, 0.00000000000000000, 1.19258895490270089, 0.96771600000000024]
  #41 objects/buildingsets/human/colonialism/props/storage/container/plastic_tray_a.cgf
    [0.84804675327555035, 0.52991765882346753, 0.00000000000000000, 1.89747899999999969]
    [-0.52991765882346753, 0.84804675327555035, -0.00000000000000000, 18.56287599999996019]
    [-0.00000000000000000, 0.00000000000000000, 0.99999801043509429, 0.81981100000000051]
  #42 objects/buildingsets/human/lowtech/prop/storage/crate/crate_weapon_1_015x0075x0075_a.cgf
    [0.44674804810983060, 1.10574912272628212, 0.00000000000000000, 1.43533299999999997]
    [-1.10574912272628212, 0.44674804810983060, -0.00000000000000000, 20.16721799999999121]
    [-0.00000000000000000, 0.00000000000000000, 1.19258749821549204, 0.06981000000000037]
  #43 objects/buildingsets/human/colonialism/props/dressing/basket/basket_woven_1_medium_a.cgf
    [0.13917579279207040, 0.99026730169617272, 0.00000000000000000, 2.14194799999999930]
    [-0.99026730169617272, 0.13917579279207040, -0.00000000000000000, 17.09350200000000086]
    [-0.00000000000000000, 0.00000000000000000, 0.99999961505388590, 0.10230400000000017]
  #44 objects/buildingsets/human/universal/prop/junk/aurora/aurora_door_frame_1_a.cgf
    [0.04695864982337850, 0.23978353461099414, -0.02944155669959348, 4.87300299999999975]
    [0.24158424768886586, -0.04660865632542395, 0.00572258235546707, 8.99696499999998878]
    [-0.00000020468270541, -0.02999255257007289, -0.24427138660711245, 5.66444500000000062]
  #45 objects/buildingsets/human/universal/prop/bucket_1/bucket_1_a.cgf
    [0.81065724110380299, 0.68021875840506207, 0.00000000000000000, 3.73191399999999973]
    [-0.68021875840506207, 0.81065724110380299, -0.00000000000000000, 20.90136200000000599]
    [-0.00000000000000000, 0.00000000000000000, 1.05823566460413421, 0.82798900000000053]
  #46 objects/buildingsets/human/colonialism/props/furniture/table/table_simple_1_a.cgf
    [0.79863472853361772, 0.60181275416484958, 0.00000000000000000, 0.65659599999999951]
    [-0.60181275416484958, 0.79863472853361772, -0.00000000000000000, 17.76956500000000005]
    [-0.00000000000000000, 0.00000000000000000, 0.99999801034574409, 0.06981099999999962]
  #47 objects/buildingsets/human/lowtech/prop/storage/drum/drum_dry_1_a.cgf
    [-0.68268751592977017, 0.39149691715359042, 0.27582357493908322, 0.38691399999999998]
    [-0.36298855394154478, -0.73630217227170103, 0.14665996677587942, 20.15148299999998471]
    [0.31239044534103078, 0.00000255157875870, 0.77319010255720622, 0.22103300000000026]
  #48 objects/buildingsets/human/lowtech/prop/storage/crate/crate_weapon_1_015x0075x0075_a.cgf
    [-0.58778322690544471, 0.80901902033454087, 0.00000000000000000, 3.59910499999999978]
    [-0.80901902033454087, -0.58778322690544471, 0.00000000000000000, 20.68205799999998362]
    [0.00000000000000000, 0.00000000000000000, 1.00000044854711834, 0.07798900000000053]
  #49 objects/buildingsets/human/lowtech/prop/storage/crate/crate_weapon_1_01x005x00375_b.cgf
    [-0.85652779072994645, -0.53521673059619290, 0.00000000000000000, 2.47947799999999940]
    [0.53521673059619290, -0.85652779072994645, 0.00000000000000000, 18.15337499999998272]
    [0.00000000000000000, 0.00000000000000000, 1.00999841831697990, 0.81981100000000051]
  #50 objects/buildingsets/human/colonialism/props/furniture/furniture_pot_1_d.cgf
    [0.79863634701643382, 0.60181397377572621, 0.00000000000000000, 2.95712399999999942]
    [-0.60181397377572621, 0.79863634701643382, -0.00000000000000000, 19.08301499999998896]
    [-0.00000000000000000, 0.00000000000000000, 1.00000003690374140, 0.85889300000000013]
  #51 objects/buildingsets/human/universal/prop/metal_crate/universal_metal_crate_b.cgf
    [0.58435679003190177, -0.67222456609936587, 0.00000000000000000, 0.90272499999999933]
    [0.67222456609936587, 0.58435679003190177, 0.00000000000000000, 18.94170399999995880]
    [0.00000000000000000, 0.00000000000000000, 0.89070686834887991, 0.21696200000000054]
  #52 objects/buildingsets/human/universal/prop/metal_crate/universal_metal_crate_b.cgf
    [-0.49735205016828082, 0.57213987336232763, 0.00000000000000000, 4.25410999999999895]
    [-0.57213987336232763, -0.49735205016828082, 0.00000000000000000, 20.11822799999998779]
    [0.00000000000000000, 0.00000000000000000, 0.75809174675473967, 0.22521500000000039]
  #53 objects/buildingsets/human/universal/prop/storage/box_cardboard/box_cardboard_open_005x005x004_a.cgf
    [-0.60182620305472789, 0.60182441853071378, 0.00000000000000000, 4.32417399999999930]
    [-0.60182441853071378, -0.60182620305472789, 0.00000000000000000, 19.78009699999995519]
    [0.00000000000000000, 0.00000000000000000, 0.85110951670340451, 0.87798900000000035]
  #54 objects/buildingsets/human/lowtech/prop/storage/crate/crate_weapon_1_01x005x00375_b.cgf
    [-0.32882917049929533, 0.95497349157388267, 0.00000000000000000, 3.15099599999999969]
    [-0.95497349157388267, -0.32882917049929533, -0.00000000000000000, 20.07717800000000352]
    [-0.00000000000000000, 0.00000000000000000, 1.01000148167221360, 0.82798900000000053]
  #55 objects/buildingsets/human/universal/prop/light/lamp/lamp_office_2_a.cgf
    [-0.96125955695136622, 0.27563661038598097, 0.00000000000000000, 1.88502299999999945]
    [-0.27563661038598097, -0.96125955695136622, 0.00000000000000000, 18.57132699999999659]
    [0.00000000000000000, 0.00000000000000000, 0.99999773840514750, 0.84103100000000008]
  #56 objects/buildingsets/human/colonialism/props/storage/container/plastic_tray_a.cgf
    [-0.55919684968837580, -0.82904077318702474, 0.00000000000000000, 3.34976599999999980]
    [0.82904077318702474, -0.55919684968837580, 0.00000000000000000, 19.15715399999999136]
    [0.00000000000000000, 0.00000000000000000, 1.00000486014216139, 0.83631900000000048]
  #57 objects/buildingsets/human/universal/prop/dressing/bottle/bottle_cleaning_3_a.cgf
    [0.99026792198283831, -0.13917414559727703, 0.00000000000000000, 3.34230999999999945]
    [0.13917414559727703, 0.99026792198283831, 0.00000000000000000, 19.77203899999994974]
    [0.00000000000000000, 0.00000000000000000, 1.00000000005547030, 0.11048100000000005]
  #58 objects/buildingsets/human/lowtech/prop/storage/crate/crate_weapon_1_015x0075x0075_a.cgf
    [0.80901821966498222, 0.58778363750827056, 0.00000000000000000, 3.24294299999999946]
    [-0.58778363750827056, 0.80901821966498222, -0.00000000000000000, 19.14355499999999211]
    [-0.00000000000000000, 0.00000000000000000, 1.00000004213617477, 0.07798900000000053]
  #59 objects/buildingsets/human/lowtech/bravo/int/shanty/roof/shanty_roof_flat_02x02x01_a.cgf
    [0.05830814267804772, -0.34396915677287154, -0.25255384895320493, 3.43190899999999965]
    [0.07737657160777729, 0.25919738834090350, -0.33515316942879042, 18.27463000000000193]
    [0.41965592286818143, 0.00000094694350757, 0.09688639396447968, 0.10644399999999976]
  #60 objects/buildingsets/human/colonialism/props/dressing/basket/basket_woven_1_medium_d.cgf
    [0.91354602029453558, 0.40673544473323664, 0.00000000000000000, 1.92150899999999947]
    [-0.40673544473323664, 0.91354602029453558, -0.00000000000000000, 17.04805099999998674]
    [-0.00000000000000000, 0.00000000000000000, 1.00000002659916354, 0.87006500000000031]
  #61 objects/buildingsets/human/lowtech/prop/storage/crate/crate_weapon_1_015x0075x0075_a.cgf
    [-0.38826634304090385, 1.12761456246619196, 0.00000000000000000, 2.67353999999999958]
    [-1.12761456246619196, -0.38826634304090385, -0.00000000000000000, 20.79779899999999770]
    [-0.00000000000000000, 0.00000000000000000, 1.19258767167205693, 0.06981000000000037]
  #62 objects/buildingsets/human/lowtech/bravo/int/walkway/addon/walkway_addon_railing_cable_e.cgf
    [-0.66517438284326946, -0.43196992965682540, 0.00000000000000000, 3.93516899999999969]
    [0.43196992965682540, -0.66517438284326946, 0.00000000000000000, 19.42731899999995449]
    [0.00000000000000000, 0.00000000000000000, 0.79312986308589295, 0.11048000000000080]
  #63 objects/characters/human/male_v7/clothing/navy/bdu/m_nvy_bdu_boots_01_right_a.cgf
    [-0.90630671860100642, -0.42261655195586612, 0.00000000000000000, 3.41789999999999949]
    [0.42261655195586612, -0.90630671860100642, 0.00000000000000000, 22.55896199999995133]
    [0.00000000000000000, 0.00000000000000000, 0.99999830908276466, 0.68754400000000082]
  #64 objects/buildingsets/human/lowtech/prop/storage/crate/crate_weapon_1_015x0075x0075_a.cgf
    [-0.80901709762532303, -0.58778234141558294, 0.00000000000000000, 2.33218999999999976]
    [0.58778234141558294, -0.80901709762532303, 0.00000000000000000, 18.26608499999997548]
    [0.00000000000000000, 0.00000000000000000, 0.99999837256371871, 0.06981099999999962]
  #65 objects/buildingsets/human/universal/prop/dressing/bottle/bottle_cleaning_2_a.cgf
    [0.13917607483987621, 0.99026930853021788, 0.00000000000000000, 3.48760699999999968]
    [-0.99026930853021788, 0.13917607483987621, -0.00000000000000000, 19.78748999999999114]
    [-0.00000000000000000, 0.00000000000000000, 1.00000164161102800, 0.11048100000000005]
  #66 objects/buildingsets/human/colonialism/col_a/int/addons/col_a_int_addn_gen_e.cgf
    [0.19669281917044379, -0.12853146216382735, -0.31728195807097820, 10.15132299999999965]
    [-0.06779134480523570, -0.37330403188965011, 0.10920016548051088, 7.23200399999996080]
    [-0.33554807591882113, 0.00007619384448424, -0.20804741223629128, 5.49939900000000037]
  #67 objects/buildingsets/human/universal/prop/junk/aurora/aurora_door_frame_1_a.cgf
    [-0.04695959034062905, -0.23923298581764582, 0.03362183669334146, 10.93505099999999963]
    [-0.24158404211739903, 0.04650254760534868, -0.00653576248423932, 6.90964099999996506]
    [0.00000028001085359, -0.03425119112973600, -0.24371070644708084, 6.03290199999999999]
  #68 objects/buildingsets/human/universal/prop/junk/aurora/aurora_door_frame_1_a.cgf
    [0.02116815207226361, 0.17638470674457410, -0.00019496209415138, 9.51757100000000023]
    [0.17619614078771551, -0.02113641633561637, 0.00823804113518912, 7.44021399999996902]
    [0.00815614830070530, -0.00117497951476862, -0.17745926325153846, 5.67013700000000043]
  #69 objects/buildingsets/human/lowtech/prop/storage/canister/canister_trolley_1_a.cgf
    [0.09898509170250028, 0.91526913751191030, 0.39049341229289819, 13.81598199999999999]
    [-0.99471589634934576, 0.10176021970914774, 0.01363417544126736, 10.30639700000000403]
    [-0.02725774524543270, -0.38977943905271567, 0.92050516115945002, 0.16254400000000047]
  #70 objects/buildingsets/human/universal/prop/junk/aurora/aurora_door_frame_1_a.cgf
    [-0.00246830724909055, 0.12191236169448551, 0.00839015734688334, 9.41324000000000005]
    [0.12206913730060483, 0.00207048318225658, 0.00582666568343449, 7.47613699999999426]
    [0.00566960253621075, 0.00849708069711982, -0.12179805598455362, 4.97668400000000055]
  #71 objects/buildingsets/human/lowtech/prop/storage/crate/crate_weapon_1_015x0075x0075_a.cgf
    [-0.77714424142068472, 0.62932228233859311, 0.00000000000000000, 17.00405500000000103]
    [-0.62932228233859311, -0.77714424142068472, 0.00000000000000000, 9.99570199999999431]
    [0.00000000000000000, 0.00000000000000000, 0.99999985351058307, 0.07798900000000053]
  #72 objects/buildingsets/human/colonialism/props/furniture/table/table_simple_1_a.cgf
    [0.61566049754011953, 0.78800887495204197, 0.00000000000000000, 13.40800099999999873]
    [-0.78800887495204197, 0.61566049754011953, -0.00000000000000000, 7.94402800000000298]
    [-0.00000000000000000, 0.00000000000000000, 0.99999791761509715, 0.06981099999999962]
  #73 objects/buildingsets/human/lowtech/prop/storage/crate/crate_weapon_1_01x005x00375_b.cgf
    [-0.56479055970086922, 0.83732580373139409, 0.00000000000000000, 16.41465999999999781]
    [-0.83732580373139409, -0.56479055970086922, 0.00000000000000000, 9.52741199999996979]
    [0.00000000000000000, 0.00000000000000000, 1.01000142471268117, 0.82798900000000053]
  #74 objects/buildingsets/human/lowtech/bravo/int/shanty/roof/shanty_roof_flat_02x02x01_a.cgf
    [0.07634750244549861, -0.26516319066381078, -0.33069281907098813, 16.21946799999999911]
    [0.05964871849260310, 0.33939163471477146, -0.25836708007333387, 7.71357899999998153]
    [0.41965615526323446, 0.00000064640971498, 0.09688607096511542, 0.10644399999999976]
  #75 objects/buildingsets/human/universal/prop/junk/aurora/aurora_door_frame_1_a.cgf
    [-0.03232968734288938, -0.06388424975409127, 0.00007840522064489, 8.79727600000000010]
    [-0.06381720281453741, 0.03229168217209527, -0.00332025377573744, 7.66749399999997650]
    [0.00292713835510603, -0.00156910597602275, -0.07152189850106604, 5.65927300000000066]
  #76 objects/buildingsets/human/colonialism/props/storage/container/plastic_tray_b.cgf
    [0.93357933616414102, -0.35837088575786180, 0.00000000000000000, 16.41062000000000154]
    [0.35837088575786180, 0.93357933616414102, 0.00000000000000000, 8.21092999999996209]
    [0.00000000000000000, 0.00000000000000000, 1.00000003433577578, 0.84722600000000003]
  #77 objects/buildingsets/human/colonialism/props/dressing/cloth/cloth_col_3_a.cgf
    [-0.68247438570516605, 0.97467444253303037, 0.00000000000000000, 16.38036600000000220]
    [-0.97467444253303037, -0.68247438570516605, 0.00000000000000000, 9.38757199999997738]
    [0.00000000000000000, 0.00000000000000000, 1.18985778817080390, 1.11379400000000039]
  #78 objects/buildingsets/human/universal/prop/storage/box_cardboard/box_cardboard_open_005x005x004_a.cgf
    [-0.73708244398244815, 0.42555445510534512, 0.00000000000000000, 18.27373000000000047]
    [-0.42555445510534512, -0.73708244398244815, 0.00000000000000000, 9.82303299999995261]
    [0.00000000000000000, 0.00000000000000000, 0.85110934872503075, 0.23174799999999962]
  #79 objects/buildingsets/human/colonialism/col_a/int/addons/col_a_int_addn_gen_d_blades_a.cgf
    [0.20309763953279733, 0.69392706266354598, 0.50267756888391057, 17.37596800000000030]
    [-0.25995068474705468, 0.54215624080253821, -0.64339755190557513, 9.06512499999996635]
    [-0.81648340341701542, 0.00000130118797318, 0.32988332737888348, 0.99718700000000027]
  #80 objects/buildingsets/human/universal/prop/storage/box_cardboard/box_cardboard_open_005x005x004_a.cgf
    [-0.73708244398244815, 0.42555445510534512, 0.00000000000000000, 17.47097300000000075]
    [-0.42555445510534512, -0.73708244398244815, 0.00000000000000000, 8.93681299999997236]
    [0.00000000000000000, 0.00000000000000000, 0.85110934872503075, 0.87798900000000035]
  #81 objects/buildingsets/human/colonialism/props/dressing/basket/basket_woven_1_large_a.cgf
    [-0.61566014129654978, -0.78800897673405657, 0.00000000000000000, 16.16700999999999766]
    [0.78800897673405657, -0.61566014129654978, 0.00000000000000000, 6.47033899999996720]
    [0.00000000000000000, 0.00000000000000000, 0.99999777849490401, 0.06981000000000037]
  #82 objects/buildingsets/human/colonialism/col_a/int/addons/col_a_int_addn_gen_d_blades_a.cgf
    [-0.31238416475675612, 0.65151096138404019, -0.77317352049551069, 14.24299500000000052]
    [-0.24405952714050558, -0.83389517277855951, -0.60407075746002092, 9.22861499999999069]
    [-0.98117214229253935, -0.00000167753309357, 0.39642012963018097, 0.41528399999999976]
  #83 objects/buildingsets/human/colonialism/props/furniture/furniture_pot_1_e.cgf
    [0.10372429315416115, -0.84476612888066860, 0.00000000000000000, 17.79857400000000212]
    [0.84476612888066860, 0.10372429315416115, 0.00000000000000000, 9.18164699999999812]
    [0.00000000000000000, 0.00000000000000000, 0.85111018175930708, 0.87798900000000035]
  #84 objects/buildingsets/human/colonialism/props/furniture/furniture_pot_1_d.cgf
    [0.61566174521430672, 0.78801047190090678, 0.00000000000000000, 15.97008600000000023]
    [-0.78801047190090678, 0.61566174521430672, -0.00000000000000000, 8.61730299999999261]
    [-0.00000000000000000, 0.00000000000000000, 0.99999994417290627, 0.85889300000000013]
  #85 objects/buildingsets/human/universal/prop/tool/construction/construction_cablespool_3_a.cgf
    [-0.00000064012100026, 1.00000042674731060, 0.00000000000000000, 16.97440800000000038]
    [-1.00000042674731060, -0.00000064012100026, -0.00000000000000000, 11.62979199999995217]
    [-0.00000000000000000, 0.00000000000000000, 1.00000042674751533, 0.68754400000000082]
  #86 objects/buildingsets/human/universal/prop/dressing/bottle/bottle_cleaning_3_a.cgf
    [0.99254628244956533, 0.12186828939208420, 0.00000000000000000, 16.52047999999999917]
    [-0.12186828939208420, 0.99254628244956533, -0.00000000000000000, 9.18315499999999929]
    [-0.00000000000000000, 0.00000000000000000, 1.00000000138190259, 0.11048100000000005]
  #87 objects/buildingsets/human/lowtech/bravo/int/walkway/addon/walkway_addon_railing_cable_c.cgf
    [-0.27266225480997808, -0.34899174072618422, 0.00000000000000000, 15.77712200000000031]
    [0.34899174072618422, -0.27266225480997808, 0.00000000000000000, 6.63094899999998688]
    [0.00000000000000000, 0.00000000000000000, 0.44287689067409425, 0.42358699999999949]
  #88 objects/buildingsets/human/universal/prop/funnel/tool_funnel_1_a.cgf
    [-0.78800657473612479, 0.60630786966785333, -0.10690794540466628, 15.92631599999999992]
    [-0.61566106065904047, -0.77603510738134418, 0.13683520723479195, 7.39723699999996143]
    [-0.00000005589814150, 0.17364671816545352, 0.98480440733657482, 0.50154799999999966]
  #89 objects/buildingsets/human/colonialism/col_a/int/addons/col_a_int_addn_airlock_c.cgf
    [-0.50563413530486800, 0.16068053531689661, 0.36089413716142221, 15.52214899999999886]
    [-0.39504786123607388, -0.20565986606196285, -0.46191979636825786, 7.27292999999997392]
    [-0.00000012505477527, -0.58618638376745369, 0.26098700147389209, 0.66947200000000073]
  #90 objects/buildingsets/human/universal/prop/metal_crate/universal_metal_crate_b.cgf
    [0.73843030686938527, -0.49807598814864490, 0.00000000000000000, 13.94911499999999904]
    [0.49807598814864490, 0.73843030686938527, 0.00000000000000000, 9.01252399999998488]
    [0.00000000000000000, 0.00000000000000000, 0.89070702707089022, 0.21696200000000054]
  #91 objects/buildingsets/human/colonialism/props/dressing/cloth/cloth_col_2_a.cgf
    [0.85007974983733037, -0.51077873985830835, 0.00000000000000000, 16.53532899999999728]
    [0.51077873985830835, 0.85007974983733037, 0.00000000000000000, 8.26158499999996820]
    [0.00000000000000000, 0.00000000000000000, 0.99173106343138184, 0.70981100000000019]
  #92 objects/buildingsets/human/lowtech/prop/light/lamp/lamp_lantern_1_a.cgf
    [0.92718309173995361, 0.37460848104176747, 0.00000000000000000, 16.69333499999999759]
    [-0.37460848104176747, 0.92718309173995361, -0.00000000000000000, 8.32898599999998623]
    [-0.00000000000000000, 0.00000000000000000, 0.99999999983843968, 1.16029500000000052]
  #93 objects/buildingsets/human/universal/prop/junk/aurora/aurora_door_frame_1_a.cgf
    [-0.12246643000576354, -0.21347131247767784, 0.00027006366385017, 9.83483700000000027]
    [-0.21324802924959280, 0.12232389668197101, -0.01141240489050359, 7.33097099999997681]
    [0.00976484544115863, -0.00591301220002174, -0.24584097450163622, 5.66021300000000060]
  #94 objects/buildingsets/human/lowtech/prop/storage/drum/drum_dry_1_a.cgf
    [-0.81915210675699535, 0.57357677273668306, 0.00000000000000000, 15.48003800000000041]
    [-0.57357677273668306, -0.81915210675699535, 0.00000000000000000, 11.05320799999998371]
    [0.00000000000000000, 0.00000000000000000, 1.00000024411369659, 0.06981000000000037]
  #95 objects/buildingsets/human/colonialism/col_a/int/addons/col_a_int_addn_gen_a.cgf
    [-0.80832146176835329, -0.09924683951223905, 0.00000000000000000, 14.76493199999999995]
    [0.09924683951223905, -0.80832146176835329, 0.00000000000000000, 7.05340599999999540]
    [0.00000000000000000, 0.00000000000000000, 0.81439150333761179, 0.86981100000000033]
  #96 objects/buildingsets/human/lowtech/prop/storage/crate/crate_weapon_1_005x0025x0025_a.cgf
    [0.53562243117473485, 0.66143550698688014, 0.00000000000000000, 17.89172899999999800]
    [-0.66143550698688014, 0.53562243117473485, -0.00000000000000000, 9.65254799999996749]
    [-0.00000000000000000, 0.00000000000000000, 0.85111005086329750, 0.22485400000000055]
  #97 objects/buildingsets/human/lowtech/prop/storage/crate/crate_dry_1_0125x0125x00625_a.cgf
    [-0.61566107861115427, 0.78801194432711752, 0.00000000000000000, 17.23107399999999956]
    [-0.78801194432711752, -0.61566107861115427, 0.00000000000000000, 11.65919700000000603]
    [0.00000000000000000, 0.00000000000000000, 1.00000069405918612, 0.06981000000000037]
  #98 objects/buildingsets/human/universal/prop/metal_crate/universal_metal_crate_b.cgf
    [-0.62848456098440830, 0.42392119221113589, 0.00000000000000000, 17.49081100000000077]
    [-0.42392119221113589, -0.62848456098440830, 0.00000000000000000, 9.28155699999996386]
    [0.00000000000000000, 0.00000000000000000, 0.75809103714624893, 0.22521500000000039]
  #99 objects/buildingsets/human/lowtech/prop/storage/crate/crate_weapon_1_015x0075x0075_a.cgf
    [-0.66688387128938253, 0.98870193036452803, 0.00000000000000000, 16.13998399999999833]
    [-0.98870193036452803, -0.66688387128938253, 0.00000000000000000, 10.34705299999995987]
    [0.00000000000000000, 0.00000000000000000, 1.19258777659862747, 0.06981000000000037]
  #100 objects/buildingsets/human/colonialism/col_a/int/addons/col_a_int_addn_gen_a.cgf
    [0.00319094005613346, 0.30752712468462851, -0.89313597079701856, 11.68936499999999867]
    [-0.00090363892683620, 0.89314165192944606, 0.30752585236399138, 6.73779299999995374]
    [0.94459725713396903, -0.00018444162877435, 0.00331129023758194, 6.64514300000000091]
  #101 objects/buildingsets/human/lowtech/prop/storage/drum/drum_dry_1_a.cgf
    [-0.75337324791842741, 0.18758760629406393, 0.30438273046335668, 13.76399400000000028]
    [-0.17392745513964725, -0.81253928968381628, 0.07027339743737041, 10.31458299999997053]
    [0.31238949564303720, 0.00000189944709292, 0.77318950479614434, 0.22103300000000026]
  #102 objects/buildingsets/human/lowtech/prop/storage/crate/crate_weapon_1_01x005x00375_b.cgf
    [-0.68881680796099287, -0.73866563268207430, 0.00000000000000000, 15.26810699999999876]
    [0.73866563268207430, -0.68881680796099287, 0.00000000000000000, 7.84296299999999746]
    [0.00000000000000000, 0.00000000000000000, 1.00999777813378411, 0.81981100000000051]
  #103 objects/buildingsets/human/colonialism/props/dressing/cloth/cloth_col_7_a.cgf
    [-1.20906827344850076, 1.01453358971817575, 0.00000000000000000, 17.73748799999999903]
    [-1.01453358971817575, -1.20906827344850076, 0.00000000000000000, 9.63121699999999237]
    [0.00000000000000000, 0.00000000000000000, 1.57832965331269959, 0.45091799999999971]
  #104 objects/buildingsets/human/lowtech/bravo/int/walkway/addon/walkway_addon_railing_cable_e.cgf
    [-0.53070577097147165, -0.58941013349538196, 0.00000000000000000, 17.00391700000000128]
    [0.58941013349538196, -0.53070577097147165, 0.00000000000000000, 8.69673799999998209]
    [0.00000000000000000, 0.00000000000000000, 0.79312856512009944, 0.11048000000000080]
  #105 objects/buildingsets/human/universal/prop/light/lamp/lamp_office_2_a.cgf
    [-0.99984579463875112, 0.01745329984460562, 0.00000000000000000, 14.80208099999999938]
    [-0.01745329984460562, -0.99984579463875112, 0.00000000000000000, 8.40053000000000338]
    [0.00000000000000000, 0.00000000000000000, 0.99999811536435479, 0.84103100000000008]
  #106 objects/buildingsets/human/lowtech/prop/storage/crate/crate_weapon_1_015x0075x0075_a.cgf
    [-0.88626791584284270, 0.79799530006730390, 0.00000000000000000, 15.98350699999999946]
    [-0.79799530006730390, -0.88626791584284270, 0.00000000000000000, 10.58802599999995664]
    [0.00000000000000000, 0.00000000000000000, 1.19258849465434769, 0.96771600000000024]
  #107 objects/buildingsets/human/colonialism/props/dressing/cloth/cloth_col_2_a.cgf
    [0.85007974983733037, -0.51077873985830835, 0.00000000000000000, 15.99994899999999909]
    [0.51077873985830835, 0.85007974983733037, 0.00000000000000000, 8.94683999999995194]
    [0.00000000000000000, 0.00000000000000000, 0.99173106343138184, 0.70981100000000019]
  #108 objects/buildingsets/human/colonialism/props/storage/container/plastic_tray_a.cgf
    [-0.32557129860692591, -0.94552215671948925, 0.00000000000000000, 16.36853800000000092]
    [0.94552215671948925, -0.32557129860692591, 0.00000000000000000, 8.58729199999999082]
    [0.00000000000000000, 0.00000000000000000, 1.00000440965231485, 0.83631900000000048]
  #109 objects/buildingsets/human/lowtech/prop/storage/crate/crate_weapon_1_015x0075x0075_a.cgf
    [-0.62932152639550143, -0.77714289507643541, 0.00000000000000000, 15.15500899999999973]
    [0.77714289507643541, -0.62932152639550143, 0.00000000000000000, 7.98995399999995470]
    [0.00000000000000000, 0.00000000000000000, 0.99999833147488171, 0.06981099999999962]
  #110 objects/buildingsets/human/lowtech/bravo/int/shanty/roof/shanty_roof_flat_02x02x01_a.cgf
    [-0.05964888242777260, -0.33939220990906949, 0.25836627849243288, 15.46368599999999915]
    [0.07634720535435942, -0.26516244650572179, -0.33069347798460280, 6.78832999999997355]
    [0.41965618099054669, 0.00000010896984430, 0.09688593778403071, 0.09826900000000016]
  #111 objects/buildingsets/human/colonialism/props/dressing/basket/basket_woven_1_medium_a.cgf
    [-0.12186720776616082, 0.99254658482501479, 0.00000000000000000, 14.66776299999999900]
    [-0.99254658482501479, -0.12186720776616082, -0.00000000000000000, 6.90656400000000303]
    [-0.00000000000000000, 0.00000000000000000, 1.00000016968824590, 0.10230400000000017]
  #112 objects/buildingsets/human/colonialism/props/dressing/cloth/cloth_col_4_a.cgf
    [-0.90529029377039716, -1.29288578670793686, 0.00000000000000000, 14.05568699999999893]
    [1.29288578670793686, -0.90529029377039716, 0.00000000000000000, 7.61573899999996229]
    [0.00000000000000000, 0.00000000000000000, 1.57832321577878743, 0.68728899999999982]
  #113 objects/buildingsets/human/colonialism/props/furniture/table/table_simple_1_a.cgf
    [0.78800967554659340, -0.61566273956787598, 0.00000000000000000, 17.35630799999999851]
    [0.61566273956787598, 0.78800967554659340, 0.00000000000000000, 8.52095199999996566]
    [0.00000000000000000, 0.00000000000000000, 0.99999992882363231, 0.07798900000000053]
  #114 objects/characters/human/male_v7/clothing/navy/bdu/m_nvy_bdu_boots_01_right_a.cgf
    [-0.76604447939306608, -0.64278650749314659, 0.00000000000000000, 17.31480299999999772]
    [0.64278650749314659, -0.76604447939306608, 0.00000000000000000, 11.85555199999998877]
    [0.00000000000000000, 0.00000000000000000, 0.99999931931168373, 0.68754400000000082]
  #115 objects/buildingsets/human/colonialism/props/dressing/basket/basket_woven_1_large_b.cgf
    [-0.99254673665675386, -0.12186627640180032, 0.00000000000000000, 13.93106099999999969]
    [0.12186627640180032, -0.99254673665675386, 0.00000000000000000, 9.74783399999995481]
    [0.00000000000000000, 0.00000000000000000, 1.00000020688598457, 0.06981000000000037]
  #116 objects/buildingsets/human/universal/prop/storage/ammo-box/ammo-box_1_pallet_250x125x025_a.cgf
    [-0.53345965292785624, 0.41678353345710606, 0.00000000000000000, 17.78525700000000143]
    [-0.41678353345710606, -0.53345965292785624, 0.00000000000000000, 9.59900499999997692]
    [0.00000000000000000, 0.00000000000000000, 0.67696950822241575, 0.06250800000000112]
  #117 objects/buildingsets/human/colonialism/props/storage/container/plastic_tray_a.cgf
    [0.68199710951826065, 0.73135204925401942, 0.00000000000000000, 14.81192599999999970]
    [-0.73135204925401942, 0.68199710951826065, -0.00000000000000000, 8.38914299999999002]
    [-0.00000000000000000, 0.00000000000000000, 0.99999793866753361, 0.81981100000000051]
  #118 objects/buildingsets/human/colonialism/props/dressing/sacks/sack_upright_1_a.cgf
    [0.78800835912799683, -0.61566457149794540, 0.00000000000000000, 15.76042599999999894]
    [0.61566457149794540, 0.78800835912799683, 0.00000000000000000, 6.13240700000000061]
    [0.00000000000000000, 0.00000000000000000, 1.00000001932667315, 0.06981000000000037]
  #119 objects/buildingsets/human/colonialism/props/dressing/basket/basket_woven_1_medium_d.cgf
    [0.77714707821231133, 0.62931909252858587, 0.00000000000000000, 14.44307099999999977]
    [-0.62931909252858587, 0.77714707821231133, -0.00000000000000000, 6.91971499999999651]
    [-0.00000000000000000, 0.00000000000000000, 1.00000005069746623, 0.87006500000000031]
  #120 objects/buildingsets/human/lowtech/prop/light/lamp/lamp_lantern_1_a.cgf
    [-0.37460701850539990, 0.92718021160813335, 0.00000000000000000, 14.11303900000000056]
    [-0.92718021160813335, -0.37460701850539990, -0.00000000000000000, 8.12231900000000451]
    [-0.00000000000000000, 0.00000000000000000, 0.99999678155042515, 1.20316400000000012]
  #121 objects/buildingsets/human/lowtech/bravo/int/walkway/addon/walkway_addon_railing_panel_c.cgf
    [-0.41529173409113618, -0.46122630848478291, 0.00000000000000000, 14.95485199999999892]
    [0.46122630848478291, -0.41529173409113618, 0.00000000000000000, 7.48653299999995170]
    [0.00000000000000000, 0.00000000000000000, 0.62064235437401705, 0.06981099999999962]
  #122 objects/buildingsets/human/colonialism/props/furniture/furniture_pot_1_f.cgf
    [-0.78801088188561097, 0.61566035585328771, 0.00000000000000000, 13.91573299999999946]
    [-0.61566035585328771, -0.78801088188561097, 0.00000000000000000, 7.66417599999999766]
    [0.00000000000000000, 0.00000000000000000, 0.99999941186959496, 0.90948999999999991]
  #123 objects/buildingsets/human/lowtech/prop/storage/crate/crate_weapon_1_015x0075x0075_a.cgf
    [0.62932222955199213, 0.77714457747577304, 0.00000000000000000, 16.26183499999999782]
    [-0.77714457747577304, 0.62932222955199213, -0.00000000000000000, 8.60180399999995871]
    [-0.00000000000000000, 0.00000000000000000, 1.00000008145414077, 0.07798900000000053]
  #124 objects/buildingsets/human/colonialism/col_a/int/addons/col_a_int_addn_airlock_b.cgf
    [0.20382946590665788, 0.64142010835854357, 0.45780623869942605, 15.51339299999999888]
    [-0.26088925676185731, 0.50113172256759642, -0.58596633957359223, 6.76099499999997988]
    [-0.74360144116660198, 0.00000058562025156, 0.33107348952340587, 0.47515800000000041]
  #125 objects/buildingsets/human/colonialism/col_a/int/addons/col_a_int_addn_gen_e.cgf
    [-0.06966700001557449, 0.56738814036616425, 0.00000000000000000, 16.42321799999999854]
    [-0.56738814036616425, -0.06966700001557449, -0.00000000000000000, 8.62093499999997448]
    [-0.00000000000000000, 0.00000000000000000, 0.57164918675647924, 0.85754000000000019]
  #126 objects/buildingsets/human/lowtech/bravo/int/walkway/addon/walkway_addon_railing_panel_c.cgf
    [-0.46122682805432685, 0.41529130157316768, 0.00000000000000000, 17.50747499999999945]
    [-0.41529130157316768, -0.46122682805432685, 0.00000000000000000, 9.79554399999994985]
    [0.00000000000000000, 0.00000000000000000, 0.62064245107742311, 0.07798900000000053]
  #127 objects/buildingsets/human/colonialism/props/furniture/furniture_pot_1_d.cgf
    [-0.78801088188561097, 0.61566035585328771, 0.00000000000000000, 14.92428699999999964]
    [-0.61566035585328771, -0.78801088188561097, 0.00000000000000000, 6.79867400000000544]
    [0.00000000000000000, 0.00000000000000000, 0.99999941186959496, 0.86981100000000033]
  #128 objects/buildingsets/human/universal/prop/dressing/bottle/bottle_cleaning_2_a.cgf
    [-0.12186745473711620, 0.99254859627815961, 0.00000000000000000, 16.66482500000000044]
    [-0.99254859627815961, -0.12186745473711620, -0.00000000000000000, 9.16047399999996514]
    [-0.00000000000000000, 0.00000000000000000, 1.00000219624651221, 0.11048100000000005]
  #129 objects/buildingsets/human/universal/prop/storage/bag/bag_rucksack_1_a.cgf
    [0.60698026820219519, 0.86685497042087667, 0.00000000000000000, 16.28662599999999827]
    [-0.86685497042087667, 0.60698026820219519, -0.00000000000000000, 9.40873099999998885]
    [-0.00000000000000000, 0.00000000000000000, 1.05823560029427655, 0.11048100000000005]
  #130 objects/buildingsets/human/lowtech/bravo/int/shanty/roof/shanty_roof_flat_02x02x01_a.cgf
    [0.07634750244549861, -0.26516319066381078, -0.33069281907098813, 15.88436399999999971]
    [0.05964871849260310, 0.33939163471477146, -0.25836708007333387, 8.20970099999999547]
    [0.41965615526323446, 0.00000064640971498, 0.09688607096511542, 0.10644399999999976]
  #131 objects/buildingsets/human/universal/prop/bucket_1/bucket_1_a.cgf
    [0.60698026820219519, 0.86685497042087667, 0.00000000000000000, 17.18909800000000132]
    [-0.86685497042087667, 0.60698026820219519, -0.00000000000000000, 10.17315999999999576]
    [-0.00000000000000000, 0.00000000000000000, 1.05823560029427655, 0.82798900000000053]
  #132 objects/buildingsets/human/lowtech/prop/storage/crate/crate_weapon_1_015x0075x0075_a.cgf
    [0.14533675016780162, 1.18369850917655661, 0.00000000000000000, 14.78076100000000004]
    [-1.18369850917655661, 0.14533675016780162, -0.00000000000000000, 10.05843099999998458]
    [-0.00000000000000000, 0.00000000000000000, 1.19258749430645139, 0.06981000000000037]
