# IncludedObjects
# Cgfs: 16, Materials: 7, Palettes: 2, Placements: 39

[CGFs]
      0: objects/spaceships/derelicts/wreckage/debris_small_e.cgf
      1: objects/landscape/terrain/sand/pile/sand_pile_single_centre_1x002_a.cgf
      2: objects/spaceships/derelicts/metal_plate/derelicts_metal_plate_02x02_a.cgf
      3: objects/spaceships/derelicts/wreckage/wreckage_pipes_medium_01.cgf
      4: objects/buildingsets/human/lowtech/bravo/int/prop/light/light_warm_generic_b.cgf
      5: objects/landscape/terrain/sand/pile/sand_pile_single_centre_8m_a.cgf
      6: objects/spaceships/derelicts/wreckage/debris_small_f.cgf
      7: objects/spaceships/derelicts/metal_plate/derelicts_metal_plate_02x01_a.cgf
      8: objects/spaceships/derelicts/wreckage/wreckage_pipes_small_01.cgf
      9: objects/landscape/terrain/sand/pile/sand_pile_single_edge_4m_b.cgf
     10: objects/spaceships/derelicts/wreckage/debris_small_b.cgf
     11: objects/spaceships/derelicts/habitation/elec_components/derelict_habitation_cable_a.cgf
     12: objects/spaceships/derelicts/wreckage/wreckage_pipes_medium_02.cgf
     13: objects/spaceships/derelicts/metal_plate/derelicts_metal_plate_01x005_b.cgf
     14: objects/spaceships/derelicts/metal_plate/derelicts_metal_plate_02x01_b.cgf
     15: objects/spaceships/derelicts/wreckage/wreckage_pipes_small_02.cgf

[Materials]
      0: materials/decals/scratches/metal_scratches_03
      1: materials/decals/weathered/gloss_wear_dark_c
      2: materials/decals/debris/fs_debris_a
      3: materials/decals/weathered/gloss_wear_dark_a
      4: materials/decals/oil/oil_puddle_a
      5: materials/decals/sand/sand_decal_01_a
      6: materials/decals/leakings/rust_leakings_a

[Palettes]
      0: Libs/Foundry/Records/TintPalettes/default
      1: Libs/Foundry/Records/TintPalettes/Brand/AEGS/Reclaimer/aegs_reclaimer_default

[Placements]
  #0 objects/spaceships/derelicts/wreckage/debris_small_e.cgf
    [0.80901578724672807, -0.58778683526518261, 0, -2.6328849999999875]
    [0.58778683526518261, 0.80901578724672807, 0, 3.6680410000000165]
    [0, 0, 0.99999995386274998, 0.0049999999999998934]
  #1 objects/landscape/terrain/sand/pile/sand_pile_single_centre_1x002_a.cgf
    [-6.4012100026111661E-07, -1.0000004267473106, 0, -2.018607999999972]
    [1.0000004267473106, -6.4012100026111661E-07, 0, 2.4855929999999944]
    [0, 0, 1.0000004267475153, -0.041756000000000348]
  #2 objects/spaceships/derelicts/metal_plate/derelicts_metal_plate_02x02_a.cgf
    [-5.2162181534398945E-07, -0.81488037120137791, 0, -0.27940200000000459]
    [-0.81488037120137791, 5.2162181534398945E-07, 0, 9.8166780000000244]
    [-0, 0, -0.81488037120154477, -0.0042749999999998067]
  #3 objects/spaceships/derelicts/wreckage/wreckage_pipes_medium_01.cgf
    [0.99939078545429849, -0.034900694467030223, 0, 4.9653919999999516]
    [0.034900694467030223, 0.99939078545429849, 0, 14.166029999999978]
    [0, 0, 1.0000000002626204, 0.057538000000000089]
  #4 objects/buildingsets/human/lowtech/bravo/int/prop/light/light_warm_generic_b.cgf
    [0.012259208342761981, -0.43870282824476675, 0.89854814385750315, -0.97524999999995998]
    [0.014096783378623414, 0.89860219410251407, 0.43853689010325803, 20.832088999999996]
    [-0.99982509422303356, 0.0072905262569668812, 0.01720045690415108, -1.6199570000000003]
  #5 objects/landscape/terrain/sand/pile/sand_pile_single_centre_1x002_a.cgf
    [-0.81915240945737211, -0.5735750519266698, 0, 1.690796999999975]
    [0.5735750519266698, -0.81915240945737211, 0, 2.8856110000000399]
    [0, 0, 0.99999950505612734, -0.023806000000000438]
  #6 objects/spaceships/derelicts/metal_plate/derelicts_metal_plate_02x02_a.cgf
    [-0.12989771699962827, 0.61539535935968448, -1.0579515765048284, -3.6395029999999906]
    [0.074996873571660363, 1.0658963153659169, 0.6108084129054222, 21.003980999999953]
    [1.22161714767965, -3.5933599014964748E-07, -0.14999315960106319, -0.99784800000000029]
  #7 objects/landscape/terrain/sand/pile/sand_pile_single_centre_8m_a.cgf
    [0.42261746766766362, -0.90630801329943755, 0, 2.0548649999999498]
    [0.90630801329943755, 0.42261746766766362, 0, 16.750447000000008]
    [0, 0, 0.99999986947429254, -1.8394409999999999]
  #8 objects/spaceships/derelicts/wreckage/debris_small_f.cgf
    [0.017450419908846253, 0.99984794280547595, 0, 2.0790690000000041]
    [-0.99984794280547595, 0.017450419908846253, -0, 4.4421370000000024]
    [-0, 0, 1.000000212943646, 0.0049999999999998934]
  #9 objects/landscape/terrain/sand/pile/sand_pile_single_centre_8m_a.cgf
    [-3.4635432942804239E-07, -0.54107657316747437, 0, -0.12140699999997651]
    [0.54107657316747437, -3.4635432942804239E-07, 0, 7.0910300000000461]
    [0, 0, 0.54107657316758517, -1.5885550000000004]
  #10 objects/spaceships/derelicts/metal_plate/derelicts_metal_plate_02x01_a.cgf
    [0.61539421149476825, 0.18509058452500984, -1.0497028954247256, 2.1628110000000333]
    [-1.0658961924788715, 0.10686345339893645, -0.60604474906629446, 23.330006000000026]
    [1.380897277507165E-06, 1.2120917483969493, 0.21372487489819625, -0.99784800000000029]
  #11 objects/spaceships/derelicts/wreckage/wreckage_pipes_small_01.cgf
    [0.24192069051327572, -0.9702957319351222, 0, 1.0913080000000264]
    [0.9702957319351222, 0.24192069051327572, 0, 3.9298330000000306]
    [0, 0, 0.99999971395492648, 0.088118999999999836]
  #12 objects/landscape/terrain/sand/pile/sand_pile_single_edge_4m_b.cgf
    [-0.63612097501754761, 0, 0, 0.86941400000000613]
    [0, -0.63612097501754761, 0, 3.7012829999999894]
    [0, 0, 0.63612097501754761, 0.0070510000000001405]
  #13 objects/spaceships/derelicts/wreckage/debris_small_b.cgf
    [-0.76604551435048629, -0.64278737592400603, 0, -1.460619999999949]
    [0.64278737592400603, -0.76604551435048629, 0, 4.334163999999987]
    [0, 0, 1.0000006703516606, 0.0049999999999998934]
  #14 objects/landscape/terrain/sand/pile/sand_pile_single_centre_8m_a.cgf
    [-3.4635432942804239E-07, -0.54107657316747437, 0, -0.16384300000004259]
    [0.54107657316747437, -3.4635432942804239E-07, 0, 5.1451710000000048]
    [0, 0, 0.54107657316758517, -1.5885550000000004]
  #15 objects/landscape/terrain/sand/pile/sand_pile_single_centre_8m_a.cgf
    [-0.50000201287575563, -0.8660242326203953, 0, 2.1454830000000129]
    [0.8660242326203953, -0.50000201287575563, 0, 21.445884999999976]
    [0, 0, 0.99999999218277591, -1.8394409999999999]
  #16 objects/landscape/terrain/sand/pile/sand_pile_single_centre_8m_a.cgf
    [-5.9398831580913576E-07, -0.46858528045346548, 0.27053895066251216, -1.7227709999999661]
    [0.54107623204423416, -6.1474806268313756E-07, 1.2320246805577442E-07, 8.8166290000000345]
    [2.0067862218832949E-07, 0.27053895066246575, 0.4685852804538258, -1.5776089999999998]
  #17 objects/spaceships/derelicts/habitation/elec_components/derelict_habitation_cable_a.cgf
    [1, 0, 0, 1.0061920000000555]
    [0, 1, 0, 7.8787340000000086]
    [0, 0, 1, 3.5809310000000001]
  #18 objects/spaceships/derelicts/wreckage/wreckage_pipes_medium_02.cgf
    [0.86602438657477088, -0.50000190692846835, 0, 3.1231890000000249]
    [0.50000190692846835, 0.86602438657477088, 0, 21.556744999999978]
    [0, 0, 1.0000000725371538, -0.95801099999999995]
  #19 objects/spaceships/derelicts/wreckage/debris_small_f.cgf
    [0.017450419908846253, 0.99984794280547595, 0, -2.847896999999989]
    [-0.99984794280547595, 0.017450419908846253, -0, 2.4874620000000505]
    [-0, 0, 1.000000212943646, 0.0049999999999998934]
  #20 objects/spaceships/derelicts/wreckage/debris_small_f.cgf
    [0.017450419908846253, 0.99984794280547595, 0, -2.4332419999999502]
    [-0.99984794280547595, 0.017450419908846253, -0, 4.0139289999999619]
    [-0, 0, 1.000000212943646, 0.0049999999999998934]
  #21 objects/spaceships/derelicts/metal_plate/derelicts_metal_plate_01x005_b.cgf
    [1.2613164256670961E-06, 0.66752646408275462, -2.3279568617239326, 5.0185900000000174]
    [-2.4217709904724689, 2.3552859150352116E-06, -6.3678321302246127E-07, 14.005503999999974]
    [2.0885271069312867E-06, 2.327956861723083, 0.66752646408364269, 0.47776299999999994]
  #22 objects/spaceships/derelicts/wreckage/wreckage_pipes_medium_02.cgf
    [0.99619459143933553, -0.087156950140779343, 0, -1.0325460000000248]
    [0.087156950140779343, 0.99619459143933553, 0, 7.1391989999999623]
    [0, 0, 0.99999999898541347, 0.0399029999999998]
  #23 objects/landscape/terrain/sand/pile/sand_pile_single_centre_8m_a.cgf
    [-0.42262012389809028, -0.90630721297763961, 0, -2.1110449999999901]
    [0.90630721297763961, -0.42262012389809028, 0, 16.600868999999989]
    [0, 0, 1.0000002667094314, -1.8579109999999996]
  #24 objects/landscape/terrain/sand/pile/sand_pile_single_centre_8m_a.cgf
    [-3.4275151878074984E-07, -0.53544824323717577, 0, -0.16384300000004259]
    [0.53544824323717577, -3.4275151878074984E-07, 0, 10.007900999999947]
    [0, 0, 0.53544824323728546, -1.5795199999999996]
  #25 objects/spaceships/derelicts/metal_plate/derelicts_metal_plate_02x01_b.cgf
    [0.59669843384801369, -0.53823735151878049, -0.93225327061362318, -4.307111999999961]
    [-1.0764736908717498, -0.29835032648149568, -0.51675536150654366, 19.448974000000021]
    [-8.3725932046100535E-07, 1.0658950530961548, -0.61539610323828464, -0.99784800000000029]
  #26 objects/landscape/terrain/sand/pile/sand_pile_single_centre_8m_a.cgf
    [0.98480800963242032, 0.17364675194678059, 0, -0.091078000000038628]
    [-0.17364675194678059, 0.98480800963242032, -0, 22.75213199999996]
    [-0, 0, 1.000000005148918, -1.8394409999999999]
  #27 objects/landscape/terrain/sand/pile/sand_pile_single_centre_1x002_a.cgf
    [-0.81915240945737211, -0.5735750519266698, 0, 1.4344519999999648]
    [0.5735750519266698, -0.81915240945737211, 0, 2.1968689999999924]
    [0, 0, 0.99999950505612734, -0.041756000000000348]
  #28 objects/buildingsets/human/lowtech/bravo/int/prop/light/light_warm_generic_b.cgf
    [-0.014097627412380407, -0.89860203525197024, -0.43853817460800831, 1.6127450000000181]
    [0.01225739429775642, -0.43870411390177438, 0.89854802218738072, 19.637449999999944]
    [-0.99982553709761612, 0.0072920595747247427, 0.017199205818514682, -1.6058570000000003]
  #29 objects/spaceships/derelicts/metal_plate/derelicts_metal_plate_02x01_a.cgf
    [-7.8785395806011325E-07, -1.2307907118795265, 0, 1.1214260000000422]
    [-1.2307907118795265, 7.8785395765017768E-07, 0, 8.172335999999973]
    [-0, 0, -1.230790711879779, -0.013255000000000017]
  #30 objects/spaceships/derelicts/wreckage/wreckage_pipes_medium_01.cgf
    [0.98162747537703565, 0.1908074612052284, 0, 5.0550500000000511]
    [-0.1908074612052284, 0.98162747537703565, -0, 14.479672000000051]
    [-0, 0, 0.99999999383333871, 0.55992700000000006]
  #31 objects/spaceships/derelicts/wreckage/wreckage_pipes_small_02.cgf
    [-0.15643155465316116, 0.98768861563990473, 0, 0.45046600000000581]
    [-0.98768861563990473, -0.15643155465316116, -0, 3.9776719999999841]
    [-0, 0, 0.99999981637792135, 0.072512000000000132]
  #32 objects/spaceships/derelicts/wreckage/wreckage_pipes_medium_01.cgf
    [0.99984771384856175, 0.017451336048416081, 0, -0.76034600000002683]
    [-0.017451336048416081, 0.99984771384856175, -0, 6.8965180000000146]
    [-0, 0, 1.000000000009035, 0.0399029999999998]
  #33 objects/landscape/terrain/sand/pile/sand_pile_single_centre_8m_a.cgf
    [-6.4012100026111661E-07, -1.0000004267473106, 0, -0.16384300000004259]
    [1.0000004267473106, -6.4012100026111661E-07, 0, 11.815833999999995]
    [0, 0, 1.0000004267475153, -1.8394409999999999]
  #34 objects/buildingsets/human/lowtech/bravo/int/prop/light/light_warm_generic_b.cgf
    [-0.012974946183541679, -0.933419047793834, -0.35855335979684244, -1.7174179999999524]
    [0.013442274886678192, -0.35871396833559138, 0.93335072400530161, 19.03726400000005]
    [-0.99982545269252998, 0.0072904026639149322, 0.017201570032785083, -1.6051120000000001]
  #35 objects/landscape/terrain/sand/pile/sand_pile_single_centre_8m_a.cgf
    [-5.9398831580913576E-07, -0.46858528045346548, -0.27053895066251216, 1.6113860000000386]
    [0.54107623204423416, -6.1474806268313756E-07, -1.2320246805577442E-07, 8.8166290000000345]
    [-2.0067862218832949E-07, -0.27053895066246575, 0.4685852804538258, -1.6592919999999998]
  #36 objects/landscape/terrain/sand/pile/sand_pile_single_centre_8m_a.cgf
    [0.76604459836237759, -0.6427875628296128, 0, -3.0336469999999736]
    [0.6427875628296128, 0.76604459836237759, 0, 21.101791000000048]
    [0, 0, 1.000000088804301, -1.8394409999999999]
  #37 objects/spaceships/derelicts/metal_plate/derelicts_metal_plate_02x02_a.cgf
    [-5.2162181534398945E-07, -0.81488037120137791, 0, -0.86710600000003524]
    [-0.81488037120137791, 5.2162181534398945E-07, 0, 17.100209999999947]
    [-0, 0, -0.81488037120154477, -0.99780099999999994]
  #38 objects/spaceships/derelicts/wreckage/debris_small_e.cgf
    [0.80901578724672807, -0.58778683526518261, 0, -2.6819100000000162]
    [0.58778683526518261, 0.80901578724672807, 0, 1.9217519999999695]
    [0, 0, 0.99999995386274998, 0.0049999999999998934]
