# IncludedObjects
# Cgfs: 10, Materials: 0, Palettes: 4, Placements: 110

[CGFs]
      0: objects/buildingsets/human/hightech/loc/stanton/orison/industrial_plate/int/ind_light_fixture_tube_cage_200cm_a.cgf
      1: objects/buildingsets/human/hightech/loc/stanton/orison/industrial_plate/int/ind_light_fixture_tube_cage_100cm_a.cgf
      2: objects/buildingsets/human/lowtech/prop/light/light_landing_1_a.cgf
      3: objects/buildingsets/human/lowtech/prop/light/light_hazard_1_a.cgf
      4: objects/buildingsets/human/hightech/loc/stanton/orison/industrial_plate/int/ind_stairs_a_rail_addon_light_a.cgf
      5: objects/buildingsets/human/hightech/delta/int/roomsm_a/ceiling/roomsm_a_ceiling_corner_06x06x0025_c_light_b.cgf
      6: objects/buildingsets/human/lowtech/prop/light/light_hung_2_lamp_a.cgf
      7: objects/buildingsets/human/lowtech/bravo/int/prop/light/light_cold_floor_c.cgf
      8: objects/buildingsets/human/lowtech/prop/light/light_landing_2_a.cgf
      9: objects/buildingsets/human/lowtech/bravo/int/prop/light/light_fluorescent_f.cgf

[Palettes]
      0: Libs/Foundry/Records/TintPalettes/Brand/CrusaderIndustries/CrusaderIndustries_industrial_b
      1: Libs/Foundry/Records/TintPalettes/default
      2: Libs/Foundry/Records/TintPalettes/generic/gen_grey_darkgrey_yellow<213>
      3: Libs/Foundry/Records/TintPalettes/Brand/CrusaderIndustries/CrusaderIndustries_industrial

[Placements]
  #0 objects/buildingsets/human/hightech/loc/stanton/orison/industrial_plate/int/ind_light_fixture_tube_cage_200cm_a.cgf
    [0.00000137970599594, 0.00000036888512811, 1.00000065882498057, -9.64939499925822020]
    [-0.92050546580029191, -0.39073137202203606, 0.00000141416097081, -36.38489300000000526]
    [0.39073137202215952, -0.92050546580130432, -0.00000019953350839, 8.89515599980950356]
  #1 objects/buildingsets/human/hightech/loc/stanton/orison/industrial_plate/int/ind_light_fixture_tube_cage_100cm_a.cgf
    [-1.00000069453960605, -0.00000000000000008, -0.00000000000000008, -30.77857199870049953]
    [-0.00000000000000008, -0.08715364221707433, 0.99619557905463152, -20.85461300000011420]
    [-0.00000000000000008, 0.99619557905463152, 0.08715364221707411, 4.12065600045025349]
  #2 objects/buildingsets/human/hightech/loc/stanton/orison/industrial_plate/int/ind_light_fixture_tube_cage_100cm_a.cgf
    [0.00000202655586857, 0.00000202655792242, 0.99999999999794698, -9.85036399867385626]
    [-1.00000000000000044, 0.00000000000205302, 0.00000202655586895, -35.84514799999999468]
    [0.00000000000205352, -1.00000000000000044, 0.00000202655792203, 3.29957900010049343]
  #3 objects/buildingsets/human/lowtech/prop/light/light_landing_1_a.cgf
    [0.00000000000000000, -1.00000000000000000, 0.00000000000000000, -20.01092899870127439]
    [0.00000000000000000, 0.00000000000000000, 1.00000000000000000, -37.72007000000010635]
    [-1.00000000000000000, 0.00000000000000000, 0.00000000000000000, 1.46578499954193830]
  #4 objects/buildingsets/human/lowtech/prop/light/light_hazard_1_a.cgf
    [-0.00000125739663820, 0.70710664404338430, 0.70710684643251853, -16.95832799933850765]
    [0.00000050134850992, 0.70710684643343447, -0.70710664404340873, -37.01965799999999263]
    [-0.99999994916089252, -0.00000053460658047, -0.00000124362069715, 1.43948099948465824]
  #5 objects/buildingsets/human/hightech/loc/stanton/orison/industrial_plate/int/ind_stairs_a_rail_addon_light_a.cgf
    [0.03784813734066706, -0.89111985688087469, 0.45218660395459648, -7.25347599852830172]
    [0.99902899905407561, 0.02353258168080462, -0.03724355342858125, -23.73796000000010054]
    [0.02254735399982280, 0.45315717350118745, 0.89114532964918836, 2.29846899956464767]
  #6 objects/buildingsets/human/hightech/delta/int/roomsm_a/ceiling/roomsm_a_ceiling_corner_06x06x0025_c_light_b.cgf
    [1.99999999872737533, 0.00000000000000000, 0.00000000000000000, -14.35170499887317419]
    [0.00000000000000000, 1.99725905926616654, -0.10467208361702324, -40.79242600000000607]
    [0.00000000000000000, 0.10467208361702324, 1.99725905926616654, 6.17358400020748377]
  #7 objects/buildingsets/human/hightech/loc/stanton/orison/industrial_plate/int/ind_light_fixture_tube_cage_100cm_a.cgf
    [-1.00000069453960605, -0.00000000000000008, -0.00000000000000008, -19.98524599894881248]
    [-0.00000000000000008, -0.08715364221707433, 0.99619557905463152, -20.85461300000011420]
    [-0.00000000000000008, 0.99619557905463152, 0.08715364221707411, 4.12065600045025349]
  #8 objects/buildingsets/human/lowtech/prop/light/light_hung_2_lamp_a.cgf
    [0.85064128569072672, 0.34979693413829549, -0.39249396862261049, -19.39673699811100960]
    [-0.01686293181637449, 0.76431466206625176, 0.64462294897122441, -37.48691700000011906]
    [0.52547602425632522, -0.54172429304698033, 0.65605620621541683, 7.94955600053071976]
  #9 objects/buildingsets/human/hightech/loc/stanton/orison/industrial_plate/int/ind_light_fixture_tube_cage_100cm_a.cgf
    [0.00000202655586857, 0.00000202655792242, 0.99999999999794698, -9.85036399867385626]
    [-1.00000000000000044, 0.00000000000205302, 0.00000202655586895, -32.86261000000010313]
    [0.00000000000205352, -1.00000000000000044, 0.00000202655792203, 3.29957900010049343]
  #10 objects/buildingsets/human/lowtech/prop/light/light_landing_1_a.cgf
    [-0.00000064012100026, -1.00000042674731060, -0.00000000000000008, -15.54361399821937084]
    [1.00000042674731060, -0.00000064012100026, -0.00000000000000000, -36.75134700000012344]
    [-0.00000000000000000, -0.00000000000000008, 1.00000042674751533, 1.74917999841272831]
  #11 objects/buildingsets/human/lowtech/prop/light/light_hazard_1_a.cgf
    [-0.00000125739663820, 0.70710664404338430, 0.70710684643251853, -27.96912099979817867]
    [0.00000050134850992, 0.70710684643343447, -0.70710664404340873, -37.04600999999999544]
    [-0.99999994916089252, -0.00000053460658047, -0.00000124362069715, 1.39940899983048439]
  #12 objects/buildingsets/human/lowtech/prop/light/light_hazard_1_a.cgf
    [0.99984767893328130, 0.00000000000000000, 0.01745333645321710, -15.51681100018322468]
    [0.00000000000000000, 1.00000000001080958, 0.00000000000000000, -32.64460300000010307]
    [-0.01745333645321710, 0.00000000000000000, 0.99984767893328130, 0.49885000009089708]
  #13 objects/buildingsets/human/lowtech/prop/light/light_landing_1_a.cgf
    [-0.00000064012100026, -1.00000042674731060, -0.00000000000000008, -15.60417499952018261]
    [1.00000042674731060, -0.00000064012100026, -0.00000000000000000, -31.68234799999999041]
    [-0.00000000000000000, -0.00000000000000008, 1.00000042674751533, 2.74262899998575449]
  #14 objects/buildingsets/human/lowtech/prop/light/light_landing_1_a.cgf
    [0.00000000000000000, -1.00000000000000000, 0.00000000000000000, -30.99557199794799089]
    [0.00000000000000000, 0.00000000000000000, 1.00000000000000000, -37.72007000000010635]
    [-1.00000000000000000, 0.00000000000000000, 0.00000000000000000, 1.46578500047326088]
  #15 objects/buildingsets/human/hightech/loc/stanton/orison/industrial_plate/int/ind_light_fixture_tube_cage_200cm_a.cgf
    [0.00000137970599594, 0.00000036888512811, 1.00000065882498057, -9.64939599949866533]
    [-0.92050546580029191, -0.39073137202203606, 0.00000141416097081, -35.04137300000010669]
    [0.39073137202215952, -0.92050546580130432, -0.00000019953350839, 8.32486500032246113]
  #16 objects/buildingsets/human/hightech/loc/stanton/orison/industrial_plate/int/ind_stairs_a_rail_addon_light_a.cgf
    [0.99756397542498221, -0.00000062985301281, 0.06975653152138538, -14.01142799761146307]
    [0.03057980075387820, 0.89879408556630924, -0.43730301427369611, -33.60597500000017135]
    [-0.06269648695217186, 0.43837090517803595, 0.89660468366679358, 2.34411600045859814]
  #17 objects/buildingsets/human/lowtech/prop/light/light_landing_1_a.cgf
    [-0.00000064012100026, -1.00000042674731060, -0.00000000000000008, -24.47418099828064442]
    [1.00000042674731060, -0.00000064012100026, -0.00000000000000000, -36.75134600000006913]
    [-0.00000000000000000, -0.00000000000000008, 1.00000042674751533, 1.74918000027537346]
  #18 objects/buildingsets/human/hightech/loc/stanton/orison/industrial_plate/int/ind_stairs_a_rail_addon_light_a.cgf
    [0.99756400579149751, 0.00000131816709823, 0.06975608171237413, -26.51317000016570091]
    [0.03057785227100095, 0.89879411742292215, -0.43730308256954126, -33.61422400000012090]
    [-0.06269693683182474, 0.43837083738838356, 0.89660468414329253, 2.33877700008451939]
  #19 objects/buildingsets/human/hightech/loc/stanton/orison/industrial_plate/int/ind_stairs_a_rail_addon_light_a.cgf
    [0.05550467440746373, 0.89686574342095227, 0.43880680274493705, -7.25347599852830172]
    [-0.99601642152149039, 0.01901550301846177, 0.08712083242720987, -21.77875500000010334]
    [0.06979154616983738, -0.44189431956211839, 0.89434830528172060, 2.29846899956464767]
  #20 objects/buildingsets/human/lowtech/bravo/int/prop/light/light_cold_floor_c.cgf
    [-0.69465880371356892, 0.71933961950705150, 0.00000000000000000, -30.19294499885290861]
    [-0.71933961950705150, -0.69465880371356892, 0.00000000000000000, -26.85718500000010067]
    [0.00000000000000000, 0.00000000000000000, 1.00000017088464332, 2.74999199993908405]
  #21 objects/buildingsets/human/hightech/loc/stanton/orison/industrial_plate/int/ind_stairs_a_rail_addon_light_a.cgf
    [-0.00771545979286804, 0.91330114433973641, 0.40721114186407531, -5.94955699890851974]
    [-0.99502210864026452, -0.04747170364394872, 0.08761771111227551, -21.78299200000000724]
    [0.09935239115188758, -0.40450819488757034, 0.90912135893484147, 1.66268600150942802]
  #22 objects/buildingsets/human/hightech/loc/stanton/orison/industrial_plate/int/ind_light_fixture_tube_cage_200cm_a.cgf
    [0.00000071177318153, 1.00000022760506213, -0.00000165246228134, -19.99215999897569418]
    [-0.92050494768960667, 0.00000130085948678, 0.39073148899298549, -32.57904000000010569]
    [0.39073148899450261, 0.00000124298722776, 0.92050494768904223, 5.95153400022536516]
  #23 objects/buildingsets/human/lowtech/prop/light/light_hazard_1_a.cgf
    [0.00000139042887699, 0.70710662187125339, -0.70710682426038118, -23.06798399798572063]
    [0.00000050134849437, -0.70710682426146920, -0.70710662187135509, -37.03159400000012624]
    [-0.99999991780475961, 0.00000062867457646, -0.00000133768869838, 1.45025700051337481]
  #24 objects/buildingsets/human/hightech/loc/stanton/orison/industrial_plate/int/ind_light_fixture_tube_cage_200cm_a.cgf
    [0.00000071177318153, 1.00000022760506213, -0.00000165246228134, -19.99215799942612648]
    [-0.92050494768960667, 0.00000130085948678, 0.39073148899298549, -34.66698200000010388]
    [0.39073148899450261, 0.00000124298722776, 0.92050494768904223, 6.83781300019472837]
  #25 objects/buildingsets/human/hightech/loc/stanton/orison/industrial_plate/int/ind_stairs_a_rail_addon_light_a.cgf
    [-0.98480846222383922, -0.00000010494787807, -0.17364692661424633, -24.44031799864023924]
    [0.07883414467207535, -0.89100696000318391, -0.44709365601624718, -33.62226000000012505]
    [-0.15472049882419184, -0.45399070432789818, 0.87747078015038071, 2.32747699972242117]
  #26 objects/buildingsets/human/lowtech/prop/light/light_landing_1_a.cgf
    [-0.00000064012100026, -1.00000042674731060, -0.00000000000000008, -26.53995399922132492]
    [1.00000042674731060, -0.00000064012100026, -0.00000000000000000, -36.75134600000006913]
    [-0.00000000000000000, -0.00000000000000008, 1.00000042674751533, 1.74918000027537346]
  #27 objects/buildingsets/human/hightech/loc/stanton/orison/industrial_plate/int/ind_stairs_a_rail_addon_light_a.cgf
    [-0.98162564273353614, -0.00000065116215126, -0.19080792908323210, -11.94173999968916178]
    [0.08662567713133627, -0.89100467350312296, -0.44564922543477448, -33.63288200000010875]
    [-0.17001075808016747, -0.45399035239600949, 0.87463459246809849, 2.32659499999135733]
  #28 objects/buildingsets/human/hightech/loc/stanton/orison/industrial_plate/int/ind_light_fixture_tube_cage_200cm_a.cgf
    [0.00000071177318153, 1.00000022760506213, -0.00000165246228134, -19.99215599894523621]
    [-0.92050494768960667, 0.00000130085948678, 0.39073148899298549, -36.08210199999999190]
    [0.39073148899450261, 0.00000124298722776, 0.92050494768904223, 7.43849600013345480]
  #29 objects/buildingsets/human/hightech/loc/stanton/orison/industrial_plate/int/ind_stairs_a_rail_addon_light_a.cgf
    [0.03784813734066706, -0.89111985688087469, 0.45218660395459648, -6.01233700010925531]
    [0.99902899905407561, 0.02353258168080462, -0.03724355342858125, -23.77073699999999690]
    [0.02254735399982280, 0.45315717350118745, 0.89114532964918836, 1.66731700021773577]
  #30 objects/buildingsets/human/lowtech/prop/light/light_landing_1_a.cgf
    [-0.00000064012100026, -1.00000042674731060, -0.00000000000000008, -24.38973499927669764]
    [1.00000042674731060, -0.00000064012100026, -0.00000000000000000, -31.68234799999999041]
    [-0.00000000000000000, -0.00000000000000008, 1.00000042674751533, 2.74262899998575449]
  #31 objects/buildingsets/human/hightech/loc/stanton/orison/industrial_plate/int/ind_light_fixture_tube_cage_200cm_a.cgf
    [0.00000071177318153, 1.00000022760506213, -0.00000165246228134, -19.99216199945658445]
    [-0.92050494768960667, 0.00000130085948678, 0.39073148899298549, -31.26916400000004614]
    [0.39073148899450261, 0.00000124298722776, 0.92050494768904223, 5.39552500005811453]
  #32 objects/buildingsets/human/lowtech/prop/light/light_landing_1_a.cgf
    [-0.00000064012100026, -1.00000042674731060, -0.00000000000000008, -26.60551299806684256]
    [1.00000042674731060, -0.00000064012100026, -0.00000000000000000, -31.68234699999999293]
    [-0.00000000000000000, -0.00000000000000008, 1.00000042674751533, 2.74262899998575449]
  #33 objects/buildingsets/human/hightech/loc/stanton/orison/industrial_plate/int/ind_light_fixture_tube_cage_100cm_a.cgf
    [0.00000202655586857, 0.00000202655792242, 0.99999999999794698, -9.85036399867385626]
    [-1.00000000000000044, 0.00000000000205302, 0.00000202655586895, -39.45925600000006739]
    [0.00000000000205352, -1.00000000000000044, 0.00000202655792203, 3.29957900010049343]
  #34 objects/buildingsets/human/hightech/loc/stanton/orison/industrial_plate/int/ind_light_fixture_tube_cage_200cm_a.cgf
    [0.00000071177318153, 1.00000022760506213, -0.00000165246228134, -31.00087799876928329]
    [-0.92050494768960667, 0.00000130085948678, 0.39073148899298549, -32.57904000000010569]
    [0.39073148899450261, 0.00000124298722776, 0.92050494768904223, 5.95153399929404259]
  #35 objects/buildingsets/human/hightech/loc/stanton/orison/industrial_plate/int/ind_light_fixture_tube_cage_200cm_a.cgf
    [0.00000071177318153, 1.00000022760506213, -0.00000165246228134, -31.00087499711662531]
    [-0.92050494768960667, 0.00000130085948678, 0.39073148899298549, -36.08210199999999190]
    [0.39073148899450261, 0.00000124298722776, 0.92050494768904223, 7.43849600106477737]
  #36 objects/buildingsets/human/hightech/loc/stanton/orison/industrial_plate/int/ind_light_fixture_tube_cage_200cm_a.cgf
    [0.00000071177318153, 1.00000022760506213, -0.00000165246228134, -42.00051699951291084]
    [-0.92050494768960667, 0.00000130085948678, 0.39073148899298549, -31.26916400000004614]
    [0.39073148899450261, 0.00000124298722776, 0.92050494768904223, 5.39552500005811453]
  #37 objects/buildingsets/human/lowtech/prop/light/light_landing_1_a.cgf
    [-0.00000064012100026, -1.00000042674731060, -0.00000000000000008, -35.39260799903422594]
    [1.00000042674731060, -0.00000064012100026, -0.00000000000000000, -31.68234699999999293]
    [-0.00000000000000000, -0.00000000000000008, 1.00000042674751533, 2.74262899998575449]
  #38 objects/buildingsets/human/lowtech/prop/light/light_hazard_1_a.cgf
    [-0.00000125739663820, 0.70710664404338430, 0.70710684643251853, -38.93756999913603067]
    [0.00000050134850992, 0.70710684643343447, -0.70710664404340873, -37.03429800000000682]
    [-0.99999994916089252, -0.00000053460658047, -0.00000124362069715, 1.39940899983048439]
  #39 objects/buildingsets/human/lowtech/prop/light/light_landing_1_a.cgf
    [-0.00000064012100026, -1.00000042674731060, -0.00000000000000008, -46.43035199865698814]
    [1.00000042674731060, -0.00000064012100026, -0.00000000000000000, -36.75134600000006913]
    [-0.00000000000000000, -0.00000000000000008, 1.00000042674751533, 1.74918000027537346]
  #40 objects/buildingsets/human/lowtech/bravo/int/prop/light/light_cold_floor_c.cgf
    [-0.35836724903317491, -0.93358126790787255, -0.00000000000000003, -35.90154899936169386]
    [0.93358126790787255, -0.35836724903317491, -0.00000000000000005, -34.02680000000012228]
    [0.00000000000000003, -0.00000000000000005, 1.00000053448389514, 1.74647700041532516]
  #41 objects/buildingsets/human/hightech/loc/stanton/orison/industrial_plate/int/ind_stairs_a_rail_addon_light_a.cgf
    [0.00000081224564124, 0.89100566822914939, 0.45399092190231921, -42.80714999977499247]
    [-0.99999942899293237, 0.00000072371601954, 0.00000036875209124, -38.13809100000011654]
    [-0.00000000000029959, -0.45399092190246898, 0.89100566822944305, 2.33910799957811832]
  #42 objects/buildingsets/human/lowtech/prop/light/light_landing_1_a.cgf
    [0.00000000000000000, -1.00000000000000000, 0.00000000000000000, -41.97084999922662973]
    [0.00000000000000000, 0.00000000000000000, 1.00000000000000000, -37.72007000000010635]
    [-1.00000000000000000, 0.00000000000000000, 0.00000000000000000, 1.46578500047326088]
  #43 objects/buildingsets/human/lowtech/prop/light/light_landing_1_a.cgf
    [-0.00000064012100026, -1.00000042674731060, -0.00000000000000008, -35.47967099957168102]
    [1.00000042674731060, -0.00000064012100026, -0.00000000000000000, -36.75134600000006913]
    [-0.00000000000000000, -0.00000000000000008, 1.00000042674751533, 1.74918000027537346]
  #44 objects/buildingsets/human/lowtech/prop/light/light_hazard_1_a.cgf
    [0.00000116276333652, 0.73135341620615757, -0.68199879943562813, -45.10306499898433685]
    [0.00000059196725075, -0.68199879943647301, -0.73135341620605443, -37.09159700000012094]
    [-1.00000009091384823, 0.00000044666994345, -0.00000122594035922, 1.51616100035607815]
  #45 objects/buildingsets/human/hightech/loc/stanton/orison/industrial_plate/int/ind_stairs_a_rail_addon_light_a.cgf
    [-0.00000118485031604, -0.89879321720399585, 0.43837264012301130, -42.80714999977499247]
    [0.99999990945011408, -0.00000119793448128, 0.00000024671891541, -40.13651400000006220]
    [0.00000030339244098, 0.43837264012297578, 0.89879321720474292, 2.33910799957811832]
  #46 objects/buildingsets/human/hightech/loc/stanton/orison/industrial_plate/int/ind_light_fixture_tube_cage_100cm_a.cgf
    [-1.00000069453960605, -0.00000000000000008, -0.00000000000000008, -42.11255499906837940]
    [-0.00000000000000008, -0.08715364221707433, 0.99619557905463152, -20.85461300000011420]
    [-0.00000000000000008, 0.99619557905463152, 0.08715364221707411, 4.12065600045025349]
  #47 objects/buildingsets/human/hightech/loc/stanton/orison/industrial_plate/int/ind_light_fixture_tube_cage_200cm_a.cgf
    [0.00000071177318153, 1.00000022760506213, -0.00000165246228134, -31.00087999645620584]
    [-0.92050494768960667, 0.00000130085948678, 0.39073148899298549, -31.26916400000004614]
    [0.39073148899450261, 0.00000124298722776, 0.92050494768904223, 5.39552500098943710]
  #48 objects/buildingsets/human/hightech/loc/stanton/orison/industrial_plate/int/ind_light_fixture_tube_cage_200cm_a.cgf
    [0.00000071177318153, 1.00000022760506213, -0.00000165246228134, -42.00051199924200773]
    [-0.92050494768960667, 0.00000130085948678, 0.39073148899298549, -36.08210199999999190]
    [0.39073148899450261, 0.00000124298722776, 0.92050494768904223, 7.43849600013345480]
  #49 objects/buildingsets/human/lowtech/prop/light/light_hazard_1_a.cgf
    [0.00000116276333652, 0.73135341620615757, -0.68199879943562813, -34.10370399896055460]
    [0.00000059196725075, -0.68199879943647301, -0.73135341620605443, -37.01015000000018063]
    [-1.00000009091384823, 0.00000044666994345, -0.00000122594035922, 1.38372800033539534]
  #50 objects/buildingsets/human/lowtech/prop/light/light_hazard_1_a.cgf
    [0.99984767893328130, 0.00000000000000000, 0.01745333645321710, -36.49504999909549952]
    [0.00000000000000000, 1.00000000001080958, 0.00000000000000000, -32.64460300000010307]
    [-0.01745333645321710, 0.00000000000000000, 0.99984767893328130, 0.49885000009089708]
  #51 objects/buildingsets/human/lowtech/prop/light/light_hung_2_lamp_a.cgf
    [0.58957129287383669, 0.78779438516294154, 0.17828287952763300, -31.74344199895858765]
    [-0.61341781039968191, 0.29310878381849148, 0.73335183816552452, -37.48691700000011906]
    [0.52547442212859563, -0.54172533202909823, 0.65605593064496459, 7.89522000029683113]
  #52 objects/buildingsets/human/hightech/loc/stanton/orison/industrial_plate/int/ind_light_fixture_tube_cage_200cm_a.cgf
    [0.00000071177318153, 1.00000022760506213, -0.00000165246228134, -31.00087599828839302]
    [-0.92050494768960667, 0.00000130085948678, 0.39073148899298549, -34.66698200000010388]
    [0.39073148899450261, 0.00000124298722776, 0.92050494768904223, 6.83781300019472837]
  #53 objects/buildingsets/human/hightech/loc/stanton/orison/industrial_plate/int/ind_light_fixture_tube_cage_200cm_a.cgf
    [0.00000071177318153, 1.00000022760506213, -0.00000165246228134, -42.00051599834114313]
    [-0.92050494768960667, 0.00000130085948678, 0.39073148899298549, -32.57904000000010569]
    [0.39073148899450261, 0.00000124298722776, 0.92050494768904223, 5.95153400022536516]
  #54 objects/buildingsets/human/hightech/delta/int/roomsm_a/ceiling/roomsm_a_ceiling_corner_06x06x0025_c_light_b.cgf
    [1.99999999872737533, 0.00000000000000000, 0.00000000000000000, -36.44332999922335148]
    [0.00000000000000000, 1.99725905926616654, -0.10467208361702324, -40.79242600000000607]
    [0.00000000000000000, 0.10467208361702324, 1.99725905926616654, 6.17358399927616119]
  #55 objects/buildingsets/human/lowtech/prop/light/light_landing_1_a.cgf
    [-0.00000064012100026, -1.00000042674731060, -0.00000000000000008, -37.53564299922436476]
    [1.00000042674731060, -0.00000064012100026, -0.00000000000000000, -36.75134600000006913]
    [-0.00000000000000000, -0.00000000000000008, 1.00000042674751533, 1.74918000027537346]
  #56 objects/buildingsets/human/lowtech/prop/light/light_landing_1_a.cgf
    [-0.00000064012100026, -1.00000042674731060, -0.00000000000000008, -37.64507699850946665]
    [1.00000042674731060, -0.00000064012100026, -0.00000000000000000, -31.68234699999999293]
    [-0.00000000000000000, -0.00000000000000008, 1.00000042674751533, 2.74262899998575449]
  #57 objects/buildingsets/human/hightech/loc/stanton/orison/industrial_plate/int/ind_stairs_a_rail_addon_light_a.cgf
    [-0.70710823567003822, -0.70710613896567276, -0.00000000000000002, -44.62100699823349714]
    [0.70710613896567276, -0.70710823567003822, -0.00000000000000005, -40.44832299999998781]
    [0.00000000000000002, -0.00000000000000005, 1.00000057435750267, 2.70830400008708239]
  #58 objects/buildingsets/human/lowtech/prop/light/light_landing_1_a.cgf
    [-0.00000064012100026, -1.00000042674731060, -0.00000000000000008, -46.45394799765199423]
    [1.00000042674731060, -0.00000064012100026, -0.00000000000000000, -31.68234699999999293]
    [-0.00000000000000000, -0.00000000000000008, 1.00000042674751533, 2.74262899998575449]
  #59 objects/buildingsets/human/hightech/loc/stanton/orison/industrial_plate/int/ind_light_fixture_tube_cage_200cm_a.cgf
    [0.00000071177318153, 1.00000022760506213, -0.00000165246228134, -42.00051299855113029]
    [-0.92050494768960667, 0.00000130085948678, 0.39073148899298549, -34.66698200000010388]
    [0.39073148899450261, 0.00000124298722776, 0.92050494768904223, 6.83781300019472837]
  #60 objects/buildingsets/human/hightech/loc/stanton/orison/industrial_plate/int/ind_stairs_a_rail_addon_light_a.cgf
    [-0.70710511751652116, 0.70710763244986130, 0.00000000000000000, -44.59239499922841787]
    [-0.70710763244986130, -0.70710511751652116, 0.00000000000000000, -37.83312699999999040]
    [0.00000000000000000, 0.00000000000000000, 0.99999942554328558, 2.70830400008708239]
  #61 objects/buildingsets/human/lowtech/prop/light/light_hazard_1_a.cgf
    [0.99984767893328130, 0.00000000000000000, 0.01745333645321710, -47.22314999811351299]
    [0.00000000000000000, 1.00000000001080958, 0.00000000000000000, -32.65899500000006128]
    [-0.01745333645321710, 0.00000000000000000, 0.99984767893328130, 0.49885000009089708]
  #62 objects/buildingsets/human/lowtech/prop/light/light_hung_2_lamp_a.cgf
    [-0.89146447686695640, 0.30867892768579702, 0.33167221234477423, -21.07473599817603827]
    [-0.44346370304050392, -0.74451404817418076, -0.49903589701694229, -49.81438900000000558]
    [0.09289284646588397, -0.59195793940840669, 0.80059650723783804, 12.38953999988734722]
  #63 objects/buildingsets/human/hightech/loc/stanton/orison/industrial_plate/int/ind_light_fixture_tube_cage_100cm_a.cgf
    [0.00000202655586857, 0.00000202655792242, 0.99999999999794698, -9.87643099948763847]
    [-1.00000000000000044, 0.00000000000205302, 0.00000202655586895, -70.70253700000023400]
    [0.00000000000205352, -1.00000000000000044, 0.00000202655792203, 3.42916400171816349]
  #64 objects/buildingsets/human/hightech/loc/stanton/orison/industrial_plate/int/ind_light_fixture_tube_cage_200cm_a.cgf
    [0.00000137970600123, 0.00000115980618886, -0.99999946766713876, -19.50020699854940176]
    [0.92050467837153027, 0.39073017855160086, 0.00000172319802539, -65.81687500000020918]
    [0.39073017855296455, -0.92050467837241245, -0.00000052851453190, 8.95924000069499016]
  #65 objects/buildingsets/human/lowtech/prop/light/light_landing_2_a.cgf
    [-0.89879388743922106, -0.43837105151875289, -0.00000000000000001, -21.90696999896317720]
    [0.43837105151875289, -0.89879388743922106, -0.00000000000000003, -66.98249900000001844]
    [0.00000000000000001, -0.00000000000000003, 0.99999981545386529, 2.99953499995172024]
  #66 objects/buildingsets/human/hightech/loc/stanton/orison/industrial_plate/int/ind_light_fixture_tube_cage_200cm_a.cgf
    [0.00000137970600123, 0.00000115980618886, -0.99999946766713876, -19.50020699761807919]
    [0.92050467837153027, 0.39073017855160086, 0.00000172319802539, -67.04871500000001561]
    [0.39073017855296455, -0.92050467837241245, -0.00000052851453190, 8.43628599960356951]
  #67 objects/buildingsets/human/hightech/loc/stanton/orison/industrial_plate/int/ind_light_fixture_tube_cage_200cm_a.cgf
    [0.00000127475647704, -1.00000003248588953, -0.00000026888656240, -19.99287299811840057]
    [0.92050535166120329, 0.00000127848217436, -0.39073003792251199, -71.69810999999998558]
    [0.39073003792252409, 0.00000025057411882, 0.92050535166205183, 5.40963499993085861]
  #68 objects/buildingsets/human/hightech/loc/stanton/orison/industrial_plate/int/ind_light_fixture_tube_cage_200cm_a.cgf
    [0.00000127475647704, -1.00000003248588953, -0.00000026888656240, -19.99287299811840057]
    [0.92050535166120329, 0.00000127848217436, -0.39073003792251199, -70.77066700000000310]
    [0.39073003792252409, 0.00000025057411882, 0.92050535166205183, 5.80331199988722801]
  #69 objects/buildingsets/human/hightech/loc/stanton/orison/industrial_plate/int/ind_light_fixture_tube_cage_100cm_a.cgf
    [0.50000001878223266, 0.00000000000000000, 0.00000000000000006, -18.72572200000286102]
    [-0.00000000000000005, 0.32139401860306849, 0.38302206671209366, -62.71195499999998901]
    [-0.00000000000000004, -0.38302206671209366, 0.32139401860306849, 4.84114800021052361]
  #70 objects/buildingsets/human/hightech/loc/stanton/orison/industrial_plate/int/ind_light_fixture_tube_cage_200cm_a.cgf
    [0.00000127475647704, -1.00000003248588953, -0.00000026888656240, -19.99287099856883287]
    [0.92050535166120329, 0.00000127848217436, -0.39073003792251199, -67.74539100000009739]
    [0.39073003792252409, 0.00000025057411882, 0.92050535166205183, 7.08221400063484907]
  #71 objects/buildingsets/human/hightech/loc/stanton/orison/industrial_plate/int/ind_light_fixture_tube_cage_200cm_a.cgf
    [0.00000127475647704, -1.00000003248588953, -0.00000026888656240, -19.99286999925971031]
    [0.92050535166120329, 0.00000127848217436, -0.39073003792251199, -66.71783799999997200]
    [0.39073003792252409, 0.00000025057411882, 0.92050535166205183, 7.51838300004601479]
  #72 objects/buildingsets/human/hightech/loc/stanton/orison/industrial_plate/int/ind_light_fixture_tube_cage_100cm_a.cgf
    [0.50000002420712542, -0.00000000000000003, -0.00000000000000005, -18.71805299911648035]
    [-0.00000000000000003, 0.27959696626839264, -0.41451846841924583, -41.07499900000010484]
    [0.00000000000000005, 0.41451846841924583, 0.27959696626839264, 3.71618200000375509]
  #73 objects/buildingsets/human/lowtech/prop/light/light_landing_2_a.cgf
    [-0.00000064012100026, -1.00000042674731060, -0.00000000000000008, -29.48608999792486429]
    [1.00000042674731060, -0.00000064012100026, -0.00000000000000000, -66.80601400000011836]
    [-0.00000000000000000, -0.00000000000000008, 1.00000042674751533, 2.99991200026124716]
  #74 objects/buildingsets/human/hightech/loc/stanton/orison/industrial_plate/int/ind_light_fixture_tube_cage_200cm_a.cgf
    [-0.99999894283819457, 0.00000000000000000, 0.00000000000000000, -12.90414299815893173]
    [0.00000000000000000, -0.00000222586283795, 0.99999894283571722, -75.64531599999997979]
    [0.00000000000000000, 0.99999894283571722, 0.00000222586283773, 5.80413600057363510]
  #75 objects/buildingsets/human/hightech/loc/stanton/orison/industrial_plate/int/ind_light_fixture_tube_cage_200cm_a.cgf
    [-0.99999894283819524, 0.00000000000000004, -0.00000000000000004, -12.90414299909025431]
    [0.00000000000000004, 0.00000064012096687, -0.99999894283798985, -75.54128300000002127]
    [-0.00000000000000004, -0.99999894283798985, -0.00000064012096765, 5.80413699988275766]
  #76 objects/buildingsets/human/hightech/loc/stanton/orison/industrial_plate/int/ind_light_fixture_tube_cage_100cm_a.cgf
    [0.00000202655586857, 0.00000202655792242, 0.99999999999794698, -9.87643099948763847]
    [-1.00000000000000044, 0.00000000000205302, 0.00000202655586895, -74.18984599999998863]
    [0.00000000000205352, -1.00000000000000044, 0.00000202655792203, 3.42916400171816349]
  #77 objects/buildingsets/human/lowtech/bravo/int/prop/light/light_cold_floor_c.cgf
    [0.93358154200629218, -0.35836500445929587, 0.00000000000000000, -16.25429399870336056]
    [0.35836500445929587, 0.93358154200629218, 0.00000000000000000, -76.22986500000001797]
    [0.00000000000000000, 0.00000000000000000, 0.99999998599797857, 2.98533800058066845]
  #78 objects/buildingsets/human/hightech/loc/stanton/orison/industrial_plate/int/ind_light_fixture_tube_cage_200cm_a.cgf
    [0.00000127475647704, -1.00000003248588953, -0.00000026888656240, -30.99789799749851227]
    [0.92050535166120329, 0.00000127848217436, -0.39073003792251199, -66.71783400000009578]
    [0.39073003792252409, 0.00000025057411882, 0.92050535166205183, 7.51838599983602762]
  #79 objects/buildingsets/human/hightech/loc/stanton/orison/industrial_plate/int/ind_light_fixture_tube_cage_100cm_a.cgf
    [0.50000002420712542, -0.00000000000000003, -0.00000000000000005, -32.24792199861258268]
    [-0.00000000000000003, 0.27959696626839264, -0.41451846841924583, -41.07197100000013279]
    [0.00000000000000005, 0.41451846841924583, 0.27959696626839264, 3.71917700022459030]
  #80 objects/buildingsets/human/hightech/loc/stanton/orison/industrial_plate/int/ind_light_fixture_tube_cage_200cm_a.cgf
    [0.00000127475647704, -1.00000003248588953, -0.00000026888656240, -30.99790099915117025]
    [0.92050535166120329, 0.00000127848217436, -0.39073003792251199, -71.69810499999999820]
    [0.39073003792252409, 0.00000025057411882, 0.92050535166205183, 5.40963799972087145]
  #81 objects/buildingsets/human/hightech/loc/stanton/orison/industrial_plate/int/ind_light_fixture_tube_cage_200cm_a.cgf
    [0.00000127475647704, -1.00000003248588953, -0.00000026888656240, -30.99789999797940254]
    [0.92050535166120329, 0.00000127848217436, -0.39073003792251199, -70.66757700000010800]
    [0.39073003792252409, 0.00000025057411882, 0.92050535166205183, 5.84707100130617619]
  #82 objects/buildingsets/human/hightech/loc/stanton/orison/industrial_plate/int/ind_light_fixture_tube_cage_200cm_a.cgf
    [0.00000127475647704, -1.00000003248588953, -0.00000026888656240, -30.99789799749851227]
    [0.92050535166120329, 0.00000127848217436, -0.39073003792251199, -67.74538600000022370]
    [0.39073003792252409, 0.00000025057411882, 0.92050535166205183, 7.08221600018441677]
  #83 objects/buildingsets/human/lowtech/prop/light/light_hazard_1_a.cgf
    [-0.00000064012127299, -0.00000000000000000, -1.00000085349446222, -30.04700399935245514]
    [0.00000000000000000, -1.00000085349466739, 0.00000000000000000, -56.32234999999997171]
    [-1.00000085349446222, 0.00000000000000000, 0.00000064012127232, 2.65866400022059679]
  #84 objects/buildingsets/human/lowtech/bravo/int/prop/light/light_fluorescent_f.cgf
    [-0.00000136849126877, 1.00000042910852383, 0.00000165246261421, -20.88891099952161312]
    [0.92050523343624024, 0.00000190537147421, -0.39073133152423001, -39.82006699999999455]
    [-0.39073133152647921, 0.00000098638764570, -0.92050523343672930, 8.37922200001776218]
  #85 objects/buildingsets/human/lowtech/bravo/int/prop/light/light_fluorescent_f.cgf
    [-0.00000136849126877, 1.00000042910852383, 0.00000165246261421, -30.13229199778288603]
    [0.92050523343624024, 0.00000190537147421, -0.39073133152423001, -39.82006699999999455]
    [-0.39073133152647921, 0.00000098638764570, -0.92050523343672930, 8.37922200001776218]
  #86 objects/buildingsets/human/hightech/loc/stanton/orison/industrial_plate/int/ind_light_fixture_tube_cage_100cm_a.cgf
    [-0.00000041028208767, 0.34201980329034487, 0.93969313138478494, -20.08256399817764759]
    [-1.00000036350718835, -0.00000014032439926, -0.00000038553917368, -48.25000099999999748]
    [-0.00000000000015815, -0.93969313138486399, 0.34201980329037368, 7.42061999998986721]
  #87 objects/buildingsets/human/hightech/loc/stanton/orison/industrial_plate/int/ind_light_fixture_tube_cage_100cm_a.cgf
    [-0.00000095523695864, -0.32556909952519353, -0.94551915082571958, -30.91937100049108267]
    [1.00000085157155505, -0.00000031099455582, -0.00000090319434962, -48.25000000000000000]
    [0.00000000000086287, -0.94551915082615101, 0.32556909952534197, 7.42033999972045422]
  #88 objects/buildingsets/human/hightech/loc/stanton/orison/industrial_plate/int/ind_light_fixture_tube_cage_200cm_a.cgf
    [0.00000071177347050, -0.99999931150244803, -0.00000138357439873, -30.99694799911230803]
    [0.92050420112369202, 0.00000119579656758, -0.39073090320576720, -61.33336000000014110]
    [0.39073090320694870, -0.00000099547484088, 0.92050420112342868, 9.74671099893748760]
  #89 objects/buildingsets/human/lowtech/bravo/int/prop/light/light_fluorescent_f.cgf
    [-0.00000064012127343, 1.00000085349446177, 0.00000000000000008, -31.18021899927407503]
    [1.00000085349446177, 0.00000064012127299, 0.00000000000000000, -47.13918499999999767]
    [-0.00000000000000000, 0.00000000000000008, -1.00000085349466694, 10.62824300024658442]
  #90 objects/buildingsets/human/lowtech/prop/light/light_hung_2_lamp_a.cgf
    [-0.96194443483659331, -0.18235237656946787, -0.20349077437709284, -29.59384899865835905]
    [0.27316705430973071, -0.62441922149490570, -0.73176388027672934, -50.62296400000002450]
    [0.00637533817664210, -0.75950393468195920, 0.65046991358245798, 12.38897900003939867]
  #91 objects/buildingsets/human/lowtech/bravo/int/prop/light/light_fluorescent_f.cgf
    [-0.00000064012127343, 1.00000085349446177, 0.00000000000000008, -19.77811599802225828]
    [1.00000085349446177, 0.00000064012127299, 0.00000000000000000, -47.13918499999999767]
    [-0.00000000000000000, 0.00000000000000008, -1.00000085349466694, 10.62824300024658442]
  #92 objects/buildingsets/human/hightech/loc/stanton/orison/industrial_plate/int/ind_stairs_a_rail_addon_light_a.cgf
    [0.87461968495577724, -0.00000038122588526, 0.48480934629150124, -30.19091299828141928]
    [-0.22009881888146896, 0.89100609579286483, 0.39706969507986845, -44.50139700000011089]
    [-0.43196829996970898, -0.45399100522333263, 0.77929150551091519, 2.61008400004357100]
  #93 objects/buildingsets/human/lowtech/prop/light/light_hazard_1_a.cgf
    [-0.00000064012127299, -0.00000000000000000, -1.00000085349446222, -23.98619899898767471]
    [0.00000000000000000, -1.00000085349466739, 0.00000000000000000, -50.89017699999999422]
    [-1.00000085349446222, 0.00000000000000000, 0.00000064012127232, 1.67088500037789345]
  #94 objects/buildingsets/human/hightech/loc/stanton/orison/industrial_plate/int/ind_light_fixture_tube_cage_100cm_a.cgf
    [-0.00000041028208767, 0.34201980329034487, 0.93969313138478494, -20.08256399817764759]
    [-1.00000036350718835, -0.00000014032439926, -0.00000038553917368, -54.62661200000002282]
    [-0.00000000000015815, -0.93969313138486399, 0.34201980329037368, 7.42061999998986721]
  #95 objects/buildingsets/human/lowtech/prop/light/light_hazard_1_a.cgf
    [-0.00000064012127299, -0.00000000000000000, -1.00000085349446222, -23.98619899898767471]
    [0.00000000000000000, -1.00000085349466739, 0.00000000000000000, -47.39017699999999422]
    [-1.00000085349446222, 0.00000000000000000, 0.00000064012127232, 1.67088500037789345]
  #96 objects/buildingsets/human/lowtech/prop/light/light_hung_2_lamp_a.cgf
    [1.31190932628528278, 0.43460739891385453, -0.58310362974590624, -30.48823799937963486]
    [-0.04321906502976474, 1.24715371497273009, 0.83230958077838624, -56.65726700000010396]
    [0.72596525166943771, -0.71114241516511578, 1.10329072928647332, 11.29835299961268902]
  #97 objects/buildingsets/human/hightech/loc/stanton/orison/industrial_plate/int/ind_stairs_a_rail_addon_light_a.cgf
    [-0.87462039787368295, 0.00000022336046153, -0.48480961587997012, -26.65296899899840355]
    [-0.22009865240433210, -0.89100756658077884, 0.39706838646768339, -44.59522700000002260]
    [-0.43196868736001115, 0.45398977997549972, 0.77929297240814355, 2.64777499996125698]
  #98 objects/buildingsets/human/lowtech/bravo/int/prop/light/light_fluorescent_f.cgf
    [-0.00000136849126877, 1.00000042910852383, 0.00000165246261421, -20.88890799880027771]
    [0.92050523343624024, 0.00000190537147421, -0.39073133152423001, -43.90161399999999503]
    [-0.39073133152647921, 0.00000098638764570, -0.92050523343672930, 10.11173800006508827]
  #99 objects/buildingsets/human/lowtech/bravo/int/prop/light/light_fluorescent_f.cgf
    [-0.00000064012127343, 1.00000085349446177, 0.00000000000000008, -19.77088899817317724]
    [1.00000085349446177, 0.00000064012127299, 0.00000000000000000, -46.12603400000000420]
    [-0.00000000000000000, 0.00000000000000008, -1.00000085349466694, 10.25976900011301041]
  #100 objects/buildingsets/human/hightech/loc/stanton/orison/industrial_plate/int/ind_light_fixture_tube_cage_100cm_a.cgf
    [-0.00000095523695864, -0.32556909952519353, -0.94551915082571958, -30.91937100049108267]
    [1.00000085157155505, -0.00000031099455582, -0.00000090319434962, -54.62661300000002029]
    [0.00000000000086287, -0.94551915082615101, 0.32556909952534197, 7.42033999972045422]
  #101 objects/buildingsets/human/lowtech/prop/light/light_hazard_1_a.cgf
    [1.00000042674751533, 0.00000000000000008, 0.00000000000000000, -28.55431899987161160]
    [0.00000000000000000, -0.00000064012100026, 1.00000042674731060, -45.78167100000001710]
    [0.00000000000000008, -1.00000042674731060, -0.00000064012100026, 2.64868999831378460]
  #102 objects/buildingsets/human/hightech/loc/stanton/orison/industrial_plate/int/ind_light_fixture_tube_cage_200cm_a.cgf
    [0.00000071177347050, -0.99999931150244803, -0.00000138357439873, -20.00288599822670221]
    [0.92050420112369202, 0.00000119579656758, -0.39073090320576720, -61.33336100000013857]
    [0.39073090320694870, -0.00000099547484088, 0.92050420112342868, 9.74670900031924248]
  #103 objects/buildingsets/human/lowtech/bravo/int/prop/light/light_fluorescent_f.cgf
    [-0.00000136849126877, 1.00000042910852383, 0.00000165246261421, -20.88891000021249056]
    [0.92050523343624024, 0.00000190537147421, -0.39073133152423001, -41.85816499999998541]
    [-0.39073133152647921, 0.00000098638764570, -0.92050523343672930, 9.24434399977326393]
  #104 objects/buildingsets/human/lowtech/bravo/int/prop/light/light_fluorescent_f.cgf
    [-0.00000064012127343, 1.00000085349446177, 0.00000000000000008, -31.18021899927407503]
    [1.00000085349446177, 0.00000064012127299, 0.00000000000000000, -46.12603400000000420]
    [-0.00000000000000000, 0.00000000000000008, -1.00000085349466694, 10.25976900011301041]
  #105 objects/buildingsets/human/lowtech/bravo/int/prop/light/light_fluorescent_f.cgf
    [-0.00000136849126877, 1.00000042910852383, 0.00000165246261421, -30.13229099847376347]
    [0.92050523343624024, 0.00000190537147421, -0.39073133152423001, -41.85816499999998541]
    [-0.39073133152647921, 0.00000098638764570, -0.92050523343672930, 9.24434399977326393]
  #106 objects/buildingsets/human/lowtech/prop/light/light_hazard_1_a.cgf
    [-0.00000064012127299, -0.00000000000000000, -1.00000085349446222, -23.98619899898767471]
    [0.00000000000000000, -1.00000085349466739, 0.00000000000000000, -54.14017699999999422]
    [-1.00000085349446222, 0.00000000000000000, 0.00000064012127232, 1.67088500037789345]
  #107 objects/buildingsets/human/lowtech/bravo/int/prop/light/light_fluorescent_f.cgf
    [-0.00000136849126877, 1.00000042910852383, 0.00000165246261421, -30.13228999916464090]
    [0.92050523343624024, 0.00000190537147421, -0.39073133152423001, -43.90161399999999503]
    [-0.39073133152647921, 0.00000098638764570, -0.92050523343672930, 10.11173800006508827]
  #108 objects/buildingsets/human/hightech/loc/stanton/orison/industrial_plate/int/ind_stairs_a_rail_addon_light_a.cgf
    [0.87461968495577724, -0.00000038122588526, 0.48480934629150124, -24.33388599939644337]
    [-0.22009881888146896, 0.89100609579286483, 0.39706969507986845, -44.50139700000011089]
    [-0.43196829996970898, -0.45399100522333263, 0.77929150551091519, 2.61008399911224842]
  #109 objects/buildingsets/human/hightech/loc/stanton/orison/industrial_plate/int/ind_stairs_a_rail_addon_light_a.cgf
    [-0.87462039787368295, 0.00000022336046153, -0.48480961587997012, -20.79594099801033735]
    [-0.22009865240433210, -0.89100756658077884, 0.39706838646768339, -44.59522700000002260]
    [-0.43196868736001115, 0.45398977997549972, 0.77929297240814355, 2.64777499996125698]
