# IncludedObjects
# Cgfs: 6, Materials: 0, Palettes: 1, Placements: 25

[CGFs]
      0: objects/buildingsets/human/lowtech/bravo/int/prop/light/light_fluorescent_c.cgf
      1: objects/buildingsets/human/lowtech/prop/structure/relay/relay_comms_1_debris_panel_a.cgf
      2: objects/buildingsets/human/lowtech/prop/structure/relay/relay_comms_1_interior_damaged_b.cgf
      3: objects/buildingsets/human/lowtech/prop/structure/relay/relay_comms_1_interior_frame_damaged_outer_a.cgf
      4: objects/buildingsets/human/lowtech/prop/structure/relay/relay_comms_body_1_damaged_a.cgf
      5: objects/buildingsets/human/lowtech/prop/light/light_hazard_2_b.cgf

[Palettes]
      0: Libs/Foundry/Records/TintPalettes/default

[Placements]
  #0 objects/buildingsets/human/lowtech/bravo/int/prop/light/light_fluorescent_c.cgf
    [0.017409891584118729, 0.86650215613649417, -0.49886954794437455, 0.97812402248382568]
    [0.99969629430695972, -0.023788309255954081, -0.0064305732298461805, 13.335919380187988]
    [-0.0174393693793829, -0.49860610358672752, -0.86665318244503065, 6.0846627652645111]
  #1 objects/buildingsets/human/lowtech/bravo/int/prop/light/light_fluorescent_c.cgf
    [0.017409753088339107, 0.86650228008250241, -0.49886947584580921, 0.97812402248382568]
    [0.99969636579632071, -0.023788187400892336, -0.0064306434556651217, 13.335919380187988]
    [-0.017439367318710753, -0.49860603242785723, -0.86665330306617927, 6.0846627652645111]
  #2 objects/buildingsets/human/lowtech/prop/structure/relay/relay_comms_1_debris_panel_a.cgf
    [0.90619712450871603, 0.016498672311694537, 0.4225335041815465, -0.77362701160018332]
    [0.0089525618688378345, 0.99826598528528621, -0.058179644810125469, 13.9406787375774]
    [-0.42276071243668129, 0.056504984259789434, 0.90447806141756792, 3.9929081335576484]
  #3 objects/buildingsets/human/lowtech/bravo/int/prop/light/light_fluorescent_c.cgf
    [0.017409808114120275, -0.86650231460201665, 0.49886951681760544, -0.51305776834487915]
    [0.99969642002421144, 0.023788124794604203, 0.0064304236707743625, 13.329393863677979]
    [-0.017439145944077344, 0.49860607832953446, 0.86665334031585972, 4.2219114303588867]
  #4 objects/buildingsets/human/lowtech/prop/structure/relay/relay_comms_1_interior_damaged_b.cgf
    [0.034022682148322103, 0.017409898106231721, -0.99926943007281077, 0.30507781729102135]
    [0.016839392802103201, 0.99969635977090365, 0.017990676516891933, 12.825523853302002]
    [0.99927920686871385, -0.017439181156510795, 0.033719178683646517, 5.1390173435211182]
  #5 objects/buildingsets/human/lowtech/prop/structure/relay/relay_comms_1_interior_frame_damaged_outer_a.cgf
    [-0.0008720903815595542, 0.017409898432603526, -0.99984805478382943, 0.15709368884563446]
    [0.017457000974811093, 0.99969633797491186, 0.017392030260745515, 4.3281047344207764]
    [0.99984723349890137, -0.017439181064249333, -0.0011757501760543522, 5.2872503399848938]
  #6 objects/buildingsets/human/lowtech/bravo/int/prop/light/light_fluorescent_c.cgf
    [0.017409808114120275, -0.86650231460201665, 0.49886951681760544, -0.51305776834487915]
    [0.99969642002421144, 0.023788124794604203, 0.0064304236707743625, 13.329393863677979]
    [-0.017439145944077344, 0.49860607832953446, 0.86665334031585972, 4.2219114303588867]
  #7 objects/buildingsets/human/lowtech/bravo/int/prop/light/light_fluorescent_c.cgf
    [0.01740941561632214, -0.86528480389440676, -0.50097824522928058, 0.98065906763076782]
    [0.99969639052068304, 0.0063248554662772363, 0.023816061365005834, 13.302935600280762]
    [-0.017439060281711782, -0.50124074669607788, 0.86513217188111891, 4.1964107751846313]
  #8 objects/buildingsets/human/lowtech/bravo/int/prop/light/light_fluorescent_c.cgf
    [0.01740941561632214, -0.86528480389440676, -0.50097824522928058, 0.98065906763076782]
    [0.99969639052068304, 0.0063248554662772363, 0.023816061365005834, 13.302935600280762]
    [-0.017439060281711782, -0.50124074669607788, 0.86513217188111891, 4.1964107751846313]
  #9 objects/buildingsets/human/lowtech/prop/structure/relay/relay_comms_body_1_damaged_a.cgf
    [-0.0008720903815595542, 0.017409898432603526, -0.99984805478382943, -0.092868238687515259]
    [0.017457000974811093, 0.99969633797491186, 0.017392030260745515, 4.3324512243270874]
    [0.99984723349890137, -0.017439181064249333, -0.0011757501760543522, 5.2868700623512268]
  #10 objects/buildingsets/human/lowtech/bravo/int/prop/light/light_fluorescent_c.cgf
    [0.017409907217867955, 0.86528488196551556, 0.50097802389969859, -0.51555883884429932]
    [0.99969634124705409, -0.0063251157353935855, -0.023816600639999009, 13.361889839172363]
    [-0.017439400384662167, 0.5012405392730277, -0.8651322450130764, 6.0822545289993286]
  #11 objects/buildingsets/human/lowtech/bravo/int/prop/light/light_fluorescent_c.cgf
    [0.017409907217867955, 0.86528488196551556, 0.50097802389969859, -0.51555883884429932]
    [0.99969634124705409, -0.0063251157353935855, -0.023816600639999009, 13.361889839172363]
    [-0.017439400384662167, 0.5012405392730277, -0.8651322450130764, 6.0822545289993286]
  #12 objects/buildingsets/human/lowtech/bravo/int/prop/light/light_fluorescent_c.cgf
    [0.017409808114120275, -0.86650231460201665, 0.49886951681760544, -0.65275657176971436]
    [0.99969642002421144, 0.023788124794604203, 0.0064304236707743625, 5.307729035615921]
    [-0.017439145944077344, 0.49860607832953446, 0.86665334031585972, 4.3618451356887817]
  #13 objects/buildingsets/human/lowtech/bravo/int/prop/light/light_fluorescent_c.cgf
    [0.01740941561632214, -0.86528480389440676, -0.50097824522928058, 0.84096032381057739]
    [0.99969639052068304, 0.0063248554662772363, 0.023816061365005834, 5.281270831823349]
    [-0.017439060281711782, -0.50124074669607788, 0.86513217188111891, 4.3363444805145264]
  #14 objects/buildingsets/human/lowtech/bravo/int/prop/light/light_fluorescent_c.cgf
    [0.017409753088339107, 0.86650228008250241, -0.49886947584580921, 0.90852349996566772]
    [0.99969636579632071, -0.023788187400892336, -0.0064306434556651217, 9.3393745422363281]
    [-0.017439367318710753, -0.49860603242785723, -0.86665330306617927, 6.1543803811073303]
  #15 objects/buildingsets/human/lowtech/prop/light/light_hazard_2_b.cgf
    [0.017409932808096662, 0.73041169212639911, 0.68278515719539401, -0.3305937647819519]
    [0.99969630778331731, -0.00080601720719081389, -0.02462842224616528, 6.6504552364349365]
    [-0.017438551708535324, 0.68300660830110804, -0.73020393492023616, 6.7650191783905029]
  #16 objects/buildingsets/human/lowtech/bravo/int/prop/light/light_fluorescent_c.cgf
    [0.017409808114120275, -0.86650231460201665, 0.49886951681760544, -0.58265835046768188]
    [0.99969642002421144, 0.023788124794604203, 0.0064304236707743625, 9.3328490257263184]
    [-0.017439145944077344, 0.49860607832953446, 0.86665334031585972, 4.2916289567947388]
  #17 objects/buildingsets/human/lowtech/bravo/int/prop/light/light_fluorescent_c.cgf
    [0.017409753088339107, 0.86650228008250241, -0.49886947584580921, 0.83842527866363525]
    [0.99969636579632071, -0.023788187400892336, -0.0064306434556651217, 5.3142545372247696]
    [-0.017439367318710753, -0.49860603242785723, -0.86665330306617927, 6.2245965003967285]
  #18 objects/buildingsets/human/lowtech/bravo/int/prop/light/light_fluorescent_c.cgf
    [0.01740941561632214, -0.86528480389440676, -0.50097824522928058, 0.84096032381057739]
    [0.99969639052068304, 0.0063248554662772363, 0.023816061365005834, 5.281270831823349]
    [-0.017439060281711782, -0.50124074669607788, 0.86513217188111891, 4.3363444805145264]
  #19 objects/buildingsets/human/lowtech/bravo/int/prop/light/light_fluorescent_c.cgf
    [0.017409907217867955, 0.86528488196551556, 0.50097802389969859, -0.58515936136245728]
    [0.99969634124705409, -0.0063251157353935855, -0.023816600639999009, 9.3653454780578613]
    [-0.017439400384662167, 0.5012405392730277, -0.8651322450130764, 6.1519721448421478]
  #20 objects/buildingsets/human/lowtech/bravo/int/prop/light/light_fluorescent_c.cgf
    [0.017409907217867955, 0.86528488196551556, 0.50097802389969859, -0.65525758266448975]
    [0.99969634124705409, -0.0063251157353935855, -0.023816600639999009, 5.3402252942323685]
    [-0.017439400384662167, 0.5012405392730277, -0.8651322450130764, 6.222188264131546]
  #21 objects/buildingsets/human/lowtech/bravo/int/prop/light/light_fluorescent_c.cgf
    [0.017409907217867955, 0.86528488196551556, 0.50097802389969859, -0.58515936136245728]
    [0.99969634124705409, -0.0063251157353935855, -0.023816600639999009, 9.3653454780578613]
    [-0.017439400384662167, 0.5012405392730277, -0.8651322450130764, 6.1519721448421478]
  #22 objects/buildingsets/human/lowtech/bravo/int/prop/light/light_fluorescent_c.cgf
    [0.01740941561632214, -0.86528480389440676, -0.50097824522928058, 0.91105848550796509]
    [0.99969639052068304, 0.0063248554662772363, 0.023816061365005834, 9.3063910007476807]
    [-0.017439060281711782, -0.50124074669607788, 0.86513217188111891, 4.2661284208297729]
  #23 objects/buildingsets/human/lowtech/prop/light/light_hazard_2_b.cgf
    [-0.00033536843554143398, 0.27536154320983397, 0.0047948089411218534, 1.0759391784667969]
    [0.0048094098403695315, -0.0047882256204941822, 0.27531985873900433, 7.1743084192276001]
    [0.27536128858042208, 0.00041899901749613288, -0.0048028465334151883, 5.8073228523135185]
  #24 objects/buildingsets/human/lowtech/bravo/int/prop/light/light_fluorescent_c.cgf
    [0.017409808114120275, -0.86650231460201665, 0.49886951681760544, -0.58265835046768188]
    [0.99969642002421144, 0.023788124794604203, 0.0064304236707743625, 9.3328490257263184]
    [-0.017439145944077344, 0.49860607832953446, 0.86665334031585972, 4.2916289567947388]
