# IncludedObjects
# Cgfs: 1, Materials: 0, Palettes: 1, Placements: 5

[CGFs]
      0: objects/buildingsets/human/lowtech/charlie/int/prop/uee_lawless_prop_lightflourescent_large.cgf

[Palettes]
      0: Libs/Foundry/Records/TintPalettes/default

[Placements]
  #0 objects/buildingsets/human/lowtech/charlie/int/prop/uee_lawless_prop_lightflourescent_large.cgf
    [0.00000005760444220, 0.74656063318240429, 0.00000000000000000, 154.99998742065031365]
    [-0.74656063318240429, 0.00000005760444220, -0.00000000000000000, -93.62502082562252781]
    [-0.00000000000000000, 0.00000000000000000, 0.74656063318240673, 5.37500000000000000]
  #1 objects/buildingsets/human/lowtech/charlie/int/prop/uee_lawless_prop_lightflourescent_large.cgf
    [0.00000005760444220, 0.74656063318240429, 0.00000000000000000, 154.99998674885603123]
    [-0.74656063318240429, 0.00000005760444220, -0.00000000000000000, -98.62502082562252781]
    [-0.00000000000000000, 0.00000000000000000, 0.74656063318240673, 5.37500000000000000]
  #2 objects/buildingsets/human/lowtech/charlie/int/prop/uee_lawless_prop_lightflourescent_large.cgf
    [0.00000005760444220, 0.74656063318240429, 0.00000000000000000, 155.99998844513652330]
    [-0.74656063318240429, 0.00000005760444220, -0.00000000000000000, -86.00002095998149798]
    [-0.00000000000000000, 0.00000000000000000, 0.74656063318240673, 4.45000000000000018]
  #3 objects/buildingsets/human/lowtech/charlie/int/prop/uee_lawless_prop_lightflourescent_large.cgf
    [0.00000005760444220, 0.74656063318240429, 0.00000000000000000, 148.99998844513663698]
    [-0.74656063318240429, 0.00000005760444220, -0.00000000000000000, -86.00002001946950259]
    [-0.00000000000000000, 0.00000000000000000, 0.74656063318240673, 4.45000000000000018]
  #4 objects/buildingsets/human/lowtech/charlie/int/prop/uee_lawless_prop_lightflourescent_large.cgf
    [0.00000005760444220, 0.74656063318240429, 0.00000000000000000, 148.99998710154795845]
    [-0.74656063318240429, 0.00000005760444220, -0.00000000000000000, -96.00002001946938890]
    [-0.00000000000000000, 0.00000000000000000, 0.74656063318240673, 4.45000000000000018]
