# IncludedObjects
# Cgfs: 9, Materials: 0, Palettes: 2, Placements: 11

[CGFs]
      0: data/objects/spaceships/ships/rsi/apollo/interior/triage/rsi_apollo_floor_light.cgf
      1: objects/spaceships/ships/rsi/apollo/interior/med_bays/rsi_apollo_med_bay_tier_2_right_floor.cgf
      2: objects/spaceships/ships/rsi/apollo/interior/med_bays/rsi_apollo_med_bay_tier_2_right_door_frame.cgf
      3: objects/spaceships/ships/rsi/apollo/interior/med_bays/rsi_apollo_med_bay_tier_2_right_ceiling.cgf
      4: data/objects/spaceships/ships/rsi/modular/kit/addon/com/light/rsi_com_light_bar_50_b.cgf
      5: objects/spaceships/ships/rsi/apollo/interior/med_bays/rsi_apollo_med_bay_tier_2_right_wall_a.cgf
      6: objects/spaceships/ships/rsi/apollo/interior/med_bays/rsi_apollo_med_bay_tier_2_right_wall_back.cgf
      7: objects/spaceships/ships/rsi/apollo/interior/med_bays/rsi_apollo_med_bay_tier_2_right_wall_glass.cgf
      8: data/objects/spaceships/ships/rsi/modular/kit/addon/com/light/rsi_com_light_flush_pill_10_a.cgf

[Palettes]
      0: Libs/Foundry/Records/TintPalettes/Brand/RSI/rsi_interior/rsi_interior_default
      1: Libs/Foundry/Records/TintPalettes/Brand/RSI/rsi_interior/rsi_medical_b

[Placements]
  #0 data/objects/spaceships/ships/rsi/apollo/interior/triage/rsi_apollo_floor_light.cgf
    [-1.00000000000000000, 0.00000000000000000, 0.00000000000000000, 5.47348899999999983]
    [0.00000000000000000, -1.00000000000000000, 0.00000000000000000, 9.17420199999999930]
    [0.00000000000000000, 0.00000000000000000, 1.00000000000000000, -2.47112299999999996]
  #1 objects/spaceships/ships/rsi/apollo/interior/med_bays/rsi_apollo_med_bay_tier_2_right_floor.cgf
    [1.00000000000000000, 0.00000000000000000, 0.00000000000000000, 5.27071899999999971]
    [0.00000000000000000, 1.00000000000000000, 0.00000000000000000, 1.36992099999999994]
    [0.00000000000000000, 0.00000000000000000, 1.00000000000000000, -2.86244100000000001]
  #2 data/objects/spaceships/ships/rsi/apollo/interior/triage/rsi_apollo_floor_light.cgf
    [0.96592592080910500, 0.00000000000000000, 0.25881871307257659, 8.03451800000000027]
    [0.00000000000000000, 1.00000000536373101, 0.00000000000000000, 9.17658999999999914]
    [-0.25881871307257659, 0.00000000000000000, 0.96592592080910500, -2.47965400000000002]
  #3 objects/spaceships/ships/rsi/apollo/interior/med_bays/rsi_apollo_med_bay_tier_2_right_door_frame.cgf
    [1.00000000000000000, 0.00000000000000000, 0.00000000000000000, 7.37010900000000024]
    [0.00000000000000000, 1.00000000000000000, 0.00000000000000000, 9.49492300000000000]
    [0.00000000000000000, 0.00000000000000000, 1.00000000000000000, -0.86244299999999996]
  #4 objects/spaceships/ships/rsi/apollo/interior/med_bays/rsi_apollo_med_bay_tier_2_right_ceiling.cgf
    [1.00000000000000000, 0.00000000000000000, 0.00000000000000000, 7.05693500000000018]
    [0.00000000000000000, 1.00000000000000000, 0.00000000000000000, 1.36992099999999994]
    [0.00000000000000000, 0.00000000000000000, 1.00000000000000000, 0.82758900000000002]
  #5 data/objects/spaceships/ships/rsi/modular/kit/addon/com/light/rsi_com_light_bar_50_b.cgf
    [-1.00000000000000000, 0.00000000000000000, 0.00000000000000000, 2.93638000000000021]
    [0.00000000000000000, 1.00000000000000000, 0.00000000000000000, 1.33725099999999997]
    [0.00000000000000000, 0.00000000000000000, -1.00000000000000000, -0.04887200000000000]
  #6 data/objects/spaceships/ships/rsi/modular/kit/addon/com/light/rsi_com_light_bar_50_b.cgf
    [-0.00000064012127343, 1.00000085349446177, 0.00000000000000000, 7.04176900000000039]
    [1.00000085349446177, 0.00000064012127299, 0.00000000000000000, -5.69793500000000019]
    [0.00000000000000000, 0.00000000000000000, -1.00000085349466694, 0.21285299999999999]
  #7 objects/spaceships/ships/rsi/apollo/interior/med_bays/rsi_apollo_med_bay_tier_2_right_wall_a.cgf
    [1.00000000000000000, 0.00000000000000000, 0.00000000000000000, 9.54977599999999960]
    [0.00000000000000000, 1.00000000000000000, 0.00000000000000000, 1.36992099999999994]
    [0.00000000000000000, 0.00000000000000000, 1.00000000000000000, -1.37418100000000010]
  #8 objects/spaceships/ships/rsi/apollo/interior/med_bays/rsi_apollo_med_bay_tier_2_right_wall_back.cgf
    [1.00000000000000000, 0.00000000000000000, 0.00000000000000000, 7.44103400000000015]
    [0.00000000000000000, 1.00000000000000000, 0.00000000000000000, -6.25507800000000014]
    [0.00000000000000000, 0.00000000000000000, 1.00000000000000000, -0.86244299999999996]
  #9 objects/spaceships/ships/rsi/apollo/interior/med_bays/rsi_apollo_med_bay_tier_2_right_wall_glass.cgf
    [1.00000000000000000, 0.00000000000000000, 0.00000000000000000, 4.02004400000000039]
    [0.00000000000000000, 1.00000000000000000, 0.00000000000000000, 1.36992300000000000]
    [0.00000000000000000, 0.00000000000000000, 1.00000000000000000, -0.73743700000000001]
  #10 data/objects/spaceships/ships/rsi/modular/kit/addon/com/light/rsi_com_light_flush_pill_10_a.cgf
    [-0.00000091667389509, 0.50170914760621155, 0.86503599135825582, 1.96985300000000008]
    [0.00000013789200205, 0.86503599135867437, -0.50170914760630814, -4.40634600000000010]
    [-0.99999966756839098, -0.00000034062224703, -0.00000086213787704, -2.56205200000000000]
