# IncludedObjects
# Cgfs: 4, Materials: 1, Palettes: 1, Placements: 7

[CGFs]
      0: objects/spaceships/ships/glsn/shiv/glsn_shiv_int_body.cgf
      1: objects/buildingsets/human/lowtech/bravo/int/prop/light/light_fluorescent_f.cgf
      2: objects/buildingsets/human/lowtech/prop/light/light_wall_02_a.cgf
      3: objects/spaceships/ships/glsn/shiv/glsn_shiv_int_cockpit.cgf

[Materials]
      0: objects/spaceships/ships/glsn/shiv/glsn_shiv_int

[Palettes]
      0: Libs/Foundry/Records/TintPalettes/default

[Placements]
  #0 objects/spaceships/ships/glsn/shiv/glsn_shiv_int_body.cgf
    [1.00000000000000000, 0.00000000000000000, 0.00000000000000000, -0.00190000000000000]
    [0.00000000000000000, 1.00000000000000000, 0.00000000000000000, 3.56720000000000015]
    [0.00000000000000000, 0.00000000000000000, 1.00000000000000000, -1.43500000000000005]
  #1 objects/buildingsets/human/lowtech/bravo/int/prop/light/light_fluorescent_f.cgf
    [-0.00040263305852968, -0.19988020605553838, -0.00691244532099086, -0.70179100000000005]
    [-0.16773013042128565, 0.00410246086926732, -0.10885685072688178, 12.60680100000000081]
    [0.10893338341380328, 0.00557797709852234, -0.16763783861649398, 0.52122400000000002]
  #2 objects/buildingsets/human/lowtech/bravo/int/prop/light/light_fluorescent_f.cgf
    [-0.00040286945233449, -0.19923255804959786, 0.01749823876949159, 0.70324900000000001]
    [-0.16773007765131415, -0.00919415876141916, -0.10854515809823162, 12.60370799999999925]
    [0.10893310607021474, -0.01489355929586954, -0.16706801951364572, 0.52323299999999995]
  #3 objects/buildingsets/human/lowtech/bravo/int/prop/light/light_fluorescent_f.cgf
    [0.30000002781904728, 0.00000000000000000, 0.00000000000000000, 0.00000000000000000]
    [0.00000000000000000, -0.26730208692910440, -0.13619695670158977, 10.14590600000000009]
    [0.00000000000000000, 0.13619695670158977, -0.26730208692910440, 1.79422999999999999]
  #4 objects/buildingsets/human/lowtech/prop/light/light_wall_02_a.cgf
    [0.08546324352313624, -0.27652036760627557, 0.07894753404496457, 1.00159400000000010]
    [-0.27953875071811868, -0.09921251741591962, -0.04489048965354347, 12.83297400000000010]
    [0.06748565536352263, -0.06077462886165232, -0.28592363251971642, -0.18170600000000001]
  #5 objects/buildingsets/human/lowtech/prop/light/light_wall_02_a.cgf
    [0.07769384257661310, 0.27785463058093723, -0.08222083458970972, -1.00100199999999995]
    [0.28056070696299940, -0.09341829861102965, -0.05058167398633143, 12.84144500000000022]
    [-0.07245102541937889, -0.06379357569198042, -0.28404405145387063, -0.19087000000000001]
  #6 objects/spaceships/ships/glsn/shiv/glsn_shiv_int_cockpit.cgf
    [1.00000000000000000, 0.00000000000000000, 0.00000000000000000, -0.00190000000000000]
    [0.00000000000000000, 1.00000000000000000, 0.00000000000000000, 10.57690000000000019]
    [0.00000000000000000, 0.00000000000000000, 1.00000000000000000, -0.50880000000000003]
