# IncludedObjects
# Cgfs: 21, Materials: 3, Palettes: 1, Placements: 50

[CGFs]
      0: Data/ObjectContainers/PU/derelict/DRAK/caterpillar/surface/component/ctplr_sfce_mid_med_temp_int//Brush/designer_87.cgf
      1: Data/ObjectContainers/PU/derelict/DRAK/caterpillar/surface/component/ctplr_sfce_mid_med_temp_int//Brush/designer_91.cgf
      2: Data/ObjectContainers/PU/derelict/DRAK/caterpillar/surface/component/ctplr_sfce_mid_med_temp_int//Brush/designer_92.cgf
      3: objects/spaceships/derelicts/drak/caterpillar/drak_caterpillar_der_hull_module_railings_double.cgf
      4: objects/spaceships/derelicts/drak/caterpillar/drak_caterpillar_der_hull_module_ladder.cgf
      5: objects/spaceships/derelicts/drak/caterpillar/drak_caterpillar_door_double_grey_right.cgf
      6: objects/spaceships/derelicts/wreckage/wires_floor_bundle_d.cgf
      7: objects/spaceships/derelicts/drak/caterpillar/drak_caterpillar_door_double_grey_left.cgf
      8: objects/spaceships/derelicts/drak/caterpillar/drak_caterpillar_der_hull_module_a_int.cgf
      9: objects/spaceships/derelicts/drak/caterpillar/drak_caterpillar_der_hull_module_door_btm.cgf
     10: objects/spaceships/derelicts/drak/caterpillar/drak_caterpillar_der_hull_module_door_top.cgf
     11: objects/spaceships/derelicts/drak/caterpillar/drak_caterpillar_der_hull_module_railings_side.cgf
     12: objects/spaceships/derelicts/wreckage/wreckage_mech_junk_08.cgf
     13: objects/spaceships/derelicts/drak/caterpillar/drak_caterpillar_der_hull_module_door_mid.cgf
     14: objects/spaceships/derelicts/wreckage/wreckage_pipes_small_02.cgf
     15: objects/spaceships/ships/drak/caterpillar/interiors/animating_objects/drak_caterpillar_door_single_grey.cga
     16: objects/spaceships/derelicts/drak/caterpillar/drak_caterpillar_der_hull_module_railings_double_screen.cgf
     17: objects/spaceships/derelicts/drak/caterpillar/drak_caterpillar_der_hull_module_railings_rear.cgf
     18: objects/spaceships/derelicts/drak/caterpillar/drak_caterpillar_der_hull_module_railings_rear_mirror.cgf
     19: objects/spaceships/derelicts/wreckage/wires_floor_bundle_b.cgf
     20: objects/spaceships/derelicts/drak/caterpillar/drak_caterpillar_der_hull_module_railings_ladder.cgf

[Materials]
      0: materials/bhvr/special/proxy_nodraw
      1: objects/spaceships/derelicts/drak/caterpillar/drak_caterpillar_int_delerict
      2: objects/spaceships/derelicts/drak/caterpillar/drak_caterpillar_ext_delerict

[Palettes]
      0: Libs/Foundry/Records/TintPalettes/default

[Placements]
  #0 Data/ObjectContainers/PU/derelict/DRAK/caterpillar/surface/component/ctplr_sfce_mid_med_temp_int//Brush/designer_87.cgf
    [-0.00000064012127299, 0.00000000000000000, 1.00000085349446199, 0.14637500000003456]
    [0.00000000000000000, -1.00000085349466716, 0.00000000000000000, -14.76170200000001387]
    [1.00000085349446199, 0.00000000000000000, 0.00000064012127265, -0.31721200000000005]
  #1 Data/ObjectContainers/PU/derelict/DRAK/caterpillar/surface/component/ctplr_sfce_mid_med_temp_int//Brush/designer_91.cgf
    [0.70710780067612067, 0.00000000000000000, 0.70710671332268782, 6.92654700000002777]
    [0.00000000000000000, -1.00000067290129091, 0.00000000000000000, -4.81919400000001019]
    [0.70710671332268782, 0.00000000000000000, -0.70710780067612089, -0.75684299999999993]
  #2 Data/ObjectContainers/PU/derelict/DRAK/caterpillar/surface/component/ctplr_sfce_mid_med_temp_int//Brush/designer_92.cgf
    [0.39073122771175317, 0.00000000000000000, 0.92050530521187468, 5.57271500000001652]
    [0.00000000000000000, -1.00000045461606679, 0.00000000000000000, -4.81919400000001019]
    [0.92050530521187468, 0.00000000000000000, -0.39073122771175328, -0.13819800000000004]
  #3 objects/spaceships/derelicts/drak/caterpillar/drak_caterpillar_der_hull_module_railings_double.cgf
    [1.00000000000000000, 0.00000000000000000, 0.00000000000000000, -4.87500000000000000]
    [0.00000000000000000, 1.00000000000000000, 0.00000000000000000, -14.87669600000000969]
    [0.00000000000000000, 0.00000000000000000, 1.00000000000000000, 3.00000000000000000]
  #4 objects/spaceships/derelicts/drak/caterpillar/drak_caterpillar_der_hull_module_ladder.cgf
    [0.00000065794698572, 0.98768856200088284, -0.15643529454154501, 0.43750000000000000]
    [-0.00000051282332991, 0.15643529454189156, 0.98768856200091393, -18.50000000000000000]
    [1.00000034844264363, -0.00000056962284503, 0.00000060943565546, 0.06250000000000000]
  #5 objects/spaceships/derelicts/drak/caterpillar/drak_caterpillar_door_double_grey_right.cgf
    [1.00000000000000000, 0.00000000000000000, 0.00000000000000000, 0.69784700000002431]
    [0.00000000000000000, 1.00000000000000000, 0.00000000000000000, -19.40972300000001383]
    [0.00000000000000000, 0.00000000000000000, 1.00000000000000000, 0.00000000000000000]
  #6 objects/spaceships/derelicts/wreckage/wires_floor_bundle_d.cgf
    [-0.51503413069447601, 0.85716655746442527, 0.00000000000000000, -0.15286900000000969]
    [0.85716655746442527, 0.51503413069447579, 0.00000000000000000, -12.16368600000001265]
    [0.00000000000000000, 0.00000000000000000, -0.99999733150425385, 0.03616399999999986]
  #7 objects/spaceships/derelicts/drak/caterpillar/drak_caterpillar_door_double_grey_left.cgf
    [1.00000000000000000, 0.00000000000000000, 0.00000000000000000, -0.72954700000002504]
    [0.00000000000000000, 1.00000000000000000, 0.00000000000000000, -10.33707300000000373]
    [0.00000000000000000, 0.00000000000000000, 1.00000000000000000, 0.00000000000000000]
  #8 objects/spaceships/derelicts/drak/caterpillar/drak_caterpillar_der_hull_module_a_int.cgf
    [1.00000000000000000, 0.00000000000000000, 0.00000000000000000, 0.00000000000000000]
    [0.00000000000000000, 1.00000000000000000, 0.00000000000000000, -22.23496199999999590]
    [0.00000000000000000, 0.00000000000000000, 1.00000000000000000, 2.87500000000000000]
  #9 objects/spaceships/derelicts/drak/caterpillar/drak_caterpillar_door_double_grey_left.cgf
    [1.00000000000000000, 0.00000000000000000, 0.00000000000000000, -0.00148599999999988]
    [0.00000000000000000, 1.00000000000000000, 0.00000000000000000, -19.40972500000000878]
    [0.00000000000000000, 0.00000000000000000, 1.00000000000000000, 0.00000000000000000]
  #10 objects/spaceships/derelicts/drak/caterpillar/drak_caterpillar_der_hull_module_door_btm.cgf
    [-0.99999701976776123, 0.00000000000000000, 0.00000000000000000, -4.65625000000000000]
    [0.00000000000000000, -0.99999701976776123, 0.00000000000000000, -14.84375000000000000]
    [0.00000000000000000, 0.00000000000000000, 0.99999701976776123, -0.06250000000000000]
  #11 objects/spaceships/derelicts/drak/caterpillar/drak_caterpillar_der_hull_module_door_top.cgf
    [0.99862952963308327, -0.00000000000000000, -0.05233604180851161, 5.03125000000000000]
    [0.00000000000000000, 0.99999999936368766, -0.00000000000000000, -14.76041699999998968]
    [0.05233604180851161, 0.00000000000000000, 0.99862952963308327, 5.71875000000000000]
  #12 objects/spaceships/derelicts/drak/caterpillar/drak_caterpillar_der_hull_module_railings_side.cgf
    [1.00000000000000000, 0.00000000000000000, 0.00000000000000000, -3.12500000000000000]
    [0.00000000000000000, 1.00000000000000000, 0.00000000000000000, -11.62669600000000969]
    [0.00000000000000000, 0.00000000000000000, 1.00000000000000000, 3.00000000000000000]
  #13 objects/spaceships/derelicts/wreckage/wreckage_mech_junk_08.cgf
    [-0.51503413069447601, 0.85716655746442527, 0.00000000000000000, 4.38380199999994602]
    [0.85716655746442527, 0.51503413069447579, 0.00000000000000000, -12.11745400000000927]
    [0.00000000000000000, 0.00000000000000000, -0.99999733150425385, 0.05393999999999988]
  #14 objects/spaceships/derelicts/drak/caterpillar/drak_caterpillar_der_hull_module_door_mid.cgf
    [0.99999600648879994, 0.00000000000000000, 0.00000000000000000, 5.75000000000000000]
    [0.00000000000000000, 0.99999600648879994, 0.00000000000000000, -14.72916699999998968]
    [0.00000000000000000, 0.00000000000000000, 0.99999600648879994, 1.71875000000000000]
  #15 objects/spaceships/derelicts/drak/caterpillar/drak_caterpillar_der_hull_module_door_mid.cgf
    [-0.99999600648879994, 0.00000000000000000, 0.00000000000000000, -5.25000000000000000]
    [0.00000000000000000, -0.99999600648879994, 0.00000000000000000, -14.78125000000000000]
    [0.00000000000000000, 0.00000000000000000, 0.99999600648879994, 1.71875000000000000]
  #16 objects/spaceships/derelicts/wreckage/wreckage_pipes_small_02.cgf
    [-0.51503413069447601, 0.85716655746442527, 0.00000000000000000, 2.29681500000003780]
    [0.85716655746442527, 0.51503413069447579, 0.00000000000000000, -17.94463500000000522]
    [0.00000000000000000, 0.00000000000000000, -0.99999733150425385, 0.05393999999999988]
  #17 objects/spaceships/ships/drak/caterpillar/interiors/animating_objects/drak_caterpillar_door_single_grey.cga
    [1.00000000000000000, 0.00000000000000000, 0.00000000000000000, -2.50777800000003026]
    [0.00000000000000000, 1.00000000000000000, 0.00000000000000000, -19.37177800000000616]
    [0.00000000000000000, 0.00000000000000000, 1.00000000000000000, 3.02956800000000026]
  #18 objects/spaceships/derelicts/drak/caterpillar/drak_caterpillar_door_double_grey_right.cgf
    [1.00000000000000000, 0.00000000000000000, 0.00000000000000000, 0.98458200000004581]
    [0.00000000000000000, 1.00000000000000000, 0.00000000000000000, -10.33707300000000373]
    [0.00000000000000000, 0.00000000000000000, 1.00000000000000000, 0.00000000000000000]
  #19 objects/spaceships/derelicts/drak/caterpillar/drak_caterpillar_der_hull_module_railings_double_screen.cgf
    [0.92398566614842237, 0.03237218697789110, 0.38105449318845719, -3.10026100000004590]
    [-0.07139329000528294, 0.99349527956359207, 0.08871372015460093, -14.91969100000000026]
    [-0.37570398375724617, -0.10917493994372397, 0.92028655623876554, 3.05647800000000025]
  #20 objects/spaceships/ships/drak/caterpillar/interiors/animating_objects/drak_caterpillar_door_single_grey.cga
    [1.00000000000000000, 0.00000000000000000, 0.00000000000000000, -2.69438999999999851]
    [0.00000000000000000, 1.00000000000000000, 0.00000000000000000, -10.35748000000000957]
    [0.00000000000000000, 0.00000000000000000, 1.00000000000000000, 3.02956800000000026]
  #21 objects/spaceships/derelicts/drak/caterpillar/drak_caterpillar_der_hull_module_door_top.cgf
    [-1.00000000000000000, 0.00000000000000000, 0.00000000000000000, -4.59375000000000000]
    [0.00000000000000000, -1.00000000000000000, 0.00000000000000000, -14.71875000000000000]
    [0.00000000000000000, 0.00000000000000000, 1.00000000000000000, 5.71875000000000000]
  #22 objects/spaceships/derelicts/drak/caterpillar/drak_caterpillar_der_hull_module_railings_rear.cgf
    [1.00000000000000000, 0.00000000000000000, 0.00000000000000000, -4.87500000000000000]
    [0.00000000000000000, 1.00000000000000000, 0.00000000000000000, -17.87669600000000969]
    [0.00000000000000000, 0.00000000000000000, 1.00000000000000000, 3.00000000000000000]
  #23 objects/spaceships/derelicts/drak/caterpillar/drak_caterpillar_der_hull_module_railings_double.cgf
    [1.00000000000000000, 0.00000000000000000, 0.00000000000000000, -4.87500000000000000]
    [0.00000000000000000, 1.00000000000000000, 0.00000000000000000, -16.87669800000000464]
    [0.00000000000000000, 0.00000000000000000, 1.00000000000000000, 3.00000000000000000]
  #24 objects/spaceships/derelicts/drak/caterpillar/drak_caterpillar_der_hull_module_railings_rear_mirror.cgf
    [1.00000000000000000, 0.00000000000000000, 0.00000000000000000, -4.87500000000000000]
    [0.00000000000000000, 1.00000000000000000, 0.00000000000000000, -11.87669600000000969]
    [0.00000000000000000, 0.00000000000000000, 1.00000000000000000, 3.00000000000000000]
  #25 objects/spaceships/derelicts/drak/caterpillar/drak_caterpillar_der_hull_module_railings_double.cgf
    [1.00000000000000000, 0.00000000000000000, 0.00000000000000000, -4.87500000000000000]
    [0.00000000000000000, 1.00000000000000000, 0.00000000000000000, -12.87669600000000969]
    [0.00000000000000000, 0.00000000000000000, 1.00000000000000000, 3.00000000000000000]
  #26 objects/spaceships/derelicts/drak/caterpillar/drak_caterpillar_der_hull_module_door_btm.cgf
    [0.99999701976776123, 0.00000000000000000, 0.00000000000000000, 5.09375000000000000]
    [0.00000000000000000, 0.99999701976776123, 0.00000000000000000, -14.79166699999998968]
    [0.00000000000000000, 0.00000000000000000, 0.99999701976776123, -0.06250000000000000]
  #27 objects/spaceships/derelicts/drak/caterpillar/drak_caterpillar_der_hull_module_railings_double.cgf
    [1.00000000000000000, 0.00000000000000000, 0.00000000000000000, -4.87500000000000000]
    [0.00000000000000000, 1.00000000000000000, 0.00000000000000000, -6.87669500000001221]
    [0.00000000000000000, 0.00000000000000000, 1.00000000000000000, 3.00000000000000000]
  #28 objects/spaceships/derelicts/drak/caterpillar/drak_caterpillar_der_hull_module_railings_double.cgf
    [1.00000000000000000, 0.00000000000000000, 0.00000000000000000, -4.87500000000000000]
    [0.00000000000000000, 1.00000000000000000, 0.00000000000000000, -2.87669600000000969]
    [0.00000000000000000, 0.00000000000000000, 1.00000000000000000, 3.00000000000000000]
  #29 objects/spaceships/derelicts/drak/caterpillar/drak_caterpillar_door_double_grey_left.cgf
    [0.98480766070799386, 0.00000000000000000, 0.17364874095171032, -0.83465000000001055]
    [0.00000000000000000, 1.00000000691163260, 0.00000000000000000, -0.33529200000000969]
    [-0.17364874095171032, 0.00000000000000000, 0.98480766070799386, 0.00000000000000000]
  #30 objects/spaceships/derelicts/drak/caterpillar/drak_caterpillar_der_hull_module_door_btm.cgf
    [0.99999701976776123, 0.00000000000000000, 0.00000000000000000, 5.09375000000000000]
    [0.00000000000000000, 0.99999701976776123, 0.00000000000000000, -4.85416699999998968]
    [0.00000000000000000, 0.00000000000000000, 0.99999701976776123, -0.06250000000000000]
  #31 objects/spaceships/derelicts/drak/caterpillar/drak_caterpillar_der_hull_module_railings_double.cgf
    [-1.00000000000000000, 0.00000000000000000, 0.00000000000000000, -3.12500000000000000]
    [0.00000000000000000, -1.00000000000000000, 0.00000000000000000, -2.87669500000001221]
    [0.00000000000000000, 0.00000000000000000, 1.00000000000000000, 3.00000000000000000]
  #32 objects/spaceships/ships/drak/caterpillar/interiors/animating_objects/drak_caterpillar_door_single_grey.cga
    [1.00000000000000000, 0.00000000000000000, 0.00000000000000000, -3.47347999999999502]
    [0.00000000000000000, 1.00000000000000000, 0.00000000000000000, -0.35413600000001111]
    [0.00000000000000000, 0.00000000000000000, 1.00000000000000000, 3.02956800000000026]
  #33 objects/spaceships/derelicts/drak/caterpillar/drak_caterpillar_der_hull_module_railings_double.cgf
    [1.00000000000000000, 0.00000000000000000, 0.00000000000000000, -4.87500000000000000]
    [0.00000000000000000, 1.00000000000000000, 0.00000000000000000, -4.87669600000000969]
    [0.00000000000000000, 0.00000000000000000, 1.00000000000000000, 3.00000000000000000]
  #34 objects/spaceships/derelicts/wreckage/wires_floor_bundle_b.cgf
    [-0.99026793354764853, 0.13917414481946075, 0.00000000000000000, 3.46390099999996437]
    [0.13917414481946075, 0.99026793354764842, 0.00000000000000000, -6.44867500000000859]
    [0.00000000000000000, 0.00000000000000000, -1.00000001139947892, 0.03616399999999986]
  #35 objects/spaceships/derelicts/drak/caterpillar/drak_caterpillar_der_hull_module_railings_rear_mirror.cgf
    [1.00000000000000000, 0.00000000000000000, 0.00000000000000000, -4.87500000000000000]
    [0.00000000000000000, 1.00000000000000000, 0.00000000000000000, -1.87669600000000969]
    [0.00000000000000000, 0.00000000000000000, 1.00000000000000000, 3.00000000000000000]
  #36 objects/spaceships/derelicts/drak/caterpillar/drak_caterpillar_der_hull_module_a_int.cgf
    [1.00000000000000000, 0.00000000000000000, 0.00000000000000000, 0.00000000000000000]
    [0.00000000000000000, 1.00000000000000000, 0.00000000000000000, -12.23496099999999842]
    [0.00000000000000000, 0.00000000000000000, 1.00000000000000000, 2.87500000000000000]
  #37 objects/spaceships/derelicts/drak/caterpillar/drak_caterpillar_der_hull_module_door_top.cgf
    [0.99862952963308327, -0.00000000000000000, -0.05233604180851161, 5.06250000000000000]
    [0.00000000000000000, 0.99999999936368766, -0.00000000000000000, -4.88541699999998968]
    [0.05233604180851161, 0.00000000000000000, 0.99862952963308327, 5.71875000000000000]
  #38 objects/spaceships/derelicts/drak/caterpillar/drak_caterpillar_der_hull_module_door_btm.cgf
    [-0.99999701976776123, 0.00000000000000000, 0.00000000000000000, -4.65625000000000000]
    [0.00000000000000000, -0.99999701976776123, 0.00000000000000000, -4.87500000000000000]
    [0.00000000000000000, 0.00000000000000000, 0.99999701976776123, -0.06250000000000000]
  #39 objects/spaceships/derelicts/drak/caterpillar/drak_caterpillar_der_hull_module_door_mid.cgf
    [-0.99999600648879994, 0.00000000000000000, 0.00000000000000000, -5.34375000000000000]
    [0.00000000000000000, -0.99999600648879994, 0.00000000000000000, -4.87500000000000000]
    [0.00000000000000000, 0.00000000000000000, 0.99999600648879994, 1.71875000000000000]
  #40 objects/spaceships/derelicts/drak/caterpillar/drak_caterpillar_der_hull_module_railings_side.cgf
    [1.00000000000000000, 0.00000000000000000, 0.00000000000000000, -3.12500000000000000]
    [0.00000000000000000, 1.00000000000000000, 0.00000000000000000, -1.62669500000001221]
    [0.00000000000000000, 0.00000000000000000, 1.00000000000000000, 3.00000000000000000]
  #41 objects/spaceships/derelicts/drak/caterpillar/drak_caterpillar_door_double_grey_left.cgf
    [1.00000000000000000, 0.00000000000000000, 0.00000000000000000, -1.36360600000000431]
    [0.00000000000000000, 1.00000000000000000, 0.00000000000000000, -9.38490400000000591]
    [0.00000000000000000, 0.00000000000000000, 1.00000000000000000, 0.00000000000000000]
  #42 objects/spaceships/derelicts/drak/caterpillar/drak_caterpillar_der_hull_module_railings_ladder.cgf
    [-0.00000064012100026, 0.00000000000000000, 1.00000042674731060, -3.47317599999996673]
    [0.00000000000000000, 1.00000042674751533, 0.00000000000000000, -2.93433300000000941]
    [-1.00000042674731060, 0.00000000000000000, -0.00000064012100026, 0.25352599999999992]
  #43 objects/spaceships/ships/drak/caterpillar/interiors/animating_objects/drak_caterpillar_door_single_grey.cga
    [0.98480766070799386, 0.00000000000000000, 0.17364874095171032, -3.19222999999999502]
    [0.00000000000000000, 1.00000000691163260, 0.00000000000000000, -9.35306199999999421]
    [-0.17364874095171032, 0.00000000000000000, 0.98480766070799386, 3.02956800000000026]
  #44 objects/spaceships/derelicts/drak/caterpillar/drak_caterpillar_door_double_grey_right.cgf
    [1.00000000000000000, 0.00000000000000000, 0.00000000000000000, 1.30666099999996277]
    [0.00000000000000000, 1.00000000000000000, 0.00000000000000000, -9.35264699999999038]
    [0.00000000000000000, 0.00000000000000000, 1.00000000000000000, 0.00000000000000000]
  #45 objects/spaceships/derelicts/drak/caterpillar/drak_caterpillar_der_hull_module_door_top.cgf
    [-1.00000000000000000, 0.00000000000000000, 0.00000000000000000, -4.65625000000000000]
    [0.00000000000000000, -1.00000000000000000, 0.00000000000000000, -4.84375000000000000]
    [0.00000000000000000, 0.00000000000000000, 1.00000000000000000, 5.71875000000000000]
  #46 objects/spaceships/derelicts/drak/caterpillar/drak_caterpillar_der_hull_module_door_mid.cgf
    [0.99999600648879994, 0.00000000000000000, 0.00000000000000000, 5.75000000000000000]
    [0.00000000000000000, 0.99999600648879994, 0.00000000000000000, -4.85416699999998968]
    [0.00000000000000000, 0.00000000000000000, 0.99999600648879994, 1.71875000000000000]
  #47 objects/spaceships/derelicts/drak/caterpillar/drak_caterpillar_door_double_grey_right.cgf
    [1.00000000000000000, 0.00000000000000000, 0.00000000000000000, 0.48816999999996824]
    [0.00000000000000000, 1.00000000000000000, 0.00000000000000000, -0.33529400000000464]
    [0.00000000000000000, 0.00000000000000000, 1.00000000000000000, 0.00000000000000000]
  #48 objects/spaceships/derelicts/drak/caterpillar/drak_caterpillar_der_hull_module_railings_double_screen.cgf
    [1.00000000000000000, 0.00000000000000000, 0.00000000000000000, -3.12500000000000000]
    [0.00000000000000000, 1.00000000000000000, 0.00000000000000000, -4.87669500000001221]
    [0.00000000000000000, 0.00000000000000000, 1.00000000000000000, 3.00000000000000000]
  #49 objects/spaceships/derelicts/drak/caterpillar/drak_caterpillar_der_hull_module_railings_rear.cgf
    [1.00000000000000000, 0.00000000000000000, 0.00000000000000000, -4.87500000000000000]
    [0.00000000000000000, 1.00000000000000000, 0.00000000000000000, -7.87669500000001221]
    [0.00000000000000000, 0.00000000000000000, 1.00000000000000000, 3.00000000000000000]
