# IncludedObjects
# Cgfs: 8, Materials: 3, Palettes: 1, Placements: 13

[CGFs]
      0: objects/buildingsets/human/hightech/prop/tech/collector/collector_water_1_a.cgf
      1: objects/buildingsets/human/hightech/prop/tech/beacon/beacon_exterior_1_a.cgf
      2: objects/buildingsets/human/hightech/delta/ext/outpost/pipe_a/pipe_a_straight_01x02x03_a.cgf
      3: objects/buildingsets/human/hightech/delta/ext/outpost/comms/antenna/comms_antenna_a.cgf
      4: objects/buildingsets/human/hightech/delta/ext/outpost/comms/antenna/comms_antenna_a_panel_a.cgf
      5: objects/buildingsets/human/hightech/delta/ext/outpost/pipe_a/pipe_a_end_04x02x03_a.cgf
      6: objects/buildingsets/human/hightech/delta/ext/outpost/pipe_a/pipe_a_xjunction_06x04x03_a.cgf
      7: objects/buildingsets/human/hightech/delta/ext/outpost/pipe_a/pipe_a_cap_a.cgf

[Materials]
      0: materials/decals/frost/frost_square_a
      1: materials/decals/frost/frost_streak_b
      2: objects/buildingsets/human/hightech/delta/ext/hightech_delta_ext_op_a

[Palettes]
      0: Libs/Foundry/Records/TintPalettes/default

[Placements]
  #0 objects/buildingsets/human/hightech/prop/tech/collector/collector_water_1_a.cgf
    [0.70710756246984008, 0.70710500323672254, -5.4500967769844137E-07, -11.573742846027017]
    [-0.70710500323668035, 0.70710756247002882, 2.9977359564124609E-07, 13.429929646430537]
    [5.9735229501887036E-07, 1.7340701561450389E-07, 0.99999929525192899, -0.35422049177577719]
  #1 objects/buildingsets/human/hightech/prop/tech/beacon/beacon_exterior_1_a.cgf
    [0.99909590801475368, -0.04253428674698588, 3.7301820883297352E-07, -6.480315545341]
    [0.042534286746649635, 0.99909590801446124, 8.6725531327273015E-07, 37.25843336636899]
    [-4.0956868383861013E-07, -8.5060440613686554E-07, 1.0000008994796694, -0.91728847089689225]
  #2 objects/buildingsets/human/hightech/prop/tech/beacon/beacon_exterior_1_a.cgf
    [0.042533407947511814, 0.99909415667555757, -5.2683854968446716E-07, 30.769742938922718]
    [-0.99909415667552337, 0.042533407947809021, 5.6639453647923935E-07, 0.75849909748649225]
    [5.882902329232139E-07, 5.0227107246417843E-07, 0.99999911234688232, 1.3954629557556473]
  #3 objects/buildingsets/human/hightech/prop/tech/beacon/beacon_exterior_1_a.cgf
    [-0.042533850967263011, -0.99909360910501366, 1.2540848269343011E-06, -53.730366794508882]
    [0.99909360910562139, -0.042533850967974109, -5.459286267295623E-07, 0.38346384937176481]
    [5.987757069199005E-07, 1.2297294301724403E-06, 0.99999858411514275, 0.89447731338441372]
  #4 objects/buildingsets/human/hightech/prop/tech/beacon/beacon_exterior_1_a.cgf
    [-0.99909507233815842, 0.042532358648038567, -4.8375449711383332E-07, -8.5805706391111016]
    [-0.042532358648139972, -0.9990950723382509, 2.0128374935951367E-07, -33.03091891790973]
    [-4.7475566995394318E-07, 2.2167682576368663E-07, 0.99999998255125744, 0.52033457532525063]
  #5 objects/buildingsets/human/hightech/delta/ext/outpost/pipe_a/pipe_a_straight_01x02x03_a.cgf
    [-1.6562193901960451E-07, -1.0000006828754266, -5.3661955660450304E-07, -21.333328826818615]
    [1.0000006828753827, -1.6562226797891136E-07, 6.1307147137416035E-07, -2.4583655438036658]
    [-6.1307156025015113E-07, -5.3661945506637809E-07, 1.0000006828752526, -0.041792345233261585]
  #6 objects/buildingsets/human/hightech/delta/ext/outpost/pipe_a/pipe_a_straight_01x02x03_a.cgf
    [-6.5369082690275316E-07, 1.0000000529742139, 2.1677774374497933E-07, -18.333327579079196]
    [-1.0000000529734905, -6.5369056189250321E-07, -1.222213161923997E-06, -1.4583644954836927]
    [-1.2222130202181497E-06, -2.1677854269426165E-07, 1.0000000529736808, -0.041792866308242083]
  #7 objects/buildingsets/human/hightech/delta/ext/outpost/comms/antenna/comms_antenna_a.cgf
    [-4.5867504087797901E-07, -1.0000013969603949, -8.0216257196934354E-07, -18.333329008077271]
    [1.0000013969604522, -4.5867562407894854E-07, 7.2710716794508532E-07, -2.4583649067208171]
    [-7.2710753587667922E-07, -8.0216223846360299E-07, 1.0000013969602357, -0.041791978583205491]
  #8 objects/buildingsets/human/hightech/delta/ext/outpost/comms/antenna/comms_antenna_a_panel_a.cgf
    [-4.5867504087797901E-07, -1.0000013969603949, -8.0216257196934354E-07, -18.333333450602368]
    [1.0000013969604522, -4.5867562407894854E-07, 7.2710716794508532E-07, -2.4583587248343974]
    [-7.2710753587667922E-07, -8.0216223846360299E-07, 1.0000013969602357, 10.958218891522847]
  #9 objects/buildingsets/human/hightech/delta/ext/outpost/comms/antenna/comms_antenna_a.cgf
    [-4.5867504087797901E-07, -1.0000013969603949, -8.0216257196934354E-07, -21.333328826818615]
    [1.0000013969604522, -4.5867562407894854E-07, 7.2710716794508532E-07, -2.4583655437454581]
    [-7.2710753587667922E-07, -8.0216223846360299E-07, 1.0000013969602357, -0.041792345000430942]
  #10 objects/buildingsets/human/hightech/delta/ext/outpost/pipe_a/pipe_a_end_04x02x03_a.cgf
    [-1.6562193901960451E-07, -1.0000006828754266, -5.3661955660450304E-07, -18.333330437191762]
    [1.0000006828753827, -1.6562226797891136E-07, 6.1307147137416035E-07, 2.5416355888010003]
    [-6.1307156025015113E-07, -5.3661945506637809E-07, 1.0000006828752526, -0.0417943533975631]
  #11 objects/buildingsets/human/hightech/delta/ext/outpost/pipe_a/pipe_a_xjunction_06x04x03_a.cgf
    [1.0000018633794188, 2.2366270378834794E-08, 3.0263864704279356E-07, -22.833330307388678]
    [-2.2366528347326038E-08, 1.0000018633791012, 8.5239932691242768E-07, 0.54163505980977789]
    [-3.0263862797772522E-07, -8.5239933368135161E-07, 1.0000018633790557, -0.041793910204432905]
  #12 objects/buildingsets/human/hightech/delta/ext/outpost/pipe_a/pipe_a_cap_a.cgf
    [1.0000018633794188, 2.2366270378834794E-08, 3.0263864704279356E-07, -16.833328985143453]
    [-2.2366528347326038E-08, 1.0000018633791012, 8.5239932691242768E-07, 0.54163583443732932]
    [-3.0263862797772522E-07, -8.5239933368135161E-07, 1.0000018633790557, -0.041793234413489699]
