# IncludedObjects
# Cgfs: 37, Materials: 1, Palettes: 6, Placements: 124

[CGFs]
      0: data/objects/buildingsets/human/utilitarian/ugf/int/common/floor/set_a/util_ugf_floor_set_a_floor_04x02_a.cgf
      1: data/objects/buildingsets/human/lowtech/delta/int/common/wall/wall_d/lt_delta_wall_set_d_addon_rib_a.cgf
      2: objects/buildingsets/human/lowtech/delta/int/common/ceiling/ceiling_straight_02x04x0025_c.cgf
      3: data/objects/buildingsets/human/lowtech/delta/int/common/wall/wall_d/lt_delta_wall_set_d_wall_straight_02m_a.cgf
      4: objects/buildingsets/human/lowtech/bravo/int/roomlg/wall/roomlg_wall_straight_mid_08x01x08_f.cgf
      5: data/objects/buildingsets/human/lowtech/delta/int/common/wall/wall_d/lt_delta_wall_set_d_wall_doorframe_single_04m_a.cgf
      6: objects/buildingsets/human/lowtech/delta/int/common/ceiling/ceiling_straight_04x02x0075_a.cgf
      7: data/objects/buildingsets/human/utilitarian/ugf/int/common/floor/set_a/util_ugf_floor_set_a_floor_03x04_a.cgf
      8: data/objects/buildingsets/human/lowtech/delta/int/common/ceiling/ceiling_straight_02x04x0025_a.cgf
      9: data/objects/buildingsets/human/utilitarian/ugf/int/common/floor/set_a/util_ugf_floor_set_a_floor_01x04_a.cgf
     10: objects/buildingsets/human/lowtech/delta/int/common/floor/lt_delta_walkway_t_junct_04x04_a.cgf
     11: objects/buildingsets/human/lowtech/delta/int/common/wall/wall_d/lt_delta_wall_set_d_wall_straight_04m_a.cgf
     12: objects/buildingsets/human/utilitarian/common/decal/graphical/util_decal_chevron_04x02m_a.cgf
     13: objects/buildingsets/human/utilitarian/common/decal/graphical/util_decal_stripe_straight_06m_a.cgf
     14: objects/buildingsets/human/lowtech/delta/int/common/floor/lt_delta_walkway_straight_04x02_b.cgf
     15: data/objects/buildingsets/human/utilitarian/ugf/int/common/floor/set_a/util_ugf_floor_set_a_floor_01x03_a.cgf
     16: data/objects/buildingsets/human/lowtech/delta/int/common/wall/wall_d/lt_delta_wall_set_d_wall_corner_in_1m_a.cgf
     17: data/objects/buildingsets/human/lowtech/delta/int/common/wall/wall_d/lt_delta_wall_set_d_wall_straight_04m_a.cgf
     18: data/objects/buildingsets/human/lowtech/delta/int/common/ceiling/ceiling_straight_04x0025x08_b.cgf
     19: objects/buildingsets/human/lowtech/delta/int/common/floor/lt_delta_walkway_end_04x02_a.cgf
     20: data/objects/buildingsets/human/lowtech/delta/int/common/ceiling/ceiling_straight_08x0025x08_a.cgf
     21: data/objects/buildingsets/human/lowtech/delta/int/common/ceiling/ceiling_straight_04x0025x08_a.cgf
     22: data/objects/buildingsets/human/lowtech/delta/int/common/wall/wall_d/lt_delta_wall_set_d_wall_doorframe_single_04m_b.cgf
     23: data/objects/buildingsets/human/lowtech/delta/int/common/ceiling/ceiling_straight_08x0025x08_b.cgf
     24: objects/buildingsets/human/lowtech/delta/int/common/connector/lt_delta_connector_door_08x01x08_b.cgf
     25: data/objects/buildingsets/human/lowtech/delta/int/common/wall/wall_d/lt_delta_wall_set_d_wall_corner_out_2m_a.cgf
     26: data/objects/buildingsets/human/lowtech/delta/int/common/wall/wall_c/lt_delta_wall_c_pillar_01x01x08_a.cgf
     27: data/objects/buildingsets/human/utilitarian/ugf/int/common/floor/set_a/util_ugf_floor_set_a_floor_01x02_a.cgf
     28: objects/buildingsets/human/lowtech/delta/int/common/ceiling/ceiling_straight_02x02x0075_a.cgf
     29: objects/buildingsets/human/utilitarian/common/decal/graphical/util_decal_stripe_cornerin_02m_a.cgf
     30: data/objects/buildingsets/human/lowtech/delta/int/common/wall/wall_d/lt_delta_wall_set_d_wall_straight_04m_c.cgf
     31: data/objects/buildingsets/human/utilitarian/ugf/int/common/floor/set_a/util_ugf_floor_set_a_floor_edge_01x01_a.cgf
     32: objects/buildingsets/human/lowtech/delta/int/common/door/lt_delta_door_single_a.cga
     33: objects/buildingsets/human/utilitarian/common/decal/graphical/util_decal_stripe_straight_02m_b.cgf
     34: objects/buildingsets/human/lowtech/delta/int/common/floor/lt_delta_walkway_straight_06x04_b.cgf
     35: objects/buildingsets/human/lowtech/delta/int/common/floor/lt_delta_walkway_end_06x02_a.cgf
     36: objects/buildingsets/human/lowtech/bravo/int/roomlg/addon/roomlg_addon_beam_straight_04x005x005_a.cgf

[Materials]
      0: objects/buildingsets/human/lowtech/delta/lt_delta_a_default

[Palettes]
      0: Libs/Foundry/Records/TintPalettes/brand/util/util_yellow_a
      1: Libs/Foundry/Records/TintPalettes/Brand/Levski/levski_default<222>
      2: Libs/Foundry/Records/TintPalettes/Brand/Levski/levski_default
      3: Libs/Foundry/Records/TintPalettes/default
      4: Libs/Foundry/Records/TintPalettes/Generic/gen_darkgrey_grey_yellow<111>
      5: Libs/Foundry/Records/TintPalettes/default<111>

[Placements]
  #0 data/objects/buildingsets/human/utilitarian/ugf/int/common/floor/set_a/util_ugf_floor_set_a_floor_04x02_a.cgf
    [1.00000000000000000, 0.00000000000000000, 0.00000000000000000, 9.00000000000000000]
    [0.00000000000000000, 1.00000000000000000, 0.00000000000000000, 3.00000000000000000]
    [0.00000000000000000, 0.00000000000000000, 1.00000000000000000, 0.00000000000000000]
  #1 data/objects/buildingsets/human/utilitarian/ugf/int/common/floor/set_a/util_ugf_floor_set_a_floor_04x02_a.cgf
    [-0.00000064012100026, -1.00000042674731060, 0.00000000000000000, 15.00000000000000000]
    [1.00000042674731060, -0.00000064012100026, 0.00000000000000000, 8.00000000000000000]
    [0.00000000000000000, 0.00000000000000000, 1.00000042674751533, 0.00000000000000000]
  #2 data/objects/buildingsets/human/lowtech/delta/int/common/wall/wall_d/lt_delta_wall_set_d_addon_rib_a.cgf
    [1.00000000000000000, 0.00000000000000000, 0.00000000000000000, 9.00000000000000000]
    [0.00000000000000000, 1.00000000000000000, 0.00000000000000000, 3.00000000000000000]
    [0.00000000000000000, 0.00000000000000000, 1.00000000000000000, 0.00000000000000000]
  #3 objects/buildingsets/human/lowtech/delta/int/common/ceiling/ceiling_straight_02x04x0025_c.cgf
    [-1.00000000000000000, 0.00000000000000000, 0.00000000000000000, 0.00000000000000000]
    [0.00000000000000000, -1.00000000000000000, 0.00000000000000000, 4.00000000000000000]
    [0.00000000000000000, 0.00000000000000000, 1.00000000000000000, 4.75000000000000000]
  #4 data/objects/buildingsets/human/lowtech/delta/int/common/wall/wall_d/lt_delta_wall_set_d_wall_straight_02m_a.cgf
    [-0.00000064012100026, -1.00000042674731060, 0.00000000000000000, 14.00000000000000000]
    [1.00000042674731060, -0.00000064012100026, 0.00000000000000000, 10.00000000000000000]
    [0.00000000000000000, 0.00000000000000000, 1.00000042674751533, 0.00000000000000000]
  #5 objects/buildingsets/human/lowtech/bravo/int/roomlg/wall/roomlg_wall_straight_mid_08x01x08_f.cgf
    [-0.50000042674733358, 0.00000000000000000, 0.00000000000000000, 2.00000000000000000]
    [0.00000000000000000, 0.00000032006063633, -0.50000042674723100, 10.00000000000000000]
    [-0.00000000000000000, -0.50000042674723100, -0.00000032006063649, 4.37500000000000000]
  #6 data/objects/buildingsets/human/lowtech/delta/int/common/wall/wall_d/lt_delta_wall_set_d_wall_doorframe_single_04m_a.cgf
    [1.00000000000000000, 0.00000000000000000, 0.00000000000000000, 9.00000000000000000]
    [0.00000000000000000, 1.00000000000000000, 0.00000000000000000, 3.00000000000000000]
    [0.00000000000000000, 0.00000000000000000, 1.00000000000000000, 0.00000000000000000]
  #7 objects/buildingsets/human/lowtech/delta/int/common/ceiling/ceiling_straight_04x02x0075_a.cgf
    [-0.00000064012100026, 1.00000042674731060, 0.00000000000000000, 2.00000000000000000]
    [-1.00000042674731060, -0.00000064012100026, -0.00000000000000000, 4.00000000000000000]
    [-0.00000000000000000, 0.00000000000000000, 1.00000042674751533, 4.25000000000000000]
  #8 data/objects/buildingsets/human/utilitarian/ugf/int/common/floor/set_a/util_ugf_floor_set_a_floor_03x04_a.cgf
    [-0.00000064012100026, -1.00000042674731060, 0.00000000000000000, 0.00000000000000000]
    [1.00000042674731060, -0.00000064012100026, 0.00000000000000000, 10.00000000000000000]
    [0.00000000000000000, 0.00000000000000000, 1.00000042674751533, 0.00000000000000000]
  #9 data/objects/buildingsets/human/lowtech/delta/int/common/ceiling/ceiling_straight_02x04x0025_a.cgf
    [-0.00000064012127299, -0.00000000000000000, -1.00000085349446199, -8.00000000000000000]
    [0.00000000000000000, -1.00000085349466716, 0.00000000000000000, 5.00000000000000000]
    [-1.00000085349446199, 0.00000000000000000, 0.00000064012127265, 0.00000000000000000]
  #10 data/objects/buildingsets/human/utilitarian/ugf/int/common/floor/set_a/util_ugf_floor_set_a_floor_04x02_a.cgf
    [1.00000000000000000, 0.00000000000000000, 0.00000000000000000, 5.00000000000000000]
    [0.00000000000000000, 1.00000000000000000, 0.00000000000000000, 3.00000000000000000]
    [0.00000000000000000, 0.00000000000000000, 1.00000000000000000, 0.00000000000000000]
  #11 data/objects/buildingsets/human/utilitarian/ugf/int/common/floor/set_a/util_ugf_floor_set_a_floor_04x02_a.cgf
    [-0.00000064012100026, -1.00000042674731060, 0.00000000000000000, 4.00000000000000000]
    [1.00000042674731060, -0.00000064012100026, 0.00000000000000000, 0.00000000000000000]
    [0.00000000000000000, 0.00000000000000000, 1.00000042674751533, 0.00000000000000000]
  #12 data/objects/buildingsets/human/utilitarian/ugf/int/common/floor/set_a/util_ugf_floor_set_a_floor_01x04_a.cgf
    [-0.00000064012127343, -1.00000085349446177, 0.00000000000000000, 0.00000000000000000]
    [-1.00000085349446177, 0.00000064012127299, 0.00000000000000000, 13.00000000000000000]
    [-0.00000000000000000, 0.00000000000000000, -1.00000085349466694, 4.37500000000000000]
  #13 objects/buildingsets/human/lowtech/delta/int/common/floor/lt_delta_walkway_t_junct_04x04_a.cgf
    [1.00000000000000000, 0.00000000000000000, 0.00000000000000000, -2.00000299999999998]
    [0.00000000000000000, 1.00000000000000000, 0.00000000000000000, 6.00000000000000000]
    [0.00000000000000000, 0.00000000000000000, 1.00000000000000000, 0.00000000000000000]
  #14 objects/buildingsets/human/lowtech/delta/int/common/wall/wall_d/lt_delta_wall_set_d_wall_straight_04m_a.cgf
    [-1.00000000000000000, 0.00000000000000000, 0.00000000000000000, 0.00000000000000000]
    [0.00000000000000000, -1.00000000000000000, 0.00000000000000000, 13.00000000000000000]
    [0.00000000000000000, 0.00000000000000000, 1.00000000000000000, 0.25000000000000000]
  #15 objects/buildingsets/human/utilitarian/common/decal/graphical/util_decal_chevron_04x02m_a.cgf
    [1.00000000000000000, 0.00000000000000000, 0.00000000000000000, -1.75000000000000000]
    [0.00000000000000000, 1.00000000000000000, 0.00000000000000000, 10.50000000000000000]
    [0.00000000000000000, 0.00000000000000000, 1.00000000000000000, 0.25000000000000000]
  #16 objects/buildingsets/human/lowtech/delta/int/common/ceiling/ceiling_straight_02x04x0025_c.cgf
    [0.00000000000000000, -1.00000000000000000, 0.00000000000000000, 0.00000000000000000]
    [0.00000000000000000, 0.00000000000000000, -1.00000000000000000, 0.37500000000000000]
    [1.00000000000000000, 0.00000000000000000, 0.00000000000000000, 3.75000000000000000]
  #17 data/objects/buildingsets/human/utilitarian/ugf/int/common/floor/set_a/util_ugf_floor_set_a_floor_04x02_a.cgf
    [-0.00000064012100026, -1.00000042674731060, 0.00000000000000000, 15.00000000000000000]
    [1.00000042674731060, -0.00000064012100026, 0.00000000000000000, 4.00000000000000000]
    [0.00000000000000000, 0.00000000000000000, 1.00000042674751533, 0.00000000000000000]
  #18 objects/buildingsets/human/utilitarian/common/decal/graphical/util_decal_stripe_straight_06m_a.cgf
    [-1.00000000000000000, 0.00000000000000000, 0.00000000000000000, 0.62500000000000000]
    [0.00000000000000000, -1.00000000000000000, 0.00000000000000000, 10.43750000000000000]
    [0.00000000000000000, 0.00000000000000000, 1.00000000000000000, 0.25000000000000000]
  #19 objects/buildingsets/human/lowtech/delta/int/common/floor/lt_delta_walkway_straight_04x02_b.cgf
    [-0.00000064012100026, 1.00000042674731060, 0.00000000000000000, -2.00000000000000000]
    [-1.00000042674731060, -0.00000064012100026, -0.00000000000000000, 4.00000000000000000]
    [-0.00000000000000000, 0.00000000000000000, 1.00000042674751533, 0.00000000000000000]
  #20 data/objects/buildingsets/human/utilitarian/ugf/int/common/floor/set_a/util_ugf_floor_set_a_floor_01x03_a.cgf
    [1.00000000000000000, 0.00000000000000000, 0.00000000000000000, 4.00000000000000000]
    [0.00000000000000000, 1.00000000000000000, 0.00000000000000000, 10.00000000000000000]
    [0.00000000000000000, 0.00000000000000000, 1.00000000000000000, 0.00000000000000000]
  #21 data/objects/buildingsets/human/lowtech/delta/int/common/wall/wall_d/lt_delta_wall_set_d_addon_rib_a.cgf
    [-0.00000064012100026, -1.00000042674731060, 0.00000000000000000, 14.00000000000000000]
    [1.00000042674731060, -0.00000064012100026, 0.00000000000000000, 10.00000000000000000]
    [0.00000000000000000, 0.00000000000000000, 1.00000042674751533, 0.00000000000000000]
  #22 data/objects/buildingsets/human/lowtech/delta/int/common/wall/wall_d/lt_delta_wall_set_d_wall_corner_in_1m_a.cgf
    [-0.00000064012100026, -1.00000042674731060, 0.00000000000000000, 14.00000000000000000]
    [1.00000042674731060, -0.00000064012100026, 0.00000000000000000, 12.00000000000000000]
    [0.00000000000000000, 0.00000000000000000, 1.00000042674751533, 0.00000000000000000]
  #23 data/objects/buildingsets/human/lowtech/delta/int/common/wall/wall_d/lt_delta_wall_set_d_wall_corner_in_1m_a.cgf
    [1.00000000000000000, 0.00000000000000000, 0.00000000000000000, 13.00000000000000000]
    [0.00000000000000000, 1.00000000000000000, 0.00000000000000000, 3.00000000000000000]
    [0.00000000000000000, 0.00000000000000000, 1.00000000000000000, 0.00000000000000000]
  #24 objects/buildingsets/human/lowtech/delta/int/common/ceiling/ceiling_straight_02x04x0025_c.cgf
    [-1.00000000000000000, 0.00000000000000000, 0.00000000000000000, 0.00000000000000000]
    [0.00000000000000000, -1.00000000000000000, 0.00000000000000000, 10.00000000000000000]
    [0.00000000000000000, 0.00000000000000000, 1.00000000000000000, 4.75000000000000000]
  #25 data/objects/buildingsets/human/utilitarian/ugf/int/common/floor/set_a/util_ugf_floor_set_a_floor_03x04_a.cgf
    [1.00000000000000000, 0.00000000000000000, 0.00000000000000000, -8.00000000000000000]
    [0.00000000000000000, 1.00000000000000000, 0.00000000000000000, 0.00000000000000000]
    [0.00000000000000000, 0.00000000000000000, 1.00000000000000000, 0.00000000000000000]
  #26 objects/buildingsets/human/lowtech/delta/int/common/ceiling/ceiling_straight_04x02x0075_a.cgf
    [1.00000000000000000, 0.00000000000000000, 0.00000000000000000, -2.00000000000000000]
    [0.00000000000000000, 1.00000000000000000, 0.00000000000000000, 4.00000000000000000]
    [0.00000000000000000, 0.00000000000000000, 1.00000000000000000, 4.25000000000000000]
  #27 data/objects/buildingsets/human/lowtech/delta/int/common/wall/wall_d/lt_delta_wall_set_d_wall_straight_04m_a.cgf
    [-0.00000064012100026, -1.00000042674731060, 0.00000000000000000, 14.00000000000000000]
    [1.00000042674731060, -0.00000064012100026, 0.00000000000000000, 6.00000000000000000]
    [0.00000000000000000, 0.00000000000000000, 1.00000042674751533, 0.00000000000000000]
  #28 data/objects/buildingsets/human/lowtech/delta/int/common/ceiling/ceiling_straight_04x0025x08_b.cgf
    [-0.00000064012127343, 1.00000085349446177, 0.00000000000000000, 0.00000000000000000]
    [1.00000085349446177, 0.00000064012127299, 0.00000000000000000, 1.00000000000000000]
    [0.00000000000000000, 0.00000000000000000, -1.00000085349466694, -3.25000000000000000]
  #29 objects/buildingsets/human/lowtech/delta/int/common/ceiling/ceiling_straight_04x02x0075_a.cgf
    [1.00000000000000000, 0.00000000000000000, 0.00000000000000000, 4.00000000000000000]
    [0.00000000000000000, 1.00000000000000000, 0.00000000000000000, 4.00000000000000000]
    [0.00000000000000000, 0.00000000000000000, 1.00000000000000000, 4.25000000000000000]
  #30 data/objects/buildingsets/human/lowtech/delta/int/common/ceiling/ceiling_straight_02x04x0025_a.cgf
    [-0.00000064012100026, 0.00000000000000000, 1.00000042674731060, 4.50000000000000000]
    [0.00000000000000000, 1.00000042674751533, 0.00000000000000000, 0.75000000000000000]
    [-1.00000042674731060, 0.00000000000000000, -0.00000064012100026, 0.00000000000000000]
  #31 data/objects/buildingsets/human/lowtech/delta/int/common/wall/wall_d/lt_delta_wall_set_d_addon_rib_a.cgf
    [-1.00000000000000000, 0.00000000000000000, 0.00000000000000000, 0.00000000000000000]
    [0.00000000000000000, -1.00000000000000000, 0.00000000000000000, 13.00000000000000000]
    [0.00000000000000000, 0.00000000000000000, 1.00000000000000000, 0.25000000000000000]
  #32 objects/buildingsets/human/lowtech/delta/int/common/floor/lt_delta_walkway_end_04x02_a.cgf
    [-0.00000064012100026, 1.00000042674731060, 0.00000000000000000, -2.00000000000000000]
    [-1.00000042674731060, -0.00000064012100026, -0.00000000000000000, 2.00000000000000000]
    [-0.00000000000000000, 0.00000000000000000, 1.00000042674751533, 0.00000000000000000]
  #33 data/objects/buildingsets/human/lowtech/delta/int/common/wall/wall_d/lt_delta_wall_set_d_addon_rib_a.cgf
    [-0.00000064012100026, -1.00000042674731060, 0.00000000000000000, 5.00000000000000000]
    [1.00000042674731060, -0.00000064012100026, 0.00000000000000000, 4.00000000000000000]
    [0.00000000000000000, 0.00000000000000000, 1.00000042674751533, 0.00000000000000000]
  #34 data/objects/buildingsets/human/utilitarian/ugf/int/common/floor/set_a/util_ugf_floor_set_a_floor_03x04_a.cgf
    [-0.00000064012100026, 1.00000042674731060, 0.00000000000000000, -8.00000000000000000]
    [-1.00000042674731060, -0.00000064012100026, -0.00000000000000000, 6.00000000000000000]
    [-0.00000000000000000, 0.00000000000000000, 1.00000042674751533, 0.00000000000000000]
  #35 data/objects/buildingsets/human/utilitarian/ugf/int/common/floor/set_a/util_ugf_floor_set_a_floor_03x04_a.cgf
    [-0.00000064012100026, -1.00000042674731060, 0.00000000000000000, 4.00000000000000000]
    [1.00000042674731060, -0.00000064012100026, 0.00000000000000000, 10.00000000000000000]
    [0.00000000000000000, 0.00000000000000000, 1.00000042674751533, 0.00000000000000000]
  #36 objects/buildingsets/human/lowtech/delta/int/common/ceiling/ceiling_straight_02x04x0025_c.cgf
    [-1.00000000000000000, 0.00000000000000000, 0.00000000000000000, 2.00000000000000000]
    [0.00000000000000000, -1.00000000000000000, 0.00000000000000000, 4.00000000000000000]
    [0.00000000000000000, 0.00000000000000000, 1.00000000000000000, 4.75000000000000000]
  #37 objects/buildingsets/human/lowtech/delta/int/common/ceiling/ceiling_straight_02x04x0025_c.cgf
    [0.00000000000000000, -1.00000000000000000, 0.00000000000000000, 4.00000000000000000]
    [0.00000000000000000, 0.00000000000000000, -1.00000000000000000, 0.37500000000000000]
    [1.00000000000000000, 0.00000000000000000, 0.00000000000000000, 3.75000000000000000]
  #38 data/objects/buildingsets/human/utilitarian/ugf/int/common/floor/set_a/util_ugf_floor_set_a_floor_03x04_a.cgf
    [-0.00000064012100026, -1.00000042674731060, 0.00000000000000000, -4.00000000000000000]
    [1.00000042674731060, -0.00000064012100026, 0.00000000000000000, 10.00000000000000000]
    [0.00000000000000000, 0.00000000000000000, 1.00000042674751533, 0.00000000000000000]
  #39 data/objects/buildingsets/human/lowtech/delta/int/common/ceiling/ceiling_straight_08x0025x08_a.cgf
    [1.00000000000000000, 0.00000000000000000, 0.00000000000000000, 0.00000000000000000]
    [0.00000000000000000, -1.00000000000000000, 0.00000000000000000, 13.00000000000000000]
    [0.00000000000000000, 0.00000000000000000, -1.00000000000000000, -3.25000000000000000]
  #40 data/objects/buildingsets/human/lowtech/delta/int/common/ceiling/ceiling_straight_04x0025x08_b.cgf
    [0.00000000000000000, -1.00000000000000000, 0.00000000000000000, 0.00000000000000000]
    [0.00000000000000000, 0.00000000000000000, 1.00000000000000000, 13.00000000000000000]
    [-1.00000000000000000, 0.00000000000000000, 0.00000000000000000, 0.00000000000000000]
  #41 data/objects/buildingsets/human/utilitarian/ugf/int/common/floor/set_a/util_ugf_floor_set_a_floor_01x04_a.cgf
    [-0.00000064012127343, -1.00000085349446177, 0.00000000000000000, 4.00000000000000000]
    [-1.00000085349446177, 0.00000064012127299, 0.00000000000000000, 13.00000000000000000]
    [-0.00000000000000000, 0.00000000000000000, -1.00000085349466694, 4.37500000000000000]
  #42 data/objects/buildingsets/human/utilitarian/ugf/int/common/floor/set_a/util_ugf_floor_set_a_floor_01x03_a.cgf
    [-0.00000064012100026, -1.00000042674731060, 0.00000000000000000, 5.00000000000000000]
    [1.00000042674731060, -0.00000064012100026, 0.00000000000000000, 4.00000000000000000]
    [0.00000000000000000, 0.00000000000000000, 1.00000042674751533, 0.00000000000000000]
  #43 data/objects/buildingsets/human/lowtech/delta/int/common/ceiling/ceiling_straight_04x0025x08_a.cgf
    [-0.00000064012127343, 1.00000085349446177, 0.00000000000000000, -8.00000000000000000]
    [1.00000085349446177, 0.00000064012127299, 0.00000000000000000, 1.00000000000000000]
    [0.00000000000000000, 0.00000000000000000, -1.00000085349466694, -3.25000000000000000]
  #44 data/objects/buildingsets/human/lowtech/delta/int/common/wall/wall_d/lt_delta_wall_set_d_wall_doorframe_single_04m_b.cgf
    [-0.00000064012100026, -1.00000042674731060, 0.00000000000000000, 5.00000000000000000]
    [1.00000042674731060, -0.00000064012100026, 0.00000000000000000, 0.00000000000000000]
    [0.00000000000000000, 0.00000000000000000, 1.00000042674751533, 0.00000000000000000]
  #45 data/objects/buildingsets/human/lowtech/delta/int/common/ceiling/ceiling_straight_04x0025x08_b.cgf
    [-0.00000064012127299, -0.00000000000000000, -1.00000085349446199, -8.00000000000000000]
    [0.00000000000000000, -1.00000085349466716, 0.00000000000000000, 13.00000000000000000]
    [-1.00000085349446199, 0.00000000000000000, 0.00000064012127265, 0.00000000000000000]
  #46 data/objects/buildingsets/human/utilitarian/ugf/int/common/floor/set_a/util_ugf_floor_set_a_floor_04x02_a.cgf
    [1.00000000000000000, 0.00000000000000000, 0.00000000000000000, 9.00000000000000000]
    [0.00000000000000000, 1.00000000000000000, 0.00000000000000000, 11.00000000000000000]
    [0.00000000000000000, 0.00000000000000000, 1.00000000000000000, 0.00000000000000000]
  #47 data/objects/buildingsets/human/lowtech/delta/int/common/ceiling/ceiling_straight_08x0025x08_b.cgf
    [1.00000000000000000, 0.00000000000000000, 0.00000000000000000, -8.00000000000000000]
    [0.00000000000000000, -1.00000000000000000, 0.00000000000000000, 13.00000000000000000]
    [0.00000000000000000, 0.00000000000000000, -1.00000000000000000, -3.25000000000000000]
  #48 data/objects/buildingsets/human/utilitarian/ugf/int/common/floor/set_a/util_ugf_floor_set_a_floor_04x02_a.cgf
    [-0.00000064012100026, -1.00000042674731060, 0.00000000000000000, 6.00000000000000000]
    [1.00000042674731060, -0.00000064012100026, 0.00000000000000000, 0.00000100000000000]
    [0.00000000000000000, 0.00000000000000000, 1.00000042674751533, 0.00000000000000000]
  #49 data/objects/buildingsets/human/lowtech/delta/int/common/ceiling/ceiling_straight_04x0025x08_b.cgf
    [0.00000000000000000, -1.00000000000000000, 0.00000000000000000, 8.00000000000000000]
    [0.00000000000000000, 0.00000000000000000, 1.00000000000000000, 13.00000000000000000]
    [-1.00000000000000000, 0.00000000000000000, 0.00000000000000000, 0.00000000000000000]
  #50 objects/buildingsets/human/lowtech/delta/int/common/connector/lt_delta_connector_door_08x01x08_b.cgf
    [-0.00000064012100026, -1.00000042674731060, 0.00000000000000000, 4.75000000000000000]
    [1.00000042674731060, -0.00000064012100026, 0.00000000000000000, 8.00000000000000000]
    [0.00000000000000000, 0.00000000000000000, 1.00000042674751533, 0.00000000000000000]
  #51 data/objects/buildingsets/human/lowtech/delta/int/common/wall/wall_d/lt_delta_wall_set_d_wall_straight_02m_a.cgf
    [-0.00000064012100026, -1.00000042674731060, 0.00000000000000000, 14.00000000000000000]
    [1.00000042674731060, -0.00000064012100026, 0.00000000000000000, 4.00000000000000000]
    [0.00000000000000000, 0.00000000000000000, 1.00000042674751533, 0.00000000000000000]
  #52 objects/buildingsets/human/lowtech/delta/int/common/connector/lt_delta_connector_door_08x01x08_b.cgf
    [-0.00000064012100026, 1.00000042674731060, 0.00000000000000000, 4.75000000000000000]
    [-1.00000042674731060, -0.00000064012100026, -0.00000000000000000, 8.00000000000000000]
    [-0.00000000000000000, 0.00000000000000000, 1.00000042674751533, 0.00000000000000000]
  #53 data/objects/buildingsets/human/lowtech/delta/int/common/wall/wall_d/lt_delta_wall_set_d_wall_straight_04m_a.cgf
    [1.00000000000000000, 0.00000000000000000, 0.00000000000000000, 5.00000000000000000]
    [0.00000000000000000, 1.00000000000000000, 0.00000000000000000, 3.00000000000000000]
    [0.00000000000000000, 0.00000000000000000, 1.00000000000000000, 0.00000000000000000]
  #54 data/objects/buildingsets/human/lowtech/delta/int/common/ceiling/ceiling_straight_04x0025x08_b.cgf
    [0.00000000000000000, 1.00000000000000000, 0.00000000000000000, -8.00000000000000000]
    [0.00000000000000000, 0.00000000000000000, -1.00000000000000000, 1.00000000000000000]
    [-1.00000000000000000, 0.00000000000000000, 0.00000000000000000, 0.00000000000000000]
  #55 data/objects/buildingsets/human/lowtech/delta/int/common/wall/wall_d/lt_delta_wall_set_d_addon_rib_a.cgf
    [-0.00000064012100026, -1.00000042674731060, 0.00000000000000000, 14.00000000000000000]
    [1.00000042674731060, -0.00000064012100026, 0.00000000000000000, 6.00000000000000000]
    [0.00000000000000000, 0.00000000000000000, 1.00000042674751533, 0.00000000000000000]
  #56 data/objects/buildingsets/human/utilitarian/ugf/int/common/floor/set_a/util_ugf_floor_set_a_floor_03x04_a.cgf
    [-1.00000000000000000, 0.00000000000000000, 0.00000000000000000, -2.00000000000000000]
    [0.00000000000000000, -1.00000000000000000, 0.00000000000000000, 4.00000000000000000]
    [0.00000000000000000, 0.00000000000000000, 1.00000000000000000, 0.00000000000000000]
  #57 data/objects/buildingsets/human/lowtech/delta/int/common/ceiling/ceiling_straight_04x0025x08_b.cgf
    [-0.00000064012100026, 0.00000000000000000, 1.00000042674731060, 4.50000000000000000]
    [0.00000000000000000, 1.00000042674751533, 0.00000000000000000, 4.75000000000000000]
    [-1.00000042674731060, 0.00000000000000000, -0.00000064012100026, 0.00000000000000000]
  #58 data/objects/buildingsets/human/utilitarian/ugf/int/common/floor/set_a/util_ugf_floor_set_a_floor_04x02_a.cgf
    [1.00000000000000000, 0.00000000000000000, 0.00000000000000000, 5.00000000000000000]
    [0.00000000000000000, 1.00000000000000000, 0.00000000000000000, 11.00000000000000000]
    [0.00000000000000000, 0.00000000000000000, 1.00000000000000000, 0.00000000000000000]
  #59 objects/buildingsets/human/lowtech/delta/int/common/floor/lt_delta_walkway_straight_04x02_b.cgf
    [-0.00000064012100026, 1.00000042674731060, 0.00000000000000000, -2.00000000000000000]
    [-1.00000042674731060, -0.00000064012100026, -0.00000000000000000, 6.00000000000000000]
    [-0.00000000000000000, 0.00000000000000000, 1.00000042674751533, 0.00000000000000000]
  #60 objects/buildingsets/human/lowtech/delta/int/common/ceiling/ceiling_straight_04x02x0075_a.cgf
    [-0.00000064012100026, 1.00000042674731060, 0.00000000000000000, 2.00000000000000000]
    [-1.00000042674731060, -0.00000064012100026, -0.00000000000000000, 10.00000000000000000]
    [-0.00000000000000000, 0.00000000000000000, 1.00000042674751533, 4.25000000000000000]
  #61 data/objects/buildingsets/human/lowtech/delta/int/common/ceiling/ceiling_straight_04x0025x08_b.cgf
    [0.00000000000000000, 1.00000000000000000, 0.00000000000000000, 0.00000000000000000]
    [0.00000000000000000, 0.00000000000000000, -1.00000000000000000, 1.00000000000000000]
    [-1.00000000000000000, 0.00000000000000000, 0.00000000000000000, 0.00000000000000000]
  #62 data/objects/buildingsets/human/lowtech/delta/int/common/ceiling/ceiling_straight_02x04x0025_a.cgf
    [-0.00000064012127299, -0.00000000000000000, -1.00000085349446199, -8.00000000000000000]
    [0.00000000000000000, -1.00000085349466716, 0.00000000000000000, 5.00000000000000000]
    [-1.00000085349446199, 0.00000000000000000, 0.00000064012127265, -2.00000000000000000]
  #63 data/objects/buildingsets/human/lowtech/delta/int/common/ceiling/ceiling_straight_02x04x0025_a.cgf
    [-0.00000064012100026, 0.00000000000000000, 1.00000042674731060, 4.50000000000000000]
    [0.00000000000000000, 1.00000042674751533, 0.00000000000000000, 0.75000000000000000]
    [-1.00000042674731060, 0.00000000000000000, -0.00000064012100026, -2.00000000000000000]
  #64 objects/buildingsets/human/lowtech/delta/int/common/ceiling/ceiling_straight_04x02x0075_a.cgf
    [-0.00000064012100026, 1.00000042674731060, 0.00000000000000000, -4.00000000000000000]
    [-1.00000042674731060, -0.00000064012100026, -0.00000000000000000, 10.00000000000000000]
    [-0.00000000000000000, 0.00000000000000000, 1.00000042674751533, 4.25000000000000000]
  #65 objects/buildingsets/human/lowtech/delta/int/common/floor/lt_delta_walkway_straight_04x02_b.cgf
    [-1.00000000000000000, 0.00000000000000000, 0.00000000000000000, -4.00000000000000000]
    [0.00000000000000000, -1.00000000000000000, 0.00000000000000000, 10.00000000000000000]
    [0.00000000000000000, 0.00000000000000000, 1.00000000000000000, 0.00000000000000000]
  #66 objects/buildingsets/human/lowtech/delta/int/common/ceiling/ceiling_straight_02x04x0025_c.cgf
    [-0.00000064012100026, -0.00000000000000000, -1.00000042674731060, -7.50000000000000000]
    [0.00000000000000000, 1.00000042674751533, -0.00000000000000000, 4.00000100000000014]
    [1.00000042674731060, 0.00000000000000000, -0.00000064012100026, 3.75000000000000000]
  #67 data/objects/buildingsets/human/lowtech/delta/int/common/wall/wall_d/lt_delta_wall_set_d_wall_corner_out_2m_a.cgf
    [1.00000000000000000, 0.00000000000000000, 0.00000000000000000, -5.00000000000000000]
    [0.00000000000000000, 1.00000000000000000, 0.00000000000000000, 2.99999899999999986]
    [0.00000000000000000, 0.00000000000000000, 1.00000000000000000, 0.25000099999999997]
  #68 data/objects/buildingsets/human/lowtech/delta/int/common/wall/wall_d/lt_delta_wall_set_d_addon_rib_a.cgf
    [-0.00000064012100026, 1.00000042674731060, 0.00000000000000000, -3.99999899999999986]
    [-1.00000042674731060, -0.00000064012100026, -0.00000000000000000, 2.99999899999999986]
    [-0.00000000000000000, 0.00000000000000000, 1.00000042674751533, 0.25000099999999997]
  #69 objects/buildingsets/human/lowtech/delta/int/common/ceiling/ceiling_straight_04x02x0075_a.cgf
    [-0.00000064012100026, 1.00000042674731060, 0.00000000000000000, -4.00000000000000000]
    [-1.00000042674731060, -0.00000064012100026, -0.00000000000000000, 4.00000000000000000]
    [-0.00000000000000000, 0.00000000000000000, 1.00000042674751533, 4.25000000000000000]
  #70 objects/buildingsets/human/lowtech/delta/int/common/floor/lt_delta_walkway_end_04x02_a.cgf
    [-1.00000000000000000, 0.00000000000000000, 0.00000000000000000, -6.00000000000000000]
    [0.00000000000000000, -1.00000000000000000, 0.00000000000000000, 9.99999900000000075]
    [0.00000000000000000, 0.00000000000000000, 1.00000000000000000, 0.00000000000000000]
  #71 data/objects/buildingsets/human/lowtech/delta/int/common/wall/wall_d/lt_delta_wall_set_d_wall_straight_02m_a.cgf
    [1.00000000000000000, 0.00000000000000000, 0.00000000000000000, -6.99999899999999986]
    [0.00000000000000000, 1.00000000000000000, 0.00000000000000000, 3.99999700000000002]
    [0.00000000000000000, 0.00000000000000000, 1.00000000000000000, 0.24999800000000000]
  #72 objects/buildingsets/human/lowtech/delta/int/common/ceiling/ceiling_straight_02x04x0025_c.cgf
    [-0.00000064012100026, -0.00000000000000000, -1.00000042674731060, -7.50000000000000000]
    [0.00000000000000000, 1.00000042674751533, -0.00000000000000000, 7.99999799999999972]
    [1.00000042674731060, 0.00000000000000000, -0.00000064012100026, 3.75000000000000000]
  #73 objects/buildingsets/human/lowtech/delta/int/common/ceiling/ceiling_straight_04x02x0075_a.cgf
    [1.00000000000000000, 0.00000000000000000, 0.00000000000000000, -2.00000000000000000]
    [0.00000000000000000, 1.00000000000000000, 0.00000000000000000, 10.00000000000000000]
    [0.00000000000000000, 0.00000000000000000, 1.00000000000000000, 4.25000000000000000]
  #74 data/objects/buildingsets/human/lowtech/delta/int/common/wall/wall_c/lt_delta_wall_c_pillar_01x01x08_a.cgf
    [0.75000000000000000, 0.00000000000000000, 0.00000000000000000, -7.18750000000000000]
    [0.00000000000000000, 0.75000000000000000, 0.00000000000000000, 4.34375000000000000]
    [0.00000000000000000, 0.00000000000000000, 0.75000000000000000, 0.31250000000000000]
  #75 data/objects/buildingsets/human/lowtech/delta/int/common/wall/wall_d/lt_delta_wall_set_d_wall_straight_02m_a.cgf
    [-0.00000064012100026, 1.00000042674731060, 0.00000000000000000, -3.99999899999999986]
    [-1.00000042674731060, -0.00000064012100026, -0.00000000000000000, 2.99999899999999986]
    [-0.00000000000000000, 0.00000000000000000, 1.00000042674751533, 0.25000099999999997]
  #76 objects/buildingsets/human/lowtech/delta/int/common/ceiling/ceiling_straight_02x04x0025_c.cgf
    [-1.00000000000000000, 0.00000000000000000, 0.00000000000000000, -4.00000000000000000]
    [0.00000000000000000, -1.00000000000000000, 0.00000000000000000, 10.00000000000000000]
    [0.00000000000000000, 0.00000000000000000, 1.00000000000000000, 4.75000000000000000]
  #77 data/objects/buildingsets/human/utilitarian/ugf/int/common/floor/set_a/util_ugf_floor_set_a_floor_01x02_a.cgf
    [-1.00000000000000000, 0.00000000000000000, 0.00000000000000000, -3.00000000000000000]
    [0.00000000000000000, -1.00000000000000000, 0.00000000000000000, 6.00000000000000000]
    [0.00000000000000000, 0.00000000000000000, 1.00000000000000000, 0.00000000000000000]
  #78 objects/buildingsets/human/lowtech/delta/int/common/floor/lt_delta_walkway_straight_04x02_b.cgf
    [-1.00000000000000000, 0.00000000000000000, 0.00000000000000000, -2.00000000000000000]
    [0.00000000000000000, -1.00000000000000000, 0.00000000000000000, 10.00000000000000000]
    [0.00000000000000000, 0.00000000000000000, 1.00000000000000000, 0.00000000000000000]
  #79 data/objects/buildingsets/human/lowtech/delta/int/common/wall/wall_c/lt_delta_wall_c_pillar_01x01x08_a.cgf
    [-0.00000048009075020, 0.75000032006048289, 0.00000000000000000, -3.68750000000000000]
    [-0.75000032006048289, -0.00000048009075020, -0.00000000000000000, 0.81250000000000000]
    [-0.00000000000000000, 0.00000000000000000, 0.75000032006063655, 0.31250000000000000]
  #80 objects/buildingsets/human/lowtech/delta/int/common/ceiling/ceiling_straight_02x04x0025_c.cgf
    [-1.00000000000000000, 0.00000000000000000, 0.00000000000000000, -6.00000000000000000]
    [0.00000000000000000, -1.00000000000000000, 0.00000000000000000, 10.00000000000000000]
    [0.00000000000000000, 0.00000000000000000, 1.00000000000000000, 4.75000000000000000]
  #81 objects/buildingsets/human/lowtech/delta/int/common/ceiling/ceiling_straight_02x02x0075_a.cgf
    [-0.00000064012100026, 1.00000042674731060, 0.00000000000000000, -2.00000000000000000]
    [-1.00000042674731060, -0.00000064012100026, -0.00000000000000000, 10.00000000000000000]
    [-0.00000000000000000, 0.00000000000000000, 1.00000042674751533, 4.25000000000000000]
  #82 data/objects/buildingsets/human/utilitarian/ugf/int/common/floor/set_a/util_ugf_floor_set_a_floor_01x02_a.cgf
    [1.00000000000000000, 0.00000000000000000, 0.00000000000000000, -3.00000000000000000]
    [0.00000000000000000, 1.00000000000000000, 0.00000000000000000, 4.00000000000000000]
    [0.00000000000000000, 0.00000000000000000, 1.00000000000000000, 0.00000000000000000]
  #83 data/objects/buildingsets/human/lowtech/delta/int/common/wall/wall_d/lt_delta_wall_set_d_addon_rib_a.cgf
    [1.00000000000000000, 0.00000000000000000, 0.00000000000000000, -4.99999899999999986]
    [0.00000000000000000, 1.00000000000000000, 0.00000000000000000, 3.99999700000000002]
    [0.00000000000000000, 0.00000000000000000, 1.00000000000000000, 0.24999800000000000]
  #84 objects/buildingsets/human/utilitarian/common/decal/graphical/util_decal_chevron_04x02m_a.cgf
    [1.00000000000000000, 0.00000000000000000, 0.00000000000000000, -5.75000000000000000]
    [0.00000000000000000, 1.00000000000000000, 0.00000000000000000, 10.50000000000000000]
    [0.00000000000000000, 0.00000000000000000, 1.00000000000000000, 0.25000000000000000]
  #85 objects/buildingsets/human/lowtech/delta/int/common/ceiling/ceiling_straight_02x02x0075_a.cgf
    [-0.00000064012100026, 1.00000042674731060, 0.00000000000000000, -2.00000000000000000]
    [-1.00000042674731060, -0.00000064012100026, -0.00000000000000000, 4.00000000000000000]
    [-0.00000000000000000, 0.00000000000000000, 1.00000042674751533, 4.25000000000000000]
  #86 objects/buildingsets/human/utilitarian/common/decal/graphical/util_decal_stripe_cornerin_02m_a.cgf
    [1.00000000000000000, 0.00000000000000000, 0.00000000000000000, -6.06250000000000000]
    [0.00000000000000000, 1.00000000000000000, 0.00000000000000000, 10.18750000000000000]
    [0.00000000000000000, 0.00000000000000000, 1.00000000000000000, 0.25000000000000000]
  #87 data/objects/buildingsets/human/lowtech/delta/int/common/wall/wall_d/lt_delta_wall_set_d_addon_rib_a.cgf
    [-1.00000000000000000, 0.00000000000000000, 0.00000000000000000, -4.00000000000000000]
    [0.00000000000000000, -1.00000000000000000, 0.00000000000000000, 13.00000000000000000]
    [0.00000000000000000, 0.00000000000000000, 1.00000000000000000, 0.25000000000000000]
  #88 data/objects/buildingsets/human/utilitarian/ugf/int/common/floor/set_a/util_ugf_floor_set_a_floor_01x04_a.cgf
    [-0.00000064012127343, -1.00000085349446177, 0.00000000000000000, -4.00000000000000000]
    [-1.00000085349446177, 0.00000064012127299, 0.00000000000000000, 13.00000000000000000]
    [-0.00000000000000000, 0.00000000000000000, -1.00000085349466694, 4.37500000000000000]
  #89 data/objects/buildingsets/human/lowtech/delta/int/common/wall/wall_d/lt_delta_wall_set_d_wall_straight_04m_c.cgf
    [-1.00000000000000000, 0.00000000000000000, 0.00000000000000000, -4.00000000000000000]
    [0.00000000000000000, -1.00000000000000000, 0.00000000000000000, 13.00000000000000000]
    [0.00000000000000000, 0.00000000000000000, 1.00000000000000000, 0.25000000000000000]
  #90 data/objects/buildingsets/human/lowtech/delta/int/common/wall/wall_d/lt_delta_wall_set_d_wall_corner_in_1m_a.cgf
    [-0.00000064012100026, -1.00000042674731060, 0.00000000000000000, 5.00000000000000000]
    [1.00000042674731060, -0.00000064012100026, 0.00000000000000000, 12.00000000000000000]
    [0.00000000000000000, 0.00000000000000000, 1.00000042674751533, 0.25000000000000000]
  #91 data/objects/buildingsets/human/lowtech/delta/int/common/ceiling/ceiling_straight_04x0025x08_b.cgf
    [-0.00000064012100026, -1.00000042674731060, 0.00000000000000000, 13.00000000000000000]
    [1.00000042674731060, -0.00000064012100026, 0.00000000000000000, 6.25000000000000000]
    [0.00000000000000000, 0.00000000000000000, 1.00000042674751533, 4.25000000000000000]
  #92 data/objects/buildingsets/human/lowtech/delta/int/common/wall/wall_d/lt_delta_wall_set_d_wall_straight_04m_c.cgf
    [-1.00000000000000000, 0.00000000000000000, 0.00000000000000000, 13.00000000000000000]
    [0.00000000000000000, -1.00000000000000000, 0.00000000000000000, 13.00000000000000000]
    [0.00000000000000000, 0.00000000000000000, 1.00000000000000000, 0.25000000000000000]
  #93 objects/buildingsets/human/lowtech/delta/int/common/ceiling/ceiling_straight_02x04x0025_c.cgf
    [-0.00000064012100026, -1.00000042674731060, 0.00000000000000000, 13.00000000000000000]
    [1.00000042674731060, -0.00000064012100026, 0.00000000000000000, 4.25000000000000000]
    [0.00000000000000000, 0.00000000000000000, 1.00000042674751533, 4.00000000000000000]
  #94 data/objects/buildingsets/human/utilitarian/ugf/int/common/floor/set_a/util_ugf_floor_set_a_floor_edge_01x01_a.cgf
    [1.00000000000000000, 0.00000000000000000, 0.00000000000000000, 13.00000000000000000]
    [0.00000000000000000, 1.00000000000000000, 0.00000000000000000, 12.00000000000000000]
    [0.00000000000000000, 0.00000000000000000, 1.00000000000000000, 4.00000000000000000]
  #95 objects/buildingsets/human/lowtech/bravo/int/roomlg/wall/roomlg_wall_straight_mid_08x01x08_f.cgf
    [0.00000000000000000, 0.00000000000000000, -0.50000000000000000, 13.00000000000000000]
    [0.50000000000000000, 0.00000000000000000, 0.00000000000000000, 6.00000000000000000]
    [0.00000000000000000, -0.50000000000000000, 0.00000000000000000, 4.00000100000000014]
  #96 data/objects/buildingsets/human/utilitarian/ugf/int/common/floor/set_a/util_ugf_floor_set_a_floor_01x04_a.cgf
    [1.00000000000000000, 0.00000000000000000, 0.00000000000000000, 13.00000000000000000]
    [0.00000000000000000, -1.00000000000000000, 0.00000000000000000, 8.00000000000000000]
    [0.00000000000000000, 0.00000000000000000, -1.00000000000000000, 4.37500000000000000]
  #97 objects/buildingsets/human/lowtech/delta/int/common/ceiling/ceiling_straight_02x04x0025_c.cgf
    [-0.00000064012100026, -1.00000042674731060, 0.00000000000000000, 13.00000000000000000]
    [1.00000042674731060, -0.00000064012100026, 0.00000000000000000, 9.75000000000000000]
    [0.00000000000000000, 0.00000000000000000, 1.00000042674751533, 4.00000000000000000]
  #98 objects/buildingsets/human/lowtech/delta/int/common/door/lt_delta_door_single_a.cga
    [1.00000000000000000, 0.00000000000000000, 0.00000000000000000, 11.50000000000000000]
    [0.00000000000000000, 1.00000000000000000, 0.00000000000000000, 3.00000000000000000]
    [0.00000000000000000, 0.00000000000000000, 1.00000000000000000, 0.25000000000000000]
  #99 objects/buildingsets/human/lowtech/delta/int/common/ceiling/ceiling_straight_02x04x0025_c.cgf
    [-0.00000064012100026, -1.00000042674731060, 0.00000000000000000, 9.00000000000000000]
    [1.00000042674731060, -0.00000064012100026, 0.00000000000000000, 9.75000000000000000]
    [0.00000000000000000, 0.00000000000000000, 1.00000042674751533, 4.00000000000000000]
  #100 objects/buildingsets/human/lowtech/delta/int/common/door/lt_delta_door_single_a.cga
    [-0.00000064012100026, -1.00000042674731060, 0.00000000000000000, 5.00000000000000000]
    [1.00000042674731060, -0.00000064012100026, 0.00000000000000000, 1.50000000000000000]
    [0.00000000000000000, 0.00000000000000000, 1.00000042674751533, 0.25000000000000000]
  #101 objects/buildingsets/human/utilitarian/common/decal/graphical/util_decal_stripe_straight_02m_b.cgf
    [0.00000000000000000, 0.00000000000000000, -0.48510000109672546, 4.35108699999999970]
    [-0.48510000109672546, 0.00000000000000000, 0.00000000000000000, 7.27921900000000033]
    [0.00000000000000000, 0.48510000109672546, 0.00000000000000000, 2.73470300000000011]
  #102 data/objects/buildingsets/human/utilitarian/ugf/int/common/floor/set_a/util_ugf_floor_set_a_floor_edge_01x01_a.cgf
    [1.00000000000000000, 0.00000000000000000, 0.00000000000000000, 8.00000000000000000]
    [0.00000000000000000, 1.00000000000000000, 0.00000000000000000, 12.00000000000000000]
    [0.00000000000000000, 0.00000000000000000, 1.00000000000000000, 4.00000000000000000]
  #103 objects/buildingsets/human/lowtech/delta/int/common/ceiling/ceiling_straight_02x04x0025_c.cgf
    [-0.00000064012100026, -1.00000042674731060, 0.00000000000000000, 9.00000000000000000]
    [1.00000042674731060, -0.00000064012100026, 0.00000000000000000, 4.25000000000000000]
    [0.00000000000000000, 0.00000000000000000, 1.00000042674751533, 4.00000000000000000]
  #104 objects/buildingsets/human/utilitarian/common/decal/graphical/util_decal_stripe_straight_02m_b.cgf
    [0.00000000000000000, 0.00000000000000000, -0.48510000109672546, 4.35108699999999970]
    [-0.48510000109672546, 0.00000000000000000, 0.00000000000000000, 7.27921900000000033]
    [0.00000000000000000, 0.48510000109672546, 0.00000000000000000, 3.14095300000000011]
  #105 data/objects/buildingsets/human/utilitarian/ugf/int/common/floor/set_a/util_ugf_floor_set_a_floor_01x02_a.cgf
    [-0.00000064012100026, -1.00000042674731060, 0.00000000000000000, 4.00000000000000000]
    [1.00000042674731060, -0.00000064012100026, 0.00000000000000000, 5.00000000000000000]
    [0.00000000000000000, 0.00000000000000000, 1.00000042674751533, 0.00000000000000000]
  #106 data/objects/buildingsets/human/utilitarian/ugf/int/common/floor/set_a/util_ugf_floor_set_a_floor_01x04_a.cgf
    [1.00000000000000000, 0.00000000000000000, 0.00000000000000000, 13.00000000000000000]
    [0.00000000000000000, -1.00000000000000000, 0.00000000000000000, 12.00000000000000000]
    [0.00000000000000000, 0.00000000000000000, -1.00000000000000000, 4.37500000000000000]
  #107 data/objects/buildingsets/human/lowtech/delta/int/common/wall/wall_d/lt_delta_wall_set_d_wall_straight_04m_c.cgf
    [-1.00000000000000000, 0.00000000000000000, 0.00000000000000000, 9.00000000000000000]
    [0.00000000000000000, -1.00000000000000000, 0.00000000000000000, 13.00000000000000000]
    [0.00000000000000000, 0.00000000000000000, 1.00000000000000000, 0.25000000000000000]
  #108 data/objects/buildingsets/human/utilitarian/ugf/int/common/floor/set_a/util_ugf_floor_set_a_floor_01x04_a.cgf
    [-0.00000064012127343, -1.00000085349446177, 0.00000000000000000, 13.00000000000000000]
    [-1.00000085349446177, 0.00000064012127299, 0.00000000000000000, 13.00000000000000000]
    [-0.00000000000000000, 0.00000000000000000, -1.00000085349466694, 4.37500000000000000]
  #109 objects/buildingsets/human/lowtech/delta/int/common/floor/lt_delta_walkway_straight_06x04_b.cgf
    [1.00000000000000000, 0.00000000000000000, 0.00000000000000000, 7.00000000000000000]
    [0.00000000000000000, 1.00000000000000000, 0.00000000000000000, 5.00000000000000000]
    [0.00000000000000000, 0.00000000000000000, 1.00000000000000000, 0.00000000000000000]
  #110 objects/buildingsets/human/lowtech/delta/int/common/ceiling/ceiling_straight_02x04x0025_c.cgf
    [-1.00000000000000000, 0.00000000000000000, 0.00000000000000000, 2.00000000000000000]
    [0.00000000000000000, -1.00000000000000000, 0.00000000000000000, 10.00000000000000000]
    [0.00000000000000000, 0.00000000000000000, 1.00000000000000000, 4.75000000000000000]
  #111 objects/buildingsets/human/lowtech/delta/int/common/ceiling/ceiling_straight_04x02x0075_a.cgf
    [1.00000000000000000, 0.00000000000000000, 0.00000000000000000, 4.00000000000000000]
    [0.00000000000000000, 1.00000000000000000, 0.00000000000000000, 10.00000000000000000]
    [0.00000000000000000, 0.00000000000000000, 1.00000000000000000, 4.25000000000000000]
  #112 data/objects/buildingsets/human/lowtech/delta/int/common/wall/wall_d/lt_delta_wall_set_d_wall_straight_04m_c.cgf
    [-1.00000000000000000, 0.00000000000000000, 0.00000000000000000, 4.00000000000000000]
    [0.00000000000000000, -1.00000000000000000, 0.00000000000000000, 13.00000000000000000]
    [0.00000000000000000, 0.00000000000000000, 1.00000000000000000, 0.25000000000000000]
  #113 objects/buildingsets/human/lowtech/delta/int/common/floor/lt_delta_walkway_end_06x02_a.cgf
    [1.00000000000000000, 0.00000000000000000, 0.00000000000000000, 5.00000000000000000]
    [0.00000000000000000, 1.00000000000000000, 0.00000000000000000, 5.00000000000000000]
    [0.00000000000000000, 0.00000000000000000, 1.00000000000000000, 0.00000000000000000]
  #114 objects/buildingsets/human/lowtech/delta/int/common/floor/lt_delta_walkway_end_04x02_a.cgf
    [1.00000000000000000, 0.00000000000000000, 0.00000000000000000, 2.00000000000000000]
    [0.00000000000000000, 1.00000000000000000, 0.00000000000000000, 6.00000000000000000]
    [0.00000000000000000, 0.00000000000000000, 1.00000000000000000, 0.00000000000000000]
  #115 objects/buildingsets/human/lowtech/bravo/int/roomlg/addon/roomlg_addon_beam_straight_04x005x005_a.cgf
    [-1.00000085349466716, 0.00000000000000000, 0.00000000000000000, 13.18749500000000019]
    [0.00000000000000000, 0.00000064012127265, -1.00000085349446199, 9.99999599999999944]
    [-0.00000000000000000, -1.00000085349446199, -0.00000064012127299, 3.87500000000000000]
  #116 objects/buildingsets/human/utilitarian/common/decal/graphical/util_decal_stripe_cornerin_02m_a.cgf
    [-0.00000064012100026, -1.00000042674731060, 0.00000000000000000, 2.06250000000000000]
    [1.00000042674731060, -0.00000064012100026, 0.00000000000000000, 10.18750000000000000]
    [0.00000000000000000, 0.00000000000000000, 1.00000042674751533, 0.25000000000000000]
  #117 data/objects/buildingsets/human/utilitarian/ugf/int/common/floor/set_a/util_ugf_floor_set_a_floor_01x04_a.cgf
    [-0.00000064012127343, -1.00000085349446177, 0.00000000000000000, 8.00000000000000000]
    [-1.00000085349446177, 0.00000064012127299, 0.00000000000000000, 13.00000000000000000]
    [-0.00000000000000000, 0.00000000000000000, -1.00000085349466694, 4.37500000000000000]
  #118 data/objects/buildingsets/human/utilitarian/ugf/int/common/floor/set_a/util_ugf_floor_set_a_floor_edge_01x01_a.cgf
    [1.00000000000000000, 0.00000000000000000, 0.00000000000000000, 4.00000000000000000]
    [0.00000000000000000, 1.00000000000000000, 0.00000000000000000, 5.00000000000000000]
    [0.00000000000000000, 0.00000000000000000, 1.00000000000000000, 0.00000000000000000]
  #119 objects/buildingsets/human/lowtech/delta/int/common/ceiling/ceiling_straight_02x02x0075_a.cgf
    [-0.00000064012100026, 1.00000042674731060, 0.00000000000000000, 4.00000000000000000]
    [-1.00000042674731060, -0.00000064012100026, -0.00000000000000000, 4.00000000000000000]
    [-0.00000000000000000, 0.00000000000000000, 1.00000042674751533, 4.25000000000000000]
  #120 data/objects/buildingsets/human/lowtech/delta/int/common/wall/wall_d/lt_delta_wall_set_d_addon_rib_a.cgf
    [-1.00000000000000000, 0.00000000000000000, 0.00000000000000000, 9.00000000000000000]
    [0.00000000000000000, -1.00000000000000000, 0.00000000000000000, 13.00000000000000000]
    [0.00000000000000000, 0.00000000000000000, 1.00000000000000000, 0.25000000000000000]
  #121 objects/buildingsets/human/lowtech/delta/int/common/floor/lt_delta_walkway_end_06x02_a.cgf
    [-1.00000000000000000, 0.00000000000000000, 0.00000000000000000, 13.00000000000000000]
    [0.00000000000000000, -1.00000000000000000, 0.00000000000000000, 11.00000000000000000]
    [0.00000000000000000, 0.00000000000000000, 1.00000000000000000, 0.00000000000000000]
  #122 objects/buildingsets/human/lowtech/bravo/int/roomlg/wall/roomlg_wall_straight_mid_08x01x08_f.cgf
    [0.00000000000000000, 0.00000000000000000, -0.50000000000000000, 9.00000000000000000]
    [0.50000000000000000, 0.00000000000000000, 0.00000000000000000, 6.00000000000000000]
    [0.00000000000000000, -0.50000000000000000, 0.00000000000000000, 4.00000100000000014]
  #123 objects/buildingsets/human/lowtech/delta/int/common/ceiling/ceiling_straight_02x02x0075_a.cgf
    [-0.00000064012100026, 1.00000042674731060, 0.00000000000000000, 4.00000000000000000]
    [-1.00000042674731060, -0.00000064012100026, -0.00000000000000000, 10.00000000000000000]
    [-0.00000000000000000, 0.00000000000000000, 1.00000042674751533, 4.25000000000000000]
