# IncludedObjects
# Cgfs: 6, Materials: 0, Palettes: 3, Placements: 11

[CGFs]
      0: objects/buildingsets/citysets/lorville/skyline/rooftop/lorv_skyl_rooftop_med_antenna_03_a.cgf
      1: objects/buildingsets/citysets/lorville/skyline/rooftop/lorvl_skyl_rooftop_med_addon_04_a.cgf
      2: objects/buildingsets/citysets/lorville/skyline/building/lorv_skyl_bldg_wide_med_04a.cgf
      3: objects/buildingsets/citysets/lorville/skyline/rooftop/lorv_skyl_rooftop_med_vent_02a.cgf
      4: objects/buildingsets/citysets/lorville/skyline/rooftop/lorv_skyl_rooftop_sml_antenna_01_a.cgf
      5: objects/buildingsets/citysets/lorville/skyline/rooftop/lorv_skyl_rooftop_med_antenna_02_a.cgf

[Palettes]
      0: Libs/Foundry/Records/TintPalettes/Brand/Lorville/Lorville_Skyl_Root
      1: Libs/Foundry/Records/TintPalettes/Brand/Lorville/Lorville_Skyl_Root|Building
      2: Libs/Foundry/Records/TintPalettes/brand/lorville/Lorville_Skyl_Root|Building_Alt

[Placements]
  #0 objects/buildingsets/citysets/lorville/skyline/rooftop/lorv_skyl_rooftop_med_antenna_03_a.cgf
    [-0.00000032006050013, 0.50000021337365530, 0.00000000000000000, -46.00000000000000000]
    [-0.50000021337365530, -0.00000032006050013, -0.00000000000000000, -90.94632600000022649]
    [-0.00000000000000000, 0.00000000000000000, 0.50000021337375766, 222.00000000000000000]
  #1 objects/buildingsets/citysets/lorville/skyline/rooftop/lorvl_skyl_rooftop_med_addon_04_a.cgf
    [0.91294997930526733, 0.00000000000000000, 0.00000000000000000, 4.76718299999993178]
    [0.00000000000000000, 0.91294997930526733, 0.00000000000000000, -23.99106899999969755]
    [0.00000000000000000, 0.00000000000000000, 0.91294997930526733, 243.33863300003577024]
  #2 objects/buildingsets/citysets/lorville/skyline/building/lorv_skyl_bldg_wide_med_04a.cgf
    [1.00000000000000000, 0.00000000000000000, 0.00000000000000000, 0.00000000000000000]
    [0.00000000000000000, 1.00000000000000000, 0.00000000000000000, 0.00000000000000000]
    [0.00000000000000000, 0.00000000000000000, 1.00000000000000000, 0.00000000000000000]
  #3 objects/buildingsets/citysets/lorville/skyline/rooftop/lorv_skyl_rooftop_med_antenna_03_a.cgf
    [-0.00000032006050013, 0.50000021337365530, 0.00000000000000000, -46.00000000000000000]
    [-0.50000021337365530, -0.00000032006050013, -0.00000000000000000, -117.94632600000022649]
    [-0.00000000000000000, 0.00000000000000000, 0.50000021337375766, 222.00000000000000000]
  #4 objects/buildingsets/citysets/lorville/skyline/rooftop/lorv_skyl_rooftop_med_vent_02a.cgf
    [-0.00000064012100026, -1.00000042674731060, 0.00000000000000000, -12.08561899999949674]
    [1.00000042674731060, -0.00000064012100026, 0.00000000000000000, -43.87901799999963259]
    [0.00000000000000000, 0.00000000000000000, 1.00000042674751533, 253.34076399996411055]
  #5 objects/buildingsets/citysets/lorville/skyline/rooftop/lorv_skyl_rooftop_sml_antenna_01_a.cgf
    [-0.00000064012100026, 1.00000042674731060, 0.00000000000000000, -0.80369699999937438]
    [-1.00000042674731060, -0.00000064012100026, -0.00000000000000000, 40.38255000000026484]
    [-0.00000000000000000, 0.00000000000000000, 1.00000042674751533, 250.73856099997647107]
  #6 objects/buildingsets/citysets/lorville/skyline/rooftop/lorv_skyl_rooftop_med_vent_02a.cgf
    [-0.00000064012100026, 1.00000042674731060, 0.00000000000000000, 27.34069300000010116]
    [-1.00000042674731060, -0.00000064012100026, -0.00000000000000000, -45.33238400000027468]
    [-0.00000000000000000, 0.00000000000000000, 1.00000042674751533, 253.34076399996411055]
  #7 objects/buildingsets/citysets/lorville/skyline/rooftop/lorv_skyl_rooftop_med_vent_02a.cgf
    [-0.00000064012100026, -1.00000042674731060, 0.00000000000000000, -21.77765499999986787]
    [1.00000042674731060, -0.00000064012100026, 0.00000000000000000, -153.27822600000035891]
    [0.00000000000000000, 0.00000000000000000, 1.00000042674751533, 241.53439799998886883]
  #8 objects/buildingsets/citysets/lorville/skyline/rooftop/lorv_skyl_rooftop_med_vent_02a.cgf
    [-1.00000000000000000, 0.00000000000000000, 0.00000000000000000, 17.97310099999958766]
    [0.00000000000000000, -1.00000000000000000, 0.00000000000000000, -141.43181399999957648]
    [0.00000000000000000, 0.00000000000000000, 1.00000000000000000, 261.69782000000122935]
  #9 objects/buildingsets/citysets/lorville/skyline/rooftop/lorv_skyl_rooftop_med_antenna_02_a.cgf
    [-0.00000064012100026, 1.00000042674731060, 0.00000000000000000, 9.10865399999966030]
    [-1.00000042674731060, -0.00000064012100026, -0.00000000000000000, -141.56637099999989005]
    [-0.00000000000000000, 0.00000000000000000, 1.00000042674751533, 241.66913499997463077]
  #10 objects/buildingsets/citysets/lorville/skyline/rooftop/lorv_skyl_rooftop_med_antenna_03_a.cgf
    [-0.00000032006050013, 0.50000021337365530, 0.00000000000000000, -46.00000000000000000]
    [-0.50000021337365530, -0.00000032006050013, -0.00000000000000000, -63.94632600000022649]
    [-0.00000000000000000, 0.00000000000000000, 0.50000021337375766, 222.00000000000000000]
