# IncludedObjects
# Cgfs: 42, Materials: 3, Palettes: 3, Placements: 120

[CGFs]
      0: objects/buildingsets/human/lowtech/alpha/int/roomsm/ceiling/roomsm_ceiling_straight_04x01x0025_b.cgf
      1: objects/buildingsets/human/brand/decal/ident/primary_ident_line_thick_c_1m.cgf
      2: objects/buildingsets/human/brand/decal/ident/primary_ident_line_thick_corner_bevel.cgf
      3: objects/buildingsets/human/lowtech/alpha/int/roomsm/addon/roomsm_addon_trim_cable_rack_4m_a.cgf
      4: objects/buildingsets/human/lowtech/bravo/int/pipe/pipe_electric_straight_01x002x002_a.cgf
      5: objects/buildingsets/human/lowtech/alpha/int/roomsm/addon/roomsm_addon_trim_cable_rack_2m_a.cgf
      6: objects/buildingsets/human/brand/decal/ident/primary_ident_line_thick_c_2m.cgf
      7: objects/buildingsets/human/lowtech/bravo/int/pipe/pipe_electric_straight_02x002x002_a.cgf
      8: objects/buildingsets/human/lowtech/alpha/int/pipes/lowtech_pipe_1m_bend_90_inner_a.cgf
      9: objects/buildingsets/human/lowtech/alpha/int/pipes/lowtech_pipe_1m_straight_long_a.cgf
     10: objects/buildingsets/human/lowtech/bravo/int/pipe/pipe_electric_straight_01x002x003_b.cgf
     11: objects/buildingsets/human/lowtech/alpha/int/roomsm/ceiling/roomsm_ceiling_slope_02x01x01_a.cgf
     12: objects/buildingsets/human/lowtech/bravo/int/pipe/pipe_electric_bend_025x002x003_a.cgf
     13: objects/buildingsets/human/lowtech/alpha/int/pipes/lowtech_pipe_1m_straight_short_b.cgf
     14: objects/buildingsets/human/lowtech/bravo/int/pipe/pipe_electric_straight_005x002x003_a.cgf
     15: objects/buildingsets/human/lowtech/alpha/int/roomsm/addon/roomsm_addon_trim_cable_rack_corner_1m_a.cgf
     16: objects/buildingsets/human/lowtech/alpha/int/pipes/lowtech_pipe_1m_straight_short_a.cgf
     17: objects/buildingsets/human/lowtech/bravo/int/pipe/pipe_electric_bend_01x002x002_a.cgf
     18: objects/buildingsets/human/universal/prop/dressing/poster/poster_band_1_gutterwash_b.cgf
     19: objects/buildingsets/human/lowtech/alpha/int/roomsm/ceiling/roomsm_ceiling_straight_04x02x0025_a.cgf
     20: objects/buildingsets/human/lowtech/bravo/int/prop/light/light_fluorescent_b.cgf
     21: objects/buildingsets/human/lowtech/alpha/int/roomsm/ceiling/roomsm_ceiling_slope_02x02x01_a.cgf
     22: objects/buildingsets/human/lowtech/alpha/ext/addon/fan_b.cgf
     23: objects/buildingsets/human/universal/prop/dressing/poster/poster_band_2_los-imperators_c.cgf
     24: objects/buildingsets/human/lowtech/alpha/int/roomsm/ceiling/roomsm_ceiling_straight_02x02x0025_a.cgf
     25: objects/buildingsets/human/brand/decal/logo/primary_logo_med.cgf
     26: objects/buildingsets/human/brand/decal/ident/primary_ident_arrow_c.cgf
     27: objects/buildingsets/human/lowtech/prop/light/light_landing_1_a.cgf
     28: objects/buildingsets/human/brand/rr/signs/rr_screen_do_not_block.cgf
     29: objects/buildingsets/human/lowtech/alpha/int/roomsm/ceiling/roomsm_ceiling_straight_04x02x0025_d.cgf
     30: objects/buildingsets/human/lowtech/prop/sign/navigation/nav_sign_1_0225x0025x00625_a.cgf
     31: objects/buildingsets/human/lowtech/bravo/int/prop/grate/grate_04x0015x02_a.cgf
     32: objects/buildingsets/human/lowtech/alpha/int/roomsm/ceiling/roomsm_ceiling_straight_04x04x0025_b.cgf
     33: objects/buildingsets/human/lowtech/alpha/int/roomsm/panel/roomsm_panel_04x04x0025_a.cgf
     34: objects/buildingsets/human/lowtech/alpha/int/roomsm/ceiling/roomsm_ceiling_straight_04x04x0025_c.cgf
     35: objects/buildingsets/human/lowtech/prop/light/light_ceiling_3_a.cgf
     36: objects/buildingsets/human/lowtech/prop/utilitarian/sign/sign_advert_2_1x4_a.cgf
     37: objects/buildingsets/human/lowtech/bravo/int/cable/cable_straight_02x01x02_a.cgf
     38: objects/buildingsets/human/lowtech/alpha/int/hab/ceiling/hab_ceiling_fan_base_01x01x01_a.cgf
     39: objects/buildingsets/human/lowtech/prop/utilitarian/machine/machine_extractor_1_a.cgf
     40: objects/buildingsets/human/lowtech/prop/light/light_hazard_1_b.cgf
     41: objects/buildingsets/human/lowtech/bravo/int/cable/cable_corner_01x01x01_c.cgf

[Materials]
      0: objects/buildingsets/human/brand/rr/rr_brand_a
      1: objects/buildingsets/human/lowtech/bravo/int/lowtech_bravo_int_b
      2: objects/buildingsets/human/lowtech/prop/sign/sign_billboard_1_b

[Palettes]
      0: Libs/Foundry/Records/TintPalettes/Generic/gen_matte_dark_a
      1: Libs/Foundry/Records/TintPalettes/default
      2: Libs/Foundry/Records/TintPalettes/generic/gen_grey_darkgrey_orange_a

[Placements]
  #0 objects/buildingsets/human/lowtech/alpha/int/roomsm/ceiling/roomsm_ceiling_straight_04x01x0025_b.cgf
    [-1.00000095367425468, -0.00000016858742790, -0.00000003422855546, -1.99999891185154866]
    [0.00000016858742790, -1.00000095367425512, 0.00000000000000037, 0.00000104182277028]
    [-0.00000003422855546, -0.00000000000000540, 1.00000095367426867, 5.00000148109339904]
  #1 objects/buildingsets/human/lowtech/alpha/int/roomsm/ceiling/roomsm_ceiling_straight_04x01x0025_b.cgf
    [-1.00000095367425468, -0.00000016858742790, -0.00000003422855546, -2.00000051866138051]
    [0.00000016858742790, -1.00000095367425512, 0.00000000000000037, -4.00000186075305919]
    [-0.00000003422855546, -0.00000000000000540, 1.00000095367426867, 5.00000148109339904]
  #2 objects/buildingsets/human/brand/decal/ident/primary_ident_line_thick_c_1m.cgf
    [-1.00000000000000000, 0.00000000000000000, 0.00000000000000000, 2.50000799999997980]
    [0.00000000000000000, -1.00000000000000000, 0.00000000000000000, 4.00000000000000000]
    [0.00000000000000000, 0.00000000000000000, 1.00000000000000000, 0.25163599999999775]
  #3 objects/buildingsets/human/lowtech/alpha/int/roomsm/ceiling/roomsm_ceiling_straight_04x01x0025_b.cgf
    [-1.00000095367425468, -0.00000016858742790, -0.00000003422855546, 3.00000613398327687]
    [0.00000016858742790, -1.00000095367425512, 0.00000000000000037, 4.00000799500617177]
    [-0.00000003422855546, -0.00000000000000540, 1.00000095367426867, 5.00000171951228367]
  #4 objects/buildingsets/human/brand/decal/ident/primary_ident_line_thick_corner_bevel.cgf
    [-1.00000000000000000, 0.00000000000000000, 0.00000000000000000, -2.74998700000000440]
    [0.00000000000000000, -1.00000000000000000, 0.00000000000000000, -13.00000099999999748]
    [0.00000000000000000, 0.00000000000000000, 1.00000000000000000, 0.25000000000000000]
  #5 objects/buildingsets/human/lowtech/alpha/int/roomsm/addon/roomsm_addon_trim_cable_rack_4m_a.cgf
    [-0.00000047153359545, -1.00000042674733680, -0.00000003422855685, 3.00000171525647374]
    [1.00000042674733747, -0.00000047153359545, -0.00000000000002907, -6.99999952316204599]
    [0.00000000000001293, -0.00000003422855685, 1.00000042674744782, 4.25000075933057531]
  #6 objects/buildingsets/human/lowtech/bravo/int/pipe/pipe_electric_straight_01x002x002_a.cgf
    [-0.00000023841865016, 0.00000035762782602, 1.00000059604637426, 1.37500336288763947]
    [-1.00000059604609004, 0.00000083446526844, -0.00000023841894858, -1.12499584897295790]
    [-0.00000083446535371, -1.00000059604605451, 0.00000035762762707, 4.00000037966528765]
  #7 objects/buildingsets/human/lowtech/alpha/int/roomsm/addon/roomsm_addon_trim_cable_rack_2m_a.cgf
    [-0.00000047153359545, -1.00000042674733680, -0.00000003422855685, 3.00000516729477340]
    [1.00000042674733747, -0.00000047153359545, -0.00000000000002907, 1.00000607464335189]
    [0.00000000000001293, -0.00000003422855685, 1.00000042674744782, 4.25000075933057531]
  #8 objects/buildingsets/human/lowtech/alpha/int/roomsm/addon/roomsm_addon_trim_cable_rack_4m_a.cgf
    [-0.00000047153359545, -1.00000042674733680, -0.00000003422855685, 3.00000356048502681]
    [1.00000042674733747, -0.00000047153359545, -0.00000000000002907, -2.99999672425929020]
    [0.00000000000001293, -0.00000003422855685, 1.00000042674744782, 4.25000075933057531]
  #9 objects/buildingsets/human/brand/decal/ident/primary_ident_line_thick_c_2m.cgf
    [-1.00000000000000000, 0.00000000000000000, 0.00000000000000000, -2.74998500000000945]
    [0.00000000000000000, -1.00000000000000000, 0.00000000000000000, -18.00000199999999495]
    [0.00000000000000000, 0.00000000000000000, 1.00000000000000000, 0.25000000000000000]
  #10 objects/buildingsets/human/brand/decal/ident/primary_ident_line_thick_c_1m.cgf
    [-1.00000000000000000, 0.00000000000000000, 0.00000000000000000, -2.74999199999999178]
    [0.00000000000000000, -1.00000000000000000, 0.00000000000000000, 3.99999900000000252]
    [0.00000000000000000, 0.00000000000000000, 1.00000000000000000, 0.25029299999999921]
  #11 objects/buildingsets/human/lowtech/bravo/int/pipe/pipe_electric_straight_02x002x002_a.cgf
    [-0.00000023841865016, 0.00000035762782602, 1.00000059604637426, 1.37500208264526691]
    [-1.00000059604609004, 0.00000083446526844, -0.00000023841894858, -3.12499730802937847]
    [-0.00000083446535371, -1.00000059604605451, 0.00000035762762707, 4.00000037966528765]
  #12 objects/buildingsets/human/brand/decal/ident/primary_ident_line_thick_c_1m.cgf
    [-1.00000000000000000, 0.00000000000000000, 0.00000000000000000, -1.99998700000000440]
    [0.00000000000000000, -1.00000000000000000, 0.00000000000000000, -13.75000099999999748]
    [0.00000000000000000, 0.00000000000000000, 1.00000000000000000, 0.25094399999999695]
  #13 objects/buildingsets/human/brand/decal/ident/primary_ident_line_thick_c_2m.cgf
    [-1.00000000000000000, 0.00000000000000000, 0.00000000000000000, -2.74999199999999178]
    [0.00000000000000000, -1.00000000000000000, 0.00000000000000000, 2.99999900000000252]
    [0.00000000000000000, 0.00000000000000000, 1.00000000000000000, 0.25000000000000000]
  #14 objects/buildingsets/human/lowtech/alpha/int/pipes/lowtech_pipe_1m_bend_90_inner_a.cgf
    [-0.00000131130304482, -0.00000002980283043, -1.00000056624381584, 1.62500043013443474]
    [1.00000056624291700, 0.00000134110560168, -0.00000131130308478, -8.75000104670266410]
    [0.00000134110564076, -1.00000056624377631, 0.00000002980107183, 4.50000101978642419]
  #15 objects/buildingsets/human/brand/decal/ident/primary_ident_line_thick_corner_bevel.cgf
    [1.00000000000000000, 0.00000000000000000, 0.00000000000000000, -1.74998700000000440]
    [0.00000000000000000, 1.00000000000000000, 0.00000000000000000, -13.75000099999999748]
    [0.00000000000000000, 0.00000000000000000, 1.00000000000000000, 0.25000000000000000]
  #16 objects/buildingsets/human/lowtech/alpha/int/pipes/lowtech_pipe_1m_straight_long_a.cgf
    [1.00000042674705236, 0.00000083446584678, -0.00000023841911482, 0.62500253492692082]
    [0.00000023841908626, 0.00000003422844525, 1.00000042674740008, -1.76155526925322192]
    [0.00000083446585494, -1.00000042674708034, 0.00000003422824630, 4.50000096018170836]
  #17 objects/buildingsets/human/lowtech/bravo/int/pipe/pipe_electric_straight_01x002x003_b.cgf
    [-0.00000023841865016, 0.00000035762782602, 1.00000059604637426, 1.37500475265039768]
    [-1.00000059604609004, 0.00000083446526844, -0.00000023841894858, 2.34970539564051251]
    [-0.00000083446535371, -1.00000059604605451, 0.00000035762762707, 4.50000101978642419]
  #18 objects/buildingsets/human/lowtech/alpha/int/roomsm/ceiling/roomsm_ceiling_slope_02x01x01_a.cgf
    [0.99999998134314316, -0.00000000000000000, 0.00000000000000000, -0.99999500000001262]
    [0.00000000000000000, 0.92718386231408201, 0.37460652443681236, -18.00000000000000000]
    [-0.00000000000000000, -0.37460652443681236, 0.92718386231408201, 3.75000000000000000]
  #19 objects/buildingsets/human/lowtech/bravo/int/pipe/pipe_electric_straight_01x002x002_a.cgf
    [-0.00000023841865016, 0.00000035762782602, 1.00000059604637426, 1.37500396544123760]
    [-1.00000059604609004, 0.00000083446526844, -0.00000023841894858, 0.37500511120845204]
    [-0.00000083446535371, -1.00000059604605451, 0.00000035762762707, 4.50000101978642419]
  #20 objects/buildingsets/human/lowtech/bravo/int/pipe/pipe_electric_bend_025x002x003_a.cgf
    [-0.00000119209325078, -1.00000056624365463, 0.00000014901170087, 1.37500356699223403]
    [-0.00000041723261390, 0.00000014901219836, 1.00000056624427813, 0.12500495117808441]
    [-1.00000056624357869, 0.00000119209318872, -0.00000041723279143, 4.25000069972585948]
  #21 objects/buildingsets/human/brand/decal/ident/primary_ident_line_thick_c_2m.cgf
    [-1.00000000000000000, 0.00000000000000000, 0.00000000000000000, -2.74998800000000188]
    [0.00000000000000000, -1.00000000000000000, 0.00000000000000000, -11.00000099999999748]
    [0.00000000000000000, 0.00000000000000000, 1.00000000000000000, 0.25000000000000000]
  #22 objects/buildingsets/human/lowtech/alpha/int/roomsm/ceiling/roomsm_ceiling_slope_02x01x01_a.cgf
    [-1.00000022825319856, -0.00000000000000000, 0.00000000000000000, -1.99998999999999683]
    [0.00000000000000000, -0.90630763899237576, -0.42261911931491558, -12.00000799999997980]
    [0.00000000000000000, -0.42261911931491558, 0.90630763899237576, 3.87500000000000000]
  #23 objects/buildingsets/human/brand/decal/ident/primary_ident_line_thick_corner_bevel.cgf
    [-0.00000064012100026, 1.00000042674731060, 0.00000000000000000, -2.24998600000000692]
    [-1.00000042674731060, -0.00000064012100026, -0.00000000000000000, -17.75000199999999495]
    [-0.00000000000000000, 0.00000000000000000, 1.00000042674751533, 0.25000000000000000]
  #24 objects/buildingsets/human/lowtech/bravo/int/pipe/pipe_electric_straight_01x002x003_b.cgf
    [-0.00000023841865016, 0.00000035762782602, 1.00000059604637426, 1.37500436714367424]
    [-1.00000059604609004, 0.00000083446526844, -0.00000023841894858, 1.37500575132946778]
    [-0.00000083446535371, -1.00000059604605451, 0.00000035762762707, 4.50000101978642419]
  #25 objects/buildingsets/human/lowtech/bravo/int/pipe/pipe_electric_straight_02x002x002_a.cgf
    [-0.00000023841865016, 0.00000035762782602, 1.00000059604637426, 1.37500047583546348]
    [-1.00000059604609004, 0.00000083446526844, -0.00000023841894858, -7.12500016653666535]
    [-0.00000083446535371, -1.00000059604605451, 0.00000035762762707, 4.00000037966528765]
  #26 objects/buildingsets/human/lowtech/bravo/int/pipe/pipe_electric_straight_02x002x002_a.cgf
    [-0.00000023841865016, 0.00000035762782602, 1.00000059604637426, 1.37500175607789288]
    [-1.00000059604609004, 0.00000083446526844, -0.00000023841894858, -5.12499864787571369]
    [-0.00000083446535371, -1.00000059604605451, 0.00000035762762707, 4.00000037966528765]
  #27 objects/buildingsets/human/lowtech/alpha/int/pipes/lowtech_pipe_1m_straight_short_b.cgf
    [-0.00000131130304482, -0.00000002980283043, -1.00000056624381584, 3.37457214450319043]
    [1.00000056624291700, 0.00000134110560168, -0.00000131130308478, -8.77141374357358927]
    [0.00000134110564076, -1.00000056624377631, 0.00000002980107183, 4.50000107939114713]
  #28 objects/buildingsets/human/lowtech/alpha/int/roomsm/ceiling/roomsm_ceiling_straight_04x01x0025_b.cgf
    [-1.00000095367425468, -0.00000016858742790, -0.00000003422855546, 3.00000155197284357]
    [0.00000016858742790, -1.00000095367425512, 0.00000000000000037, -8.00000016328294805]
    [-0.00000003422855546, -0.00000000000000540, 1.00000095367426867, 5.00000171951228367]
  #29 objects/buildingsets/human/lowtech/alpha/int/roomsm/addon/roomsm_addon_trim_cable_rack_4m_a.cgf
    [-0.00000047153359545, -1.00000042674733680, -0.00000003422855685, 3.00000010844689768]
    [1.00000042674733747, -0.00000047153359545, -0.00000000000002907, -11.00000208364599530]
    [0.00000000000001293, -0.00000003422855685, 1.00000042674744782, 4.25000075933057531]
  #30 objects/buildingsets/human/lowtech/bravo/int/pipe/pipe_electric_straight_005x002x003_a.cgf
    [-0.00000131447141140, 0.00000011920924057, -1.00000085349402790, 2.37500099023952771]
    [0.00000047683760130, -1.00000085349477819, -0.00000011920986736, -8.62500191710910258]
    [-1.00000085349392132, -0.00000047683775799, 0.00000131447135433, 4.50000101978642419]
  #31 objects/buildingsets/human/lowtech/alpha/int/roomsm/addon/roomsm_addon_trim_cable_rack_corner_1m_a.cgf
    [-0.00000030294620473, -1.00000042674734435, -0.00000003422855685, 3.00000597069958985]
    [1.00000042674734502, -0.00000030294620473, -0.00000000000002870, 3.00000735488538339]
    [0.00000000000001833, -0.00000003422855685, 1.00000042674739009, 4.25000075933057531]
  #32 objects/buildingsets/human/lowtech/alpha/int/roomsm/ceiling/roomsm_ceiling_straight_04x01x0025_b.cgf
    [-1.00000095367425468, -0.00000016858742790, -0.00000003422855546, 3.00000315878259016]
    [0.00000016858742790, -1.00000095367425512, 0.00000000000000037, -3.99999738007579708]
    [-0.00000003422855546, -0.00000000000000540, 1.00000095367426867, 5.00000171951228367]
  #33 objects/buildingsets/human/lowtech/alpha/int/pipes/lowtech_pipe_1m_straight_short_a.cgf
    [-0.00000131130304482, -0.00000002980283043, -1.00000056624381584, 2.74553421204831238]
    [1.00000056624291700, 0.00000134110560168, -0.00000131130308478, -9.75000096954659057]
    [0.00000134110564076, -1.00000056624377631, 0.00000002980107183, 4.50000101978642419]
  #34 objects/buildingsets/human/brand/decal/ident/primary_ident_line_thick_c_1m.cgf
    [-1.00000000000000000, 0.00000000000000000, 0.00000000000000000, -1.99185399999998936]
    [0.00000000000000000, -1.00000000000000000, 0.00000000000000000, -16.00000199999999495]
    [0.00000000000000000, 0.00000000000000000, 1.00000000000000000, 0.25051599999999752]
  #35 objects/buildingsets/human/lowtech/bravo/int/pipe/pipe_electric_straight_01x002x003_b.cgf
    [-0.00000023841865016, 0.00000035762782602, 1.00000059604637426, 1.37500501956947119]
    [-1.00000059604609004, 0.00000083446526844, -0.00000023841894858, 3.32537635786445662]
    [-0.00000083446535371, -1.00000059604605451, 0.00000035762762707, 4.50000101978642419]
  #36 objects/buildingsets/human/lowtech/alpha/int/roomsm/ceiling/roomsm_ceiling_slope_02x01x01_a.cgf
    [1.00000001927144311, -0.00000000000000000, 0.00000000000000000, -1.99999500000001262]
    [0.00000000000000000, 0.93969273530166131, 0.34201988504203734, -18.00000000000000000]
    [-0.00000000000000000, -0.34201988504203734, 0.93969273530166131, 3.75000000000000000]
  #37 objects/buildingsets/human/lowtech/alpha/int/roomsm/ceiling/roomsm_ceiling_slope_02x01x01_a.cgf
    [-1.00000074619058665, -0.00000000000000000, 0.00000000000000000, -2.99998999999999683]
    [0.00000000000000000, -0.92050544704737447, -0.39073163979622066, -12.00000799999997980]
    [0.00000000000000000, -0.39073163979622066, 0.92050544704737480, 3.87500000000000000]
  #38 objects/buildingsets/human/brand/decal/ident/primary_ident_line_thick_corner_bevel.cgf
    [-0.00000064012100026, 1.00000042674731060, 0.00000000000000000, -2.99999099999999430]
    [-1.00000042674731060, -0.00000064012100026, -0.00000000000000000, 0.49999900000000252]
    [-0.00000000000000000, 0.00000000000000000, 1.00000042674751533, 0.25000000000000000]
  #39 objects/buildingsets/human/brand/decal/ident/primary_ident_line_thick_corner_bevel.cgf
    [1.00000000000000000, 0.00000000000000000, 0.00000000000000000, -2.49998800000000188]
    [0.00000000000000000, 1.00000000000000000, 0.00000000000000000, -11.00000099999999748]
    [0.00000000000000000, 0.00000000000000000, 1.00000000000000000, 0.25000000000000000]
  #40 objects/buildingsets/human/lowtech/bravo/int/pipe/pipe_electric_bend_01x002x002_a.cgf
    [1.00000042674744338, 0.00000000000001005, 0.00000011920941673, 1.87500055096961660]
    [-0.00000011920941673, -0.00000047153359866, 1.00000042674733214, -8.62500223716972414]
    [0.00000000000006626, -1.00000042674733924, -0.00000047153359866, 4.00000037966528765]
  #41 objects/buildingsets/human/brand/decal/ident/primary_ident_line_thick_corner_bevel.cgf
    [-0.00000064012100026, -1.00000042674731060, 0.00000000000000000, -2.24998600000000692]
    [1.00000042674731060, -0.00000064012100026, 0.00000000000000000, -17.50000199999999495]
    [0.00000000000000000, 0.00000000000000000, 1.00000042674751533, 0.25000000000000000]
  #42 objects/buildingsets/human/universal/prop/dressing/poster/poster_band_1_gutterwash_b.cgf
    [-1.00000014193337394, 0.00000000000000000, 0.00000000000000000, -3.27793700000000854]
    [0.00000000000000000, -0.99984782083422796, 0.01745333893023931, -19.39163599999994858]
    [0.00000000000000000, 0.01745333893023931, 0.99984782083422830, 1.92363399999999984]
  #43 objects/buildingsets/human/brand/decal/ident/primary_ident_line_thick_c_1m.cgf
    [-1.00000000000000000, 0.00000000000000000, 0.00000000000000000, -1.99185399999998936]
    [0.00000000000000000, -1.00000000000000000, 0.00000000000000000, -16.25434800000004998]
    [0.00000000000000000, 0.00000000000000000, 1.00000000000000000, 0.25297400000000181]
  #44 objects/buildingsets/human/lowtech/alpha/int/roomsm/ceiling/roomsm_ceiling_straight_04x02x0025_a.cgf
    [-0.00000064012100026, -1.00000042674731060, 0.00000000000000000, 1.00001200000002655]
    [1.00000042674731060, -0.00000064012100026, 0.00000000000000000, -20.00000599999998485]
    [0.00000000000000000, 0.00000000000000000, 1.00000042674751533, 4.00000000000000000]
  #45 objects/buildingsets/human/lowtech/bravo/int/prop/light/light_fluorescent_b.cgf
    [0.58625934417617787, 0.00000000000000000, 0.00000000000000000, 0.94660499999997683]
    [0.00000000000000000, -0.41454857240640808, 0.41454734319458764, -14.22074399999996785]
    [0.00000000000000000, -0.41454734319458764, -0.41454857240640808, 3.42674399999999935]
  #46 objects/buildingsets/human/lowtech/alpha/int/roomsm/ceiling/roomsm_ceiling_slope_02x02x01_a.cgf
    [1.00000001927144311, -0.00000000000000000, 0.00000000000000000, 1.00000499999998738]
    [0.00000000000000000, 0.93969273530166131, 0.34201988504203734, -18.00000000000000000]
    [-0.00000000000000000, -0.34201988504203734, 0.93969273530166131, 3.75000000000000000]
  #47 objects/buildingsets/human/lowtech/bravo/int/prop/light/light_fluorescent_b.cgf
    [-0.58625940194836113, 0.00000000000000000, 0.00000000000000000, -0.92924099999999044]
    [0.00000000000000000, 0.41454861325757131, -0.41454738404562980, -15.76810499999999138]
    [-0.00000000000000000, -0.41454738404562980, -0.41454861325757109, 3.42674399999999935]
  #48 objects/buildingsets/human/lowtech/alpha/ext/addon/fan_b.cgf
    [0.00000000000000000, -0.11999999731779100, 0.00000000000000000, 1.49616500000001906]
    [0.00000000000000000, 0.00000000000000000, 0.11999999731779100, -10.75000000000000000]
    [-0.11999999731779100, 0.00000000000000000, 0.00000000000000000, 4.94680600000000226]
  #49 objects/buildingsets/human/brand/decal/ident/primary_ident_line_thick_c_2m.cgf
    [-1.00000000000000000, 0.00000000000000000, 0.00000000000000000, 2.50001200000002655]
    [0.00000000000000000, -1.00000000000000000, 0.00000000000000000, -10.99999900000000252]
    [0.00000000000000000, 0.00000000000000000, 1.00000000000000000, 0.25000000000000000]
  #50 objects/buildingsets/human/lowtech/alpha/int/roomsm/ceiling/roomsm_ceiling_slope_02x01x01_a.cgf
    [-1.00000074619058665, -0.00000000000000000, 0.00000000000000000, 2.00000299999999243]
    [0.00000000000000000, -0.92050544704737447, -0.39073163979622066, -12.00000000000000000]
    [0.00000000000000000, -0.39073163979622066, 0.92050544704737480, 3.87500000000000000]
  #51 objects/buildingsets/human/lowtech/alpha/int/roomsm/ceiling/roomsm_ceiling_slope_02x02x01_a.cgf
    [-1.00000074619058665, -0.00000000000000000, 0.00000000000000000, -0.99998999999999683]
    [0.00000000000000000, -0.92050544704737447, -0.39073163979622066, -12.00000699999998233]
    [0.00000000000000000, -0.39073163979622066, 0.92050544704737480, 3.87500000000000000]
  #52 objects/buildingsets/human/brand/decal/ident/primary_ident_line_thick_c_1m.cgf
    [-1.00000000000000000, 0.00000000000000000, 0.00000000000000000, 1.75001400000002150]
    [0.00000000000000000, -1.00000000000000000, 0.00000000000000000, -16.12499900000000252]
    [0.00000000000000000, 0.00000000000000000, 1.00000000000000000, 0.25320200000000170]
  #53 objects/buildingsets/human/brand/decal/ident/primary_ident_line_thick_corner_bevel.cgf
    [-0.00000064012100026, -1.00000042674731060, 0.00000000000000000, 2.25000299999999243]
    [1.00000042674731060, -0.00000064012100026, 0.00000000000000000, -13.25000000000000000]
    [0.00000000000000000, 0.00000000000000000, 1.00000042674751533, 0.25000000000000000]
  #54 objects/buildingsets/human/brand/decal/ident/primary_ident_line_thick_c_2m.cgf
    [-1.00000000000000000, 0.00000000000000000, 0.00000000000000000, 2.50001400000002150]
    [0.00000000000000000, -1.00000000000000000, 0.00000000000000000, -18.00000000000000000]
    [0.00000000000000000, 0.00000000000000000, 1.00000000000000000, 0.25000000000000000]
  #55 objects/buildingsets/human/brand/decal/ident/primary_ident_line_thick_corner_bevel.cgf
    [1.00000000000000000, 0.00000000000000000, 0.00000000000000000, 2.75001400000002150]
    [0.00000000000000000, 1.00000000000000000, 0.00000000000000000, -17.87500000000000000]
    [0.00000000000000000, 0.00000000000000000, 1.00000000000000000, 0.25000000000000000]
  #56 objects/buildingsets/human/universal/prop/dressing/poster/poster_band_2_los-imperators_c.cgf
    [0.99999999936368766, -0.00000000000000000, 0.00000000000000000, 3.27531800000002704]
    [0.00000000000000000, 0.99862952963308327, 0.05233604180851161, -18.72087999999996555]
    [-0.00000000000000000, -0.05233604180851161, 0.99862952963308327, 2.08432400000000229]
  #57 objects/buildingsets/human/brand/decal/ident/primary_ident_line_thick_corner_bevel.cgf
    [-1.00000000000000000, 0.00000000000000000, 0.00000000000000000, 2.50000899999997728]
    [0.00000000000000000, -1.00000000000000000, 0.00000000000000000, 1.00000099999999748]
    [0.00000000000000000, 0.00000000000000000, 1.00000000000000000, 0.25000000000000000]
  #58 objects/buildingsets/human/lowtech/alpha/int/roomsm/ceiling/roomsm_ceiling_straight_02x02x0025_a.cgf
    [-0.00000064012100026, -1.00000042674731060, 0.00000000000000000, 3.00001200000002655]
    [1.00000042674731060, -0.00000064012100026, 0.00000000000000000, -20.00000599999998485]
    [0.00000000000000000, 0.00000000000000000, 1.00000042674751533, 4.00000000000000000]
  #59 objects/buildingsets/human/brand/decal/ident/primary_ident_line_thick_c_2m.cgf
    [-1.00000000000000000, 0.00000000000000000, 0.00000000000000000, 2.50000799999997980]
    [0.00000000000000000, -1.00000000000000000, 0.00000000000000000, 3.00000099999999748]
    [0.00000000000000000, 0.00000000000000000, 1.00000000000000000, 0.25000000000000000]
  #60 objects/buildingsets/human/brand/decal/logo/primary_logo_med.cgf
    [-2.00000028386674877, 0.00000000000000000, 0.00000000000000000, 0.00000299999999243]
    [0.00000000000000000, 1.99969564179816328, -0.03490667042997807, -13.15223100000002887]
    [-0.00000000000000000, -0.03490667042997807, -1.99969564179816328, 3.73107999999999862]
  #61 objects/buildingsets/human/brand/decal/ident/primary_ident_arrow_c.cgf
    [-1.00000000000000000, 0.00000000000000000, 0.00000000000000000, -0.01739900000001171]
    [0.00000000000000000, -1.00000000000000000, 0.00000000000000000, -13.04937199999994846]
    [0.00000000000000000, 0.00000000000000000, 1.00000000000000000, 0.25270600000000343]
  #62 objects/buildingsets/human/lowtech/prop/light/light_landing_1_a.cgf
    [-0.31993813801904392, 0.00512066820313717, 0.00364170021620129, 1.50700199999999995]
    [0.00486356963991421, 0.31923323024537886, -0.02159596674989693, -10.75403700000003937]
    [-0.00397855673190736, -0.02153645390166006, -0.31924950684703768, 4.63088700000000131]
  #63 objects/buildingsets/human/brand/decal/ident/primary_ident_arrow_c.cgf
    [1.00000000000000000, 0.00000000000000000, 0.00000000000000000, 0.01752599999997528]
    [0.00000000000000000, 1.00000000000000000, 0.00000000000000000, -16.94740300000000843]
    [0.00000000000000000, 0.00000000000000000, 1.00000000000000000, 0.25333100000000286]
  #64 objects/buildingsets/human/brand/decal/ident/primary_ident_line_thick_c_1m.cgf
    [-1.00000000000000000, 0.00000000000000000, 0.00000000000000000, 1.75001400000002150]
    [0.00000000000000000, -1.00000000000000000, 0.00000000000000000, -15.25000000000000000]
    [0.00000000000000000, 0.00000000000000000, 1.00000000000000000, 0.25004899999999708]
  #65 objects/buildingsets/human/brand/decal/ident/primary_ident_line_thick_corner_bevel.cgf
    [-1.00000000000000000, 0.00000000000000000, 0.00000000000000000, 1.75001400000002150]
    [0.00000000000000000, -1.00000000000000000, 0.00000000000000000, -17.12500099999999748]
    [0.00000000000000000, 0.00000000000000000, 1.00000000000000000, 0.25000000000000000]
  #66 objects/buildingsets/human/brand/decal/logo/primary_logo_med.cgf
    [1.99999814406398135, 0.00000000000000000, 0.00000000000000000, 0.00000399999998990]
    [0.00000000000000000, -1.99725719951401315, 0.10467213214992749, -16.78959099999997306]
    [0.00000000000000000, -0.10467213214992749, -1.99725719951401315, 3.67226200000000347]
  #67 objects/buildingsets/human/brand/decal/ident/primary_ident_line_thick_corner_bevel.cgf
    [-0.00000064012100026, 1.00000042674731060, 0.00000000000000000, 2.25000299999999243]
    [-1.00000042674731060, -0.00000064012100026, -0.00000000000000000, -13.50000000000000000]
    [-0.00000000000000000, 0.00000000000000000, 1.00000042674751533, 0.25000000000000000]
  #68 objects/buildingsets/human/lowtech/alpha/int/roomsm/ceiling/roomsm_ceiling_slope_02x01x01_a.cgf
    [1.00000001927144311, -0.00000000000000000, 0.00000000000000000, 3.00000499999998738]
    [0.00000000000000000, 0.93969273530166131, 0.34201988504203734, -18.00000000000000000]
    [-0.00000000000000000, -0.34201988504203734, 0.93969273530166131, 3.75000000000000000]
  #69 objects/buildingsets/human/brand/decal/ident/primary_ident_line_thick_corner_bevel.cgf
    [-0.00000064012100026, -1.00000042674731060, 0.00000000000000000, 3.00000199999999495]
    [1.00000042674731060, -0.00000064012100026, 0.00000000000000000, -10.49999900000000252]
    [0.00000000000000000, 0.00000000000000000, 1.00000042674751533, 0.25000000000000000]
  #70 objects/buildingsets/human/brand/rr/signs/rr_screen_do_not_block.cgf
    [-0.99999995436195221, 0.00000002980233836, 0.00000007425739514, 0.00000299999999243]
    [0.00000007425739914, 0.00000013435885535, 0.99999995436194367, -11.74538862705230713]
    [0.00000002980232838, 0.99999995436194589, -0.00000013435885746, 3.77182100000000275]
  #71 objects/buildingsets/human/brand/rr/signs/rr_screen_do_not_block.cgf
    [0.99999997718097122, -0.00000002980233700, -0.00000007425739175, 0.00000499999998738]
    [-0.00000007425739575, -0.00000013435885835, -0.99999997718096256, -18.25461137294769287]
    [0.00000002980232702, 0.99999997718096478, -0.00000013435886057, 3.75000000000000000]
  #72 objects/buildingsets/human/lowtech/alpha/int/roomsm/ceiling/roomsm_ceiling_straight_04x02x0025_d.cgf
    [-0.00000064012100059, -1.00000042674731016, -0.00000003422855559, 2.00000228024254056]
    [1.00000042674731082, -0.00000064012100059, -0.00000000000002819, -3.99999827621536497]
    [0.00000000000000628, -0.00000003422855559, 1.00000042674751488, 5.00000171951228367]
  #73 objects/buildingsets/human/lowtech/alpha/int/roomsm/addon/roomsm_addon_trim_cable_rack_4m_a.cgf
    [0.99999999999994260, 0.00000033717501659, -0.00000003422869613, -2.00000373228084527]
    [-0.00000033717501659, 0.99999999999994316, -0.00000000000005829, -12.00000735488526971]
    [0.00000003422869613, 0.00000000000006983, 0.99999999999999944, 4.25000058051641361]
  #74 objects/buildingsets/human/lowtech/alpha/int/pipes/lowtech_pipe_1m_bend_90_inner_a.cgf
    [-0.00000131130304482, -0.00000002980283043, -1.00000056624381584, 0.62499861344974761]
    [1.00000056624291700, 0.00000134110560168, -0.00000131130308478, -9.75000280378276329]
    [0.00000134110564076, -1.00000056624377631, 0.00000002980107183, 4.50000096018170836]
  #75 objects/buildingsets/human/lowtech/alpha/int/roomsm/addon/roomsm_addon_trim_cable_rack_4m_a.cgf
    [-1.00000095367424047, -0.00000033717485581, -0.00000003422854836, 2.00000573228084022]
    [0.00000033717485581, -1.00000095367424091, -0.00000000000000051, 4.00000735488526971]
    [-0.00000003422854836, -0.00000000000001205, 1.00000095367429709, 4.25000069972585948]
  #76 objects/buildingsets/human/lowtech/alpha/int/pipes/lowtech_pipe_1m_straight_short_a.cgf
    [1.00000042674705236, 0.00000083446584678, -0.00000023841911482, -0.37499661759429159]
    [0.00000023841908626, 0.00000003422844525, 1.00000042674740008, 2.23844617427198500]
    [0.00000083446585494, -1.00000042674708034, 0.00000003422824630, 4.50000096018170836]
  #77 objects/buildingsets/human/lowtech/prop/sign/navigation/nav_sign_1_0225x0025x00625_a.cgf
    [1.00000000000000000, 0.00000000000000000, 0.00000000000000000, 0.00000299999999243]
    [0.00000000000000000, 1.00000000000000000, 0.00000000000000000, -11.75000000000000000]
    [0.00000000000000000, 0.00000000000000000, 1.00000000000000000, 3.77182100000000275]
  #78 objects/buildingsets/human/lowtech/bravo/int/prop/grate/grate_04x0015x02_a.cgf
    [-1.00000096588620457, 0.00001189105771107, -0.00001189119904197, 1.87500394647548774]
    [0.00001189106632649, -0.00001116096810258, -1.00000096589462140, 0.03160616360037238]
    [-0.00001189119042666, -1.00000096589462140, 0.00001116082670377, 4.21540802695990635]
  #79 objects/buildingsets/human/lowtech/prop/sign/navigation/nav_sign_1_0225x0025x00625_a.cgf
    [-1.00000000000000000, 0.00000000000000000, 0.00000000000000000, 0.00000499999998738]
    [0.00000000000000000, -1.00000000000000000, 0.00000000000000000, -18.25000000000000000]
    [0.00000000000000000, 0.00000000000000000, 1.00000000000000000, 3.75000000000000000]
  #80 objects/buildingsets/human/lowtech/alpha/int/roomsm/addon/roomsm_addon_trim_cable_rack_corner_1m_a.cgf
    [0.99999999999977207, 0.00000067435003317, -0.00000003422859310, 1.99999906662304738]
    [-0.00000067435003317, 0.99999999999977263, -0.00000000000001860, -12.00000384072563975]
    [0.00000003422859310, 0.00000000000004169, 0.99999999999999944, 4.25000069972585948]
  #81 objects/buildingsets/human/lowtech/bravo/int/prop/grate/grate_04x0015x02_a.cgf
    [-1.00000096588620457, 0.00001189105771107, -0.00001189119904197, 1.37500062900380726]
    [0.00001189106632649, -0.00001116096810258, -1.00000096589462140, -6.14080168153543582]
    [-0.00001189119042666, -1.00000096589462140, 0.00001116082670377, 4.21540802695990635]
  #82 objects/buildingsets/human/lowtech/alpha/int/pipes/lowtech_pipe_1m_straight_long_a.cgf
    [1.00000042674705236, 0.00000083446584678, -0.00000023841911482, -0.37499936250796395]
    [0.00000023841908626, 0.00000003422844525, 1.00000042674740008, -4.75000036250798985]
    [0.00000083446585494, -1.00000042674708034, 0.00000003422824630, 4.50000096018170836]
  #83 objects/buildingsets/human/lowtech/bravo/int/prop/grate/grate_04x0015x02_a.cgf
    [-1.00000096588620457, 0.00001189105771107, -0.00001189119904197, 1.50169403434182414]
    [0.00001189106632649, -0.00001116096810258, -1.00000096589462140, -9.37500152570919454]
    [-0.00001189119042666, -1.00000096589462140, 0.00001116082670377, 4.21540799715754844]
  #84 objects/buildingsets/human/lowtech/alpha/int/roomsm/ceiling/roomsm_ceiling_straight_04x02x0025_d.cgf
    [-0.00000064012100059, -1.00000042674731016, -0.00000003422855559, 2.00000308364752755]
    [1.00000042674731082, -0.00000064012100059, -0.00000000000002819, -1.99999672425951758]
    [0.00000000000000628, -0.00000003422855559, 1.00000042674751488, 5.00000171951228367]
  #85 objects/buildingsets/human/lowtech/alpha/int/roomsm/ceiling/roomsm_ceiling_straight_04x04x0025_b.cgf
    [-1.00000095367425468, -0.00000016858742790, -0.00000003422855546, 2.00000537465274419]
    [0.00000016858742790, -1.00000095367425512, 0.00000000000000037, 4.00000735488504233]
    [-0.00000003422855546, -0.00000000000000540, 1.00000095367426867, 5.00000171951228367]
  #86 objects/buildingsets/human/lowtech/alpha/int/pipes/lowtech_pipe_1m_straight_long_a.cgf
    [1.00000042674705236, 0.00000083446584678, -0.00000023841911482, 0.62500133721817974]
    [0.00000023841908626, 0.00000003422844525, 1.00000042674740008, -4.74999924554936115]
    [0.00000083446585494, -1.00000042674708034, 0.00000003422824630, 4.50000096018170836]
  #87 objects/buildingsets/human/lowtech/alpha/int/roomsm/panel/roomsm_panel_04x04x0025_a.cgf
    [-0.00000023841860752, -0.00000035762795392, 1.00000059604634584, -2.00000116366254588]
    [1.00000059604640268, 0.00000011920931797, 0.00000023841865016, -6.12500311733685976]
    [-0.00000011920940324, 1.00000059604636715, 0.00000035762792550, 4.09438847882012169]
  #88 objects/buildingsets/human/lowtech/alpha/int/roomsm/ceiling/roomsm_ceiling_straight_04x04x0025_c.cgf
    [-1.00000095367425468, -0.00000016858742790, -0.00000003422855546, 2.00000228024254056]
    [0.00000016858742790, -1.00000095367425512, 0.00000000000000037, -3.99999827619592452]
    [-0.00000003422855546, -0.00000000000000540, 1.00000095367426867, 5.00000171951228367]
  #89 objects/buildingsets/human/lowtech/prop/light/light_ceiling_3_a.cgf
    [-0.00000064012100059, 1.00000042674731016, -0.00000003422855685, 0.25000018557659587]
    [-1.00000042674731082, -0.00000064012100059, 0.00000000000001689, -6.50000144027217175]
    [-0.00000000000000502, 0.00000003422855685, 1.00000042674751488, 4.25448291514663879]
  #90 objects/buildingsets/human/lowtech/prop/light/light_ceiling_3_a.cgf
    [-0.00000064012100059, 1.00000042674731016, -0.00000003422855685, 0.25000230553280289]
    [-1.00000042674731082, -0.00000064012100059, 0.00000000000001689, -0.99999791960681250]
    [-0.00000000000000502, 0.00000003422855685, 1.00000042674751488, 4.25000064012113654]
  #91 objects/buildingsets/human/lowtech/alpha/int/pipes/lowtech_pipe_1m_straight_long_a.cgf
    [1.00000042674705236, 0.00000083446584678, -0.00000023841911482, 0.62499989369212017]
    [0.00000023841908626, 0.00000003422844525, 1.00000042674740008, -7.75000128512181163]
    [0.00000083446585494, -1.00000042674708034, 0.00000003422824630, 4.50000096018170836]
  #92 objects/buildingsets/human/lowtech/bravo/int/pipe/pipe_electric_bend_025x002x003_a.cgf
    [0.00000053999048706, 1.00000042674706702, -0.00000031873496653, 1.37500352617132648]
    [-1.00000042674710987, 0.00000053999052703, 0.00000012535046329, -0.12499520885216953]
    [0.00000012535063540, 0.00000031873489884, 1.00000042674720491, 4.00000037966528765]
  #93 objects/buildingsets/human/lowtech/alpha/int/pipes/lowtech_pipe_1m_straight_long_a.cgf
    [1.00000042674705236, 0.00000083446584678, -0.00000023841911482, -0.37500096931779581]
    [0.00000023841908626, 0.00000003422844525, 1.00000042674740008, -8.75000328062003518]
    [0.00000083446585494, -1.00000042674708034, 0.00000003422824630, 4.50000096018170836]
  #94 objects/buildingsets/human/lowtech/alpha/int/roomsm/ceiling/roomsm_ceiling_straight_04x04x0025_c.cgf
    [-1.00000095367425468, -0.00000016858742790, -0.00000003422855546, 2.00000091185137308]
    [0.00000016858742790, -1.00000095367425512, 0.00000000000000037, -8.00000128024146306]
    [-0.00000003422855546, -0.00000000000000540, 1.00000095367426867, 5.00000171951228367]
  #95 objects/buildingsets/human/lowtech/alpha/int/pipes/lowtech_pipe_1m_straight_long_a.cgf
    [1.00000042674705236, 0.00000083446584678, -0.00000023841911482, -0.37499813499687207]
    [0.00000023841908626, 0.00000003422844525, 1.00000042674740008, -1.76155638621185062]
    [0.00000083446585494, -1.00000042674708034, 0.00000003422824630, 4.50000096018170836]
  #96 objects/buildingsets/human/lowtech/alpha/int/roomsm/ceiling/roomsm_ceiling_slope_02x01x01_a.cgf
    [0.99999998134314316, -0.00000000000000000, 0.00000000000000000, 2.00000499999998738]
    [0.00000000000000000, 0.92718386231408201, 0.37460652443681236, -18.00000000000000000]
    [-0.00000000000000000, -0.37460652443681236, 0.92718386231408201, 3.75000000000000000]
  #97 objects/buildingsets/human/lowtech/alpha/int/roomsm/ceiling/roomsm_ceiling_slope_02x01x01_a.cgf
    [-1.00000022825319856, -0.00000000000000000, 0.00000000000000000, 1.00000299999999243]
    [0.00000000000000000, -0.90630763899237576, -0.42261911931491558, -12.00000000000000000]
    [0.00000000000000000, -0.42261911931491558, 0.90630763899237576, 3.87500000000000000]
  #98 objects/buildingsets/human/lowtech/bravo/int/pipe/pipe_electric_bend_01x002x002_a.cgf
    [-1.00000095367426978, -0.00000000000008724, 0.00000046681273722, 1.87500055096961660]
    [-0.00000000000008725, -1.00000095367430886, -0.00000037379050598, -8.62500223716972414]
    [0.00000046681273722, -0.00000037379050598, 1.00000095367419983, 4.00000037966528765]
  #99 objects/buildingsets/human/lowtech/prop/utilitarian/sign/sign_advert_2_1x4_a.cgf
    [-0.36966587736057960, 0.36966591471103921, 0.00000028668699829, 2.67987399999998388]
    [-0.36966591471103921, -0.36966587736004286, -0.00000069212372163, -13.66297299999996540]
    [-0.00000028668709138, -0.00000069212368307, 0.52278652372018675, 2.04204800000000120]
  #100 objects/buildingsets/human/lowtech/alpha/int/roomsm/addon/roomsm_addon_trim_cable_rack_corner_1m_a.cgf
    [-1.00000095367424047, -0.00000033717485581, -0.00000003422854836, -1.99999706662302401]
    [0.00000033717485581, -1.00000095367424091, -0.00000000000000051, 4.00000384072563975]
    [-0.00000003422854836, -0.00000000000001205, 1.00000095367429709, 4.25000058051641361]
  #101 objects/buildingsets/human/lowtech/bravo/int/cable/cable_straight_02x01x02_a.cgf
    [-0.00000083446563082, -0.00000083446521870, -1.00000059604606162, -1.12500144778195477]
    [1.00000059604629610, -0.00000047683739979, -0.00000083446523291, -8.37500352066558662]
    [-0.00000047683670346, -1.00000059604629610, 0.00000083446561661, 4.50000090057698543]
  #102 objects/buildingsets/human/lowtech/alpha/int/roomsm/ceiling/roomsm_ceiling_straight_04x01x0025_b.cgf
    [-1.00000095367425468, -0.00000016858742790, -0.00000003422855546, 3.00000452717364396]
    [0.00000016858742790, -1.00000095367425512, 0.00000000000000037, 0.00000543452222246]
    [-0.00000003422855546, -0.00000000000000540, 1.00000095367426867, 5.00000171951228367]
  #103 objects/buildingsets/human/lowtech/alpha/int/roomsm/ceiling/roomsm_ceiling_straight_04x01x0025_b.cgf
    [-1.00000095367425468, -0.00000016858742790, -0.00000003422855546, -2.00000212547124079]
    [0.00000016858742790, -1.00000095367425512, 0.00000000000000037, -8.00000479440132040]
    [-0.00000003422855546, -0.00000000000000540, 1.00000095367426867, 5.00000148109339904]
  #104 objects/buildingsets/human/lowtech/prop/utilitarian/sign/sign_advert_2_1x4_a.cgf
    [-0.36966599333802164, -0.36966579544069494, -0.00000028668700831, -2.67528100000001245]
    [0.36966579544069494, -0.36966599333748484, -0.00000069212371228, -13.66762400000004618]
    [0.00000028668685745, -0.00000069212377477, 0.52278652139177140, 2.03936199999999701]
  #105 objects/buildingsets/human/lowtech/alpha/int/roomsm/addon/roomsm_addon_trim_cable_rack_4m_a.cgf
    [-0.00000097729585241, 1.00000042674720024, -0.00000003422855685, -3.00000236388981989]
    [-1.00000042674720091, -0.00000097729585241, 0.00000000000001763, -7.00000455598274129]
    [-0.00000000000001582, 0.00000003422855685, 1.00000042674767764, 4.25000055071405569]
  #106 objects/buildingsets/human/lowtech/alpha/int/pipes/lowtech_pipe_1m_straight_short_a.cgf
    [1.00000042674705236, 0.00000083446584678, -0.00000023841911482, 0.62500408213185210]
    [0.00000023841908626, 0.00000003422844525, 1.00000042674740008, 2.23844729123061370]
    [0.00000083446585494, -1.00000042674708034, 0.00000003422824630, 4.50000096018170836]
  #107 objects/buildingsets/human/lowtech/bravo/int/pipe/pipe_electric_straight_01x002x002_a.cgf
    [-0.00000023841865016, 0.00000035762782602, 1.00000059604637426, 1.37500031255177646]
    [-1.00000059604609004, 0.00000083446526844, -0.00000023841894858, -8.12500080665756741]
    [-0.00000083446535371, -1.00000059604605451, 0.00000035762762707, 4.00000037966528765]
  #108 objects/buildingsets/human/lowtech/alpha/int/hab/ceiling/hab_ceiling_fan_base_01x01x01_a.cgf
    [-0.00000041449186994, 1.36820378676044863, -0.00000032687679950, -1.10899036248494554]
    [-1.36820378676020749, -0.00000041449166062, 0.00000087581599589, -9.18841002169517651]
    [0.00000087581589686, 0.00000032687706482, 1.36820378676023124, 4.30415301934377226]
  #109 objects/buildingsets/human/lowtech/alpha/int/roomsm/addon/roomsm_addon_trim_cable_rack_corner_1m_a.cgf
    [-0.00000097729585241, 1.00000042674720024, -0.00000003422855685, -3.00000397069959490]
    [-1.00000042674720091, -0.00000097729585241, 0.00000000000001763, -11.00000735488538339]
    [-0.00000000000001582, 0.00000003422855685, 1.00000042674767764, 4.25000055071405569]
  #110 objects/buildingsets/human/lowtech/prop/utilitarian/machine/machine_extractor_1_a.cgf
    [-0.83243250368895860, -0.00000029770088826, 0.00000029770083807, -1.59896743311628597]
    [-0.00000029770107882, 0.00000067319488675, -0.83243250368873967, 0.87850971343675610]
    [0.00000029770064750, -0.83243250368873967, -0.00000067319499313, 4.99139718197663029]
  #111 objects/buildingsets/human/lowtech/alpha/int/roomsm/addon/roomsm_addon_trim_cable_rack_4m_a.cgf
    [-0.00000097729585241, 1.00000042674720024, -0.00000003422855685, -2.99999891185169076]
    [-1.00000042674720091, -0.00000097729585241, 0.00000000000001763, 1.00000080340407749]
    [-0.00000000000001582, 0.00000003422855685, 1.00000042674767764, 4.25000055071405569]
  #112 objects/buildingsets/human/lowtech/alpha/int/roomsm/ceiling/roomsm_ceiling_straight_04x01x0025_b.cgf
    [-1.00000095367425468, -0.00000016858742790, -0.00000003422855546, -1.99999754346049485]
    [0.00000016858742790, -1.00000095367425512, 0.00000000000000037, 4.00000384072529869]
    [-0.00000003422855546, -0.00000000000000540, 1.00000095367426867, 5.00000148109339904]
  #113 objects/buildingsets/human/lowtech/prop/light/light_hazard_1_b.cgf
    [-1.00000095367424846, -0.00000025288113475, -0.00000005319480755, -1.34928267785707590]
    [-0.00000025288113475, 1.00000095367424979, -0.00000000000004190, -7.83801649264592015]
    [0.00000005319480755, -0.00000000000002844, -1.00000095367428044, 4.84672257640156801]
  #114 objects/buildingsets/human/lowtech/alpha/int/roomsm/addon/roomsm_addon_trim_cable_rack_2m_a.cgf
    [-0.00000097729585241, 1.00000042674720024, -0.00000003422855685, -2.99999810844687431]
    [-1.00000042674720091, -0.00000097729585241, 0.00000000000001763, 3.00000208364599530]
    [-0.00000000000001582, 0.00000003422855685, 1.00000042674767764, 4.25000055071405569]
  #115 objects/buildingsets/human/lowtech/alpha/int/roomsm/addon/roomsm_addon_trim_cable_rack_4m_a.cgf
    [-0.00000097729585241, 1.00000042674720024, -0.00000003422855685, -3.00000075708013014]
    [-1.00000042674720091, -0.00000097729585241, 0.00000000000001763, -3.00000187628938875]
    [-0.00000000000001582, 0.00000003422855685, 1.00000042674767764, 4.25000055071405569]
  #116 objects/buildingsets/human/lowtech/bravo/int/cable/cable_corner_01x01x01_c.cgf
    [-0.00000083446563082, -0.00000083446521870, -1.00000059604606162, -1.12500252391964750]
    [1.00000059604629610, -0.00000047683739979, -0.00000083446523291, -9.12500400075680318]
    [-0.00000047683670346, -1.00000059604629610, 0.00000083446561661, 4.50000090057698543]
  #117 objects/buildingsets/human/lowtech/prop/utilitarian/machine/machine_extractor_1_a.cgf
    [0.83243214845096314, -0.00000029770114234, -0.00000029770109215, -1.59896678974178030]
    [0.00000029770095178, -0.00000039251966242, 0.83243214845092373, 2.62851083364841998]
    [-0.00000029770128272, -0.83243214845092373, -0.00000039251955595, 4.99139718197663029]
  #118 objects/buildingsets/human/lowtech/alpha/int/hab/ceiling/hab_ceiling_fan_base_01x01x01_a.cgf
    [-0.00000041449186994, 1.36820378676044863, -0.00000032687679950, -1.10898975993120530]
    [-1.36820378676020749, -0.00000041449166062, 0.00000087581599589, -7.68840882309496010]
    [0.00000087581589686, 0.00000032687706482, 1.36820378676023124, 4.30415301934377226]
  #119 objects/buildingsets/human/brand/decal/ident/primary_ident_line_thick_c_1m.cgf
    [-1.00000000000000000, 0.00000000000000000, 0.00000000000000000, 1.75001300000002402]
    [0.00000000000000000, -1.00000000000000000, 0.00000000000000000, -13.75000000000000000]
    [0.00000000000000000, 0.00000000000000000, 1.00000000000000000, 0.25094399999999695]
