# IncludedObjects
# Cgfs: 23, Materials: 8, Palettes: 7, Placements: 36

[CGFs]
      0: objects/buildingsets/human/lowtech/prop/storage/crate/crate_dry_1_0125x0125x00625_a.cgf
      1: data/objects/planets/terrain_extension/biome_embed_piles/pile_wall_20x10x04_b.cgf
      2: objects/buildingsets/human/colonialism/col_a/ext/addons/wall/col_a_addn_ext_wall_stght_4m_a.cgf
      3: objects/buildingsets/human/lowtech/prop/storage/crate/crate_weapon_1_01x005x0025_b.cgf
      4: objects/buildingsets/human/colonialism/col_a/ext/habitation/col_a_ext_hab_addon_fuel_tank_a.cgf
      5: data/objects/planets/terrain_extension/biome_embed_piles/pile_mound_10x5x04_c.cgf
      6: objects/buildingsets/human/colonialism/col_a/ext/addons/wall/col_a_addn_ext_wall_end_1m_a.cgf
      7: data/objects/planets/terrain_extension/biome_embed_piles/pile_mound_20x05x04_b.cgf
      8: data/objects/planets/terrain_extension/biome_embed_piles/pile_wall_20x05x02_a.cgf
      9: objects/buildingsets/human/colonialism/col_a/ext/addons/wall/col_a_addn_ext_wall_cnr_b_4m_a.cgf
     10: objects/buildingsets/human/colonialism/col_a/ext/addons/col_a_ext_adn_floorplate_stucco_8x8m_a.cgf
     11: objects/buildingsets/human/colonialism/col_a/ext/addons/wall/col_a_addn_ext_wall_stght_4m_broken_a.cgf
     12: objects/buildingsets/human/colonialism/props/dressing/cloth/cloth_col_5_a.cgf
     13: objects/buildingsets/human/lowtech/prop/storage/crate/crate_weapon_1_01x005x0025_a.cgf
     14: objects/buildingsets/human/lowtech/prop/storage/crate/crate_weapon_1_01x005x00375_b.cgf
     15: objects/buildingsets/human/colonialism/props/dressing/cloth/cloth_col_1_a.cgf
     16: objects/buildingsets/human/colonialism/col_a/ext/addons/col_a_ext_adn_cover_b.cgf
     17: objects/buildingsets/human/universal/prop/storage/ammo-box/ammo-box_1_pallet_250x125x025_a.cgf
     18: objects/buildingsets/human/lowtech/prop/storage/crate/crate_weapon_4_015x0075x0075_a.cgf
     19: objects/buildingsets/human/universal/prop/storage/crate/crate_mining_1_01235x0125x0125_a.cgf
     20: objects/buildingsets/human/lowtech/prop/utilitarian/utility/waste/waste_trashcan_2_busbin_a.cgf
     21: objects/buildingsets/human/lowtech/prop/storage/tank/tank_gas_1_0125x0125x0125_a.cgf
     22: objects/buildingsets/human/lowtech/prop/light/lamp/lamp_lantern_1_a.cgf

[Materials]
      0: objects/planets/terrain_extension/biome_embed_piles/biome_embed_sand_piles_02
      1: objects/buildingsets/human/colonialism/col_a/col_a_default
      2: materials/pu/decal/concrete/decal_concrete_crack_b
      3: materials/decals/debris/debris
      4: materials/pu/decal/concrete/decal_concrete_crack_c
      5: materials/decals/weathered/weathered002j
      6: materials/pu/decal/concrete/decal_concrete_crack_e
      7: materials/decals/oil/oil_dirt

[Palettes]
      0: Libs/Foundry/Records/TintPalettes/Generic/gen_grey_darkgrey_blue_a<222>
      1: Libs/Foundry/Records/TintPalettes/default
      2: Libs/Foundry/Records/TintPalettes/Brand/Colonialism/col_default|walls_ext_c
      3: Libs/Foundry/Records/TintPalettes/Generic/gen_lightgrey_grey_darkgrey
      4: Libs/Foundry/Records/TintPalettes/Generic/gen_ornge_drkred_firebrick
      5: Libs/Foundry/Records/TintPalettes/Brand/Colonialism/col_default|accent_b
      6: Libs/Foundry/Records/TintPalettes/generic/gen_darkgreen_grey_red_a<131>

[Placements]
  #0 objects/buildingsets/human/lowtech/prop/storage/crate/crate_dry_1_0125x0125x00625_a.cgf
    [-0.12186647411714634, -0.99254060962596713, 0.00000000000000000, 2.37822100000000347]
    [0.99254060962596713, -0.12186647411714634, 0.00000000000000000, -0.61033900000001040]
    [0.00000000000000000, 0.00000000000000000, 0.99999414961810218, -0.00645500000000000]
  #1 data/objects/planets/terrain_extension/biome_embed_piles/pile_wall_20x10x04_b.cgf
    [0.34768399596214294, 0.00000000000000000, 0.00000000000000000, 3.56619899999999745]
    [0.00000000000000000, 0.34768399596214294, 0.00000000000000000, -0.92481100000000538]
    [0.00000000000000000, 0.00000000000000000, 0.34768399596214294, -0.58634900000000001]
  #2 objects/buildingsets/human/colonialism/col_a/ext/addons/wall/col_a_addn_ext_wall_stght_4m_a.cgf
    [-0.00000064012100026, -1.00000042674731060, 0.00000000000000000, 3.37500000000000000]
    [1.00000042674731060, -0.00000064012100026, 0.00000000000000000, -2.02500000000000568]
    [0.00000000000000000, 0.00000000000000000, 1.00000042674751533, 0.00000000000000000]
  #3 objects/buildingsets/human/lowtech/prop/storage/crate/crate_weapon_1_01x005x0025_b.cgf
    [-0.03497957469074895, -0.99923587459451824, -0.01745354807641668, 2.88449599999999862]
    [0.22111752080213709, -0.02476956106504041, 0.97493283917490192, 0.10201799999998684]
    [-0.97461992664394270, 0.03024344277106531, 0.22181492921032755, 0.40122999999999998]
  #4 objects/buildingsets/human/colonialism/col_a/ext/habitation/col_a_ext_hab_addon_fuel_tank_a.cgf
    [1.00000000001080958, 0.00000000000000000, 0.00000000000000000, 3.99157900000000154]
    [0.00000000000000000, 0.99984767893328130, -0.01745333645321704, 2.03669999999999618]
    [0.00000000000000000, 0.01745333645321704, 0.99984767893328130, 0.00005400000000000]
  #5 data/objects/planets/terrain_extension/biome_embed_piles/pile_wall_20x10x04_b.cgf
    [0.34768399596214294, 0.00000000000000000, 0.00000000000000000, 3.58333300000000321]
    [0.00000000000000000, 0.34768399596214294, 0.00000000000000000, 2.47889499999999430]
    [0.00000000000000000, 0.00000000000000000, 0.34768399596214294, -0.58634900000000001]
  #6 data/objects/planets/terrain_extension/biome_embed_piles/pile_mound_10x5x04_c.cgf
    [-0.00000007421114859, 0.11593305051550877, 0.00000000000000000, -4.52233700000000027]
    [-0.11593305051550877, -0.00000007421114859, -0.00000000000000000, 3.51210800000001200]
    [-0.00000000000000000, 0.00000000000000000, 0.11593305051553252, -0.05604400000000000]
  #7 data/objects/planets/terrain_extension/biome_embed_piles/pile_mound_10x5x04_c.cgf
    [-0.00000009319522110, -0.14559006943528935, 0.00000000000000000, 3.43616999999999706]
    [0.14559006943528935, -0.00000009319522110, 0.00000000000000000, -3.41714899999999489]
    [0.00000000000000000, 0.00000000000000000, 0.14559006943531916, -0.10078800000000000]
  #8 objects/buildingsets/human/colonialism/col_a/ext/addons/wall/col_a_addn_ext_wall_end_1m_a.cgf
    [1.00000000000000000, 0.00000000000000000, 0.00000000000000000, -2.62500000000000000]
    [0.00000000000000000, 1.00000000000000000, 0.00000000000000000, 3.87500000000000000]
    [0.00000000000000000, 0.00000000000000000, 1.00000000000000000, 0.00000000000000000]
  #9 data/objects/planets/terrain_extension/biome_embed_piles/pile_mound_10x5x04_c.cgf
    [-0.00000009319522110, 0.14559006943528935, 0.00000000000000000, 3.95490199999999703]
    [-0.14559006943528935, -0.00000009319522110, -0.00000000000000000, 3.51452699999998686]
    [-0.00000000000000000, 0.00000000000000000, 0.14559006943531916, -0.09834900000000001]
  #10 objects/buildingsets/human/colonialism/col_a/ext/addons/wall/col_a_addn_ext_wall_end_1m_a.cgf
    [-1.00000000000000000, 0.00000000000000000, 0.00000000000000000, 1.37500000000000000]
    [0.00000000000000000, -1.00000000000000000, 0.00000000000000000, 3.87500000000000000]
    [0.00000000000000000, 0.00000000000000000, 1.00000000000000000, 0.00000000000000000]
  #11 objects/buildingsets/human/colonialism/col_a/ext/addons/wall/col_a_addn_ext_wall_end_1m_a.cgf
    [-1.00000000000000000, 0.00000000000000000, 0.00000000000000000, -2.62500000000000000]
    [0.00000000000000000, -1.00000000000000000, 0.00000000000000000, -4.02500000000000568]
    [0.00000000000000000, 0.00000000000000000, 1.00000000000000000, 0.00000000000000000]
  #12 data/objects/planets/terrain_extension/biome_embed_piles/pile_mound_20x05x04_b.cgf
    [-0.00000011664092953, -0.18221707967559356, 0.00000000000000000, 2.05430400000000191]
    [0.18221707967559356, -0.00000011664092953, 0.00000000000000000, 4.08786299999999869]
    [0.00000000000000000, 0.00000000000000000, 0.18221707967563089, -0.05894600000000000]
  #13 objects/buildingsets/human/colonialism/col_a/ext/addons/wall/col_a_addn_ext_wall_stght_4m_a.cgf
    [1.00000000000000000, 0.00000000000000000, 0.00000000000000000, -2.62500000000000000]
    [0.00000000000000000, 1.00000000000000000, 0.00000000000000000, -4.02500000000000568]
    [0.00000000000000000, 0.00000000000000000, 1.00000000000000000, 0.00000000000000000]
  #14 data/objects/planets/terrain_extension/biome_embed_piles/pile_wall_20x05x02_a.cgf
    [-0.00000022248813556, 0.34757214716002571, 0.00000000000000000, -0.79786500000000160]
    [-0.34757214716002571, -0.00000022248813556, -0.00000000000000000, -4.22097500000000991]
    [-0.00000000000000000, 0.00000000000000000, 0.34757214716009693, -0.51455899999999999]
  #15 objects/buildingsets/human/colonialism/col_a/ext/addons/wall/col_a_addn_ext_wall_cnr_b_4m_a.cgf
    [-0.00000064012100026, -1.00000042674731060, 0.00000000000000000, -4.62500000000000000]
    [1.00000042674731060, -0.00000064012100026, 0.00000000000000000, 1.87500000000000000]
    [0.00000000000000000, 0.00000000000000000, 1.00000042674751533, 0.00000000000000000]
  #16 objects/buildingsets/human/colonialism/col_a/ext/addons/wall/col_a_addn_ext_wall_cnr_b_4m_a.cgf
    [-0.00000064012100026, 1.00000042674731060, 0.00000000000000000, 3.37500000000000000]
    [-1.00000042674731060, -0.00000064012100026, -0.00000000000000000, -2.02500000000000568]
    [-0.00000000000000000, 0.00000000000000000, 1.00000042674751533, 0.00000000000000000]
  #17 data/objects/planets/terrain_extension/biome_embed_piles/pile_wall_20x05x02_a.cgf
    [-0.23712000250816348, 0.00000000000000000, 0.00000000000000000, -4.76506300000000138]
    [0.00000000000000000, -0.23712000250816348, 0.00000000000000000, 1.30762200000000917]
    [0.00000000000000000, 0.00000000000000000, 0.23712000250816348, -0.22607400000000000]
  #18 data/objects/planets/terrain_extension/biome_embed_piles/pile_mound_20x05x04_b.cgf
    [-0.00000008097850866, 0.12650505636508697, 0.00000000000000000, 2.31575800000000243]
    [-0.12650505636508697, -0.00000008097850866, -0.00000000000000000, -4.15811700000000428]
    [-0.00000000000000000, 0.00000000000000000, 0.12650505636511289, -0.05894600000000000]
  #19 objects/buildingsets/human/colonialism/col_a/ext/addons/col_a_ext_adn_floorplate_stucco_8x8m_a.cgf
    [-0.94976198673248291, 0.00000000000000000, 0.00000000000000000, -0.78000000000000114]
    [0.00000000000000000, 0.94976198673248291, 0.00000000000000000, -0.05500000000000682]
    [0.00000000000000000, 0.00000000000000000, -0.94976198673248291, 0.03000000000000000]
  #20 objects/buildingsets/human/colonialism/col_a/ext/addons/wall/col_a_addn_ext_wall_stght_4m_broken_a.cgf
    [-0.00000064012100026, 1.00000042674731060, 0.00000000000000000, -4.62500000000000000]
    [-1.00000042674731060, -0.00000064012100026, -0.00000000000000000, 1.87500000000000000]
    [-0.00000000000000000, 0.00000000000000000, 1.00000042674751533, 0.00000000000000000]
  #21 objects/buildingsets/human/colonialism/col_a/ext/addons/wall/col_a_addn_ext_wall_cnr_b_4m_a.cgf
    [1.00000000000000000, 0.00000000000000000, 0.00000000000000000, 1.37500000000000000]
    [0.00000000000000000, 1.00000000000000000, 0.00000000000000000, 3.87500000000000000]
    [0.00000000000000000, 0.00000000000000000, 1.00000000000000000, 0.00000000000000000]
  #22 data/objects/planets/terrain_extension/biome_embed_piles/pile_mound_20x05x04_b.cgf
    [-0.00000008784636686, -0.13723406091600229, 0.00000000000000000, -3.04111500000000134]
    [0.13723406091600229, -0.00000008784636686, 0.00000000000000000, 3.81906100000000492]
    [0.00000000000000000, 0.00000000000000000, 0.13723406091603041, 0.00000000000000000]
  #23 objects/buildingsets/human/colonialism/props/dressing/cloth/cloth_col_5_a.cgf
    [-0.99297758559253879, 0.11766360875181803, -0.01270885054467413, 0.75542599999999993]
    [-0.11758995358500469, -0.99304702622133378, -0.00639779061063916, -1.09534800000000132]
    [-0.01337320165645513, -0.00485840347441755, 0.99990413469941730, 1.50862800000000008]
  #24 objects/buildingsets/human/lowtech/prop/storage/crate/crate_dry_1_0125x0125x00625_a.cgf
    [-0.01745396026359163, -0.99984796222583483, 0.00000000000000000, 2.37822100000000347]
    [0.99984796222583483, -0.01745396026359163, 0.00000000000000000, -0.61033900000001040]
    [0.00000000000000000, 0.00000000000000000, 1.00000029414797553, 0.61854500000000001]
  #25 objects/buildingsets/human/lowtech/prop/storage/crate/crate_weapon_1_01x005x0025_a.cgf
    [0.99991031474297665, 0.00422910716810683, 0.01270735989440366, 1.05396499999999804]
    [-0.00431065335568376, 0.99997024962419878, 0.00639671841561198, -0.43186900000000605]
    [-0.01267992943877700, -0.00645092174825928, 0.99989879731418285, 1.19612800000000008]
  #26 objects/buildingsets/human/lowtech/prop/storage/crate/crate_weapon_1_01x005x00375_b.cgf
    [-0.99297758559253879, 0.11766360875181803, -0.01270885054467413, 1.06792599999999993]
    [-0.11758995358500469, -0.99304702622133378, -0.00639779061063916, -0.97034800000000132]
    [-0.01337320165645513, -0.00485840347441755, 0.99990413469941730, 1.19612800000000008]
  #27 objects/buildingsets/human/colonialism/props/dressing/cloth/cloth_col_1_a.cgf
    [-0.00000644948743844, -1.83950073540443082, 0.00000000000000000, 2.16264699999999976]
    [1.83950073540443082, -0.00000644948743844, 0.00000000000000000, -0.64756399999998848]
    [0.00000000000000000, 0.00000000000000000, 1.83950073541573689, 0.99033099999999996]
  #28 objects/buildingsets/human/colonialism/col_a/ext/addons/col_a_ext_adn_cover_b.cgf
    [-0.99452512101940271, -0.00000000000000000, -0.10452874689446150, 3.53528099999999768]
    [0.00000000000000000, -1.00000323762775079, 0.00000000000000000, -0.40371300000001042]
    [-0.10452874689446150, 0.00000000000000000, 0.99452512101940282, 1.23601999999999990]
  #29 objects/buildingsets/human/universal/prop/storage/ammo-box/ammo-box_1_pallet_250x125x025_a.cgf
    [0.13526491025223150, 0.01412015671835707, 0.61961104286112256, 1.37462899999999877]
    [-0.02150005681569127, 0.63392148726761144, -0.00975267881582081, -1.78329999999999700]
    [-0.61939887860579856, -0.01892058036666815, 0.13564976972782022, 0.83515600000000001]
  #30 objects/buildingsets/human/lowtech/prop/storage/crate/crate_weapon_4_015x0075x0075_a.cgf
    [0.99619441713033274, -0.08715894498583025, 0.00000000000000000, 2.22157399999999683]
    [0.08715894498583025, 0.99619441713033274, 0.00000000000000000, 0.80309600000001069]
    [0.00000000000000000, 0.00000000000000000, 0.99999999920634319, 0.01219400000000000]
  #31 objects/buildingsets/human/universal/prop/storage/crate/crate_mining_1_01235x0125x0125_a.cgf
    [-0.89999997615814198, 0.00000000000000000, 0.00000000000000000, 1.02355599999999924]
    [0.00000000000000000, -0.89999997615814198, 0.00000000000000000, -0.70873599999998760]
    [0.00000000000000000, 0.00000000000000000, 0.89999997615814198, 0.05074100000000000]
  #32 objects/buildingsets/human/lowtech/prop/utilitarian/utility/waste/waste_trashcan_2_busbin_a.cgf
    [0.93029581691025287, 0.33859968945337288, 0.00000000000000000, 2.68623999999999796]
    [-0.33859968945337288, 0.93029581691025287, -0.00000000000000000, -0.28403499999998871]
    [-0.00000000000000000, 0.00000000000000000, 0.99000002861547198, 1.24061599999999994]
  #33 objects/buildingsets/human/lowtech/prop/storage/tank/tank_gas_1_0125x0125x0125_a.cgf
    [0.99862841298385085, -0.05233798856890078, 0.00000000000000000, -3.77841300000000047]
    [0.05233798856890078, 0.99862841298385085, 0.00000000000000000, 0.74083500000000413]
    [0.00000000000000000, 0.00000000000000000, 0.99999898613252758, 0.03021300000000000]
  #34 objects/buildingsets/human/lowtech/prop/storage/crate/crate_weapon_1_01x005x00375_b.cgf
    [0.99240394338372140, -0.08715802437410475, 0.08682351021373236, 2.12916599999999789]
    [0.08715517881582041, -0.00000000485021723, -0.99619496324152068, 0.37661900000000514]
    [0.08682636664178396, 0.99619471428501116, 0.00759626675305449, 0.30878699999999998]
  #35 objects/buildingsets/human/lowtech/prop/light/lamp/lamp_lantern_1_a.cgf
    [1.00000000000000000, 0.00000000000000000, 0.00000000000000000, 2.66504900000000333]
    [0.00000000000000000, 1.00000000000000000, 0.00000000000000000, -0.91571999999999321]
    [0.00000000000000000, 0.00000000000000000, 1.00000000000000000, 1.59595200000000004]
