# IncludedObjects
# Cgfs: 9, Materials: 3, Palettes: 3, Placements: 20

[CGFs]
      0: objects/buildingsets/human/station/utilitarian/airlock/util_a_airlock_tube_doorframe_inner_a.cgf
      1: objects/buildingsets/human/universal/prop/maintence/tool/tool_manual_1_hammer_a.cgf
      2: objects/buildingsets/human/lowtech/bravo/int/prop/light/light_f_lamp.cgf
      3: objects/buildingsets/human/universal/prop/maintence/tool/tool_crowbar_2_a.cgf
      4: objects/buildingsets/human/lowtech/prop/utilitarian/tool/tool_fire-extinguisher_1_a.cgf
      5: objects/buildingsets/human/colonialism/col_a/int/addons/col_a_light_addn_f.cgf
      6: objects/buildingsets/human/common/light/beacon/set_a/common_light_beacon_set_a_circle_a.cgf
      7: objects/buildingsets/human/lowtech/bravo/int/cable/cable_straight_box_a.cgf
      8: objects/buildingsets/human/universal/prop/storage/bag/bag_toolbox_1_a.cgf

[Materials]
      0: objects/buildingsets/human/utilitarian/util_a_default
      1: materials/decals/garbage/garbage_pile_05
      2: materials/decals/liquid/decal_wet_water_puddle_a

[Palettes]
      0: Libs/Foundry/Records/TintPalettes/Generic/gen_grey_darkgrey_rust
      1: Libs/Foundry/Records/TintPalettes/default
      2: Libs/Foundry/Records/TintPalettes/Generic/gen_bronze_silver_silver<231>

[Placements]
  #0 objects/buildingsets/human/station/utilitarian/airlock/util_a_airlock_tube_doorframe_inner_a.cgf
    [1.00000000000000000, 0.00000000000000000, 0.00000000000000000, 0.00000000000000000]
    [0.00000000000000000, 1.00000000000000000, 0.00000000000000000, -2.75000000000000000]
    [0.00000000000000000, 0.00000000000000000, 1.00000000000000000, 0.00000000000000000]
  #1 objects/buildingsets/human/station/utilitarian/airlock/util_a_airlock_tube_doorframe_inner_a.cgf
    [-1.00000000000000000, 0.00000000000000000, 0.00000000000000000, 0.00000000000000000]
    [0.00000000000000000, -1.00000000000000000, 0.00000000000000000, 2.75000000000000000]
    [0.00000000000000000, 0.00000000000000000, 1.00000000000000000, 0.00000000000000000]
  #2 objects/buildingsets/human/universal/prop/maintence/tool/tool_manual_1_hammer_a.cgf
    [0.97941264795749472, -0.10293955746937089, 0.17364822861543119, 1.34763600000000006]
    [0.17269698284464766, -0.01815101698618441, -0.98480743674644389, -0.12827000000000055]
    [0.10452756530993358, 0.99452168546631281, 0.00000001538076788, 1.26229499999999462]
  #3 objects/buildingsets/human/lowtech/bravo/int/prop/light/light_f_lamp.cgf
    [-0.00000064012100026, -1.00000042674731060, 0.00000000000000000, 1.58347299999999991]
    [1.00000042674731060, -0.00000064012100026, 0.00000000000000000, 0.04878399999999772]
    [0.00000000000000000, 0.00000000000000000, 1.00000042674751533, 2.51570399999999950]
  #4 objects/buildingsets/human/universal/prop/maintence/tool/tool_crowbar_2_a.cgf
    [0.72404406129051668, 0.45930236245122791, 0.51458873350988543, 1.57956900000000000]
    [0.67929124409351771, -0.60427179697801758, -0.41643610383045698, 1.03635199999999372]
    [0.11968137075780874, 0.65107369991601638, -0.74951946890648102, 0.87236099999999794]
  #5 objects/buildingsets/human/station/utilitarian/airlock/util_a_airlock_tube_doorframe_inner_a.cgf
    [-1.00000000000000000, 0.00000000000000000, 0.00000000000000000, 0.00000000000000000]
    [0.00000000000000000, -1.00000000000000000, 0.00000000000000000, -2.75000000000000000]
    [0.00000000000000000, 0.00000000000000000, 1.00000000000000000, 0.00000000000000000]
  #6 objects/buildingsets/human/lowtech/prop/utilitarian/tool/tool_fire-extinguisher_1_a.cgf
    [-0.56576350299141565, -0.75683024308724844, 0.32729000151474447, 1.41632399999999992]
    [0.70685003638423938, -0.24076844560922686, 0.66512606693968845, -0.63350199999999290]
    [-0.42458660836939338, 0.60764927549331915, 0.67118378499928177, 0.90871500000000083]
  #7 objects/buildingsets/human/colonialism/col_a/int/addons/col_a_light_addn_f.cgf
    [-0.00000032006050013, -0.50000021337365530, 0.00000000000000000, 0.82841500000000001]
    [0.50000021337365530, -0.00000032006050013, 0.00000000000000000, -0.00117600000000095]
    [0.00000000000000000, 0.00000000000000000, 0.50000021337375766, 0.64959699999999998]
  #8 objects/buildingsets/human/colonialism/col_a/int/addons/col_a_light_addn_f.cgf
    [-0.00000032006050013, -0.50000021337365530, 0.00000000000000000, 0.83023899999999995]
    [0.50000021337365530, -0.00000032006050013, 0.00000000000000000, 2.22531700000000399]
    [0.00000000000000000, 0.00000000000000000, 0.50000021337375766, 0.64596099999999979]
  #9 objects/buildingsets/human/colonialism/col_a/int/addons/col_a_light_addn_f.cgf
    [-0.00000032006050013, -0.50000021337365530, 0.00000000000000000, 0.83745700000000001]
    [0.50000021337365530, -0.00000032006050013, 0.00000000000000000, -2.23388200000000126]
    [0.00000000000000000, 0.00000000000000000, 0.50000021337375766, 0.64740000000000464]
  #10 objects/buildingsets/human/station/utilitarian/airlock/util_a_airlock_tube_doorframe_inner_a.cgf
    [1.00000000000000000, 0.00000000000000000, 0.00000000000000000, 0.00000000000000000]
    [0.00000000000000000, 1.00000000000000000, 0.00000000000000000, 2.75000000000000000]
    [0.00000000000000000, 0.00000000000000000, 1.00000000000000000, 0.00000000000000000]
  #11 objects/buildingsets/human/common/light/beacon/set_a/common_light_beacon_set_a_circle_a.cgf
    [-0.02791944785186111, -0.79951317417722045, -0.00000000000000009, 0.52127999999999997]
    [-0.00000048911949298, 0.00000001708032656, 0.80000050703174430, -2.60549199999999814]
    [-0.79951317417707091, 0.02791944785185583, -0.00000048941762939, 3.33579100000000039]
  #12 objects/buildingsets/human/lowtech/bravo/int/cable/cable_straight_box_a.cgf
    [0.27470124149866704, 0.58910016759193995, 0.00000128603812398, 1.86171400000000009]
    [-0.00000043885384705, -0.00000121434503879, 0.64999983041362974, 1.10275099999999782]
    [0.58910016759318029, -0.27470124149899333, -0.00000011546651460, 1.01737400000000378]
  #13 objects/buildingsets/human/universal/prop/storage/bag/bag_toolbox_1_a.cgf
    [-0.01700516266460893, -0.89270790887934737, -0.32447321512727867, -1.62925100000000000]
    [0.94869779806519183, -0.00000044707956985, -0.04971862240727287, -0.60940800000000195]
    [0.04672007980544389, -0.32491851731177646, 0.89148451737476064, 1.28940500000000213]
  #14 objects/buildingsets/human/colonialism/col_a/int/addons/col_a_light_addn_f.cgf
    [-0.00000032006050013, -0.50000021337365530, 0.00000000000000000, -0.83049899999999999]
    [0.50000021337365530, -0.00000032006050013, 0.00000000000000000, -0.00353099999999529]
    [0.00000000000000000, 0.00000000000000000, 0.50000021337375766, 0.66524800000000539]
  #15 objects/buildingsets/human/colonialism/col_a/int/addons/col_a_light_addn_f.cgf
    [-0.00000032006050013, -0.50000021337365530, 0.00000000000000000, -0.84340599999999999]
    [0.50000021337365530, -0.00000032006050013, 0.00000000000000000, -2.23388200000000126]
    [0.00000000000000000, 0.00000000000000000, 0.50000021337375766, 0.64740000000000464]
  #16 objects/buildingsets/human/universal/prop/maintence/tool/tool_crowbar_2_a.cgf
    [0.69476392115200103, -0.32184497791485783, 0.64321010990069016, -1.48354000000000008]
    [0.70413242843852408, 0.12204287429774101, -0.69950225265998223, 0.58936199999999417]
    [0.14663205143739885, 0.93889386431380395, 0.31141241861417401, 1.06572500000000048]
  #17 objects/buildingsets/human/colonialism/col_a/int/addons/col_a_light_addn_f.cgf
    [-0.00000032006114875, -0.50000122665304880, 0.00000000000000000, -0.83836299999999997]
    [0.50000122665304880, -0.00000032006114875, 0.00000000000000000, 2.22410299999999950]
    [0.00000000000000000, 0.00000000000000000, 0.50000122665315128, 0.64760499999999865]
  #18 objects/buildingsets/human/common/light/beacon/set_a/common_light_beacon_set_a_circle_a.cgf
    [0.02791846981136968, 0.79951319693672540, -0.00000000000000018, -0.81608999999999998]
    [0.00000048911950698, -0.00000001707972867, -0.80000049564506648, 2.60236600000000351]
    [-0.79951319693657585, 0.02791846981136471, -0.00000048941762274, 3.40245000000000175]
  #19 objects/buildingsets/human/universal/prop/maintence/tool/tool_manual_1_hammer_a.cgf
    [1.00000042674751533, 0.00000000000000000, 0.00000000000000000, -1.52804399999999996]
    [0.00000000000000000, -0.00000064012100026, -1.00000042674731060, -1.69485699999999895]
    [0.00000000000000000, 1.00000042674731060, -0.00000064012100026, 2.12179299999999671]
