# IncludedObjects
# Cgfs: 32, Materials: 1, Palettes: 2, Placements: 105

[CGFs]
      0: data/objects/buildingsets/human/lowtech/delta/int/common/wall/wall_a/lt_delta_top_wall_strght_04x01x02_a.cgf
      1: objects/buildingsets/human/lowtech/bravo/int/roomlg/window/roomlg_window_straight_mid_08x02x08_a.cgf
      2: objects/buildingsets/human/lowtech/delta/int/common/wall/wall_a/lt_delta_wall_a_crnout_02x02x04_b.cgf
      3: data/objects/buildingsets/human/lowtech/delta/int/common/wall/wall_a/lt_delta_wall_a_strght_04x025x04_d.cgf
      4: objects/buildingsets/human/lowtech/bravo/int/roomlg/wall/roomlg_wall_straight_mid_08x01x08_a.cgf
      5: data/objects/buildingsets/human/lowtech/delta/int/common/stair/lt_delta_stair_straight_04x02_a.cgf
      6: data/objects/buildingsets/human/lowtech/delta/int/common/floor/lt_delta_walkway_x_junct_04x04_a.cgf
      7: objects/buildingsets/human/lowtech/bravo/int/roomlg/window/roomlg_window_straight_top_08x08x08_a.cgf
      8: objects/buildingsets/human/lowtech/bravo/int/roomlg/window/roomlg_window_base_08x08x08_a.cgf
      9: objects/buildingsets/human/lowtech/delta/int/common/prop/panel/lt_delta_panel_01x04m_a.cgf
     10: objects/buildingsets/human/lowtech/delta/int/common/connector/lt_delta_connector_door_08x01x04_a.cgf
     11: objects/buildingsets/human/lowtech/bravo/int/roomlg/wall/roomlg_wall_straight_top_rock_08x08x08_a.cgf
     12: objects/buildingsets/human/lowtech/delta/int/common/wall/wall_a/lt_delta_wall_a_strght_02x025x04_a.cgf
     13: objects/buildingsets/human/lowtech/bravo/int/roomlg/wall/roomlg_wall_straight_mid_rock_08x02x08_b.cgf
     14: objects/buildingsets/human/lowtech/bravo/int/roomlg/window/roomlg_window_cornerin_base_08x08x08_b.cgf
     15: data/objects/buildingsets/human/lowtech/delta/int/common/railing/lt_delta_railing_straight_2m_a.cgf
     16: data/objects/buildingsets/human/lowtech/delta/int/common/wall/wall_a/lt_delta_top_wall_cnrout_02x02x02_a.cgf
     17: data/objects/buildingsets/human/lowtech/delta/int/common/floor/lt_delta_walkway_straight_04x02_a.cgf
     18: data/objects/buildingsets/human/lowtech/delta/int/common/wall/wall_a/lt_delta_a_strght_window_06x01x04_b.cgf
     19: data/objects/buildingsets/human/lowtech/delta/int/common/floor/lt_delta_walkway_corner_04x04_b.cgf
     20: objects/buildingsets/human/lowtech/delta/int/common/wall/wall_f/lt_delta_wall_set_f_wall_straight_06m_b.cgf
     21: data/objects/buildingsets/human/lowtech/delta/int/common/pillar/set_b/lt_delta_pillar_set_b_pillar_08m_a.cgf
     22: objects/buildingsets/human/lowtech/delta/int/common/wall/wall_a/lt_delta_top_wall_strght_02x01x02_a.cgf
     23: data/objects/buildingsets/human/lowtech/delta/int/common/railing/lt_delta_railing_straight_1m_a.cgf
     24: data/objects/buildingsets/human/lowtech/delta/int/common/railing/lt_delta_railing_left_2m_a.cgf
     25: objects/buildingsets/human/lowtech/bravo/int/roomlg/window/roomlg_window_cornerin_top_08x08x08_b.cgf
     26: data/objects/buildingsets/human/lowtech/delta/int/common/railing/lt_delta_railing_straight_4m_a.cgf
     27: data/objects/buildingsets/human/lowtech/bravo/int/roomlg/window/roomlg_window_cornerin_mid_08x08x08_b.cgf
     28: objects/buildingsets/human/lowtech/bravo/int/roomlg/window/roomlg_window_cornerin_base_08x08x08_a.cgf
     29: data/objects/buildingsets/human/lowtech/delta/int/common/railing/lt_delta_railing_right_2m_a.cgf
     30: objects/buildingsets/human/lowtech/bravo/int/roomlg/window/roomlg_window_cornerin_mid_08x08x08_a.cgf
     31: objects/buildingsets/human/lowtech/bravo/int/roomlg/window/roomlg_window_cornerin_top_08x08x08_a.cgf

[Materials]
      0: objects/buildingsets/human/lowtech/delta/lt_delta_a_default

[Palettes]
      0: Libs/Foundry/Records/TintPalettes/Brand/Levski/levski_default
      1: Libs/Foundry/Records/TintPalettes/default

[Placements]
  #0 data/objects/buildingsets/human/lowtech/delta/int/common/wall/wall_a/lt_delta_top_wall_strght_04x01x02_a.cgf
    [1.00000000000000000, 0.00000000000000000, 0.00000000000000000, -1.87500000000000000]
    [0.00000000000000000, 1.00000000000000000, 0.00000000000000000, 1.25000000000000000]
    [0.00000000000000000, 0.00000000000000000, 1.00000000000000000, -1.75000000000000000]
  #1 objects/buildingsets/human/lowtech/bravo/int/roomlg/window/roomlg_window_straight_mid_08x02x08_a.cgf
    [-0.99999999927400007, -0.00006600000046757, 0.00000000000000000, 4.00000000000000000]
    [0.00006600000046757, -0.99999999927400007, 0.00000000000000000, 15.50000000000000000]
    [0.00000000000000000, 0.00000000000000000, 1.00000000145200008, -2.00000000000000000]
  #2 objects/buildingsets/human/lowtech/delta/int/common/wall/wall_a/lt_delta_wall_a_crnout_02x02x04_b.cgf
    [-0.00000064012100026, -1.00000042674731060, 0.00000000000000000, 3.93750000000000000]
    [1.00000042674731060, -0.00000064012100026, 0.00000000000000000, 0.75000100000000003]
    [0.00000000000000000, 0.00000000000000000, 1.00000042674751533, 0.24999900000011621]
  #3 data/objects/buildingsets/human/lowtech/delta/int/common/wall/wall_a/lt_delta_wall_a_strght_04x025x04_d.cgf
    [-0.00000128024200052, 2.00000085349462120, 0.00000000000000000, -13.00000200000000028]
    [-2.00000085349462120, -0.00000128024200052, -0.00000000000000000, 7.75000000000000000]
    [-0.00000000000000000, 0.00000000000000000, 2.00000085349503065, -9.75000000000000000]
  #4 data/objects/buildingsets/human/lowtech/delta/int/common/wall/wall_a/lt_delta_wall_a_strght_04x025x04_d.cgf
    [-0.00000128024200052, -2.00000085349462120, 0.00000000000000000, 12.75000200000000028]
    [2.00000085349462120, -0.00000128024200052, 0.00000000000000000, -0.24999099999999999]
    [0.00000000000000000, 0.00000000000000000, 2.00000085349503065, -9.75000000000000000]
  #5 objects/buildingsets/human/lowtech/delta/int/common/wall/wall_a/lt_delta_wall_a_crnout_02x02x04_b.cgf
    [-0.00000064012127343, 1.00000085349446177, 0.00000000000000000, -3.56250100000000014]
    [1.00000085349446177, 0.00000064012127299, 0.00000000000000000, 0.75000000000000000]
    [0.00000000000000000, 0.00000000000000000, -1.00000085349466694, 8.25000000000000000]
  #6 data/objects/buildingsets/human/lowtech/delta/int/common/wall/wall_a/lt_delta_wall_a_strght_04x025x04_d.cgf
    [2.00000000000000000, 0.00000000000000000, 0.00000000000000000, -3.37500000000000000]
    [0.00000000000000000, 2.00000000000000000, 0.00000000000000000, -1.00000000000000000]
    [0.00000000000000000, 0.00000000000000000, 2.00000000000000000, -9.75000000000000000]
  #7 objects/buildingsets/human/lowtech/delta/int/common/wall/wall_a/lt_delta_wall_a_crnout_02x02x04_b.cgf
    [-0.00000064012100026, -1.00000042674731060, 0.00000000000000000, 3.93750000000000000]
    [1.00000042674731060, -0.00000064012100026, 0.00000000000000000, 0.81250100000000003]
    [0.00000000000000000, 0.00000000000000000, 1.00000042674751533, -3.75000099999988379]
  #8 data/objects/buildingsets/human/lowtech/delta/int/common/wall/wall_a/lt_delta_wall_a_strght_04x025x04_d.cgf
    [2.00000000000000000, 0.00000000000000000, 0.00000000000000000, -11.37500000000000000]
    [0.00000000000000000, 2.00000000000000000, 0.00000000000000000, -1.00000000000000000]
    [0.00000000000000000, 0.00000000000000000, 2.00000000000000000, -9.75000000000000000]
  #9 objects/buildingsets/human/lowtech/bravo/int/roomlg/wall/roomlg_wall_straight_mid_08x01x08_a.cgf
    [0.00006443356134146, -1.00000042534964528, 0.00000000000000000, 12.00000000000000000]
    [1.00000042534964528, 0.00006443356134146, 0.00000000000000000, -0.50000000000000000]
    [0.00000000000000000, 0.00000000000000000, 1.00000042742548612, -10.00000000000000000]
  #10 data/objects/buildingsets/human/lowtech/delta/int/common/stair/lt_delta_stair_straight_04x02_a.cgf
    [-0.99984782048257392, -0.00004999809378056, -0.01745333520771848, 2.00007199999999985]
    [0.00004999809377974, -1.00000014151670791, 0.00000043634996258, 3.68750000000000000]
    [-0.01745333520771848, -0.00000043634986914, 0.99984782173257347, -0.99999900000011621]
  #11 data/objects/buildingsets/human/lowtech/delta/int/common/floor/lt_delta_walkway_x_junct_04x04_a.cgf
    [-0.00000128024200052, -2.00000085349462120, 0.00000000000000000, 4.99999699999999958]
    [2.00000085349462120, -0.00000128024200052, 0.00000000000000000, 0.49999800000000000]
    [0.00000000000000000, 0.00000000000000000, 2.00000085349503065, -9.87500000000000000]
  #12 objects/buildingsets/human/lowtech/bravo/int/roomlg/window/roomlg_window_straight_top_08x08x08_a.cgf
    [-0.99999999927400007, -0.00006600000046757, 0.00000000000000000, 4.00000000000000000]
    [0.00006600000046757, -0.99999999927400007, 0.00000000000000000, 15.50000000000000000]
    [0.00000000000000000, 0.00000000000000000, 1.00000000145200008, 6.00000000000000000]
  #13 objects/buildingsets/human/lowtech/bravo/int/roomlg/window/roomlg_window_base_08x08x08_a.cgf
    [-0.99999999927400007, -0.00006600000046757, 0.00000000000000000, 4.00000000000000000]
    [0.00006600000046757, -0.99999999927400007, 0.00000000000000000, 15.50000000000000000]
    [0.00000000000000000, 0.00000000000000000, 1.00000000145200008, -10.00000000000000000]
  #14 data/objects/buildingsets/human/lowtech/delta/int/common/wall/wall_a/lt_delta_wall_a_strght_04x025x04_d.cgf
    [2.00000000000000000, 0.00000000000000000, 0.00000000000000000, 4.62500000000000000]
    [0.00000000000000000, 2.00000000000000000, 0.00000000000000000, -1.00000000000000000]
    [0.00000000000000000, 0.00000000000000000, 2.00000000000000000, -9.75000000000000000]
  #15 objects/buildingsets/human/lowtech/delta/int/common/prop/panel/lt_delta_panel_01x04m_a.cgf
    [0.00000000000000007, 0.00000000000000000, -0.66344702243804909, 5.62500000000000000]
    [0.66344702243804909, 0.00000000000000000, 0.00000000000000000, 0.25000000000000000]
    [-0.00000000000000007, -0.66344702243804909, 0.00000000000000007, 1.62500000000000000]
  #16 data/objects/buildingsets/human/lowtech/delta/int/common/floor/lt_delta_walkway_x_junct_04x04_a.cgf
    [-1.00000000000000000, 0.00000000000000000, 0.00000000000000000, 2.00000000000000000]
    [0.00000000000000000, -1.00000000000000000, 0.00000000000000000, 5.50000000000000000]
    [0.00000000000000000, 0.00000000000000000, 1.00000000000000000, -1.00000000000000000]
  #17 objects/buildingsets/human/lowtech/delta/int/common/prop/panel/lt_delta_panel_01x04m_a.cgf
    [-0.00000042468637162, -0.66344730556228204, 0.00000000000000000, 6.68750000000000000]
    [0.66344730556228204, -0.00000042468637162, 0.00000000000000000, 0.25000000000000000]
    [0.00000000000000000, 0.00000000000000000, 0.66344730556241782, 1.43750000000000000]
  #18 objects/buildingsets/human/lowtech/delta/int/common/connector/lt_delta_connector_door_08x01x04_a.cgf
    [1.00000000000000000, 0.00000000000000000, 0.00000000000000000, 0.00000000000000000]
    [0.00000000000000000, 1.00000000000000000, 0.00000000000000000, 0.00000000000000000]
    [0.00000000000000000, 0.00000000000000000, 1.00000000000000000, 0.00000000000000000]
  #19 objects/buildingsets/human/lowtech/delta/int/common/prop/panel/lt_delta_panel_01x04m_a.cgf
    [-0.00000042468655256, -0.66344758868640863, 0.00000000000000000, 6.68750000000000000]
    [-0.66344758868640863, 0.00000042468655256, 0.00000000000000000, 0.25000000000000000]
    [-0.00000000000000000, 0.00000000000000000, -0.66344758868654452, 3.00000000000000000]
  #20 objects/buildingsets/human/lowtech/bravo/int/roomlg/wall/roomlg_wall_straight_top_rock_08x08x08_a.cgf
    [0.99999999238395809, 0.00006532576874805, -0.00001115979638477, 4.84740099999999963]
    [-0.00006626727671821, 0.98768837048463765, -0.15643422764204321, -1.38945000000000007]
    [0.00000080321493134, 0.15643422803804316, 0.98768837264463616, 6.13256700000010824]
  #21 objects/buildingsets/human/lowtech/delta/int/common/prop/panel/lt_delta_panel_01x04m_a.cgf
    [-0.00000042468637162, -0.66344730556228204, 0.00000000000000000, 9.31250000000000000]
    [0.66344730556228204, -0.00000042468637162, 0.00000000000000000, 0.25000000000000000]
    [0.00000000000000000, 0.00000000000000000, 0.66344730556241782, 1.43750000000000000]
  #22 objects/buildingsets/human/lowtech/bravo/int/roomlg/wall/roomlg_wall_straight_top_rock_08x08x08_a.cgf
    [0.99999999238395809, 0.00006532576874805, -0.00001115979638477, -12.21509900000000037]
    [-0.00006626727671821, 0.98768837048463765, -0.15643422764204321, -1.38831900000000008]
    [0.00000080321493134, 0.15643422803804316, 0.98768837264463616, 6.13255299999991621]
  #23 objects/buildingsets/human/lowtech/delta/int/common/wall/wall_a/lt_delta_wall_a_crnout_02x02x04_b.cgf
    [1.00000000000000000, 0.00000000000000000, 0.00000000000000000, -3.56250000000000000]
    [0.00000000000000000, 1.00000000000000000, 0.00000000000000000, 0.75000000000000000]
    [0.00000000000000000, 0.00000000000000000, 1.00000000000000000, 0.25000000000000000]
  #24 objects/buildingsets/human/lowtech/delta/int/common/wall/wall_a/lt_delta_wall_a_strght_02x025x04_a.cgf
    [1.00000000000000000, 0.00000000000000000, 0.00000000000000000, -3.87500000000000000]
    [0.00000000000000000, 1.00000000000000000, 0.00000000000000000, -0.37500000000000000]
    [0.00000000000000000, 0.00000000000000000, 1.00000000000000000, 4.00000000000000000]
  #25 objects/buildingsets/human/lowtech/delta/int/common/wall/wall_a/lt_delta_wall_a_crnout_02x02x04_b.cgf
    [-1.00000000000000000, 0.00000000000000000, 0.00000000000000000, 3.93749899999999986]
    [0.00000000000000000, 1.00000000000000000, 0.00000000000000000, 0.75000100000000003]
    [0.00000000000000000, 0.00000000000000000, -1.00000000000000000, 8.24999900000011621]
  #26 objects/buildingsets/human/lowtech/delta/int/common/prop/panel/lt_delta_panel_01x04m_a.cgf
    [-0.00000042468655256, -0.66344758868640863, 0.00000000000000000, 9.31250000000000000]
    [-0.66344758868640863, 0.00000042468655256, 0.00000000000000000, 0.25000000000000000]
    [-0.00000000000000000, 0.00000000000000000, -0.66344758868654452, 3.00000000000000000]
  #27 objects/buildingsets/human/lowtech/delta/int/common/wall/wall_a/lt_delta_wall_a_strght_02x025x04_a.cgf
    [1.00000000000000000, 0.00000000000000000, 0.00000000000000000, 2.12500000000000000]
    [0.00000000000000000, 1.00000000000000000, 0.00000000000000000, -0.37500000000000000]
    [0.00000000000000000, 0.00000000000000000, 1.00000000000000000, 4.00000000000000000]
  #28 objects/buildingsets/human/lowtech/delta/int/common/prop/panel/lt_delta_panel_01x04m_a.cgf
    [0.00000000000000007, 0.00000000000000000, 0.66344702243804909, 10.62500000000000000]
    [0.66344702243804909, 0.00000000000000000, 0.00000000000000000, 0.24999900000000000]
    [0.00000000000000007, 0.66344702243804909, 0.00000000000000007, 1.62500000000000000]
  #29 objects/buildingsets/human/lowtech/bravo/int/roomlg/wall/roomlg_wall_straight_top_rock_08x08x08_a.cgf
    [0.99999999238395809, 0.00006532576874805, -0.00001115979638477, -3.84009899999999993]
    [-0.00006626727671821, 0.98768837048463765, -0.15643422764204321, -1.38887399999999994]
    [0.00000080321493134, 0.15643422803804316, 0.98768837264463616, 6.13256000000001222]
  #30 data/objects/buildingsets/human/lowtech/delta/int/common/wall/wall_a/lt_delta_wall_a_strght_04x025x04_d.cgf
    [1.00000000000000000, 0.00000000000000000, 0.00000000000000000, -1.87500000000000000]
    [0.00000000000000000, 1.00000000000000000, 0.00000000000000000, -0.37500000000000000]
    [0.00000000000000000, 0.00000000000000000, 1.00000000000000000, 4.00000000000000000]
  #31 objects/buildingsets/human/lowtech/bravo/int/roomlg/wall/roomlg_wall_straight_mid_rock_08x02x08_b.cgf
    [0.00000000000000000, 0.00000000000000000, -0.72649502754211426, 0.02759900000000000]
    [0.72649502754211426, 0.00000000000000000, 0.00000000000000000, 1.57571900000000009]
    [0.00000000000000000, -0.72649502754211426, 0.00000000000000000, 14.07005299999991621]
  #32 objects/buildingsets/human/lowtech/bravo/int/roomlg/window/roomlg_window_cornerin_base_08x08x08_b.cgf
    [-0.99999999927400007, -0.00006600000046757, 0.00000000000000000, -4.00000000000000000]
    [0.00006600000046757, -0.99999999927400007, 0.00000000000000000, 15.50000000000000000]
    [0.00000000000000000, 0.00000000000000000, 1.00000000145200008, -10.00000000000000000]
  #33 data/objects/buildingsets/human/lowtech/delta/int/common/railing/lt_delta_railing_straight_2m_a.cgf
    [-1.00009095612720933, 0.00005800527690069, 0.00000000000000000, -6.00000000000000000]
    [-0.00005800527690069, -1.00009095612720933, 0.00000000000000000, 11.50000000000000000]
    [0.00000000000000000, 0.00000000000000000, 1.00009095780936264, -1.00000000000000000]
  #34 data/objects/buildingsets/human/lowtech/delta/int/common/wall/wall_a/lt_delta_top_wall_cnrout_02x02x02_a.cgf
    [-0.00000064012100026, -1.00000042674731060, 0.00000000000000000, -4.87500000000000000]
    [1.00000042674731060, -0.00000064012100026, 0.00000000000000000, 1.25000000000000000]
    [0.00000000000000000, 0.00000000000000000, 1.00000042674751533, -1.75000000000000000]
  #35 objects/buildingsets/human/lowtech/delta/int/common/prop/panel/lt_delta_panel_01x04m_a.cgf
    [-0.00000042468655256, -0.66344758868640863, 0.00000000000000000, -9.12500000000000000]
    [-0.66344758868640863, 0.00000042468655256, 0.00000000000000000, 0.37500000000000000]
    [-0.00000000000000000, 0.00000000000000000, -0.66344758868654452, 3.00000000000000000]
  #36 data/objects/buildingsets/human/lowtech/delta/int/common/floor/lt_delta_walkway_x_junct_04x04_a.cgf
    [-0.00000128024200052, -2.00000085349462120, 0.00000000000000000, -3.00000299999999998]
    [2.00000085349462120, -0.00000128024200052, 0.00000000000000000, 0.50000299999999998]
    [0.00000000000000000, 0.00000000000000000, 2.00000085349503065, -9.87500000000000000]
  #37 objects/buildingsets/human/lowtech/bravo/int/roomlg/wall/roomlg_wall_straight_mid_rock_08x02x08_b.cgf
    [-0.00000046436874602, 0.72543932162977609, 0.00000000000000000, -12.59009999999999962]
    [-0.72543932162977609, -0.00000046436874602, -0.00000000000000000, 7.29928500000000025]
    [-0.00000000000000000, 0.00000000000000000, 0.72543932162992464, 4.57005200000003242]
  #38 data/objects/buildingsets/human/lowtech/delta/int/common/floor/lt_delta_walkway_straight_04x02_a.cgf
    [0.00005027262937969, -1.00000042589412708, 0.00000000000000000, -6.00000000000000000]
    [1.00000042589412708, 0.00005027262937969, 0.00000000000000000, 5.50000000000000000]
    [0.00000000000000000, 0.00000000000000000, 1.00000042715779536, -1.00000000000000000]
  #39 data/objects/buildingsets/human/lowtech/delta/int/common/wall/wall_a/lt_delta_a_strght_window_06x01x04_b.cgf
    [1.00000000000000000, 0.00000000000000000, 0.00000000000000000, -10.56250000000000000]
    [0.00000000000000000, 1.00000000000000000, 0.00000000000000000, 0.62500000000000000]
    [0.00000000000000000, 0.00000000000000000, 1.00000000000000000, 0.25000000000000000]
  #40 data/objects/buildingsets/human/lowtech/delta/int/common/floor/lt_delta_walkway_corner_04x04_b.cgf
    [0.00005027262937969, -1.00000042589412708, 0.00000000000000000, -6.00020000000000042]
    [1.00000042589412708, 0.00005027262937969, 0.00000000000000000, 1.50000000000000000]
    [0.00000000000000000, 0.00000000000000000, 1.00000042715779536, -1.00000000000000000]
  #41 objects/buildingsets/human/lowtech/delta/int/common/wall/wall_f/lt_delta_wall_set_f_wall_straight_06m_b.cgf
    [-0.00000064012127343, 1.00000085349446177, 0.00000000000000000, -11.37500000000000000]
    [1.00000085349446177, 0.00000064012127299, 0.00000000000000000, 1.18750200000000006]
    [0.00000000000000000, 0.00000000000000000, -1.00000085349466694, 15.06250099999988379]
  #42 data/objects/buildingsets/human/lowtech/delta/int/common/pillar/set_b/lt_delta_pillar_set_b_pillar_08m_a.cgf
    [1.00000000000000000, 0.00000000000000000, 0.00000000000000000, -11.93750000000000000]
    [0.00000000000000000, 1.00000000000000000, 0.00000000000000000, 7.31250000000000000]
    [0.00000000000000000, 0.00000000000000000, 1.00000000000000000, -0.56250000000000000]
  #43 objects/buildingsets/human/lowtech/delta/int/common/prop/panel/lt_delta_panel_01x04m_a.cgf
    [0.00000000000000007, 0.00000000000000000, -0.66344702243804909, -10.18750000000000000]
    [0.66344702243804909, 0.00000000000000000, 0.00000000000000000, 0.37500000000000000]
    [-0.00000000000000007, -0.66344702243804909, 0.00000000000000007, 1.62500000000000000]
  #44 objects/buildingsets/human/lowtech/bravo/int/roomlg/wall/roomlg_wall_straight_mid_rock_08x02x08_b.cgf
    [0.00000000000000000, 0.00000000000000000, -0.72649502754211426, -5.90990099999999963]
    [0.72649502754211426, 0.00000000000000000, 0.00000000000000000, 1.57572200000000007]
    [0.00000000000000000, -0.72649502754211426, 0.00000000000000000, 14.07005600000002232]
  #45 data/objects/buildingsets/human/lowtech/delta/int/common/floor/lt_delta_walkway_corner_04x04_b.cgf
    [1.00000000000000000, 0.00000000000000000, 0.00000000000000000, -9.99989899999999921]
    [0.00000000000000000, 1.00000000000000000, 0.00000000000000000, 7.50020099999999967]
    [0.00000000000000000, 0.00000000000000000, 1.00000000000000000, -1.00000000000000000]
  #46 objects/buildingsets/human/lowtech/delta/int/common/wall/wall_a/lt_delta_top_wall_strght_02x01x02_a.cgf
    [1.00000000000000000, 0.00000000000000000, 0.00000000000000000, -3.87500000000000000]
    [0.00000000000000000, 1.00000000000000000, 0.00000000000000000, 1.25000000000000000]
    [0.00000000000000000, 0.00000000000000000, 1.00000000000000000, -1.75000000000000000]
  #47 data/objects/buildingsets/human/lowtech/delta/int/common/wall/wall_a/lt_delta_wall_a_strght_04x025x04_d.cgf
    [1.00000000000000000, 0.00000000000000000, 0.00000000000000000, -10.56250000000000000]
    [0.00000000000000000, 1.00000000000000000, 0.00000000000000000, 0.37500000000000000]
    [0.00000000000000000, 0.00000000000000000, 1.00000000000000000, -3.75000000000000000]
  #48 data/objects/buildingsets/human/lowtech/delta/int/common/railing/lt_delta_railing_straight_2m_a.cgf
    [-1.00009095612720933, 0.00005800527690069, 0.00000000000000000, -4.00000000000000000]
    [-0.00005800527690069, -1.00009095612720933, 0.00000000000000000, 11.50000000000000000]
    [0.00000000000000000, 0.00000000000000000, 1.00009095780936264, -1.00000000000000000]
  #49 objects/buildingsets/human/lowtech/delta/int/common/wall/wall_f/lt_delta_wall_set_f_wall_straight_06m_b.cgf
    [-0.00000064012127343, 1.00000085349446177, 0.00000000000000000, -11.37499900000000075]
    [1.00000085349446177, 0.00000064012127299, 0.00000000000000000, 1.37500099999999992]
    [0.00000000000000000, 0.00000000000000000, -1.00000085349466694, 11.06250099999988379]
  #50 objects/buildingsets/human/lowtech/delta/int/common/wall/wall_f/lt_delta_wall_set_f_wall_straight_06m_b.cgf
    [-0.00000064012100026, 1.00000042674731060, 0.00000000000000000, -11.37500000000000000]
    [-1.00000042674731060, -0.00000064012100026, -0.00000000000000000, 7.37500000000000000]
    [-0.00000000000000000, 0.00000000000000000, 1.00000042674751533, -0.87500000000000000]
  #51 data/objects/buildingsets/human/lowtech/delta/int/common/wall/wall_a/lt_delta_top_wall_cnrout_02x02x02_a.cgf
    [-0.00000064012100026, 1.00000042674731060, 0.00000000000000000, -10.87500099999999925]
    [-1.00000042674731060, -0.00000064012100026, -0.00000000000000000, 1.87500099999999992]
    [-0.00000000000000000, 0.00000000000000000, 1.00000042674751533, -3.06250000000000000]
  #52 data/objects/buildingsets/human/lowtech/delta/int/common/floor/lt_delta_walkway_x_junct_04x04_a.cgf
    [-1.00000000000000000, 0.00000000000000000, 0.00000000000000000, -1.99999900000000008]
    [0.00000000000000000, -1.00000000000000000, 0.00000000000000000, 5.50000100000000014]
    [0.00000000000000000, 0.00000000000000000, 1.00000000000000000, -1.00000000000000000]
  #53 data/objects/buildingsets/human/lowtech/delta/int/common/railing/lt_delta_railing_straight_1m_a.cgf
    [0.70710528719954979, 0.70710419984998252, 0.00000000000000000, -9.87223999999999968]
    [-0.70710419984998252, 0.70710528719954979, -0.00000000000000000, 2.52380000000000004]
    [-0.00000000000000000, 0.00000000000000000, 0.99999711831136884, -1.00000000000000000]
  #54 objects/buildingsets/human/lowtech/bravo/int/roomlg/wall/roomlg_wall_straight_mid_rock_08x02x08_b.cgf
    [-0.00000046504472371, 0.72649533757191354, 0.00000000000000000, -12.59009999999999962]
    [-0.72649533757191354, -0.00000046504472371, -0.00000000000000000, 7.29928500000000025]
    [-0.00000000000000000, 0.00000000000000000, 0.72649533757206231, 9.88255200000003242]
  #55 objects/buildingsets/human/lowtech/delta/int/common/prop/panel/lt_delta_panel_01x04m_a.cgf
    [-0.00000042468637162, -0.66344730556228204, 0.00000000000000000, -9.12500000000000000]
    [0.66344730556228204, -0.00000042468637162, 0.00000000000000000, 0.37500000000000000]
    [0.00000000000000000, 0.00000000000000000, 0.66344730556241782, 1.43750000000000000]
  #56 objects/buildingsets/human/lowtech/delta/int/common/wall/wall_a/lt_delta_wall_a_strght_02x025x04_a.cgf
    [1.00000000000000000, 0.00000000000000000, 0.00000000000000000, -12.56250000000000000]
    [0.00000000000000000, 1.00000000000000000, 0.00000000000000000, 0.56250000000000000]
    [0.00000000000000000, 0.00000000000000000, 1.00000000000000000, -3.75000000000000000]
  #57 objects/buildingsets/human/lowtech/delta/int/common/wall/wall_a/lt_delta_wall_a_strght_02x025x04_a.cgf
    [1.00000000000000000, 0.00000000000000000, 0.00000000000000000, -12.56250000000000000]
    [0.00000000000000000, 1.00000000000000000, 0.00000000000000000, 0.56250000000000000]
    [0.00000000000000000, 0.00000000000000000, 1.00000000000000000, 0.25000000000000000]
  #58 objects/buildingsets/human/lowtech/delta/int/common/wall/wall_a/lt_delta_wall_a_strght_02x025x04_a.cgf
    [1.00000000000000000, 0.00000000000000000, 0.00000000000000000, -6.56250000000000000]
    [0.00000000000000000, 1.00000000000000000, 0.00000000000000000, 0.37500000000000000]
    [0.00000000000000000, 0.00000000000000000, 1.00000000000000000, -3.75000000000000000]
  #59 data/objects/buildingsets/human/lowtech/delta/int/common/pillar/set_b/lt_delta_pillar_set_b_pillar_08m_a.cgf
    [1.00000000000000000, 0.00000000000000000, 0.00000000000000000, -11.93750000000000000]
    [0.00000000000000000, 1.00000000000000000, 0.00000000000000000, 7.31250000000000000]
    [0.00000000000000000, 0.00000000000000000, 1.00000000000000000, 7.43750000000000000]
  #60 data/objects/buildingsets/human/lowtech/delta/int/common/railing/lt_delta_railing_left_2m_a.cgf
    [-0.00017884495356483, 1.00000041612410828, 0.00000000000000000, -1.99977699999999992]
    [-1.00000041612410828, -0.00017884495356483, -0.00000000000000000, 3.50000000000000000]
    [-0.00000000000000000, 0.00000000000000000, 1.00000043211686029, -1.00000000000000000]
  #61 objects/buildingsets/human/lowtech/bravo/int/roomlg/window/roomlg_window_cornerin_top_08x08x08_b.cgf
    [-0.99999999927400007, -0.00006600000046757, 0.00000000000000000, -4.00000000000000000]
    [0.00006600000046757, -0.99999999927400007, 0.00000000000000000, 15.50000000000000000]
    [0.00000000000000000, 0.00000000000000000, 1.00000000145200008, 6.00000000000000000]
  #62 data/objects/buildingsets/human/lowtech/delta/int/common/wall/wall_a/lt_delta_wall_a_strght_04x025x04_d.cgf
    [1.00000000000000000, 0.00000000000000000, 0.00000000000000000, -10.56250000000000000]
    [0.00000000000000000, 1.00000000000000000, 0.00000000000000000, 0.56250000000000000]
    [0.00000000000000000, 0.00000000000000000, 1.00000000000000000, 4.25000000000000000]
  #63 data/objects/buildingsets/human/lowtech/delta/int/common/wall/wall_a/lt_delta_top_wall_strght_04x01x02_a.cgf
    [-0.00000064012100026, 1.00000042674731060, 0.00000000000000000, -10.87500000000000000]
    [-1.00000042674731060, -0.00000064012100026, -0.00000000000000000, 6.87500100000000014]
    [-0.00000000000000000, 0.00000000000000000, 1.00000042674751533, -3.06250000000000000]
  #64 data/objects/buildingsets/human/lowtech/delta/int/common/railing/lt_delta_railing_straight_2m_a.cgf
    [-0.70712856274462521, 0.70721328602337286, 0.00000000000000000, -8.17676600000000064]
    [-0.70721328602337286, -0.70712856274462521, 0.00000000000000000, 11.32321300000000086]
    [0.00000000000000000, 0.00000000000000000, 1.00009071397411575, -1.00000000000000000]
  #65 data/objects/buildingsets/human/lowtech/delta/int/common/pillar/set_b/lt_delta_pillar_set_b_pillar_08m_a.cgf
    [1.00000000000000000, 0.00000000000000000, 0.00000000000000000, -11.93750000000000000]
    [0.00000000000000000, 1.00000000000000000, 0.00000000000000000, 7.12500000000000000]
    [0.00000000000000000, 0.00000000000000000, 1.00000000000000000, -8.56250000000000000]
  #66 objects/buildingsets/human/lowtech/delta/int/common/wall/wall_f/lt_delta_wall_set_f_wall_straight_06m_b.cgf
    [-0.00000064012100026, 1.00000042674731060, 0.00000000000000000, -11.37500000000000000]
    [-1.00000042674731060, -0.00000064012100026, -0.00000000000000000, 7.18750000000000000]
    [-0.00000000000000000, 0.00000000000000000, 1.00000042674751533, -4.87500000000000000]
  #67 data/objects/buildingsets/human/lowtech/delta/int/common/wall/wall_a/lt_delta_top_wall_cnrout_02x02x02_a.cgf
    [0.99619476639472293, -0.08715494785227522, 0.00000000000000000, -10.98083899999999957]
    [0.08715494785227522, 0.99619476639472293, 0.00000000000000000, 7.80515100000000039]
    [0.00000000000000000, 0.00000000000000000, 0.99999999876368473, -3.06250000000000000]
  #68 data/objects/buildingsets/human/lowtech/delta/int/common/railing/lt_delta_railing_straight_4m_a.cgf
    [0.99999701976776123, 0.00000000000000000, 0.00000000000000000, -8.81851799999999919]
    [0.00000000000000000, 0.99999701976776123, 0.00000000000000000, 1.50000000000000000]
    [0.00000000000000000, 0.00000000000000000, 0.99999701976776123, -1.00000000000000000]
  #69 objects/buildingsets/human/lowtech/delta/int/common/prop/panel/lt_delta_panel_01x04m_a.cgf
    [0.00000000000000007, 0.00000000000000000, 0.66344702243804909, -5.18750000000000000]
    [0.66344702243804909, 0.00000000000000000, 0.00000000000000000, 0.37499900000000003]
    [0.00000000000000007, 0.66344702243804909, 0.00000000000000007, 1.62500000000000000]
  #70 objects/buildingsets/human/lowtech/delta/int/common/wall/wall_a/lt_delta_wall_a_strght_02x025x04_a.cgf
    [1.00000000000000000, 0.00000000000000000, 0.00000000000000000, -6.56250000000000000]
    [0.00000000000000000, 1.00000000000000000, 0.00000000000000000, 0.56250000000000000]
    [0.00000000000000000, 0.00000000000000000, 1.00000000000000000, 4.25000000000000000]
  #71 objects/buildingsets/human/lowtech/delta/int/common/wall/wall_f/lt_delta_wall_set_f_wall_straight_06m_b.cgf
    [-0.00000064012127343, 1.00000085349446177, 0.00000000000000000, -11.37499900000000075]
    [1.00000085349446177, 0.00000064012127299, 0.00000000000000000, 1.37500099999999992]
    [0.00000000000000000, 0.00000000000000000, -1.00000085349466694, 7.12500099999988379]
  #72 objects/buildingsets/human/lowtech/bravo/int/roomlg/wall/roomlg_wall_straight_mid_rock_08x02x08_b.cgf
    [-0.00000047190808925, 0.73721732367291137, 0.00000000000000000, -12.59009999999999962]
    [-0.73721732367291137, -0.00000047190808925, -0.00000000000000000, 7.29928500000000025]
    [-0.00000000000000000, 0.00000000000000000, 0.73721732367306236, -1.11744799999996758]
  #73 objects/buildingsets/human/lowtech/delta/int/common/prop/panel/lt_delta_panel_01x04m_a.cgf
    [-0.00000042468655256, -0.66344758868640863, 0.00000000000000000, -6.50000000000000000]
    [-0.66344758868640863, 0.00000042468655256, 0.00000000000000000, 0.37500000000000000]
    [-0.00000000000000000, 0.00000000000000000, -0.66344758868654452, 3.00000000000000000]
  #74 data/objects/buildingsets/human/lowtech/bravo/int/roomlg/window/roomlg_window_cornerin_mid_08x08x08_b.cgf
    [-0.99999999927400007, -0.00006600000046757, 0.00000000000000000, -4.00000000000000000]
    [0.00006600000046757, -0.99999999927400007, 0.00000000000000000, 15.50000000000000000]
    [0.00000000000000000, 0.00000000000000000, 1.00000000145200008, -2.00000000000000000]
  #75 objects/buildingsets/human/lowtech/delta/int/common/prop/panel/lt_delta_panel_01x04m_a.cgf
    [-0.00000042468637162, -0.66344730556228204, 0.00000000000000000, -6.50000000000000000]
    [0.66344730556228204, -0.00000042468637162, 0.00000000000000000, 0.37500000000000000]
    [0.00000000000000000, 0.00000000000000000, 0.66344730556241782, 1.43750000000000000]
  #76 objects/buildingsets/human/lowtech/delta/int/common/wall/wall_a/lt_delta_wall_a_strght_02x025x04_a.cgf
    [1.00000000000000000, 0.00000000000000000, 0.00000000000000000, -12.56250000000000000]
    [0.00000000000000000, 1.00000000000000000, 0.00000000000000000, 0.56250000000000000]
    [0.00000000000000000, 0.00000000000000000, 1.00000000000000000, 4.25000000000000000]
  #77 data/objects/buildingsets/human/lowtech/delta/int/common/pillar/set_b/lt_delta_pillar_set_b_pillar_08m_a.cgf
    [-1.00000000000000000, 0.00000000000000000, 0.00000000000000000, 11.81250299999999953]
    [0.00000000000000000, -1.00000000000000000, 0.00000000000000000, 2.12500100000000014]
    [0.00000000000000000, 0.00000000000000000, 1.00000000000000000, -0.81250099999988379]
  #78 objects/buildingsets/human/lowtech/delta/int/common/wall/wall_f/lt_delta_wall_set_f_wall_straight_06m_b.cgf
    [-0.00000064012127343, -1.00000085349446177, 0.00000000000000000, 11.18750000000000000]
    [-1.00000085349446177, 0.00000064012127299, 0.00000000000000000, 7.37499799999999972]
    [-0.00000000000000000, 0.00000000000000000, -1.00000085349466694, 6.06250000000000000]
  #79 objects/buildingsets/human/lowtech/delta/int/common/wall/wall_a/lt_delta_wall_a_strght_02x025x04_a.cgf
    [1.00000000000000000, 0.00000000000000000, 0.00000000000000000, 8.93750000000000000]
    [0.00000000000000000, 1.00000000000000000, 0.00000000000000000, 0.37500000000000000]
    [0.00000000000000000, 0.00000000000000000, 1.00000000000000000, -3.75000000000000000]
  #80 data/objects/buildingsets/human/lowtech/delta/int/common/pillar/set_b/lt_delta_pillar_set_b_pillar_08m_a.cgf
    [-1.00000000000000000, 0.00000000000000000, 0.00000000000000000, 11.81250200000000028]
    [0.00000000000000000, -1.00000000000000000, 0.00000000000000000, 8.25000099999999925]
    [0.00000000000000000, 0.00000000000000000, 1.00000000000000000, -2.31250099999988379]
  #81 data/objects/buildingsets/human/lowtech/delta/int/common/pillar/set_b/lt_delta_pillar_set_b_pillar_08m_a.cgf
    [-1.00000000000000000, 0.00000000000000000, 0.00000000000000000, 11.81250200000000028]
    [0.00000000000000000, -1.00000000000000000, 0.00000000000000000, 8.24999900000000075]
    [0.00000000000000000, 0.00000000000000000, 1.00000000000000000, 5.68749900000011621]
  #82 objects/buildingsets/human/lowtech/bravo/int/roomlg/window/roomlg_window_cornerin_base_08x08x08_a.cgf
    [-0.99999999927400007, -0.00006600000046757, 0.00000000000000000, 12.00000000000000000]
    [0.00006600000046757, -0.99999999927400007, 0.00000000000000000, 15.50000000000000000]
    [0.00000000000000000, 0.00000000000000000, 1.00000000145200008, -10.00000000000000000]
  #83 data/objects/buildingsets/human/lowtech/delta/int/common/wall/wall_a/lt_delta_a_strght_window_06x01x04_b.cgf
    [1.00000000000000000, 0.00000000000000000, 0.00000000000000000, 4.93750000000000000]
    [0.00000000000000000, 1.00000000000000000, 0.00000000000000000, 0.43750000000000000]
    [0.00000000000000000, 0.00000000000000000, 1.00000000000000000, 0.25000000000000000]
  #84 data/objects/buildingsets/human/lowtech/delta/int/common/wall/wall_a/lt_delta_wall_a_strght_04x025x04_d.cgf
    [1.00000000000000000, 0.00000000000000000, 0.00000000000000000, 4.93750000000000000]
    [0.00000000000000000, 1.00000000000000000, 0.00000000000000000, 0.37500000000000000]
    [0.00000000000000000, 0.00000000000000000, 1.00000000000000000, -3.75000000000000000]
  #85 objects/buildingsets/human/lowtech/bravo/int/roomlg/wall/roomlg_wall_straight_mid_rock_08x02x08_b.cgf
    [0.00000000000000000, 0.00000000000000000, -0.72649502754211426, 12.09010100000000065]
    [0.72649502754211426, 0.00000000000000000, 0.00000000000000000, 2.07571500000000020]
    [0.00000000000000000, -0.72649502754211426, 0.00000000000000000, 14.13254999999981010]
  #86 data/objects/buildingsets/human/lowtech/delta/int/common/railing/lt_delta_railing_straight_2m_a.cgf
    [-0.00000064011909255, -0.99999744651380007, 0.00000000000000000, 10.00000000000000000]
    [0.99999744651380007, -0.00000064011909255, 0.00000000000000000, 3.50000000000000000]
    [0.00000000000000000, 0.00000000000000000, 0.99999744651400491, -1.00000000000000000]
  #87 objects/buildingsets/human/lowtech/delta/int/common/wall/wall_a/lt_delta_top_wall_strght_02x01x02_a.cgf
    [1.00000000000000000, 0.00000000000000000, 0.00000000000000000, 2.12500000000000000]
    [0.00000000000000000, 1.00000000000000000, 0.00000000000000000, 1.25000000000000000]
    [0.00000000000000000, 0.00000000000000000, 1.00000000000000000, -1.75000000000000000]
  #88 data/objects/buildingsets/human/lowtech/delta/int/common/floor/lt_delta_walkway_corner_04x04_b.cgf
    [-0.99999999958333308, -0.00004999999871606, 0.00000000000000000, 9.99999900000000075]
    [0.00004999999871606, -0.99999999958333308, 0.00000000000000000, 5.49919899999999995]
    [0.00000000000000000, 0.00000000000000000, 1.00000000083333318, -1.00000000000000000]
  #89 data/objects/buildingsets/human/lowtech/delta/int/common/railing/lt_delta_railing_right_2m_a.cgf
    [-0.00017884495356483, 1.00000041612410828, 0.00000000000000000, 2.00023499999999999]
    [-1.00000041612410828, -0.00017884495356483, -0.00000000000000000, 3.56250000000000000]
    [-0.00000000000000000, 0.00000000000000000, 1.00000043211686029, -1.00000000000000000]
  #90 objects/buildingsets/human/lowtech/delta/int/common/wall/wall_a/lt_delta_wall_a_strght_02x025x04_a.cgf
    [1.00000000000000000, 0.00000000000000000, 0.00000000000000000, 8.93750000000000000]
    [0.00000000000000000, 1.00000000000000000, 0.00000000000000000, 0.43750000000000000]
    [0.00000000000000000, 0.00000000000000000, 1.00000000000000000, 4.25000000000000000]
  #91 data/objects/buildingsets/human/lowtech/delta/int/common/railing/lt_delta_railing_straight_2m_a.cgf
    [0.99999701976776123, 0.00000000000000000, 0.00000000000000000, 6.18148199999999992]
    [0.00000000000000000, 0.99999701976776123, 0.00000000000000000, 1.50000000000000000]
    [0.00000000000000000, 0.00000000000000000, 0.99999701976776123, -1.00000000000000000]
  #92 data/objects/buildingsets/human/lowtech/delta/int/common/railing/lt_delta_railing_straight_2m_a.cgf
    [0.70710528719954979, -0.70710419984998252, 0.00000000000000000, 8.43148200000000081]
    [0.70710419984998252, 0.70710528719954979, 0.00000000000000000, 1.50000000000000000]
    [0.00000000000000000, 0.00000000000000000, 0.99999711831136884, -1.00000000000000000]
  #93 objects/buildingsets/human/lowtech/bravo/int/roomlg/window/roomlg_window_cornerin_mid_08x08x08_a.cgf
    [-0.99999999927400007, -0.00006600000046757, 0.00000000000000000, 12.00000000000000000]
    [0.00006600000046757, -0.99999999927400007, 0.00000000000000000, 15.50000000000000000]
    [0.00000000000000000, 0.00000000000000000, 1.00000000145200008, -2.00000000000000000]
  #94 data/objects/buildingsets/human/lowtech/delta/int/common/floor/lt_delta_walkway_x_junct_04x04_a.cgf
    [-0.00000128024200052, -2.00000085349462120, 0.00000000000000000, 12.99999700000000047]
    [2.00000085349462120, -0.00000128024200052, 0.00000000000000000, 0.49999399999999999]
    [0.00000000000000000, 0.00000000000000000, 2.00000085349503065, -9.87500000000000000]
  #95 objects/buildingsets/human/lowtech/bravo/int/roomlg/wall/roomlg_wall_straight_mid_rock_08x02x08_b.cgf
    [-0.00000046436874602, -0.72543932162977609, 0.00000000000000000, 12.34009999999999962]
    [0.72543932162977609, -0.00000046436874602, 0.00000000000000000, 1.57571499999999998]
    [0.00000000000000000, 0.00000000000000000, 0.72543932162992464, 2.82004999999981010]
  #96 data/objects/buildingsets/human/lowtech/delta/int/common/wall/wall_a/lt_delta_top_wall_cnrout_02x02x02_a.cgf
    [1.00000000000000000, 0.00000000000000000, 0.00000000000000000, 5.12500000000000000]
    [0.00000000000000000, 1.00000000000000000, 0.00000000000000000, 1.25000000000000000]
    [0.00000000000000000, 0.00000000000000000, 1.00000000000000000, -1.75000000000000000]
  #97 objects/buildingsets/human/lowtech/delta/int/common/wall/wall_f/lt_delta_wall_set_f_wall_straight_06m_b.cgf
    [-0.00000064012127343, -1.00000085349446177, 0.00000000000000000, 11.18750000000000000]
    [-1.00000085349446177, 0.00000064012127299, 0.00000000000000000, 7.37499799999999972]
    [-0.00000000000000000, 0.00000000000000000, -1.00000085349466694, 10.06250000000000000]
  #98 data/objects/buildingsets/human/lowtech/delta/int/common/floor/lt_delta_walkway_x_junct_04x04_a.cgf
    [-1.00000000000000000, 0.00000000000000000, 0.00000000000000000, 6.00000000000000000]
    [0.00000000000000000, -1.00000000000000000, 0.00000000000000000, 5.49999899999999986]
    [0.00000000000000000, 0.00000000000000000, 1.00000000000000000, -1.00000000000000000]
  #99 objects/buildingsets/human/lowtech/bravo/int/roomlg/wall/roomlg_wall_straight_mid_rock_08x02x08_b.cgf
    [-0.72649564760174568, 0.00000000000000000, 0.00000000000000000, 6.27760199999999990]
    [0.00000000000000000, 0.00000046504492185, -0.72649564760159691, 7.70071800000000017]
    [-0.00000000000000000, -0.72649564760159691, -0.00000046504492185, 14.07004999999981010]
  #100 data/objects/buildingsets/human/lowtech/delta/int/common/wall/wall_a/lt_delta_wall_a_strght_04x025x04_d.cgf
    [1.00000000000000000, 0.00000000000000000, 0.00000000000000000, 4.93750000000000000]
    [0.00000000000000000, 1.00000000000000000, 0.00000000000000000, 0.43750000000000000]
    [0.00000000000000000, 0.00000000000000000, 1.00000000000000000, 4.25000000000000000]
  #101 objects/buildingsets/human/lowtech/delta/int/common/wall/wall_f/lt_delta_wall_set_f_wall_straight_06m_b.cgf
    [0.00000222586295115, -1.00000042674518408, 0.00000000000000000, 11.18750000000000000]
    [1.00000042674518408, 0.00000222586295115, 0.00000000000000000, 1.37500099999999992]
    [0.00000000000000000, 0.00000000000000000, 1.00000042674766121, -1.93750200000022232]
  #102 objects/buildingsets/human/lowtech/bravo/int/roomlg/wall/roomlg_wall_straight_mid_rock_08x02x08_b.cgf
    [-0.00000047190829031, -0.73721763827816977, 0.00000000000000000, 12.40260600000000046]
    [-0.73721763827816977, 0.00000047190829031, 0.00000000000000000, 7.32571499999999975]
    [-0.00000000000000000, 0.00000000000000000, -0.73721763827832076, 2.32005100000014863]
  #103 objects/buildingsets/human/lowtech/bravo/int/roomlg/wall/roomlg_wall_straight_mid_rock_08x02x08_b.cgf
    [-0.00000046504472371, -0.72649533757191354, 0.00000000000000000, 12.71509999999999962]
    [0.72649533757191354, -0.00000046504472371, 0.00000000000000000, 1.63821400000000006]
    [0.00000000000000000, 0.00000000000000000, 0.72649533757206231, 8.13254999999981010]
  #104 objects/buildingsets/human/lowtech/bravo/int/roomlg/window/roomlg_window_cornerin_top_08x08x08_a.cgf
    [-0.99999999927400007, -0.00006600000046757, 0.00000000000000000, 12.00000000000000000]
    [0.00006600000046757, -0.99999999927400007, 0.00000000000000000, 15.50000000000000000]
    [0.00000000000000000, 0.00000000000000000, 1.00000000145200008, 6.00000000000000000]
