# IncludedObjects
# Cgfs: 48, Materials: 11, Palettes: 1, Placements: 257

[CGFs]
      0: objects/buildingsets/human/lowtech/prop/utilitarian/structure/structure_post_8_a.cgf
      1: objects/buildingsets/human/lowtech/prop/light/light_hazard_2_b.cgf
      2: objects/buildingsets/human/lowtech/alpha/ext/prop/shipping_container_1_025x05x025_a.cgf
      3: objects/buildingsets/human/hightech/prop/storage/crate/crate_dry_1_0125x0125x0125_a.cgf
      4: objects/buildingsets/human/lowtech/prop/storage/container/container_dry_3_025x05x025_a.cgf
      5: objects/buildingsets/human/lowtech/alpha/ext/prop/shipping_container_yellow.cgf
      6: objects/buildingsets/human/universal/prop/tech/laptop/laptop_cased_1_open_a.cgf
      7: objects/buildingsets/human/lowtech/bravo/int/cable/cable_straight_08x01x02_e.cgf
      8: objects/buildingsets/human/hightech/prop/machine/generator/generator_mobile_1_a.cgf
      9: objects/buildingsets/human/lowtech/prop/maintenance/trolley/trolley_mobile_1_a.cgf
     10: objects/buildingsets/human/lowtech/bravo/int/prop/light/light_cold_floor_b.cgf
     11: objects/buildingsets/human/lowtech/prop/storage/container/container_dry_2_025x05x025_a.cgf
     12: objects/buildingsets/human/hightech/prop/light/flood_light/flood_light_frame_a.cgf
     13: objects/buildingsets/human/hightech/delta/ext/outpost/base/base_floor_14x14x02_a.cgf
     14: objects/buildingsets/human/lowtech/prop/light/light_hazard_2_d.cgf
     15: objects/buildingsets/human/universal/prop/food/mre/food_ration_pack_b.cgf
     16: objects/buildingsets/human/hightech/prop/furniture/locker/locker_personal_1_closed_a.cgf
     17: objects/buildingsets/human/universal/prop/dressing/stationery/stationery_postnote_3_a.cgf
     18: objects/buildingsets/human/universal/prop/dressing/stationery/stationery_pen_1_b.cgf
     19: objects/buildingsets/human/hightech/prop/storage/pallet/pallet_01_018_0016_a.cgf
     20: objects/buildingsets/human/universal/prop/food/jar/jar_glass_1_berries_d.cgf
     21: objects/buildingsets/human/universal/prop/toolbox/box_toolbox_1_a_075x0375x0375.cgf
     22: objects/buildingsets/human/hightech/prop/storage/crate/crate_dry_1_01x005x005_a.cgf
     23: objects/buildingsets/human/lowtech/prop/light/light_landing_2_a.cgf
     24: objects/buildingsets/human/hightech/prop/storage/crate/crate_dry_1_stack_01.cgf
     25: objects/buildingsets/human/hightech/prop/storage/crate/crate_dry_1_015x0075x0075_a.cgf
     26: objects/buildingsets/human/hightech/prop/tech/datapad/datapad_tablet_2_noscreen_a.cgf
     27: objects/buildingsets/human/universal/prop/dressing/stationery/stationery_postnote_1_a.cgf
     28: objects/buildingsets/human/hightech/prop/storage/crate/crate_016x008x008_open_c.cgf
     29: objects/buildingsets/human/hightech/prop/storage/pallet/pallet_shipping_1_025x0125x00125_a.cgf
     30: objects/buildingsets/human/hightech/prop/storage/crate/crate_01x005x005_a.cgf
     31: objects/buildingsets/human/hightech/prop/storage/crate/crate_dry_1_0125x00625x00625_a.cgf
     32: objects/buildingsets/human/hightech/prop/storage/crate/crate_dry_1_stack_03.cgf
     33: objects/buildingsets/human/universal/prop/dressing/stationery/stationery_postnote_3_c.cgf
     34: objects/buildingsets/human/hightech/prop/storage/crate/crate_dry_1_stack_02.cgf
     35: objects/planet/manmade/mining/mining_structure_set_01/mining_structure_tower_01.cgf
     36: objects/buildingsets/human/hightech/prop/storage/crate/crate_dry_1_0125x0125x0125_stack_a.cgf
     37: objects/buildingsets/human/lowtech/prop/storage/drum/drum_dry_1_a.cgf
     38: objects/buildingsets/human/lowtech/bravo/int/cable/cable_curved_02x01x02_a.cgf
     39: objects/buildingsets/human/lowtech/prop/utilitarian/structure/structure_post_3_a.cgf
     40: objects/buildingsets/human/lowtech/prop/storage/crate/crate_weapon_4_015x0075x0075_a.cgf
     41: objects/buildingsets/human/lowtech/prop/utilitarian/machine/machine_forklift_1_a.cgf
     42: objects/planet/manmade/mining/mining_structure_set_01/mining_structure_tank_01.cgf
     43: objects/buildingsets/human/lowtech/prop/utilitarian/storage/storage_container_1_025x075x025_a.cgf
     44: objects/buildingsets/human/lowtech/prop/storage/container/container_dry_3_025x025x025_a.cgf
     45: objects/buildingsets/human/lowtech/bravo/ext/hero/storage_tower_a.cgf
     46: objects/buildingsets/human/lowtech/prop/utilitarian/machine/machine_sledge_1_a.cgf
     47: objects/buildingsets/human/lowtech/prop/light/light_hung_4_box_b.cgf

[Materials]
      0: materials/decals/tracks/tyre_track_a
      1: materials/decals/frost/frost_square_a
      2: objects/buildingsets/human/lowtech/alpha/ext/prop/shipping_container_orange_a
      3: objects/buildingsets/human/hightech/prop/hightech_prop_main_a
      4: objects/buildingsets/human/lowtech/alpha/ext/prop/shipping_container_grey_a
      5: objects/buildingsets/human/lowtech/alpha/ext/prop/shipping_container_red_a
      6: materials/decals/frost/frost_streak_b
      7: materials/decals/dust/dust_generic_terrain_01_yellow
      8: materials/decals/dust/dust_generic_terrain_01_green
      9: objects/buildingsets/human/lowtech/alpha/ext/prop/shipping_container_white_a
     10: objects/buildingsets/human/lowtech/bravo/ext/lowtech_bravo_ext_hurston_a

[Palettes]
      0: Libs/Foundry/Records/TintPalettes/default

[Placements]
  #0 objects/buildingsets/human/lowtech/prop/utilitarian/structure/structure_post_8_a.cgf
    [0.73135407078441383, -0.68199810975804576, -0.00000001490898109, 71.65921458220691420]
    [0.68199810975804531, 0.73135407078441206, 0.00000005668983273, 20.08874230691617413]
    [-0.00000002775861200, -0.00000005162823174, 1.00000009928323363, 1.51323840253462549]
  #1 objects/buildingsets/human/lowtech/prop/light/light_hazard_2_b.cgf
    [0.73135407078441383, -0.68199810975804576, -0.00000001490898109, 71.77825699991080910]
    [0.68199810975804531, 0.73135407078441206, 0.00000005668983273, 20.19975111540770740]
    [-0.00000002775861200, -0.00000005162823174, 1.00000009928323363, 9.47092161326145288]
  #2 objects/buildingsets/human/lowtech/alpha/ext/prop/shipping_container_1_025x05x025_a.cgf
    [1.00000004224848293, 0.00000044595590354, 0.00000004565457099, 42.48896331462310627]
    [-0.00000044595591080, 1.00000004224847139, 0.00000015904747906, -26.17877091966147418]
    [-0.00000004565450006, -0.00000015904749942, 1.00000004224856975, 1.22640424632118084]
  #3 objects/buildingsets/human/hightech/prop/storage/crate/crate_dry_1_0125x0125x0125_a.cgf
    [1.00000004224848293, 0.00000044595590354, 0.00000004565457099, 48.98896369928843342]
    [-0.00000044595591080, 1.00000004224847139, 0.00000015904747906, -20.92877140601558494]
    [-0.00000004565450006, -0.00000015904749942, 1.00000004224856975, 3.72640426753787324]
  #4 objects/buildingsets/human/lowtech/prop/storage/container/container_dry_3_025x05x025_a.cgf
    [-1.00000012659427973, -0.00000071052380137, -0.00000039339326538, 46.48896369928843342]
    [0.00000071052386888, -1.00000012659434234, -0.00000017161646031, -20.92877140551900084]
    [-0.00000039339314344, -0.00000017161673982, 1.00000012659451709, 3.72640465117001440]
  #5 objects/buildingsets/human/lowtech/alpha/ext/prop/shipping_container_1_025x05x025_a.cgf
    [1.00000004224848293, 0.00000044595590354, 0.00000004565457099, 49.48896331567084417]
    [-0.00000044595591080, 1.00000004224847139, 0.00000015904747906, -20.92877092104754411]
    [-0.00000004565450006, -0.00000015904749942, 1.00000004224856975, 1.22640419082017615]
  #6 objects/buildingsets/human/lowtech/alpha/ext/prop/shipping_container_1_025x05x025_a.cgf
    [0.00000045884597093, -1.00000004631727202, -0.00000006132007443, 47.98896290088305250]
    [1.00000004631727268, 0.00000045884597382, -0.00000004713116047, -27.17877132048306521]
    [0.00000004713118860, -0.00000006132005281, 1.00000004631737593, 1.22640483497525565]
  #7 objects/buildingsets/human/lowtech/alpha/ext/prop/shipping_container_1_025x05x025_a.cgf
    [-1.00000012659427973, -0.00000071052380137, -0.00000039339326538, 46.48896331564174034]
    [0.00000071052386888, -1.00000012659434234, -0.00000017161646031, -20.92877092043454468]
    [-0.00000039339314344, -0.00000017161673982, 1.00000012659451709, 1.22640465117001440]
  #8 objects/buildingsets/human/lowtech/alpha/ext/prop/shipping_container_yellow.cgf
    [-0.00000033147233094, 0.99999997091972026, 0.00000003633882616, 44.48886938806390390]
    [-0.99999997091967541, -0.00000033147231995, -0.00000030148165374, -33.07680701329445583]
    [-0.00000030148164170, -0.00000003633892609, 0.99999997091972948, 3.29461620966321789]
  #9 objects/buildingsets/human/hightech/prop/storage/crate/crate_dry_1_0125x0125x0125_a.cgf
    [0.00000016718148046, -1.00000006656849760, 0.00000001580909394, 43.73886922636302188]
    [1.00000006656834417, 0.00000016718147169, -0.00000055430401552, -35.32680414901369659]
    [0.00000055430401287, 0.00000001580918661, 1.00000006656835749, 0.79461670352611691]
  #10 objects/buildingsets/human/lowtech/alpha/ext/prop/shipping_container_yellow.cgf
    [0.00000027388022694, -1.00000005674181347, 0.00000004973161389, 44.48886926140403375]
    [1.00000005674173753, 0.00000027388020740, -0.00000039296292163, -43.07679921214003116]
    [0.00000039296290801, 0.00000004973172151, 1.00000005674177350, 0.79461282138072420]
  #11 objects/buildingsets/human/lowtech/alpha/ext/prop/shipping_container_yellow.cgf
    [-0.00000033147233094, 0.99999997091972026, 0.00000003633882616, 44.48886924411635846]
    [-0.99999997091967541, -0.00000033147231995, -0.00000030148165374, -40.07680116650590207]
    [-0.00000030148164170, -0.00000003633892609, 0.99999997091972948, 0.79461433064716402]
  #12 objects/buildingsets/human/universal/prop/tech/laptop/laptop_cased_1_open_a.cgf
    [-0.05445980873132970, -0.98140976376376943, 0.18403575511391501, 68.63401590145076625]
    [0.99464394102330000, -0.06953498003134011, -0.07647529977671669, 19.83984863655496156]
    [0.08785052166518163, 0.17888520475277725, 0.97994006128026634, 2.62845579450367950]
  #13 objects/buildingsets/human/lowtech/bravo/int/cable/cable_straight_08x01x02_e.cgf
    [-0.16179553910721944, -0.02060536174166256, 0.03385357503677117, 68.84474307813798077]
    [0.02311835974964823, -0.16464630117178844, 0.01027515952213991, 19.63415315247766557]
    [0.03218985737403805, 0.01467843752634478, 0.16277837234809511, 2.61432000793865882]
  #14 objects/buildingsets/human/hightech/prop/machine/generator/generator_mobile_1_a.cgf
    [-0.73247024929357030, -0.65545245256984419, 0.18403574434903727, 70.96201428907806985]
    [0.65415061541912611, -0.75248800309262454, -0.07647559366599323, 20.89519316116093250]
    [0.18861082981819138, 0.06437100667197576, 0.97993982838409111, 2.30294848517223727]
  #15 objects/buildingsets/human/lowtech/prop/maintenance/trolley/trolley_mobile_1_a.cgf
    [-0.73247024929357030, -0.65545245256984419, 0.18403574434903727, 70.39576355117605999]
    [0.65415061541912611, -0.75248800309262454, -0.07647559366599323, 20.47487362246647535]
    [0.18861082981819138, 0.06437100667197576, 0.97993982838409111, 1.79284174178610556]
  #16 objects/buildingsets/human/hightech/prop/machine/generator/generator_mobile_1_a.cgf
    [-0.73247024929357030, -0.65545245256984419, 0.18403574434903727, 70.12429537493153475]
    [0.65415061541912611, -0.75248800309262454, -0.07647559366599323, 19.93345510221115546]
    [0.18861082981819138, 0.06437100667197576, 0.97993982838409111, 2.38521965993277263]
  #17 objects/buildingsets/human/lowtech/prop/light/light_hazard_2_b.cgf
    [0.68199788720540533, 0.73135137799360406, 0.00000061059144287, 43.06533564560231753]
    [-0.73135137799385586, 0.68199788720508869, 0.00000066067064442, -107.61813140610502160]
    [0.00000006676044720, -0.00000089713469066, 0.99999797812062785, 1.82953101348539349]
  #18 objects/buildingsets/human/lowtech/prop/utilitarian/structure/structure_post_8_a.cgf
    [0.68199788720540533, 0.73135137799360406, 0.00000061059144287, 42.95432146120583639]
    [-0.73135137799385586, 0.68199788720508869, 0.00000066067064442, -107.49909397498777253]
    [0.00000006676044720, -0.00000089713469066, 0.99999797812062785, -6.12813552671286743]
  #19 objects/buildingsets/human/lowtech/bravo/int/prop/light/light_cold_floor_b.cgf
    [0.98156661954166935, -0.14576293801169657, 0.12361163161574300, -12.99485174671281129]
    [0.15596529697242845, 0.98473478245068180, -0.07727827986619927, 2.22899083034462819]
    [-0.11046038072001224, 0.09513291912358582, 0.98931690077405599, -0.16709692639415152]
  #20 objects/buildingsets/human/hightech/prop/machine/generator/generator_mobile_1_a.cgf
    [-0.99253284440020717, -0.05539537402710010, 0.10862899566375459, -11.48389174925978296]
    [0.05231191582052959, -0.99814361588233291, -0.03103447940939019, 2.48478389593401516]
    [0.11014703639092681, -0.02512027040904858, 0.99359295275507853, 0.23695804699673317]
  #21 objects/buildingsets/human/lowtech/prop/maintenance/trolley/trolley_mobile_1_a.cgf
    [-0.99253284440020717, -0.05539537402710010, 0.10862899566375459, -11.55475551000563428]
    [0.05231191582052959, -0.99814361588233291, -0.03103447940939019, 3.12713532553061668]
    [0.11014703639092681, -0.02512027040904858, 0.99359295275507853, -0.31085377752606291]
  #22 objects/buildingsets/human/hightech/prop/machine/generator/generator_mobile_1_a.cgf
    [-0.99253284440020717, -0.05539537402710010, 0.10862899566375459, -11.41309205390280113]
    [0.05231191582052959, -0.99814361588233291, -0.03103447940939019, 3.76048963198081765]
    [0.11014703639092681, -0.02512027040904858, 0.99359295275507853, 0.26906434912234545]
  #23 objects/buildingsets/human/lowtech/bravo/int/cable/cable_straight_08x01x02_e.cgf
    [-0.14368732619048699, 0.08402607424424247, 0.00646399004358436, -12.32114935855497606]
    [-0.08324853840769608, -0.14350765103010957, 0.01494814291999350, 1.44880708838354622]
    [0.01310897300191186, 0.00966358995794293, 0.16577992002626182, 0.30812406940094661]
  #24 objects/buildingsets/human/universal/prop/tech/laptop/laptop_cased_1_open_a.cgf
    [-0.66265583655248905, -0.74099758467313659, 0.10862876937691052, -12.61408924107672647]
    [0.74278463050064025, -0.66880357779096011, -0.03103473490915687, 1.48104443772535888]
    [0.09564843291863910, 0.06012272105811783, 0.99359298680979991, 0.30023552013153676]
  #25 objects/buildingsets/human/lowtech/prop/storage/container/container_dry_2_025x05x025_a.cgf
    [0.00000010419293330, -0.99999995332482161, 0.00000014680470691, 62.39685282262507826]
    [0.99999995332458913, 0.00000010419303567, 0.00000069749677371, -18.75689599576617184]
    [-0.00000069749678900, 0.00000014680463423, 0.99999995332458347, 3.41779767126718070]
  #26 objects/buildingsets/human/lowtech/alpha/ext/prop/shipping_container_1_025x05x025_a.cgf
    [0.00000010419293330, -0.99999995332482161, 0.00000014680470691, 58.64685185809503309]
    [0.99999995332458913, 0.00000010419303567, 0.00000069749677371, -25.75689470448378415]
    [-0.00000069749678900, 0.00000014680463423, 0.99999995332458347, 0.91779591419617645]
  #27 objects/buildingsets/human/hightech/prop/storage/crate/crate_dry_1_0125x0125x0125_a.cgf
    [0.00000009089644618, 0.99999999541622886, 0.00000016592192360, 61.89685105450917035]
    [-0.99999999541585560, 0.00000009089630018, 0.00000087975453724, -25.00689500988482905]
    [0.00000087975452216, -0.00000016592200356, 0.99999999541584617, 0.91779595988919027]
  #28 objects/buildingsets/human/lowtech/alpha/ext/prop/shipping_container_yellow.cgf
    [0.00000006230022128, 1.00000001007459316, 0.00000014525160595, 61.14685162092791870]
    [-1.00000001007444994, 0.00000006230014067, 0.00000055463161339, -28.75689270647308149]
    [0.00000055463160434, -0.00000014525164050, 1.00000001007444150, 0.91779585361655336]
  #29 objects/buildingsets/human/lowtech/alpha/ext/prop/shipping_container_yellow.cgf
    [0.00000006230022128, 1.00000001007459316, 0.00000014525160595, 61.14685242137056775]
    [-1.00000001007444994, 0.00000006230014067, 0.00000055463161339, -21.75689469200733583]
    [0.00000055463160434, -0.00000014525164050, 1.00000001007444150, 3.41779805916303303]
  #30 objects/buildingsets/human/lowtech/alpha/ext/prop/shipping_container_yellow.cgf
    [0.00000010419293330, -0.99999995332482161, 0.00000014680470691, 61.14685222122352570]
    [0.99999995332458913, 0.00000010419303567, 0.00000069749677371, -21.75689707630044722]
    [-0.00000069749678900, 0.00000014680463423, 0.99999995332458347, 0.91779604097246192]
  #31 objects/buildingsets/human/lowtech/alpha/ext/prop/shipping_container_yellow.cgf
    [0.00000010419293330, -0.99999995332482161, 0.00000014680470691, 61.14685195501078852]
    [0.99999995332458913, 0.00000010419303567, 0.00000069749677371, -28.75688981573694036]
    [-0.00000069749678900, 0.00000014680463423, 0.99999995332458347, 3.41779739370394964]
  #32 objects/buildingsets/human/hightech/prop/storage/crate/crate_dry_1_0125x0125x0125_a.cgf
    [0.00000009089644618, 0.99999999541622886, 0.00000016592192360, 61.89685092587023973]
    [-0.99999999541585560, 0.00000009089630018, 0.00000087975453724, -26.50689407349091198]
    [0.00000087975452216, -0.00000016592200356, 0.99999999541584617, 0.91779591975500807]
  #33 objects/buildingsets/human/lowtech/alpha/ext/prop/shipping_container_yellow.cgf
    [0.00000006230022128, 1.00000001007459316, 0.00000014525160595, 61.14685247850138694]
    [-1.00000001007444994, 0.00000006230014067, 0.00000055463161339, -18.75689894911010924]
    [0.00000055463160434, -0.00000014525164050, 1.00000001007444150, 0.91779612134268973]
  #34 objects/buildingsets/human/lowtech/prop/maintenance/trolley/trolley_mobile_1_a.cgf
    [-0.73609642813601250, -0.66257857584457713, 0.13838954810366819, 44.97264267652644776]
    [0.65100909218309211, -0.74899211743824678, -0.12327999682624517, -106.12015334320130933]
    [0.18533536653189497, -0.00065311124983489, 0.98267510554879933, -5.97207500090007670]
  #35 objects/buildingsets/human/hightech/prop/light/flood_light/flood_light_frame_a.cgf
    [0.99999995952927756, 0.00000008596087570, -0.00000015103374897, 72.12429355143103749]
    [-0.00000008596083287, 0.99999995952924881, 0.00000028361785010, -49.50587177386842086]
    [0.00000015103377335, -0.00000028361783712, 0.99999995952924103, -2.44428548909490928]
  #36 objects/buildingsets/human/lowtech/bravo/int/cable/cable_straight_08x01x02_e.cgf
    [-0.16294860159418248, -0.02232365759559916, 0.02641667658703274, 43.38015505528892390]
    [0.02299662141515988, -0.16496545724955558, 0.00244674677519167, -106.98457817514827184]
    [0.02583296138341955, 0.00604032100542256, 0.16445244260929434, -5.26210687188722659]
  #37 objects/buildingsets/human/universal/prop/tech/laptop/laptop_cased_1_open_a.cgf
    [-0.05198493340239708, -0.98901255745575245, 0.13838954909294779, 43.17033882834948599]
    [0.98995032143956474, -0.06928442940362826, -0.12328004026640087, -106.77795071020773321]
    [0.13151375283604416, 0.13059007788195368, 0.98267507538246524, -5.24801304668653756]
  #38 objects/buildingsets/human/lowtech/prop/utilitarian/structure/structure_post_8_a.cgf
    [0.00000077062785666, -1.00000000708772419, -0.00000004971346641, -67.49992086979909800]
    [1.00000000708772285, 0.00000077062786010, -0.00000007016195632, -0.24990156002058939]
    [0.00000007016199463, -0.00000004971341234, 1.00000000708801817, 1.42151238420046866]
  #39 objects/buildingsets/human/lowtech/prop/light/light_hazard_2_b.cgf
    [0.00000077062785666, -1.00000000708772419, -0.00000004971346641, -67.49992114785709418]
    [1.00000000708772285, 0.00000077062786010, -0.00000007016195632, -0.08713136378537456]
    [0.00000007016199463, -0.00000004971341234, 1.00000000708801817, 9.37919504607270937]
  #40 objects/buildingsets/human/lowtech/bravo/int/prop/light/light_cold_floor_b.cgf
    [0.88260638867599994, 0.46600428965283502, 0.06201644486729628, -71.23764777483302169]
    [-0.46895927353536399, 0.88198179774330077, 0.04674807969522318, 3.36541691228012496]
    [-0.03291256863274859, -0.07034333810080348, 0.99697976526674936, 1.58906236592156347]
  #41 objects/buildingsets/human/hightech/delta/ext/outpost/base/base_floor_14x14x02_a.cgf
    [-0.00000008843794976, 1.00000003914891966, 0.00000004584852221, 37.48886913465685211]
    [-1.00000003914879554, -0.00000008843792678, -0.00000050026159905, -31.07680495588283520]
    [-0.00000050026159500, -0.00000004584856645, 1.00000003914879820, -1.20537998527288437]
  #42 objects/buildingsets/human/lowtech/prop/storage/container/container_dry_2_025x05x025_a.cgf
    [-0.00000033147233094, 0.99999997091972026, 0.00000003633882616, 43.23886946178390644]
    [-0.99999997091967541, -0.00000033147231995, -0.00000030148165374, -43.07680031215568306]
    [-0.00000030148164170, -0.00000003633892609, 0.99999997091972948, 3.29461115025333129]
  #43 objects/buildingsets/human/lowtech/alpha/ext/prop/shipping_container_1_025x05x025_a.cgf
    [-0.00000033147233094, 0.99999997091972026, 0.00000003633882616, 46.98886918893549591]
    [-0.99999997091967541, -0.00000033147231995, -0.00000030148165374, -36.07680414536662283]
    [-0.00000030148164170, -0.00000003633892609, 0.99999997091972948, 0.79461639960936736]
  #44 objects/buildingsets/human/hightech/prop/storage/crate/crate_dry_1_0125x0125x0125_a.cgf
    [0.00000016718148046, -1.00000006656849760, 0.00000001580909394, 43.73886923468671739]
    [1.00000006656834417, 0.00000016718147169, -0.00000055430401552, -36.82680246815289138]
    [0.00000055430401287, 0.00000001580918661, 1.00000006656835749, 0.79461652720056009]
  #45 objects/buildingsets/human/lowtech/alpha/ext/prop/shipping_container_yellow.cgf
    [0.00000027388022694, -1.00000005674181347, 0.00000004973161389, 44.48886920374934562]
    [1.00000005674173753, 0.00000027388020740, -0.00000039296292163, -33.07680572671051777]
    [0.00000039296290801, 0.00000004973172151, 1.00000005674177350, 0.79461785244347993]
  #46 objects/buildingsets/human/lowtech/alpha/ext/prop/shipping_container_yellow.cgf
    [0.00000027388022694, -1.00000005674181347, 0.00000004973161389, 44.48886942846002057]
    [1.00000005674173753, 0.00000027388020740, -0.00000039296292163, -40.07680245305164135]
    [0.00000039296290801, 0.00000004973172151, 1.00000005674177350, 3.29461268786690198]
  #47 objects/buildingsets/human/lowtech/alpha/ext/prop/shipping_container_1_025x05x025_a.cgf
    [-0.99999998500252285, -0.00000011504636672, -0.00000001440474613, 39.48896331462310627]
    [0.00000011504636403, -0.99999998500250564, 0.00000018620902784, -26.17877091906302667]
    [-0.00000001440476755, 0.00000018620902619, 0.99999998500251164, 1.22640470661281142]
  #48 objects/buildingsets/human/lowtech/alpha/ext/prop/shipping_container_yellow.cgf
    [-0.99999995841983891, -0.00000007766907170, 0.00000016938475710, 66.14664006023667753]
    [0.00000007766911593, -0.99999995841981915, 0.00000026108995215, -38.15485785419514286]
    [0.00000016938473682, 0.00000026108996531, 0.99999995841980749, 2.58781430119415745]
  #49 objects/buildingsets/human/lowtech/alpha/ext/prop/shipping_container_yellow.cgf
    [-0.99999995841983891, -0.00000007766907170, 0.00000016938475710, 59.14663959067547694]
    [0.00000007766911593, -0.99999995841981915, 0.00000026108995215, -38.15485737437666103]
    [0.00000016938473682, 0.00000026108996531, 0.99999995841980749, 0.08781561595969833]
  #50 objects/buildingsets/human/lowtech/alpha/ext/prop/shipping_container_yellow.cgf
    [1.00000003364315493, 0.00000017211789971, 0.00000024169878361, 59.14664006023667753]
    [-0.00000017211793927, 1.00000003364317069, 0.00000016368501934, -38.15485786355566233]
    [-0.00000024169875544, -0.00000016368506094, 1.00000003364315626, 2.58781561593059450]
  #51 objects/buildingsets/human/universal/prop/tech/laptop/laptop_cased_1_open_a.cgf
    [-0.57390011273479680, -0.81878088125068149, 0.01532962469951735, -70.27265848414390348]
    [0.81875235826186876, -0.57329537271265196, 0.03123235115985954, -1.68009889369022858]
    [-0.01678406195469087, 0.03047543956536034, 0.99939382184386250, 2.16171997842320707]
  #52 objects/buildingsets/human/lowtech/prop/light/light_hazard_2_d.cgf
    [-0.99999991761943785, 0.00000060270979575, 0.00000048405512510, 17.10999244989943691]
    [-0.00000060270955165, -0.99999991761942786, 0.00000050428093481, 36.10419572990394954]
    [0.00000048405542903, 0.00000050428064307, 0.99999991761949281, 34.72509373606590088]
  #53 objects/buildingsets/human/universal/prop/food/mre/food_ration_pack_b.cgf
    [-0.99939083600418821, -0.03279411097990723, -0.01193652644111292, 13.07688783554476686]
    [0.03489891657725317, -0.93912019626763976, -0.34181179039283549, -7.04134164018068986]
    [-0.00000041926575312, -0.34202014665054359, 0.93969260758641482, 0.44830634945537895]
  #54 objects/buildingsets/human/hightech/prop/furniture/locker/locker_personal_1_closed_a.cgf
    [-1.74893305211105399, 0.00000039209223854, 0.06107424725561252, 9.09463954769307747]
    [0.06107424725575219, 0.00000063485963243, 1.74893305211097783, -5.71346180233922496]
    [0.00000036969704593, 1.74999910984089446, -0.00000064815674837, -0.91697159716568422]
  #55 objects/buildingsets/human/universal/prop/dressing/stationery/stationery_postnote_3_a.cgf
    [0.03436932659990220, -0.99939079750503879, 0.00605983592906281, 8.43880385649390519]
    [0.98420774639158848, 0.03489945876729979, 0.17354272696000717, -4.42011747051401471]
    [-0.17364849464373514, -0.00000040919869311, 0.98480766582514578, 2.32624560721160378]
  #56 objects/buildingsets/human/universal/prop/dressing/stationery/stationery_pen_1_b.cgf
    [0.19516213061830751, 0.98077102108469782, -0.00000040495806823, 11.84851115185301751]
    [-0.98077102108477954, 0.19516213061831572, -0.00000001947052955, -6.68589447756676236]
    [0.00000005993634667, 0.00000040097103748, 1.00000002651349829, 1.27924025343963876]
  #57 objects/buildingsets/human/universal/prop/food/mre/food_ration_pack_b.cgf
    [-0.99939083600418821, -0.03279411097990723, -0.01193652644111292, 13.08561245715827681]
    [0.03489891657725317, -0.93912019626763976, -0.34181179039283549, -6.79149416276959528]
    [-0.00000041926575312, -0.34202014665054359, 0.93969260758641482, 0.44830641950829886]
  #58 objects/buildingsets/human/hightech/prop/storage/pallet/pallet_01_018_0016_a.cgf
    [0.03489934648353256, -0.99939084186208582, -0.00000056561951916, 9.10336371001903899]
    [0.99939084186221017, 0.03489934648367711, -0.00000024778838470, -5.46361428697855445]
    [0.00000026737719141, -0.00000055662730939, 1.00000000959136193, 0.27052844835270662]
  #59 objects/buildingsets/human/universal/prop/food/jar/jar_glass_1_berries_d.cgf
    [-0.49969592221805664, 0.03489905874060822, -0.86549758707591440, 8.91464746062410995]
    [0.01744962197521902, 0.99939085843106246, 0.03022341797199558, -4.75035171191484551]
    [0.86602513140678117, -0.00000008699883940, -0.50000050398817064, 2.22961645436589606]
  #60 objects/buildingsets/human/universal/prop/toolbox/box_toolbox_1_a_075x0375x0375.cgf
    [0.68199812075274435, -0.73135385341392956, 0.00000011415682525, 9.77438534516841173]
    [0.73135385341393666, 0.68199812075274502, -0.00000003712806346, -7.73841664647079597]
    [-0.00000005070099066, 0.00000010881030923, 0.99999994780683710, 0.27052819578966592]
  #61 objects/buildingsets/human/hightech/prop/storage/crate/crate_dry_1_0125x0125x0125_a.cgf
    [1.00000000396942101, -0.00000012753998697, 0.00000015216266260, 63.89663958965684287]
    [0.00000012753995299, 1.00000000396940769, 0.00000022331878528, -37.40485736803384498]
    [-0.00000015216269108, -0.00000022331876588, 1.00000000396940414, 0.08781487056694459]
  #62 objects/buildingsets/human/lowtech/prop/storage/container/container_dry_2_025x05x025_a.cgf
    [-0.99999995841983891, -0.00000007766907170, 0.00000016938475710, 56.14664005857775919]
    [0.00000007766911593, -0.99999995841981915, 0.00000026108995215, -36.90485786756653397]
    [0.00000016938473682, 0.00000026108996531, 0.99999995841980749, 2.58781642399844714]
  #63 objects/buildingsets/human/hightech/prop/storage/crate/crate_dry_1_0125x0125x0125_a.cgf
    [1.00000000396942101, -0.00000012753998697, 0.00000015216266260, 62.39663958965684287]
    [0.00000012753995299, 1.00000000396940769, 0.00000022331878528, -37.40485737003473332]
    [-0.00000015216269108, -0.00000022331876588, 1.00000000396940414, 0.08781515236478299]
  #64 objects/buildingsets/human/lowtech/alpha/ext/prop/shipping_container_yellow.cgf
    [1.00000003364315493, 0.00000017211789971, 0.00000024169878361, 66.14663959070458077]
    [-0.00000017211793927, 1.00000003364317069, 0.00000016368501934, -38.15485736501977954]
    [-0.00000024169875544, -0.00000016368506094, 1.00000003364315626, 0.08781430123781320]
  #65 objects/buildingsets/human/hightech/prop/storage/crate/crate_dry_1_01x005x005_a.cgf
    [0.21370317798617453, 0.92565162474819795, -0.00000056086827110, 11.65645914818742312]
    [-0.92565162474831753, 0.21370317798631333, 0.00000018360718198, -7.75403468168951804]
    [0.00000030506907548, 0.00000050519073031, 0.94999998877912351, 0.77052922049188055]
  #66 objects/buildingsets/human/hightech/prop/machine/generator/generator_mobile_1_a.cgf
    [-0.98477427183075872, -0.17315630183723948, 0.01532978888981213, -68.80701908146147616]
    [0.17356375280877545, -0.98432649507469594, 0.03123217184339368, 0.43829298153832497]
    [0.00968147738156154, 0.03341736047583340, 0.99939382766139528, 2.10180441962438636]
  #67 objects/buildingsets/human/lowtech/prop/maintenance/trolley/trolley_mobile_1_a.cgf
    [-0.98477427183075872, -0.17315630183723948, 0.01532978888981213, -68.97206905871280469]
    [0.17356375280877545, -0.98432649507469594, 0.03123217184339368, -0.21634318318319856]
    [0.00968147738156154, 0.03341736047583340, 0.99939382766139528, 1.55250731085834559]
  #68 objects/buildingsets/human/hightech/prop/machine/generator/generator_mobile_1_a.cgf
    [-0.98477427183075872, -0.17315630183723948, 0.01532978888981213, -69.02832644130103290]
    [0.17356375280877545, -0.98432649507469594, 0.03123217184339368, -0.81975336690265976]
    [0.00968147738156154, 0.03341736047583340, 0.99939382766139528, 2.14451396100048441]
  #69 objects/buildingsets/human/lowtech/bravo/int/cable/cable_straight_08x01x02_e.cgf
    [-0.15328727298545786, 0.06487443093761608, -0.00653881525984581, -69.98762873766827397]
    [-0.06505555811446254, -0.15104608852522663, 0.02648187027846378, -1.74494061878249340]
    [0.00438431897764068, 0.02692254270216830, 0.16433012625612006, 2.20005863835103810]
  #70 objects/buildingsets/human/lowtech/bravo/int/prop/light/light_cold_floor_b.cgf
    [0.88249467117254266, 0.47006184769452486, 0.01565302343009075, 10.68809683690778911]
    [-0.46895634836113054, 0.88197876623873428, -0.04683376649621504, -4.29516419672290795]
    [-0.03582040106263037, 0.03398996461365138, 0.99878004766900641, 0.33395489407121204]
  #71 objects/buildingsets/human/lowtech/alpha/ext/prop/shipping_container_yellow.cgf
    [1.00000003364315493, 0.00000017211789971, 0.00000024169878361, 56.14663959067547694]
    [-0.00000017211793927, 1.00000003364317069, 0.00000016368501934, -38.15485737836752378]
    [-0.00000024169875544, -0.00000016368506094, 1.00000003364315626, 0.08781617939530406]
  #72 objects/buildingsets/human/hightech/prop/storage/crate/crate_dry_1_0125x0125x0125_a.cgf
    [-1.00000012659427973, -0.00000071052380137, -0.00000039339326538, 48.98896369905560277]
    [0.00000071052386888, -1.00000012659434234, -0.00000017161646031, -22.17877140604468877]
    [-0.00000039339314344, -0.00000017161673982, 1.00000012659451709, 3.72640402501565404]
  #73 objects/buildingsets/human/lowtech/prop/light/light_landing_2_a.cgf
    [0.99987842440491081, -0.00287362931181368, -0.01532879342773608, 6.07505361502990127]
    [-0.00000002484941091, 0.98287797171717939, -0.18425793322660955, 1.43692653418111149]
    [0.01559582166387209, 0.18423552375022739, 0.98275843185338618, 0.63999875396257266]
  #74 objects/buildingsets/human/lowtech/alpha/ext/prop/shipping_container_1_025x05x025_a.cgf
    [-0.99999995841983891, -0.00000007766907170, 0.00000016938475710, 63.14663959402241744]
    [0.00000007766911593, -0.99999995841981915, 0.00000026108995215, -40.65485736902519420]
    [0.00000016938473682, 0.00000026108996531, 0.99999995841980749, 0.08781437549623661]
  #75 objects/buildingsets/human/hightech/delta/ext/outpost/base/base_floor_14x14x02_a.cgf
    [-0.99999997938030094, 0.00000016469095903, 0.00000027210970978, 68.14663891890086234]
    [-0.00000016469086022, -0.99999997938027196, 0.00000036314024147, -31.15485825085488614]
    [0.00000027210976958, 0.00000036314019666, 0.99999997938024843, -1.91218606023176108]
  #76 objects/buildingsets/human/hightech/prop/storage/crate/crate_dry_1_01x005x005_a.cgf
    [0.99939079528177233, 0.03489949033085809, -0.00000058842324169, 11.80761176650412381]
    [-0.03489949033075112, 0.99939079528193109, 0.00000019109600927, -7.56505423835915281]
    [0.00000059473394380, -0.00000017044392689, 0.99999996805962477, 0.27052930282661691]
  #77 objects/buildingsets/human/hightech/prop/storage/crate/crate_dry_1_01x005x005_a.cgf
    [0.99939079528177233, 0.03489949033085809, -0.00000058842324169, 11.82401914813090116]
    [-0.03489949033075112, 0.99939079528193109, 0.00000019109600927, -7.06578756814451481]
    [0.00000059473394380, -0.00000017044392689, 0.99999996805962477, 0.27052931537036784]
  #78 objects/buildingsets/human/hightech/prop/storage/crate/crate_dry_1_01x005x005_a.cgf
    [0.70598747830684339, 0.63567417835569684, -0.00000056092759699, 11.83079577866010368]
    [-0.63567417835571527, 0.70598747830702580, 0.00000018367284751, -6.86635768973792437]
    [0.00000053975152806, 0.00000023883838035, 0.94999998976537481, 0.77052930831268895]
  #79 objects/buildingsets/human/hightech/prop/storage/crate/crate_dry_1_01x005x005_a.cgf
    [0.99939079528177233, 0.03489949033085809, -0.00000058842324169, 11.84234893831308000]
    [-0.03489949033075112, 0.99939079528193109, 0.00000019109600927, -6.57863046742568258]
    [0.00000059473394380, -0.00000017044392689, 0.99999996805962477, 0.27052932903461624]
  #80 objects/buildingsets/human/hightech/prop/storage/crate/crate_dry_1_01x005x005_a.cgf
    [0.99939079528177233, 0.03489949033085809, -0.00000058842324169, 11.78411178267560899]
    [-0.03489949033075112, 0.99939079528193109, 0.00000019109600927, -8.02794579750843695]
    [0.00000059473394380, -0.00000017044392689, 0.99999996805962477, 0.27052928626653738]
  #81 objects/buildingsets/human/hightech/prop/storage/crate/crate_dry_1_stack_01.cgf
    [0.03489952527564513, -0.99939081689439646, -0.00000055191370664, 11.79061585545423441]
    [0.99939081689451015, 0.03489952527579213, -0.00000025907446377, -7.30851967938906455]
    [0.00000027817816887, -0.00000054253591928, 0.99999999087862346, 0.27052929411001969]
  #82 objects/buildingsets/human/universal/prop/food/mre/food_ration_pack_b.cgf
    [0.73135365201332181, 0.00000032679964492, -0.68199852693322105, 11.55385374333127402]
    [0.68199852693327034, -0.00000005872111900, 0.73135365201334623, -6.92502301059539604]
    [0.00000019895838165, -1.00000007752614839, -0.00000026582276062, 1.34177036250184756]
  #83 objects/buildingsets/human/universal/prop/food/mre/food_ration_pack_b.cgf
    [-0.99939083600418821, -0.03279411097990723, -0.01193652644111292, 12.82704050920438021]
    [0.03489891657725317, -0.93912019626763976, -0.34181179039283549, -7.03261689128157741]
    [-0.00000041926575312, -0.34202014665054359, 0.93969260758641482, 0.44830629137868527]
  #84 objects/buildingsets/human/universal/prop/food/jar/jar_glass_1_berries_d.cgf
    [-0.49969592221805664, 0.03489905874060822, -0.86549758707591440, 8.92337218872853555]
    [0.01744962197521902, 0.99939085843106246, 0.03022341797199558, -4.50050391766671964]
    [0.86602513140678117, -0.00000008699883940, -0.50000050398817064, 2.10461649985518306]
  #85 objects/buildingsets/human/universal/prop/food/mre/food_ration_pack_b.cgf
    [-0.99939083600418821, -0.03279411097990723, -0.01193652644111292, 13.09433708293363452]
    [0.03489891657725317, -0.93912019626763976, -0.34181179039283549, -6.54164656626016949]
    [-0.00000041926575312, -0.34202014665054359, 0.93969260758641482, 0.44830648960487451]
  #86 objects/buildingsets/human/universal/prop/food/jar/jar_glass_1_berries_d.cgf
    [-0.49969592221805664, 0.03489905874060822, -0.86549758707591440, 8.91464751429157332]
    [0.01744962197521902, 0.99939085843106246, 0.03022341797199558, -4.75035169099464838]
    [0.86602513140678117, -0.00000008699883940, -0.50000050398817064, 2.10461645436589606]
  #87 objects/buildingsets/human/universal/prop/food/jar/jar_glass_1_berries_d.cgf
    [-0.49969592221805664, 0.03489905874060822, -0.86549758707591440, 8.92337213503196836]
    [0.01744962197521902, 0.99939085843106246, 0.03022341797199558, -4.50050393853052810]
    [0.86602513140678117, -0.00000008699883940, -0.50000050398817064, 2.22961649982607923]
  #88 objects/buildingsets/human/universal/prop/tech/laptop/laptop_cased_1_open_a.cgf
    [0.61566209208084177, 0.78801032632701873, -0.00000027493332207, 11.94947815858176909]
    [-0.78801032632705115, 0.61566209208072320, -0.00000041311733609, -7.00769049729569815]
    [-0.00000015627469585, 0.00000047099095999, 1.00000004301160028, 1.27052838036615867]
  #89 objects/buildingsets/human/hightech/prop/furniture/locker/locker_personal_1_closed_a.cgf
    [0.06107403152067779, 0.00000014590331990, 1.74893268242161404, 10.05635321716545150]
    [1.74893268242130628, -0.00000105347969679, -0.06107403152057997, -3.24552267403487349]
    [0.00000104774599689, 1.74999873284741025, -0.00000018258032531, -0.91696987288014498]
  #90 objects/buildingsets/human/hightech/prop/storage/pallet/pallet_01_018_0016_a.cgf
    [0.03489934648353256, -0.99939084186208582, -0.00000056561951916, 9.13826239941408858]
    [0.99939084186221017, 0.03489934648367711, -0.00000024778838470, -4.46422343178892334]
    [0.00000026737719141, -0.00000055662730939, 1.00000000959136193, 0.27052863038261421]
  #91 objects/buildingsets/human/universal/prop/food/jar/jar_glass_1_berries_d.cgf
    [-0.49969592221805664, 0.03489905874060822, -0.86549758707591440, 8.91900990417343564]
    [0.01744962197521902, 0.99939085843106246, 0.03022341797199558, -4.62542781323099916]
    [0.86602513140678117, -0.00000008699883940, -0.50000050398817064, 1.97961647709598765]
  #92 objects/buildingsets/human/universal/prop/food/jar/jar_glass_1_berries_d.cgf
    [-0.49969592221805664, 0.03489905874060822, -0.86549758707591440, 8.91464762168470770]
    [0.01744962197521902, 0.99939085843106246, 0.03022341797199558, -4.75035164925793651]
    [0.86602513140678117, -0.00000008699883940, -0.50000050398817064, 1.85461645438044798]
  #93 objects/buildingsets/human/hightech/prop/storage/crate/crate_dry_1_015x0075x0075_a.cgf
    [-0.03489905940771354, 0.99939086431211455, -0.00000032780540340, 9.16767939669080079]
    [-0.99939086431215296, -0.03489905940765381, 0.00000018610090448, -3.62180981906931265]
    [0.00000017454743969, 0.00000033410046460, 1.00000002200901128, 0.39552878383256029]
  #94 objects/buildingsets/human/hightech/prop/storage/crate/crate_dry_1_015x0075x0075_a.cgf
    [-0.03489905940771354, 0.99939086431211455, -0.00000032780540340, 9.16767907456960529]
    [-0.99939086431215296, -0.03489905940765381, 0.00000018610090448, -3.62180994439404458]
    [0.00000017454743969, 0.00000033410046460, 1.00000002200901128, 1.14552878381800838]
  #95 objects/buildingsets/human/hightech/prop/furniture/locker/locker_personal_1_closed_a.cgf
    [0.06107403152067779, 0.00000014590331990, 1.74893268242161404, 9.91675851194304414]
    [1.74893268242130628, -0.00000105347969679, -0.06107403152057997, -7.24308443837253435]
    [0.00000104774599689, 1.74999873284741025, -0.00000018258032531, -0.91697149974061176]
  #96 objects/buildingsets/human/universal/prop/food/mre/food_ration_pack_b.cgf
    [-0.99939083600418821, -0.03279411097990723, -0.01193652644111292, 13.07252552261343226]
    [0.03489891657725317, -0.93912019626763976, -0.34181179039283549, -7.16626543842176034]
    [-0.00000041926575312, -0.34202014665054359, 0.93969260758641482, 0.44830631442891899]
  #97 objects/buildingsets/human/hightech/prop/storage/crate/crate_dry_1_01x005x005_a.cgf
    [-0.03489936496198837, 0.99939084440740722, -0.00000056374755088, 8.45276411980739795]
    [-0.99939084440749248, -0.03489936496176344, 0.00000040396893885, -6.49181458282328094]
    [0.00000038404842248, 0.00000057750239295, 1.00000001277996842, 1.54963866958860308]
  #98 objects/buildingsets/human/hightech/prop/storage/crate/crate_dry_1_015x0075x0075_a.cgf
    [-0.00000044255258312, -0.97436993637396352, 0.22495138397106909, 9.79117843360290863]
    [0.00000009003324610, -0.22495138397112910, -0.97436993637404612, -8.30033507293410366]
    [0.99999994902994516, -0.00000041095684975, 0.00000018727851375, 0.27052804725826718]
  #99 objects/buildingsets/human/hightech/prop/tech/datapad/datapad_tablet_2_noscreen_a.cgf
    [0.73135355400262447, -0.68199847460622331, -0.00000031556198351, 11.69384711695602164]
    [0.68199847460629570, 0.73135355400252544, 0.00000038158937300, -6.55758167853855412]
    [-0.00000002945599305, -0.00000049428955026, 0.99999997015866926, 1.28027594069135375]
  #100 objects/buildingsets/human/hightech/prop/storage/crate/crate_dry_1_015x0075x0075_a.cgf
    [0.99939078886913324, 0.03489907529164135, -0.00000073401402512, 9.91397902098833583]
    [-0.03489907529152372, 0.99939078886939203, 0.00000017246531604, -3.74085451635437494]
    [0.00000073958577473, -0.00000014674384528, 0.99999994716632379, 1.52052908443147317]
  #101 objects/buildingsets/human/universal/prop/dressing/stationery/stationery_postnote_1_a.cgf
    [0.64394588041094403, 0.70250232373247656, -0.30302521481702421, 11.79395838628988713]
    [-0.76423476835027970, 0.57212202036592219, -0.29769397914581419, -7.37544406598317437]
    [-0.03576331233299476, 0.42328119675405473, 0.90529227685211511, 1.70410936050757300]
  #102 objects/buildingsets/human/universal/prop/food/mre/food_ration_pack_b.cgf
    [-0.99939083600418821, -0.03279411097990723, -0.01193652644111292, 12.84012744578649290]
    [0.03489891657725317, -0.93912019626763976, -0.34181179039283549, -6.65784555608297524]
    [-0.00000041926575312, -0.34202014665054359, 0.93969260758641482, 0.44830639632709790]
  #103 objects/buildingsets/human/hightech/prop/storage/crate/crate_dry_1_015x0075x0075_a.cgf
    [-0.00000038419376168, -0.99939083299875897, -0.03489888540930413, 8.92147129212389700]
    [0.00000027770298040, 0.03489888540919849, -0.99939083299879805, -8.49845576858388085]
    [0.99999998464234396, -0.00000039365125382, 0.00000026412588266, 0.27052778267534450]
  #104 objects/buildingsets/human/hightech/prop/storage/crate/crate_dry_1_01x005x005_a.cgf
    [0.03489949236064208, -0.99939082984787098, -0.00000066947004637, 10.45723716393695213]
    [0.99939082984809102, 0.03489949236069548, -0.00000006815964993, -6.86528601913960301]
    [0.00000009148229363, -0.00000066668348624, 1.00000000267552092, 1.54964053846197203]
  #105 objects/buildingsets/human/universal/prop/food/mre/food_ration_pack_b.cgf
    [-0.99939083600418821, -0.03279411097990723, -0.01193652644111292, 12.83140282207750715]
    [0.03489891657725317, -0.93912019626763976, -0.34181179039283549, -6.90769309303868795]
    [-0.00000041926575312, -0.34202014665054359, 0.93969260758641482, 0.44830632634693757]
  #106 objects/buildingsets/human/hightech/prop/storage/crate/crate_016x008x008_open_c.cgf
    [-0.03489902120536410, 0.99939086558119061, -0.00000034753424631, 12.46512386840186082]
    [-0.99939086558125101, -0.03489902120536000, 0.00000001783407881, -6.89507409521320369]
    [0.00000000569461030, 0.00000034794493549, 1.00000002194410587, 0.27052907667530235]
  #107 objects/buildingsets/human/universal/prop/food/mre/food_ration_pack_b.cgf
    [-0.99939083600418821, -0.03279411097990723, -0.01193652644111292, 12.84448975659324788]
    [0.03489891657725317, -0.93912019626763976, -0.34181179039283549, -6.53292181739925581]
    [-0.00000041926575312, -0.34202014665054359, 0.93969260758641482, 0.44830643138266169]
  #108 objects/buildingsets/human/hightech/prop/storage/crate/crate_dry_1_015x0075x0075_a.cgf
    [-0.00000036261947224, -0.99939081042004219, -0.03489897770286939, 9.94451546136406250]
    [-0.00000004926652654, 0.03489897770288943, -0.99939081042010591, -2.86638847376889316]
    [0.99999996529836510, -0.00000036067922923, -0.00000006189156506, 0.39552949319477193]
  #109 objects/buildingsets/human/hightech/prop/storage/crate/crate_016x008x008_open_c.cgf
    [0.00000085792000807, -0.03489862954818526, -0.99939084568249792, 9.14698637384572066]
    [-0.00000004091023481, -0.99939084568286629, 0.03489862954816300, -4.21437598956799775]
    [-0.99999998838915904, 0.00000001094508174, -0.00000085882512374, 1.89552867590100504]
  #110 objects/buildingsets/human/universal/prop/food/jar/jar_glass_1_berries_d.cgf
    [-0.49969592221805664, 0.03489905874060822, -0.86549758707591440, 8.92337234981823713]
    [0.01744962197521902, 0.99939085843106246, 0.03022341797199558, -4.50050385499162076]
    [0.86602513140678117, -0.00000008699883940, -0.50000050398817064, 1.72961649986973498]
  #111 objects/buildingsets/human/hightech/prop/storage/pallet/pallet_01_018_0016_a.cgf
    [0.03489934648353256, -0.99939084186208582, -0.00000056561951916, 9.17316108880913816]
    [0.99939084186221017, 0.03489934648367711, -0.00000024778838470, -3.46483257657928334]
    [0.00000026737719141, -0.00000055662730939, 1.00000000959136193, 0.27052881236886606]
  #112 objects/buildingsets/human/universal/prop/food/jar/jar_glass_1_berries_d.cgf
    [-0.49969592221805664, 0.03489905874060822, -0.86549758707591440, 8.91900995784089901]
    [0.01744962197521902, 0.99939085843106246, 0.03022341797199558, -4.62542779232535395]
    [0.86602513140678117, -0.00000008699883940, -0.50000050398817064, 1.85461647709598765]
  #113 objects/buildingsets/human/universal/prop/food/jar/jar_glass_1_berries_d.cgf
    [-0.49969592221805664, 0.03489905874060822, -0.86549758707591440, 8.91464767535217106]
    [0.01744962197521902, 0.99939085843106246, 0.03022341797199558, -4.75035162831591151]
    [0.86602513140678117, -0.00000008699883940, -0.50000050398817064, 1.72961645432224032]
  #114 objects/buildingsets/human/universal/prop/food/mre/food_ration_pack_b.cgf
    [-0.99939083600418821, -0.03279411097990723, -0.01193652644111292, 12.83576513081789017]
    [0.03489891657725317, -0.93912019626763976, -0.34181179039283549, -6.78276941393778543]
    [-0.00000041926575312, -0.34202014665054359, 0.93969260758641482, 0.44830636134429369]
  #115 objects/buildingsets/human/hightech/prop/furniture/locker/locker_personal_1_closed_a.cgf
    [1.74893300959200571, -0.00000097697463710, -0.06107419412009259, 9.09463954769307747]
    [-0.06107419412041967, -0.00000057508187152, -1.74893300959217246, -5.71346180233922496]
    [0.00000095630938525, 1.74999906549336148, -0.00000060882752909, -0.91697159716568422]
  #116 objects/buildingsets/human/universal/prop/food/jar/jar_glass_1_berries_d.cgf
    [-0.49969592221805664, 0.03489905874060822, -0.86549758707591440, 8.92337224242510274]
    [0.01744962197521902, 0.99939085843106246, 0.03022341797199558, -4.50050389676107443]
    [0.86602513140678117, -0.00000008699883940, -0.50000050398817064, 1.97961649986973498]
  #117 objects/buildingsets/human/hightech/prop/storage/pallet/pallet_shipping_1_025x0125x00125_a.cgf
    [-0.04885922818043001, -1.39914623326195819, 0.00000076392458983, 9.15571174409706146]
    [-1.39914623326212384, 0.04885922818060924, 0.00000031953564316, -3.96452800417682738]
    [-0.00000034600155564, -0.00000075230760311, -1.39999907365305520, 0.27052872131753247]
  #118 objects/buildingsets/human/universal/prop/food/mre/food_ration_pack_b.cgf
    [-0.99939083600418821, -0.03279411097990723, -0.01193652644111292, 13.06816320974030532]
    [0.03489891657725317, -0.93912019626763976, -0.34181179039283549, -7.29118923669557262]
    [-0.00000041926575312, -0.34202014665054359, 0.93969260758641482, 0.44830627946066670]
  #119 objects/buildingsets/human/hightech/prop/storage/crate/crate_01x005x005_a.cgf
    [0.05233640629199181, 0.99862952622130940, -0.00000039537514977, 10.98408349172677845]
    [-0.99862952622138756, 0.05233640629198659, -0.00000002357171082, -6.87031970130374248]
    [-0.00000000284689189, 0.00000039606695118, 1.00000001503227764, 1.52052804864069913]
  #120 objects/buildingsets/human/hightech/prop/storage/crate/crate_dry_1_015x0075x0075_a.cgf
    [-0.00000036261947224, -0.99939081042004219, -0.03489897770286939, 9.06132418673951179]
    [-0.00000004926652654, 0.03489897770288943, -0.99939081042010591, -3.08569869058555923]
    [0.99999996529836510, -0.00000036067922923, -0.00000006189156506, 0.39552882767748088]
  #121 objects/buildingsets/human/hightech/prop/storage/crate/crate_dry_1_01x005x005_a.cgf
    [0.03489942215704843, -0.99939085414789475, -0.00000043483857449, 12.69535739242564887]
    [0.99939085414798934, 0.03489942215704077, 0.00000002517995278, -3.34804670910489222]
    [-0.00000000998899929, -0.00000043545244950, 1.00000002451067616, 0.24116209096973762]
  #122 objects/buildingsets/human/hightech/prop/storage/crate/crate_dry_1_0125x0125x0125_a.cgf
    [0.03420143437952045, -0.97940305612686462, 0.00000001651356472, 10.60945743214688264]
    [0.97940305612686285, 0.03420143437952142, 0.00000006180004376, -3.38625743383454392]
    [-0.00000006233871086, 0.00000001434671939, 0.98000004309400679, 0.25804735079873353]
  #123 objects/buildingsets/human/hightech/prop/storage/crate/crate_dry_1_0125x00625x00625_a.cgf
    [-0.97440612769390733, -0.03402697150661849, 0.00000001509182710, 11.81133676023455337]
    [0.03402697150661940, -0.97440612769390544, 0.00000006296547889, -3.73027028190153942]
    [0.00000001288517266, 0.00000006345381866, 0.97500006998837818, 0.27052999565785285]
  #124 objects/buildingsets/human/hightech/prop/storage/crate/crate_dry_1_01x005x005_a.cgf
    [0.03402693743518929, -0.97440610662153215, -0.00000042396762049, 11.46754275614512153]
    [0.97440610662162441, 0.03402693743518181, 0.00000002455045458, -3.43347570166224614]
    [-0.00000000973927457, -0.00000042456614864, 0.97500004773976778, 0.87785700806125533]
  #125 objects/buildingsets/human/hightech/prop/storage/crate/crate_dry_1_0125x00625x00625_a.cgf
    [0.97440612419195316, 0.03402707178951805, 0.00000001509184439, 11.83249001746298745]
    [-0.03402707178951896, 0.97440612419195127, 0.00000006296547960, -3.12450971589169058]
    [-0.00000001288518338, -0.00000006345382130, 0.97500006998838162, 0.27052983077010140]
  #126 objects/buildingsets/human/hightech/prop/storage/crate/crate_dry_1_stack_03.cgf
    [-0.99939087576058672, -0.03489945710210317, 0.00000001547879665, 11.69754697682219557]
    [0.03489945710210410, -0.99939087576058472, 0.00000006457997677, -3.40706328038868378]
    [0.00000001321556138, 0.00000006508083806, 1.00000004732976322, 0.27052986991475336]
  #127 objects/buildingsets/human/universal/prop/food/mre/food_ration_pack_b.cgf
    [-0.99939083600418821, -0.03279411097990723, -0.01193652644111292, 13.08125014841789380]
    [0.03489891657725317, -0.93912019626763976, -0.34181179039283549, -6.91641784192506748]
    [-0.00000041926575312, -0.34202014665054359, 0.93969260758641482, 0.44830638448183890]
  #128 objects/buildingsets/human/hightech/prop/storage/crate/crate_dry_1_015x0075x0075_a.cgf
    [0.99939078886913324, 0.03489907529164135, -0.00000073401402512, 8.33961474651005119]
    [-0.03489907529152372, 0.99939078886939203, 0.00000017246531604, -5.84426419447117951]
    [0.00000073958577473, -0.00000014674384528, 0.99999994716632379, 1.14552788967557717]
  #129 objects/buildingsets/human/universal/prop/food/mre/food_ration_pack_b.cgf
    [-0.99939083600418821, -0.03279411097990723, -0.01193652644111292, 12.82267819627304561]
    [0.03489891657725317, -0.93912019626763976, -0.34181179039283549, -7.15754068954993272]
    [-0.00000041926575312, -0.34202014665054359, 0.93969260758641482, 0.44830625635222532]
  #130 objects/buildingsets/human/universal/prop/food/mre/food_ration_pack_b.cgf
    [-0.99939083600418821, -0.03279411097990723, -0.01193652644111292, 12.81831588339991868]
    [0.03489891657725317, -0.93912019626763976, -0.34181179039283549, -7.28246448782556399]
    [-0.00000041926575312, -0.34202014665054359, 0.93969260758641482, 0.44830622136942111]
  #131 objects/buildingsets/human/hightech/prop/storage/pallet/pallet_shipping_1_025x0125x00125_a.cgf
    [0.04885951477601504, 1.39914636240450796, 0.00000020450690652, 9.03356727710342966]
    [1.39914636240448287, -0.04885951477596410, -0.00000034307762493, -7.46239477838025778]
    [-0.00000033573140502, 0.00000021635562212, -1.39999921271899197, 0.27052809135057032]
  #132 objects/buildingsets/human/universal/prop/food/jar/jar_glass_1_berries_d.cgf
    [-0.49969592221805664, 0.03489905874060822, -0.86549758707591440, 8.91901001153746620]
    [0.01744962197521902, 0.99939085843106246, 0.03022341797199558, -4.62542777140879480]
    [0.86602513140678117, -0.00000008699883940, -0.50000050398817064, 1.72961647715419531]
  #133 objects/buildingsets/human/universal/prop/food/jar/jar_glass_1_berries_d.cgf
    [-0.49969592221805664, 0.03489905874060822, -0.86549758707591440, 8.92337229609256610]
    [0.01744962197521902, 0.99939085843106246, 0.03022341797199558, -4.50050387587361911]
    [0.86602513140678117, -0.00000008699883940, -0.50000050398817064, 1.85461649992794264]
  #134 objects/buildingsets/human/universal/prop/dressing/stationery/stationery_postnote_3_c.cgf
    [0.03436898891005883, -0.99939078707145890, -0.00606057992709654, 8.43529382214182988]
    [0.98420786248437953, 0.03489925540160962, -0.17354200848037957, -4.52063446373358602]
    [0.17364780256683687, -0.00000040705059157, 0.98480777006205900, 2.32906106245354749]
  #135 objects/buildingsets/human/hightech/prop/storage/crate/crate_dry_1_01x005x005_a.cgf
    [0.65240233621322019, -0.72456622510545587, -0.00000064759835462, 9.25871340278536081]
    [0.72456622510559732, 0.65240233621338339, -0.00000004026316235, -6.64916365181670699]
    [0.00000046324923242, -0.00000045431806019, 0.97500001172309547, 0.89552830399770755]
  #136 objects/buildingsets/human/hightech/prop/storage/crate/crate_dry_1_stack_02.cgf
    [0.03489952527564513, -0.99939081689439646, -0.00000055191370664, 9.05101652868324891]
    [0.99939081689451015, 0.03489952527579213, -0.00000025907446377, -6.96269958534685429]
    [0.00000027817816887, -0.00000054253591928, 0.99999999087862346, 0.27052823135454673]
  #137 objects/buildingsets/human/universal/prop/food/jar/jar_glass_1_berries_d.cgf
    [-0.49969592221805664, 0.03489905874060822, -0.86549758707591440, 8.91900979675119743]
    [0.01744962197521902, 0.99939085843106246, 0.03022341797199558, -4.62542785501318576]
    [0.86602513140678117, -0.00000008699883940, -0.50000050398817064, 2.22961647708143573]
  #138 objects/buildingsets/human/hightech/prop/storage/pallet/pallet_shipping_1_025x0125x00125_a.cgf
    [1.39914640244276778, -0.04885938597662180, 0.00000019343874129, 11.80528534422046505]
    [-0.04885938597664418, -1.39914640244277177, 0.00000016107771316, -3.30659558812476462]
    [0.00000018769935851, -0.00000016773051936, -1.39999924823784383, 0.27052989190269727]
  #139 objects/buildingsets/human/hightech/prop/storage/crate/crate_dry_1_0125x00625x00625_a.cgf
    [0.03489952527564513, -0.99939081689439646, -0.00000055191370664, 8.46260408806847408]
    [0.99939081689451015, 0.03489952527579213, -0.00000025907446377, -6.59032151158316992]
    [0.00000027817816887, -0.00000054253591928, 0.99999999087862346, 0.89552799875673372]
  #140 objects/buildingsets/human/hightech/prop/storage/crate/crate_dry_1_0125x00625x00625_a.cgf
    [0.03489952527564513, -0.99939081689439646, -0.00000055191370664, 9.06272499851183966]
    [0.99939081689451015, 0.03489952527579213, -0.00000025907446377, -6.62740663633121585]
    [0.00000027817816887, -0.00000054253591928, 0.99999999087862346, 0.27052823024860118]
  #141 objects/buildingsets/human/hightech/prop/storage/crate/crate_dry_1_0125x00625x00625_a.cgf
    [0.03489952527564513, -0.99939081689439646, -0.00000055191370664, 9.68781548060360365]
    [0.99939081689451015, 0.03489952527579213, -0.00000025907446377, -6.63572443606608431]
    [0.00000027817816887, -0.00000054253591928, 0.99999999087862346, 0.27052844941499643]
  #142 objects/buildingsets/human/hightech/prop/storage/crate/crate_dry_1_0125x0125x0125_a.cgf
    [0.03489952527564513, -0.99939081689439646, -0.00000055191370664, 8.74355825461680070]
    [0.99939081689451015, 0.03489952527579213, -0.00000025907446377, -7.82749642219823727]
    [0.00000027817816887, -0.00000054253591928, 0.99999999087862346, 0.27052810743043665]
  #143 objects/buildingsets/human/hightech/prop/storage/crate/crate_dry_1_0125x00625x00625_a.cgf
    [0.03489952527564513, -0.99939081689439646, -0.00000055191370664, 8.46260430669644848]
    [0.99939081689451015, 0.03489952527579213, -0.00000025907446377, -6.59032153268344700]
    [0.00000027817816887, -0.00000054253591928, 0.99999999087862346, 0.27052803234255407]
  #144 objects/buildingsets/human/hightech/delta/ext/outpost/base/base_floor_14x14x02_a.cgf
    [-0.00000020613528337, -1.00000006017715481, 0.00000012173457109, 68.14684999029850587]
    [1.00000006017709153, -0.00000020613523763, 0.00000037575495751, -30.75689303721264878]
    [-0.00000037575493242, 0.00000012173464854, 1.00000006017710530, -1.08220529499521945]
  #145 objects/buildingsets/human/universal/prop/food/jar/jar_glass_1_berries_d.cgf
    [0.99913574613665912, 0.04156503321504799, -0.00000068407662239, 11.52198400616180152]
    [-0.04156503321492213, 0.99913574613687905, 0.00000019718387922, -6.83688286988581240]
    [0.00000069168139864, -0.00000016857980393, 0.99999994559709238, 1.35548420788836665]
  #146 objects/buildingsets/human/hightech/prop/light/flood_light/flood_light_frame_a.cgf
    [-0.00000020613528337, -1.00000006017715481, 0.00000012173457109, 36.12529031533631496]
    [1.00000006017709153, -0.00000020613523763, 0.00000037575495751, 13.50010810065759870]
    [-0.00000037575493242, 0.00000012173464854, 1.00000006017710530, 1.81854697613744065]
  #147 objects/planet/manmade/mining/mining_structure_set_01/mining_structure_tower_01.cgf
    [-0.00000018460450531, -1.00000005814625603, 0.00000010119551335, 17.12517298228340223]
    [1.00000005814619031, -0.00000018460446723, 0.00000037669042000, 37.50037294938010746]
    [-0.00000037669040132, 0.00000010119558288, 1.00000005814620185, -0.71315000476897694]
  #148 objects/buildingsets/human/hightech/prop/machine/generator/generator_mobile_1_a.cgf
    [-0.73609642813601250, -0.66257857584457713, 0.13838954810366819, 45.51760932340403087]
    [0.65100909218309211, -0.74899211743824678, -0.12327999682624517, -105.72875472590931167]
    [0.18533536653189497, -0.00065311124983489, 0.98267510554879933, -5.41769627938629128]
  #149 objects/buildingsets/human/hightech/prop/machine/generator/generator_mobile_1_a.cgf
    [-0.73609642813601250, -0.66257857584457713, 0.13838954810366819, 44.67078277148539200]
    [0.65100909218309211, -0.74899211743824678, -0.12327999682624517, -106.68602463365641597]
    [0.18533536653189497, -0.00065311124983489, 0.98267510554879933, -5.41853110573720187]
  #150 objects/buildingsets/human/hightech/prop/light/flood_light/flood_light_frame_a.cgf
    [0.99999995952927756, 0.00000008596087570, -0.00000015103374897, 31.78666228865040466]
    [-0.00000008596083287, 0.99999995952924881, 0.00000028361785010, -49.50637935807571921]
    [0.00000015103377335, -0.00000028361783712, 0.99999995952924103, 0.01756404414481949]
  #151 objects/buildingsets/human/hightech/prop/storage/crate/crate_dry_1_0125x0125x0125_stack_a.cgf
    [-0.99939087576058672, -0.03489945710210317, 0.00000001547879665, 10.67938815188244916]
    [0.03489945710210410, -0.99939087576058472, 0.00000006457997677, -6.89448708316558623]
    [0.00000001321556138, 0.00000006508083806, 1.00000004732976322, 0.27052888605976477]
  #152 objects/buildingsets/human/hightech/prop/storage/crate/crate_dry_1_015x0075x0075_a.cgf
    [0.99939078886913324, 0.03489907529164135, -0.00000073401402512, 8.33961420418927446]
    [-0.03489907529152372, 0.99939078886939203, 0.00000017246531604, -5.84426522626927181]
    [0.00000073958577473, -0.00000014674384528, 0.99999994716632379, 0.39552805665880442]
  #153 objects/buildingsets/human/universal/prop/food/jar/jar_glass_1_berries_d.cgf
    [-0.49969592221805664, 0.03489905874060822, -0.86549758707591440, 8.91900985047686845]
    [0.01744962197521902, 0.99939085843106246, 0.03022341797199558, -4.62542783409662661]
    [0.86602513140678117, -0.00000008699883940, -0.50000050398817064, 2.10461647711053956]
  #154 objects/buildingsets/human/hightech/prop/storage/pallet/pallet_shipping_1_025x0125x00125_a.cgf
    [1.39914640244276778, -0.04885938597662180, 0.00000019343874129, 11.66569199855439365]
    [-0.04885938597664418, -1.39914640244277177, 0.00000016107771316, -7.30415734322014032]
    [0.00000018769935851, -0.00000016773051936, -1.39999924823784383, 0.27052924118470401]
  #155 objects/buildingsets/human/hightech/prop/storage/crate/crate_dry_1_0125x0125x0125_a.cgf
    [-0.99939087576058672, -0.03489945710210317, 0.00000001547879665, 10.67938815188244916]
    [0.03489945710210410, -0.99939087576058472, 0.00000006457997677, -6.89448708316558623]
    [0.00000001321556138, 0.00000006508083806, 1.00000004732976322, 0.27052888605976477]
  #156 objects/buildingsets/human/hightech/prop/storage/pallet/pallet_01_018_0016_a.cgf
    [0.99939082439537896, -0.00605937000267164, 0.03436933077557983, 8.65154918446205556]
    [-0.03489938197209396, -0.17354276573888247, 0.98420776685928035, -4.07499064196963445]
    [0.00000086970049081, -0.98480768642579986, -0.17364851713842402, 1.33427982626017183]
  #157 objects/buildingsets/human/hightech/delta/ext/outpost/base/base_floor_14x14x02_a.cgf
    [0.99999995952927756, 0.00000008596087570, -0.00000015103374897, 37.48896249115932733]
    [-0.00000008596083287, 0.99999995952924881, 0.00000028361785010, -30.67877034455705143]
    [0.00000015103377335, -0.00000028361783712, 0.99999995952924103, -0.77359468443319201]
  #158 objects/buildingsets/human/lowtech/alpha/ext/prop/shipping_container_1_025x05x025_a.cgf
    [-0.00000043958985944, 0.99999997407878394, -0.00000001804288922, 40.98896375863114372]
    [-0.99999997407871244, -0.00000043958985256, 0.00000037878132629, -19.92877052001495031]
    [0.00000037878131836, 0.00000001804305573, 0.99999997407880858, 1.22640398341172840]
  #159 objects/buildingsets/human/lowtech/alpha/ext/prop/shipping_container_1_025x05x025_a.cgf
    [1.00000004224848293, 0.00000044595590354, 0.00000004565457099, 39.48896304436493665]
    [-0.00000044595591080, 1.00000004224847139, 0.00000015904747906, -26.17877002836212341]
    [-0.00000004565450006, -0.00000015904749942, 1.00000004224856975, 3.72640475085063372]
  #160 objects/buildingsets/human/hightech/prop/storage/crate/crate_dry_1_0125x0125x0125_a.cgf
    [0.00000045884597093, -1.00000004631727202, -0.00000006132007443, 48.98896369963767938]
    [1.00000004631727268, 0.00000045884597382, -0.00000004713116047, -19.17877140602467989]
    [0.00000004713118860, -0.00000006132005281, 1.00000004631737593, 3.72640460715047084]
  #161 objects/buildingsets/human/lowtech/alpha/ext/prop/shipping_container_yellow.cgf
    [-0.00000043958985944, 0.99999997407878394, -0.00000001804288922, 45.73896291950950399]
    [-0.99999997407871244, -0.00000043958985256, 0.00000037878132629, -27.17877075135766063]
    [0.00000037878131836, 0.00000001804305573, 0.99999997407880858, 3.72640484278963413]
  #162 objects/buildingsets/human/lowtech/prop/storage/drum/drum_dry_1_a.cgf
    [-0.87010156077805989, -0.48396450607557806, -0.09329194938832928, 8.39414312393637374]
    [0.48473621643521025, -0.87452004711460252, 0.01572401668846965, 40.38486469639610732]
    [-0.08919546758512935, -0.03154046739926353, 0.99551550691517321, 2.55392224423121661]
  #163 objects/buildingsets/human/lowtech/bravo/int/cable/cable_curved_02x01x02_a.cgf
    [0.20282195470682632, 1.84086374989385715, 0.37602380259018497, 70.75422796601196751]
    [-1.87221066624832932, 0.22984156940660025, -0.11536925611899987, 20.48840993765406893]
    [-0.15811535970184079, -0.36014371908752107, 1.84840634756725430, 1.60637582100753207]
  #164 objects/buildingsets/human/lowtech/prop/light/light_landing_2_a.cgf
    [0.77751016559918473, 0.62867613877693718, -0.01562819835529970, -5.82060235293465666]
    [-0.62863349543081337, 0.77629527289919087, -0.04675000917851767, 15.70390337193384767]
    [-0.01725851887471844, 0.04617301666855941, 0.99878435195960047, 0.94209354907798115]
  #165 objects/buildingsets/human/lowtech/prop/utilitarian/structure/structure_post_3_a.cgf
    [-0.00000012627884039, -1.00000077546283572, -0.00000000407565750, 11.42227136620203964]
    [1.00000077546283195, -0.00000012627883994, -0.00000008692207935, 48.44923826178273885]
    [0.00000008692207884, -0.00000000407566848, 1.00000077546283972, 2.84063987508125138]
  #166 objects/buildingsets/human/lowtech/prop/storage/crate/crate_weapon_4_015x0075x0075_a.cgf
    [-0.89984948950837773, 0.43507197902007244, 0.03135724515963179, 73.86629204612108879]
    [-0.43577696672489619, -0.89348262735878370, -0.10856904439583634, 24.68952122600967414]
    [-0.01921819514138394, -0.11136056393775141, 0.99359422970139311, 1.58630512657691725]
  #167 objects/buildingsets/human/lowtech/prop/utilitarian/machine/machine_forklift_1_a.cgf
    [0.38996887189208673, 0.91871557786526903, 0.06233743733044912, -10.33298726120847277]
    [-0.92050535447252169, 0.39072993504412612, -0.00001994642548583, -5.42709435123288131]
    [-0.02437542805080885, -0.05737416664429561, 0.99805512556133003, -0.62010468071093783]
  #168 objects/buildingsets/human/lowtech/prop/storage/crate/crate_weapon_4_015x0075x0075_a.cgf
    [-0.89965010799412526, 0.43632841191716626, -0.01572564123881172, -62.24699319258797914]
    [-0.43409983352719544, -0.89003604410725490, 0.13925972272677783, 4.90742956254689489]
    [0.04676658390549077, 0.13211151651586450, 0.99013106682199248, 1.55954770624521188]
  #169 objects/buildingsets/human/lowtech/prop/utilitarian/structure/structure_post_3_a.cgf
    [-0.70710772890616747, 0.70710587384207613, -0.00000022355103939, -61.69193634742987342]
    [-0.70710587384194579, -0.70710772890618290, -0.00000046108804853, 45.66658864984674437]
    [-0.00000048411272141, -0.00000016796466497, 1.00000002855029524, 2.20851710152055603]
  #170 objects/buildingsets/human/lowtech/prop/storage/crate/crate_weapon_4_015x0075x0075_a.cgf
    [-0.89795244780731920, 0.43982568844080738, -0.01532838782878467, 48.44128233729861677]
    [-0.43574677019484476, -0.89342839103115579, -0.10913595453954410, -101.90731151358158968]
    [-0.06169560722305099, -0.09131959316634129, 0.99390873734077201, -5.81820079276803881]
  #171 objects/buildingsets/human/lowtech/prop/storage/container/container_dry_3_025x05x025_a.cgf
    [-0.99805493352836983, 0.00388098048187963, -0.06221869519773011, 8.68695113490684889]
    [-0.00000514111855539, -0.99806530878355815, -0.06217328814110548, 19.58739313122350723]
    [-0.06233961834321472, -0.06205204086254776, 0.99612408594087409, 1.49255860257835593]
  #172 objects/buildingsets/human/lowtech/prop/utilitarian/structure/structure_post_3_a.cgf
    [-0.70710507735995431, -0.70710741350746342, 0.00000020860043220, 86.68292733025737107]
    [0.70710741350749318, -0.70710507735993877, 0.00000015348563167, -14.63025758386720554]
    [0.00000003897162625, 0.00000025603357551, 0.99999924233242143, -0.71715427133312915]
  #173 objects/buildingsets/human/lowtech/prop/storage/drum/drum_dry_1_a.cgf
    [-0.89704587208779096, 0.43751819353667498, -0.06234170082526856, 8.14445391509798355]
    [-0.43838053766616741, -0.89878942392396388, 0.00017206126619018, 40.85368211391323712]
    [-0.05595678272474779, 0.02748373580796435, 0.99805482650015809, 2.53822643254534341]
  #174 objects/buildingsets/human/lowtech/prop/storage/crate/crate_weapon_4_015x0075x0075_a.cgf
    [-0.98677890770436327, 0.14233943222516093, 0.07750421817812593, -72.33934460204909556]
    [-0.13901900051701810, -0.98918798423045973, 0.04669989123251624, 3.91167766218495672]
    [0.08331347608180237, 0.03530790817505814, 0.99589770901195906, 1.65048495403607376]
  #175 objects/planet/manmade/mining/mining_structure_set_01/mining_structure_tank_01.cgf
    [0.99999995429593513, 0.00000008663913743, -0.00000004870788611, -19.87507897312752903]
    [-0.00000008663912994, 0.99999995429592459, 0.00000015373682879, 23.50009457832493354]
    [0.00000004870789943, -0.00000015373682457, 0.99999995429592714, -1.25846320876735263]
  #176 objects/buildingsets/human/lowtech/prop/storage/drum/drum_dry_1_a.cgf
    [-0.80952696206222852, -0.57387025163020389, -0.12385066653514758, 11.30098310593166389]
    [0.57293506522395055, -0.81827278702388950, 0.04663703105900586, 41.82091135638438573]
    [-0.12810723767274595, -0.03320445637346860, 0.99120429546376287, 2.77230746496934444]
  #177 objects/planet/manmade/mining/mining_structure_set_01/mining_structure_tank_01.cgf
    [0.99999995429593513, 0.00000008663913743, -0.00000004870788611, -19.87503689239383675]
    [-0.00000008663912994, 0.99999995429592459, 0.00000015373682879, 15.50002904762186517]
    [0.00000004870789943, -0.00000015373682457, 0.99999995429592714, -1.77343766573176254]
  #178 objects/buildingsets/human/lowtech/prop/storage/drum/drum_dry_1_a.cgf
    [0.95510183994827658, -0.27562691729540378, 0.10867496148638900, -9.80135376870748587]
    [0.27560769788433481, 0.96114526639853193, 0.01549655481102675, -8.75634123997770075]
    [-0.10872369409991872, 0.01515086817138174, 0.99395652772107668, -0.56789280154043809]
  #179 objects/planet/manmade/mining/mining_structure_set_01/mining_structure_tank_01.cgf
    [0.99999995429593513, 0.00000008663913743, -0.00000004870788611, -19.87514047371223569]
    [-0.00000008663912994, 0.99999995429592459, 0.00000015373682879, 31.50022517879006045]
    [0.00000004870789943, -0.00000015373682457, 0.99999995429592714, -0.50938039622269571]
  #180 objects/buildingsets/human/lowtech/prop/storage/container/container_dry_3_025x05x025_a.cgf
    [0.99987998706943892, -0.00024194624310951, 0.01549139334150969, -31.63214529209653847]
    [0.00000070378418212, 0.99987878309338507, 0.01557078889534702, -12.65138824977657350]
    [-0.01549328258151298, -0.01556890906050322, 0.99975876971054489, 0.13171791184868198]
  #181 objects/buildingsets/human/lowtech/prop/utilitarian/structure/structure_post_3_a.cgf
    [-0.70710507735995431, -0.70710741350746342, 0.00000020860043220, 42.60271072181058116]
    [0.70710741350749318, -0.70710507735993877, 0.00000015348563167, 68.69018480986960640]
    [0.00000003897162625, 0.00000025603357551, 0.99999924233242143, 4.30094576436385978]
  #182 objects/buildingsets/human/lowtech/prop/utilitarian/structure/structure_post_3_a.cgf
    [0.99999995429593513, 0.00000008663913743, -0.00000004870788611, -4.33302278583869338]
    [-0.00000008663912994, 0.99999995429592459, 0.00000015373682879, -132.01836893483960012]
    [0.00000004870789943, -0.00000015373682457, 0.99999995429592714, -9.86240900505799800]
  #183 objects/buildingsets/human/hightech/prop/storage/crate/crate_dry_1_0125x00625x00625_a.cgf
    [0.97499997928039350, 0.00000008447316138, -0.00000004749019012, 11.79861283034551889]
    [-0.00000008447315408, 0.97499997928038329, 0.00000014989341174, -3.06551135673180397]
    [0.00000004749020310, -0.00000014989340762, 0.97499997928038573, 0.36424768695724197]
  #184 objects/buildingsets/human/lowtech/bravo/int/cable/cable_curved_02x01x02_a.cgf
    [-1.23659621414299292, 1.23898626048300220, 0.05417584940004471, -68.95286269366624765]
    [-1.23777914369467723, -1.23778233858612285, 0.05467949227446506, 0.15095805910459603]
    [0.07697251300524040, 0.00031902236239548, 1.74964776558684543, 1.43877335573779419]
  #185 objects/buildingsets/human/lowtech/prop/storage/drum/drum_dry_1_a.cgf
    [0.57387085907589908, -0.80952623146890745, -0.12385318516675048, 10.69804522398044355]
    [0.81827238743504194, 0.57293574354808707, 0.04663719047143023, 41.81972945307279588]
    [0.03320588612817588, -0.12810936006967041, 0.99120404296879927, 2.70983519784931559]
  #186 objects/buildingsets/human/lowtech/prop/utilitarian/storage/storage_container_1_025x075x025_a.cgf
    [0.07986630485147114, -0.99573165387483942, -0.04627495652438577, -3.18116229391307570]
    [0.98422397385994087, 0.08612593854027592, -0.15455425186706406, -83.60019111969813821]
    [0.15787991452050876, -0.03320121929264826, 0.98690077333476767, -1.72814399862545542]
  #187 objects/buildingsets/human/lowtech/prop/storage/drum/drum_dry_1_a.cgf
    [0.96020585725658503, -0.27533409234236456, -0.04686096855750366, -9.57151963884825818]
    [0.27564622518280352, 0.96125918296101731, 0.00020689510181782, 49.14332343309615680]
    [0.04498856879933177, -0.01311571031695557, 0.99890145054968460, 2.00536607833055314]
  #188 objects/buildingsets/human/hightech/prop/storage/crate/crate_dry_1_01x005x005_a.cgf
    [-0.00000012598033823, -0.97500090632602654, -0.00000001034382644, 11.44467035311390646]
    [0.97500090632602243, -0.00000012598033725, -0.00000008992222805, -3.38702576877403772]
    [0.00000008992222672, -0.00000001034383806, 0.97500090632603043, 0.97158841774216853]
  #189 objects/buildingsets/human/lowtech/prop/storage/container/container_dry_3_025x05x025_a.cgf
    [0.98118791962077223, -0.17669876116711494, -0.07776803777039291, 7.68694892380153760]
    [0.17346664079807136, 0.98373793295298761, -0.04657313931876984, 25.58744623366328597]
    [0.08473278248047367, 0.03220684054326872, 0.99588308977596696, 1.61702746603987180]
  #190 objects/buildingsets/human/lowtech/prop/storage/crate/crate_weapon_4_015x0075x0075_a.cgf
    [-0.98886370967628323, 0.13503399100095764, 0.06256441988905655, 73.58988742361543700]
    [-0.13889700276818667, -0.98835424298634256, -0.06215653360145931, 23.62626076923334040]
    [0.05344256715124405, -0.07015435354764726, 0.99610349882481397, 1.57087207301810849]
  #191 objects/buildingsets/human/lowtech/prop/storage/drum/drum_dry_1_a.cgf
    [-0.86862081449931361, -0.48341424828624091, -0.10867448478051511, 8.72963237654766999]
    [0.48473383416827548, -0.87452168285941645, 0.01570142322115997, 40.90065494364534970]
    [-0.10262840299344285, -0.03903958545496969, 0.99395418412340886, 2.56944796002062503]
  #192 objects/buildingsets/human/lowtech/prop/storage/drum/drum_dry_1_a.cgf
    [0.95801016364768343, -0.27596621570827845, 0.07784144655247385, -9.35100591584341601]
    [0.27560654840743964, 0.96114496920932946, 0.01554011919278278, -9.11879667845278163]
    [-0.07910545802071681, 0.00656601989337157, 0.99684468728086395, -0.54205123285646550]
  #193 objects/buildingsets/human/lowtech/prop/light/light_landing_2_a.cgf
    [0.77721171121379884, 0.62749815842397538, -0.04677543934794929, 5.57951780990697443]
    [-0.62901403278127699, 0.77677224442165693, -0.03108297701205228, 27.65309219614937319]
    [0.01682935280718846, 0.05358046351252135, 0.99842167014414807, 1.64414609361847397]
  #194 objects/buildingsets/human/lowtech/prop/utilitarian/machine/machine_forklift_1_a.cgf
    [0.91423884014712065, 0.37452606089253448, 0.15458849943334441, 69.10697948481538333]
    [-0.37443755520985117, 0.92674012151815821, -0.03081064256491168, 11.56881332271768770]
    [-0.15480275092258938, -0.02971545320392438, 0.98749842097391127, 1.86996375769376755]
  #195 objects/buildingsets/human/lowtech/bravo/int/cable/cable_curved_02x01x02_a.cgf
    [0.63100203812467059, 1.56109858592904538, 0.23529084472566117, 45.85649282121448778]
    [-1.55303199315740725, 0.65933122467582983, -0.20959034595102591, -105.41877476624722476]
    [-0.28369385758403748, -0.13714113130885930, 1.67070771052009048, -5.99880079456488602]
  #196 objects/buildingsets/human/lowtech/prop/storage/container/container_dry_3_025x025x025_a.cgf
    [-0.99738233986252134, 0.05518555441260873, 0.04662106330519317, -27.33904230542248115]
    [-0.05223558094487374, -0.99668574743449823, 0.06228535761685087, -6.50421305221243529]
    [0.04990403834245652, 0.05968732088375605, 0.99696414755597162, 0.08561583069968037]
  #197 objects/buildingsets/human/lowtech/prop/utilitarian/structure/structure_post_3_a.cgf
    [-0.70710772890616747, 0.70710587384207613, -0.00000022355103939, -31.54005919920746237]
    [-0.70710587384194579, -0.70710772890618290, -0.00000046108804853, 70.96280587068031309]
    [-0.00000048411272141, -0.00000016796466497, 1.00000002855029524, 1.98948037379886955]
  #198 objects/buildingsets/human/lowtech/bravo/ext/hero/storage_tower_a.cgf
    [-0.00000012627884039, -1.00000077546283572, -0.00000000407565750, -10.24393041140865535]
    [1.00000077546283195, -0.00000012627883994, -0.00000008692207935, -78.58874401574212243]
    [0.00000008692207884, -0.00000000407566848, 1.00000077546283972, -1.70706491250894032]
  #199 objects/buildingsets/human/lowtech/prop/storage/drum/drum_dry_1_a.cgf
    [0.95834447338743944, -0.27480072038261932, 0.07784802134061526, -10.05292091771843843]
    [0.27563990463139804, 0.96126090199863390, -0.00003585066931848, -9.21204485276575724]
    [-0.07482241191146669, 0.02149237975818842, 0.99696517707981380, -0.47958327637752518]
  #200 objects/planet/manmade/mining/mining_structure_set_01/mining_structure_tank_01.cgf
    [0.99999995429593513, 0.00000008663913743, -0.00000004870788611, 21.55620397342136130]
    [-0.00000008663912994, 0.99999995429592459, 0.00000015373682879, 31.50025800845287449]
    [0.00000004870789943, -0.00000015373682457, 0.99999995429592714, -0.25951847992837429]
  #201 objects/buildingsets/human/lowtech/prop/utilitarian/structure/structure_post_3_a.cgf
    [0.00000001039376586, 0.99999999039762366, -0.00000001816545149, 31.56995145708788186]
    [-0.99999999039749687, 0.00000001039375676, -0.00000050407344654, -58.16608237108812318]
    [-0.00000050407344635, 0.00000001816545673, 0.99999999039749665, -0.09768403790076263]
  #202 objects/buildingsets/human/lowtech/bravo/ext/hero/storage_tower_a.cgf
    [0.00000001039376586, 0.99999999039762366, -0.00000001816545149, -3.17703851684927940]
    [-0.99999999039749687, 0.00000001039375676, -0.00000050407344654, -78.62752614334385726]
    [-0.00000050407344635, 0.00000001816545673, 0.99999999039749665, -1.53500383660139050]
  #203 objects/buildingsets/human/lowtech/prop/utilitarian/machine/machine_sledge_1_a.cgf
    [-0.40882495910923361, 0.90928660165872521, 0.07784642741409092, 10.12504888122202829]
    [-0.91254916959498611, -0.40629891280358094, -0.04663951043918201, 9.50004523049938143]
    [-0.01077976292465842, -0.09010608695549958, 0.99587385105380333, 1.03998946334468201]
  #204 objects/buildingsets/human/lowtech/prop/storage/container/container_dry_3_025x025x025_a.cgf
    [-0.89360361368466712, 0.43906722997501674, 0.09323351746690466, -15.44527470163302496]
    [-0.43816147706297609, -0.89835892976290688, 0.03107560040799397, -6.06025368433620315]
    [0.09740144370170743, -0.01308206729810110, 0.99515916208791078, -0.27268556243507192]
  #205 objects/planet/manmade/mining/mining_structure_set_01/mining_structure_tank_01.cgf
    [0.99999995429593513, 0.00000008663913743, -0.00000004870788611, 21.12520096485968679]
    [-0.00000008663912994, 0.99999995429592459, 0.00000015373682879, 23.50022166198687046]
    [0.00000004870789943, -0.00000015373682457, 0.99999995429592714, 0.03831194930535275]
  #206 objects/buildingsets/human/lowtech/prop/utilitarian/structure/structure_post_3_a.cgf
    [-0.00000012627884039, -1.00000077546283572, -0.00000000407565750, 42.58075048282626085]
    [1.00000077546283195, -0.00000012627883994, -0.00000008692207935, -53.74735692282411037]
    [0.00000008692207884, -0.00000000407566848, 1.00000077546283972, -0.30147815807140432]
  #207 objects/planet/manmade/mining/mining_structure_set_01/mining_structure_tank_01.cgf
    [0.00000001039376586, 0.99999999039762366, -0.00000001816545149, -11.87503564867074601]
    [-0.99999999039749687, 0.00000001039375676, -0.00000050407344654, 15.50004726996485260]
    [-0.00000050407344635, 0.00000001816545673, 0.99999999039749665, -1.49165720540622715]
  #208 objects/planet/manmade/mining/mining_structure_set_01/mining_structure_tank_01.cgf
    [0.00000001039376586, 0.99999999039762366, -0.00000001816545149, 13.12507877059397288]
    [-0.99999999039749687, 0.00000001039375676, -0.00000050407344654, 15.50009172828140436]
    [-0.00000050407344635, 0.00000001816545673, 0.99999999039749665, -0.80421808012761176]
  #209 objects/planet/manmade/mining/mining_structure_set_01/mining_structure_tank_01.cgf
    [0.99999995429593513, 0.00000008663913743, -0.00000004870788611, 21.12515645337407477]
    [-0.00000008663912994, 0.99999995429592459, 0.00000015373682879, 15.50011392049236747]
    [0.00000004870789943, -0.00000015373682457, 0.99999995429592714, -0.46103750387555920]
  #210 objects/buildingsets/human/lowtech/prop/utilitarian/structure/structure_post_3_a.cgf
    [-0.70710772890616747, 0.70710587384207613, -0.00000022355103939, -83.12725810767733492]
    [-0.70710587384194579, -0.70710772890618290, -0.00000046108804853, 2.15363627463011653]
    [-0.00000048411272141, -0.00000016796466497, 1.00000002855029524, 1.05013481726928148]
  #211 objects/buildingsets/human/lowtech/prop/storage/drum/drum_dry_1_a.cgf
    [0.00073035622150704, 0.99890454935837480, 0.04678871849766756, -7.49760552716907114]
    [-0.99987875498469492, 0.00000166885596028, 0.01557214356450396, -8.53478798403193650]
    [0.01555500683922410, -0.04679441842868861, 0.99878343022592997, -0.71384016908996273]
  #212 objects/buildingsets/human/lowtech/prop/storage/container/container_dry_3_025x05x025_a.cgf
    [-0.00048642235199406, -0.99951596505201090, 0.03113443836934269, -23.62849752785405144]
    [0.99987933933747364, -0.00000096533381917, 0.01559041430678074, -6.48651025835897599]
    [-0.01558282427817319, 0.03113823788121364, 0.99939448666795216, -0.05461411811120342]
  #213 objects/buildingsets/human/lowtech/prop/storage/drum/drum_dry_1_a.cgf
    [0.95965562834230766, -0.27416381004129298, -0.06241063366890256, -10.15521029350929894]
    [0.27561493665594844, 0.96113815559645555, 0.01580061673361171, 49.51169812166517659]
    [0.05565328942164753, -0.03236445674913730, 0.99792537810011872, 1.97401626294595189]
  #214 objects/buildingsets/human/lowtech/prop/utilitarian/structure/structure_post_3_a.cgf
    [0.70710748199565077, -0.70710600715233207, 0.00000005671542240, 89.35361275429022498]
    [0.70710600715232297, 0.70710748199562279, -0.00000023625297264, -65.21722075188517920]
    [0.00000012695200321, 0.00000020716007120, 0.99999994822254246, -5.24216889195668045]
  #215 objects/buildingsets/human/lowtech/prop/storage/drum/drum_dry_1_a.cgf
    [-0.99890458709843000, 0.00073041275260341, 0.04678877260406518, -7.50216330235707574]
    [-0.00000179808606019, -0.99987881967806880, 0.01557057567426103, -9.05267795447070966]
    [0.04679447340606551, 0.01555343458120543, 0.99878349245581977, -0.69823351618833840]
  #216 objects/buildingsets/human/lowtech/prop/storage/container/container_dry_3_025x05x025_a.cgf
    [-0.99987863491707596, 0.00048653767232997, -0.01557063063683146, 10.23228130390634760]
    [-0.00000257286440463, -0.99951729218194030, -0.03106683832694513, 38.79064062528232171]
    [-0.01557823002512158, -0.03106302836726616, 0.99939600401387862, 2.63078629308438394]
  #217 objects/buildingsets/human/lowtech/prop/utilitarian/structure/structure_post_3_a.cgf
    [0.00000001039376586, 0.99999999039762366, -0.00000001816545149, -96.66400619273190387]
    [-0.99999999039749687, 0.00000001039375676, -0.00000050407344654, -54.58346898222407617]
    [-0.00000050407344635, 0.00000001816545673, 0.99999999039749665, -1.22675471562251914]
  #218 objects/buildingsets/human/lowtech/prop/storage/container/container_dry_3_025x05x025_a.cgf
    [-0.99233152701401783, -0.00367836797210083, -0.12354966795715248, 7.68696768526569940]
    [0.01735853143245725, -0.99379839428552896, -0.10983325202890952, 36.58760851779516088]
    [-0.12237945999949992, -0.11113564447916512, 0.98624137342015039, 2.17810194844787475]
  #219 objects/buildingsets/human/lowtech/prop/storage/drum/drum_dry_1_a.cgf
    [0.48644153937341178, -0.87357523933831538, 0.01546651581883939, -9.13490315742092207]
    [0.86787423730992252, 0.48107261175250321, -0.12394246068192134, 17.99169447035637859]
    [0.10083263415328321, 0.07371381526670676, 0.99216799809965628, 0.85203899127373006]
  #220 objects/buildingsets/human/lowtech/prop/light/light_landing_2_a.cgf
    [0.78201010791611159, 0.61389035175191398, -0.10769769555559700, -4.83283105408190750]
    [-0.62326220220532913, 0.76966195670484350, -0.13843650598190685, 1.59699237159111362]
    [-0.00209401629370585, 0.17538265282583188, 0.98449809886488804, -0.36987488926388323]
  #221 objects/planet/manmade/mining/mining_structure_set_01/mining_structure_tank_01.cgf
    [0.00000001039376586, 0.99999999039762366, -0.00000001816545149, 13.12511856792843901]
    [-0.99999999039749687, 0.00000001039375676, -0.00000050407344654, 23.50020946596850990]
    [-0.00000050407344635, 0.00000001816545673, 0.99999999039749665, -0.08611862614634447]
  #222 objects/buildingsets/human/lowtech/prop/light/light_landing_2_a.cgf
    [0.77537376697759142, 0.62976748105948688, 0.04678122434497747, -5.11560372723033652]
    [-0.62902232066678820, 0.77676548908121279, -0.03108595733830890, 26.94434495405039343]
    [-0.05591496449247459, -0.00532319834869793, 0.99842136494237355, 1.03486027759208810]
  #223 objects/buildingsets/human/lowtech/prop/storage/drum/drum_dry_1_a.cgf
    [0.47751270723963513, -0.87189008020491632, 0.10857049705104080, -9.69502232008380815]
    [0.87367375596921748, 0.48428173824565429, 0.04651469119943615, -8.22377585065078165]
    [-0.09313448835037330, 0.07264390137515428, 0.99299903375465648, -0.58349466828803997]
  #224 objects/buildingsets/human/lowtech/prop/storage/drum/drum_dry_1_a.cgf
    [-0.28818511024091009, -0.94962487472154988, -0.12312533575637022, -8.80629222030984238]
    [0.95395622152842974, -0.27354742279993050, -0.12303350619372408, 13.51974265547505638]
    [0.08315514657698339, -0.15291276450708899, 0.98473388121266736, 0.33672020956873894]
  #225 objects/planet/manmade/mining/mining_structure_set_01/mining_structure_tank_01.cgf
    [-0.98162707294308515, 0.19080958047386043, 0.00000018609291223, -10.87681085467920639]
    [-0.19080958047384600, -0.98162707294310125, 0.00000009254601048, 31.50021910345094511]
    [0.00000020033250552, 0.00000005533735869, 1.00000000316770410, -0.55567745078587905]
  #226 objects/buildingsets/human/lowtech/prop/light/light_hung_4_box_b.cgf
    [-0.49923629057056679, 0.01918477552107374, 0.01987635285102045, 19.19210201842361130]
    [-0.02751478900142387, -0.37739176033794786, -0.32683083461072598, -11.26638345027276955]
    [0.00246199119807172, -0.32742541510142825, 0.37787105602587445, 3.07507025163795333]
  #227 objects/buildingsets/human/lowtech/prop/utilitarian/structure/structure_post_8_a.cgf
    [0.00000001039376586, 0.99999999039762366, -0.00000001816545149, 7.43699397813179530]
    [-0.99999999039749687, 0.00000001039375676, -0.00000050407344654, -2.87078928536539024]
    [-0.00000050407344635, 0.00000001816545673, 0.99999999039749665, 0.15817212822730653]
  #228 objects/buildingsets/human/hightech/prop/storage/crate/crate_dry_1_01x005x005_a.cgf
    [0.72774077820632499, 0.61064992037864496, -0.00000007307449221, 11.92749425090732984]
    [-0.61064992037851384, 0.72774077820623395, 0.00000054588937486, -6.80514181159378495]
    [0.00000040687010369, -0.00000037120319196, 0.94999998185394452, 0.69228969117102679]
  #229 objects/buildingsets/human/hightech/prop/storage/crate/crate_dry_1_0125x0125x0125_a.cgf
    [-0.00000012627884039, -1.00000077546283572, -0.00000000407565750, 8.87567399695399217]
    [1.00000077546283195, -0.00000012627883994, -0.00000008692207935, -7.87343406484433217]
    [0.00000008692207884, -0.00000000407566848, 1.00000077546283972, 0.11426388197287451]
  #230 objects/buildingsets/human/lowtech/prop/storage/container/container_dry_3_025x025x025_a.cgf
    [-0.88804887830580836, 0.42731879955952423, 0.16961051330845378, 72.70464494492625818]
    [-0.43815704070621631, -0.89837271644995320, -0.03073699659786947, 10.79935046594619052]
    [0.13923896854444590, -0.10161200137431314, 0.98503167652484092, 1.10727248912735377]
  #231 objects/buildingsets/human/lowtech/prop/storage/container/container_dry_3_025x05x025_a.cgf
    [-0.95570212209885019, 0.29269341704206353, -0.03105076808591369, 42.78316113798064180]
    [-0.29233355160298435, -0.95618828041468018, -0.01565885588196709, -10.91925150644783571]
    [-0.03427362230155725, -0.00588802009062546, 0.99939520851186403, 1.96987686915963423]
  #232 objects/buildingsets/human/hightech/prop/storage/crate/crate_dry_1_01x005x005_a.cgf
    [0.99999995429593513, 0.00000008663913743, -0.00000004870788611, 11.92137655380065553]
    [-0.00000008663912994, 0.99999995429592459, 0.00000015373682879, -7.96765164810130955]
    [0.00000004870789943, -0.00000015373682457, 0.99999995429592714, 0.16100434912368655]
  #233 objects/buildingsets/human/lowtech/prop/storage/container/container_dry_3_025x05x025_a.cgf
    [-0.00024250994428593, 0.99987945862013750, 0.01552465796725893, -23.62849887443007901]
    [-0.99987775251128808, 0.00000026384346426, -0.01563603592597343, -3.98711103859204741]
    [-0.01563415518903620, -0.01552655196764047, 0.99975722301071368, -0.03893477808742318]
  #234 objects/buildingsets/human/lowtech/prop/utilitarian/structure/structure_post_3_a.cgf
    [-0.70710772890616747, 0.70710587384207613, -0.00000022355103939, -9.58064270002068952]
    [-0.70710587384194579, -0.70710772890618290, -0.00000046108804853, 49.51161356282500492]
    [-0.00000048411272141, -0.00000016796466497, 1.00000002855029524, 1.85612500832939986]
  #235 objects/buildingsets/human/lowtech/prop/utilitarian/structure/structure_post_3_a.cgf
    [0.70710567053509266, 0.70710792221900909, -0.00000006603035005, -62.01877037523081526]
    [-0.70710792221888474, 0.70710567053501827, 0.00000053408331446, -99.89883954791184806]
    [0.00000042434496861, -0.00000033096274946, 1.00000002148374056, -5.54237644500972237]
  #236 objects/buildingsets/human/lowtech/prop/storage/crate/crate_weapon_4_015x0075x0075_a.cgf
    [-0.89816348042476590, 0.43939475720748644, 0.01531650508615313, -62.85704644810175523]
    [-0.43703852771471186, -0.89606270212654682, 0.07790343194518143, 5.63539301752825850]
    [0.04795490884609370, 0.06327611519724100, 0.99684324019442316, 1.46562257716141175]
  #237 objects/buildingsets/human/lowtech/prop/storage/container/container_dry_3_025x05x025_a.cgf
    [0.94825335887039175, -0.30838229994102206, -0.07560344304686176, 59.25849703591666184]
    [0.28467224080192621, 0.93117984103525120, -0.22774058727598120, -51.25781513173023995]
    [0.14063157125718481, 0.19443357955632107, 0.97078231361777789, -1.39821905466669705]
  #238 objects/buildingsets/human/lowtech/prop/light/light_landing_2_a.cgf
    [0.77860001493456910, 0.62674827728372884, 0.03112391668985967, 5.70793242120998912]
    [-0.62657531228467989, 0.77374897157502931, 0.09335947486083375, 14.98739598110660154]
    [0.03443079005185525, -0.09219116244420091, 0.99514591632983262, 1.37964406667742878]
  #239 objects/buildingsets/human/lowtech/prop/storage/crate/crate_weapon_4_015x0075x0075_a.cgf
    [-0.99038355550057344, 0.13745094678910258, 0.01573258017035642, 48.16486182590597309]
    [-0.13834753937910360, -0.98435168936679007, -0.10914015689235886, -102.97048686414018448]
    [0.00048497400423554, -0.11026718789159634, 0.99390179390757172, -5.94359889518818818]
  #240 objects/buildingsets/human/hightech/prop/storage/crate/crate_dry_1_0125x00625x00625_a.cgf
    [-0.00000012627884039, -1.00000077546283572, -0.00000000407565750, 9.15276817552512512]
    [1.00000077546283195, -0.00000012627883994, -0.00000008692207935, -6.66293875469636987]
    [0.00000008692207884, -0.00000000407566848, 1.00000077546283972, 0.19241508487903047]
  #241 objects/buildingsets/human/lowtech/prop/storage/drum/drum_dry_1_a.cgf
    [0.95666829149907162, -0.27582985799729720, 0.09329328555180327, -9.22822755281231366]
    [0.27560690164706086, 0.96114507827753504, 0.01552230392018066, -8.44326671988710586]
    [-0.09394989865011462, 0.01086257757965185, 0.99551764856459035, -0.63035879279777873]
  #242 objects/buildingsets/human/lowtech/prop/utilitarian/structure/structure_post_3_a.cgf
    [0.70710748199565077, -0.70710600715233207, 0.00000005671542240, 61.94340803768136539]
    [0.70710600715232297, 0.70710748199562279, -0.00000023625297264, -107.12026742553462100]
    [0.00000012695200321, 0.00000020716007120, 0.99999994822254246, -7.23294993583112955]
  #243 objects/buildingsets/human/hightech/prop/storage/crate/crate_dry_1_01x005x005_a.cgf
    [0.62671851249949206, -0.74689295932091493, 0.00000009982610765, 9.34939738223329186]
    [0.74689295932092092, 0.62671851249949118, -0.00000004399675630, -6.67784271482923941]
    [-0.00000003046358899, 0.00000010475178318, 0.97500009568857371, 0.81740707576682325]
  #244 objects/buildingsets/human/hightech/prop/storage/crate/crate_dry_1_0125x0125x0125_a.cgf
    [0.00000009938618731, -0.98000088114430906, -0.00000006082443215, 10.58545873253024183]
    [0.98000088114431061, 0.00000009938618568, 0.00000002767747775, -3.36978301298040606]
    [-0.00000002767747159, -0.00000006082443496, 0.98000088114431327, 0.36744299405836500]
  #245 objects/buildingsets/human/lowtech/prop/storage/container/container_dry_3_025x025x025_a.cgf
    [-0.89663213842259137, 0.43839482431536697, 0.06213521350974840, -57.00746934948256239]
    [-0.43831679584613786, -0.89868499283326553, 0.01560988571774975, 3.63195487215489266]
    [0.06268327706476842, -0.01323858249378326, 0.99794566240184002, 1.47108296335500199]
  #246 objects/planet/manmade/mining/mining_structure_set_01/mining_structure_tank_01.cgf
    [0.00000001039376586, 0.99999999039762366, -0.00000001816545149, -11.87506056550773792]
    [-0.99999999039749687, 0.00000001039375676, -0.00000050407344654, 23.50012219232303323]
    [-0.00000050407344635, 0.00000001816545673, 0.99999999039749665, -0.97668274804891553]
  #247 objects/buildingsets/human/lowtech/prop/storage/drum/drum_dry_1_a.cgf
    [0.56443312946942403, -0.81613467487707858, -0.12385243505532993, 10.89067178021650761]
    [0.81828593777302361, 0.57294487575058339, -0.04628481654462023, 42.41694354305764136]
    [0.10873526221411761, -0.07522202245972225, 0.99122060154982305, 2.69409672891197260]
  #248 objects/buildingsets/human/lowtech/prop/storage/drum/drum_dry_1_a.cgf
    [0.48121782049893658, -0.87313952536283146, 0.07781364326118551, -9.18671935884049162]
    [0.87419653672735975, 0.48457281504825345, 0.03110927006950799, -7.89808999121123634]
    [-0.06486916834906795, 0.05305413046631624, 0.99648152759211706, -0.66158900779555552]
  #249 objects/buildingsets/human/lowtech/prop/utilitarian/structure/structure_post_3_a.cgf
    [-0.70710507735995431, -0.70710741350746342, 0.00000020860043220, 68.06118757219519466]
    [0.70710741350749318, -0.70710507735993877, 0.00000015348563167, 36.57786987284271163]
    [0.00000003897162625, 0.00000025603357551, 0.99999924233242143, 2.88025033305166289]
  #250 objects/planet/manmade/mining/mining_structure_set_01/mining_structure_tank_01.cgf
    [-0.00000005253689504, 0.99939077204460980, 0.03490039715008408, 13.12511489517055452]
    [-0.99999997648452954, -0.00000006328316688, 0.00000030680794783, 31.50027039511223848]
    [0.00000030882964676, -0.03490039715006624, 0.99939077204456384, -0.16516080833389424]
  #251 objects/buildingsets/human/hightech/prop/storage/crate/crate_dry_1_0125x00625x00625_a.cgf
    [-0.00000012627884039, -1.00000077546283572, -0.00000000407565750, 9.77776863562758081]
    [1.00000077546283195, -0.00000012627883994, -0.00000008692207935, -6.64943674405185448]
    [0.00000008692207884, -0.00000000407566848, 1.00000077546283972, 0.19239091771305539]
  #252 objects/buildingsets/human/lowtech/prop/storage/crate/crate_weapon_4_015x0075x0075_a.cgf
    [-0.89236180064529647, 0.44166340719735447, 0.09286453928923184, -71.83557505681528710]
    [-0.43752245038916909, -0.89705854060791745, 0.06212931106445358, 4.95130578398493526]
    [0.11074517289721704, 0.01481150332378275, 0.99373844507231790, 1.55686705722473562]
  #253 objects/buildingsets/human/lowtech/prop/storage/drum/drum_dry_1_a.cgf
    [0.48142553128876975, -0.87150725536160134, 0.09328874664164175, -10.24653212600969709]
    [0.87451482564624494, 0.48474849483042981, 0.01552240506830498, -8.33553522677175351]
    [-0.05874952019206320, 0.07410957553700684, 0.99551719887979884, -0.53664651777944528]
  #254 objects/buildingsets/human/lowtech/prop/storage/drum/drum_dry_1_a.cgf
    [0.47020423730100630, -0.87593228145015545, -0.10793060824625525, -8.80887405524845235]
    [0.86795345451448658, 0.48110776466668631, -0.12324983664287593, 14.11368933556150296]
    [0.15988489196684638, -0.03572617737251055, 0.98648814702955234, 0.41481088021828327]
  #255 objects/buildingsets/human/lowtech/prop/storage/container/container_dry_3_025x025x025_a.cgf
    [-0.43837458529311540, -0.89879224125571400, -0.00022853552321578, -55.36895220560836606]
    [0.89868426022892123, -0.43831794873161539, -0.01561404615630553, 1.59016287764461595]
    [0.01393361355684004, -0.00705018291289344, 0.99987797832285941, 1.37773916135483887]
  #256 objects/buildingsets/human/lowtech/prop/storage/drum/drum_dry_1_a.cgf
    [0.95626879769315387, -0.27722400407895004, 0.09325752021915389, -9.68554206693079323]
    [0.27550756093426032, 0.96079701244177140, 0.03106141831151978, -9.51017361383128446]
    [-0.09821251133662362, -0.00400991295450233, 0.99515744994023558, -0.49520471316645853]
