# IncludedObjects
# Cgfs: 6, Materials: 8, Palettes: 1, Placements: 24

[CGFs]
      0: objects/buildingsets/human/station/alpha/location/crusader/2d/pad_decal_warning_tri_02x02_a.cgf
      1: objects/buildingsets/human/hightech/delta/ext/outpost/comms/dish/comms_dish_a.cgf
      2: objects/buildingsets/human/brand/decal/ident/primary_ident_arrow_b.cgf
      3: objects/buildingsets/human/brand/decal/logo/primary_logo_large.cgf
      4: objects/buildingsets/human/brand/decal/ident/primary_ident_line_thick_a_2m.cgf
      5: objects/buildingsets/human/hightech/prop/tech/sensor/sensor_perimeter_1_a.cgf

[Materials]
      0: materials/decals/weathered/gloss_wear_dark_c
      1: materials/decals/sand/sand_square_a
      2: materials/decals/weathered/weathered_big_c
      3: materials/decals/sand/sand_streak_b
      4: materials/decals/sand/sand_footprints_a
      5: objects/buildingsets/human/hightech/delta/ext/hightech_delta_ext_op_a
      6: objects/buildingsets/human/brand/platbay/platbay_brand_a
      7: objects/buildingsets/human/hightech/prop/tech/sensor/sensor_perimeter_1_a1

[Palettes]
      0: Libs/Foundry/Records/TintPalettes/default

[Placements]
  #0 objects/buildingsets/human/station/alpha/location/crusader/2d/pad_decal_warning_tri_02x02_a.cgf
    [0.40000001164253063, 2.4972580237665826E-07, -3.7907375114107415E-08, -29.124999259482138]
    [-2.4972580073651168E-07, 0.40000001164253207, 1.7306897008025688E-08, 5.3749856272479519]
    [3.7907385919046534E-08, -1.7306873341898913E-08, 0.40000001164260823, 1.3304259264841676]
  #1 objects/buildingsets/human/hightech/delta/ext/outpost/comms/dish/comms_dish_a.cgf
    [-6.8648506130487048E-07, 1.0000000089878414, -4.2282984506214091E-08, -11.99999729427509]
    [-1.0000000089878394, -6.8648505808522371E-07, 7.5499427979096098E-08, -0.7500069176312536]
    [7.5499398952441401E-08, 4.2283036335433008E-08, 1.0000000089880745, 0.073225616011768579]
  #2 objects/buildingsets/human/brand/decal/ident/primary_ident_arrow_b.cgf
    [-0.93306417358927585, 0.93306430311996336, -1.2884033374816585E-06, -4.3749995388789102]
    [-0.93306430312085087, -0.93306417358825944, 1.3786814508110695E-06, 7.3866383691783994]
    [6.3836397032927639E-08, 1.8859137353702705E-06, 1.319552100445708, 1.3053914966876619]
  #3 objects/buildingsets/human/brand/decal/ident/primary_ident_arrow_b.cgf
    [0.93306478722448694, 0.93306382011249867, -1.4220701146396705E-06, -4.374999510589987]
    [-0.93306382011192113, 0.93306478722553698, 1.0679463790225994E-06, -3.3633615054422989]
    [1.760707677705092E-06, 2.5040238235509943E-07, 1.3195521928139355, 1.3053921046666801]
  #4 objects/buildingsets/human/station/alpha/location/crusader/2d/pad_decal_warning_tri_02x02_a.cgf
    [0.40000001164253063, 2.4972580237665826E-07, -3.7907375114107415E-08, -5.6249983839225024]
    [-2.4972580073651168E-07, 0.40000001164253207, 1.7306897008025688E-08, 5.3749992222292349]
    [3.7907385919046534E-08, -1.7306873341898913E-08, 0.40000001164260823, 1.2682036398327909]
  #5 objects/buildingsets/human/brand/decal/ident/primary_ident_arrow_b.cgf
    [-0.93306417358927585, 0.93306430311996336, -1.2884033374816585E-06, -27.87500041432213]
    [-0.93306430312085087, -0.93306417358825944, 1.3786814508110695E-06, 7.3866247743135318]
    [6.3836397032927639E-08, 1.8859137353702705E-06, 1.319552100445708, 1.3676137828151695]
  #6 objects/buildingsets/human/brand/decal/ident/primary_ident_arrow_b.cgf
    [-0.93306451026484138, -0.93306402316769499, -1.3437874737147151E-06, -19.125001630047336]
    [0.93306402316699477, -0.93306451026579906, 1.1512842925094017E-06, 7.3866251406725496]
    [-1.7642822009743119E-06, -1.3611984431627897E-07, 1.3195521405553963, 1.3676140580209903]
  #7 objects/buildingsets/human/hightech/delta/ext/outpost/comms/dish/comms_dish_a.cgf
    [-6.8648506130487048E-07, 1.0000000089878414, -4.2282984506214091E-08, -11.999994350597262]
    [-1.0000000089878394, -6.8648505808522371E-07, 7.5499427979096098E-08, -5.2500068104127422]
    [7.5499398952441401E-08, 4.2283036335433008E-08, 1.0000000089880745, 0.07322566129732877]
  #8 objects/buildingsets/human/hightech/delta/ext/outpost/comms/dish/comms_dish_a.cgf
    [-6.8648506130487048E-07, 1.0000000089878414, -4.2282984506214091E-08, -11.999995332094841]
    [-1.0000000089878394, -6.8648505808522371E-07, 7.5499427979096098E-08, -3.750007351860404]
    [7.5499398952441401E-08, 4.2283036335433008E-08, 1.0000000089880745, 0.073225646046921611]
  #9 objects/buildingsets/human/hightech/delta/ext/outpost/comms/dish/comms_dish_a.cgf
    [-6.8648506130487048E-07, 1.0000000089878414, -4.2282984506214091E-08, -11.999996313126758]
    [-1.0000000089878394, -6.8648505808522371E-07, 7.5499427979096098E-08, -2.2500063761835918]
    [7.5499398952441401E-08, 4.2283036335433008E-08, 1.0000000089880745, 0.073225631262175739]
  #10 objects/buildingsets/human/hightech/delta/ext/outpost/comms/dish/comms_dish_a.cgf
    [-6.8648506130487048E-07, 1.0000000089878414, -4.2282984506214091E-08, -12.000004830304533]
    [-1.0000000089878394, -6.8648505808522371E-07, 7.5499427979096098E-08, 8.2499958210391924]
    [7.5499398952441401E-08, 4.2283036335433008E-08, 1.0000000089880745, 0.26071277802111581]
  #11 objects/buildingsets/human/hightech/delta/ext/outpost/comms/dish/comms_dish_a.cgf
    [-6.8648506130487048E-07, 1.0000000089878414, -4.2282984506214091E-08, -12.000001886975951]
    [-1.0000000089878394, -6.8648505808522371E-07, 7.5499427979096098E-08, 3.7499959284905344]
    [7.5499398952441401E-08, 4.2283036335433008E-08, 1.0000000089880745, 0.26071282231714576]
  #12 objects/buildingsets/human/brand/decal/ident/primary_ident_arrow_b.cgf
    [0.93306478722448694, 0.93306382011249867, -1.4220701146396705E-06, -27.875000386149622]
    [-0.93306382011192113, 0.93306478722553698, 1.0679463790225994E-06, -3.3633751004235819]
    [1.760707677705092E-06, 2.5040238235509943E-07, 1.3195521928139355, 1.3676143909106031]
  #13 objects/buildingsets/human/hightech/delta/ext/outpost/comms/dish/comms_dish_a.cgf
    [-6.8648506130487048E-07, 1.0000000089878414, -4.2282984506214091E-08, -12.000002868124284]
    [-1.0000000089878394, -6.8648505808522371E-07, 7.5499427979096098E-08, 5.2499953869264573]
    [7.5499398952441401E-08, 4.2283036335433008E-08, 1.0000000089880745, 0.26071280735777691]
  #14 objects/buildingsets/human/hightech/delta/ext/outpost/comms/dish/comms_dish_a.cgf
    [-6.8648506130487048E-07, 1.0000000089878414, -4.2282984506214091E-08, -12.000003849272616]
    [-1.0000000089878394, -6.8648505808522371E-07, 7.5499427979096098E-08, 6.7499963627196848]
    [7.5499398952441401E-08, 4.2283036335433008E-08, 1.0000000089880745, 0.26071279274765402]
  #15 objects/buildingsets/human/brand/decal/logo/primary_logo_large.cgf
    [2.5453444687755522, 3.4139110584125401E-07, -4.2100820932667355E-07, -23.625000980915502]
    [-3.4139104661836354E-07, 2.545344468775562, 3.5805159274689476E-07, 2.1366250135470182]
    [4.2100825734988238E-07, -3.5805153627970306E-07, 2.54534446877555, 1.3676142136682756]
  #16 objects/buildingsets/human/brand/decal/ident/primary_ident_arrow_b.cgf
    [0.93306384907376139, -0.93306464842168324, -1.1808793137945057E-06, -19.125001124804839]
    [0.93306464842240755, 0.93306384907262174, 1.4728637523515768E-06, -3.3633747339481488]
    [-2.0646498028739145E-07, -1.8764796291603798E-06, 1.3195521151437912, 1.3676146660000086]
  #17 objects/buildingsets/human/brand/decal/logo/primary_logo_large.cgf
    [2.5453444687755522, 3.4139110584125401E-07, -4.2100820932667355E-07, -0.12500010570511222]
    [-3.4139104661836354E-07, 2.545344468775562, 3.5805159274689476E-07, 2.1366386084118858]
    [4.2100825734988238E-07, -3.5805153627970306E-07, 2.54534446877555, 1.305391927016899]
  #18 objects/buildingsets/human/brand/decal/ident/primary_ident_line_thick_a_2m.cgf
    [3.8422103250857231E-07, 2.5453445858531216, 2.0830126033841462E-07, -2.6249994218815118]
    [-2.5453445858531047, 3.8422100311921059E-07, 3.5940308236618559E-07, -8.3866691738367081]
    [3.5940305092300365E-07, -2.0830131459048444E-07, 2.5453445858531252, 1.2926182157825679]
  #19 objects/buildingsets/human/brand/decal/ident/primary_ident_arrow_b.cgf
    [-0.93306451026484138, -0.93306402316769499, -1.3437874737147151E-06, 4.3749992456287146]
    [0.93306402316699477, -0.93306451026579906, 1.1512842925094017E-06, 7.3866387356538326]
    [-1.7642822009743119E-06, -1.3611984431627897E-07, 1.3195521405553963, 1.3053917717188597]
  #20 objects/buildingsets/human/hightech/prop/tech/sensor/sensor_perimeter_1_a.cgf
    [-0.99227505374773783, -3.0030326334919292E-08, 0.12405733808673405, 22.378401524620131]
    [-2.1668525608359371E-06, -1.0000000025548568, -1.7573680858397181E-05, -17.881098226993345]
    [0.12405733806781397, -1.7706739031021407E-05, 0.9922750535921192, -0.5521061671897769]
  #21 objects/buildingsets/human/hightech/prop/tech/sensor/sensor_perimeter_1_a.cgf
    [-0.99227592754877803, -4.3652970138974811E-08, 0.12405042434685155, 15.378415844868869]
    [-2.1516404559273319E-06, -1.0000000119301706, -1.7562809730701475E-05, -17.881113626877777]
    [0.12405042432819925, -1.7694065013631086E-05, 0.99227592739335269, 0.073025301622692496]
  #22 objects/buildingsets/human/brand/decal/ident/primary_ident_arrow_b.cgf
    [0.93306384907376139, -0.93306464842168324, -1.1808793137945057E-06, 4.3749997505219653]
    [0.93306464842240755, 0.93306384907262174, 1.4728637523515768E-06, -3.3633611388504505]
    [-2.0646498028739145E-07, -1.8764796291603798E-06, 1.3195521151437912, 1.3053923796396703]
  #23 objects/buildingsets/human/brand/decal/ident/primary_ident_line_thick_a_2m.cgf
    [3.8422103250857231E-07, 2.5453445858531216, 2.0830126033841462E-07, -26.125000297208317]
    [-2.5453445858531047, 3.8422100311921059E-07, 3.5940308236618559E-07, -8.3866827689344063]
    [3.5940305092300365E-07, -2.0830131459048444E-07, 2.5453445858531252, 1.3548405020846985]
