# IncludedObjects
# Cgfs: 6, Materials: 0, Palettes: 1, Placements: 184

[CGFs]
      0: objects/planets/flora/grass/dry_tufts/grass_patch_a.cgf
      1: objects/planets/flora/grass/fountain_grass/fountain_grass_b.cgf
      2: objects/planets/flora/grass/dry_tufts/grass_patch_brown_g.cgf
      3: objects/planets/flora/grass/high_grass_dry_01/high_grass_dry_01_dense_c.cgf
      4: objects/planets/flora/grass/dry_tufts/grass_patch_brown_d.cgf
      5: objects/planets/flora/grass/fountain_grass/fountain_grass_a.cgf

[Palettes]
      0: Libs/Foundry/Records/TintPalettes/default

[Placements]
  #0 objects/planets/flora/grass/dry_tufts/grass_patch_a.cgf
    [0.02675868803898936, 0.9996419598007118, 0, 1.0687679999998636]
    [-0.9996419598007118, 0.02675868803898936, -0, -7.3371479999999565]
    [-0, 0, 1.0000000375898872, 0.023565999999998866]
  #1 objects/planets/flora/grass/fountain_grass/fountain_grass_b.cgf
    [0.14419081998707903, -1.5067046228946381, 0, 1.0369539999999233]
    [1.5067046228946381, 0.14419081998707903, 0, -6.1753989999999703]
    [0, 0, 1.5135883896293008, 0.023565999999998866]
  #2 objects/planets/flora/grass/fountain_grass/fountain_grass_b.cgf
    [-0.14419213648876866, 1.5067045811531377, 0, 0.9098269999999502]
    [-1.5067045811531377, -0.14419213648876866, -0, -5.1464069999999538]
    [-0, 0, 1.5135884734937191, 0.023565999999998866]
  #3 objects/planets/flora/grass/dry_tufts/grass_patch_brown_g.cgf
    [0.95865403172068953, -0.28457424428735512, 0, 0.76924699999995028]
    [0.28457424428735512, 0.95865403172068953, 0, -6.5009000000000015]
    [0, 0, 1.0000000265230258, 0.0089539999999992403]
  #4 objects/planets/flora/grass/dry_tufts/grass_patch_brown_g.cgf
    [-0.86133409703682196, 0.5080415553701092, 0, -1.1480480000000171]
    [-0.5080415553701092, -0.86133409703682196, 0, -3.8340739999999869]
    [0, 0, 1.0000013243496817, 0.0089539999999992403]
  #5 objects/planets/flora/grass/dry_tufts/grass_patch_a.cgf
    [-0.18280816250837559, -0.98314850981645041, 0, -1.6209069999999883]
    [0.98314850981645041, -0.18280816250837559, 0, -5.7762940000000071]
    [0, 0, 0.99999990831699381, 0.023565999999998866]
  #6 objects/planets/flora/grass/high_grass_dry_01/high_grass_dry_01_dense_c.cgf
    [0.095264246814019987, -0.99545228388410534, 0, -0.59435000000007676]
    [0.99545228388410534, 0.095264246814019987, 0, -9.2932009999999536]
    [0, 0, 1.0000002631055274, -0.12501100000000065]
  #7 objects/planets/flora/grass/dry_tufts/grass_patch_brown_g.cgf
    [-0.95865536665009921, 0.28457406928374374, 0, 1.1775339999999233]
    [-0.28457406928374374, -0.95865536665009921, 0, -4.8209060000000363]
    [0, 0, 1.0000012564570833, 0.0089539999999992403]
  #8 objects/planets/flora/grass/dry_tufts/grass_patch_brown_g.cgf
    [0.861333546847592, -0.50803998134095663, 0, 1.0948309999998855]
    [0.50803998134095663, 0.861333546847592, 0, -5.1622670000000426]
    [0, 0, 1.0000000507829849, 0.0089539999999992403]
  #9 objects/planets/flora/grass/fountain_grass/fountain_grass_b.cgf
    [0.095264246814019987, -0.99545228388410534, 0, -1.8928330000001097]
    [0.99545228388410534, 0.095264246814019987, 0, -6.7226369999999633]
    [0, 0, 1.0000002631055274, 0.023565999999998866]
  #10 objects/planets/flora/grass/dry_tufts/grass_patch_brown_g.cgf
    [-0.86133437381964884, 0.50803982108436452, 0, 0.85194999999998799]
    [-0.50803982108436452, -0.86133437381964884, 0, -6.1595389999999952]
    [0, 0, 1.0000006816651277, 0.0089539999999992403]
  #11 objects/planets/flora/grass/dry_tufts/grass_patch_a.cgf
    [0.02675868803898936, 0.9996419598007118, 0, -0.93123100000002523]
    [-0.9996419598007118, 0.02675868803898936, -0, -5.0116830000000618]
    [-0, 0, 1.0000000375898872, 0.023565999999998866]
  #12 objects/planets/flora/grass/fountain_grass/fountain_grass_b.cgf
    [1.5039583255373099, 0.17046394301953627, 0, -0.72807099999999991]
    [-0.17046394301953627, 1.5039583255373099, -0, -6.7071720000000141]
    [-0, 0, 1.5135879891247674, 0.023565999999998866]
  #13 objects/planets/flora/grass/dry_tufts/grass_patch_a.cgf
    [0.095264246814019987, -0.99545228388410534, 0, -0.68365900000003421]
    [0.99545228388410534, 0.095264246814019987, 0, -6.9589140000000498]
    [0, 0, 1.0000002631055274, 0.023565999999998866]
  #14 objects/planets/flora/grass/high_grass_dry_01/high_grass_dry_01_dense_c.cgf
    [0.095264246814019987, -0.99545228388410534, 0, 1.4056499999999232]
    [0.99545228388410534, 0.095264246814019987, 0, -11.618665999999962]
    [0, 0, 1.0000002631055274, -0.12501100000000065]
  #15 objects/planets/flora/grass/fountain_grass/fountain_grass_b.cgf
    [0.095264246814019987, -0.99545228388410534, 0, 0.10716600000000653]
    [0.99545228388410534, 0.095264246814019987, 0, -9.0481019999999717]
    [0, 0, 1.0000002631055274, 0.023565999999998866]
  #16 objects/planets/flora/grass/dry_tufts/grass_patch_brown_d.cgf
    [0.095264246814019987, -0.99545228388410534, 0, -0.10509300000012445]
    [0.99545228388410534, 0.095264246814019987, 0, -10.109524999999962]
    [0, 0, 1.0000002631055274, 0.023565999999998866]
  #17 objects/planets/flora/grass/dry_tufts/grass_patch_a.cgf
    [0.02675868803898936, 0.9996419598007118, 0, 1.0687679999998636]
    [-0.9996419598007118, 0.02675868803898936, -0, -10.279039000000012]
    [-0, 0, 1.0000000375898872, 0.023565999999998866]
  #18 objects/planets/flora/grass/dry_tufts/grass_patch_a.cgf
    [-0.18280816250837559, -0.98314850981645041, 0, 0.37909100000001672]
    [0.98314850981645041, -0.18280816250837559, 0, -8.1017590000000155]
    [0, 0, 0.99999990831699381, 0.023565999999998866]
  #19 objects/planets/flora/grass/fountain_grass/fountain_grass_b.cgf
    [0.095264246814019987, -0.99545228388410534, 0, 1.1318759999999202]
    [0.99545228388410534, 0.095264246814019987, 0, -16.803495999999996]
    [0, 0, 1.0000002631055274, 0.023565999999998866]
  #20 objects/planets/flora/grass/fountain_grass/fountain_grass_b.cgf
    [0.02675868803898936, 0.9996419598007118, 0, 1.423281999999972]
    [-0.9996419598007118, 0.02675868803898936, -0, -15.301081999999951]
    [-0, 0, 1.0000000375898872, 0.023565999999998866]
  #21 objects/planets/flora/grass/fountain_grass/fountain_grass_a.cgf
    [0.14419081998707903, -1.5067046228946381, 0, 1.6117990000000191]
    [1.5067046228946381, 0.14419081998707903, 0, -12.95618300000001]
    [0, 0, 1.5135883896293008, 0.023565999999998866]
  #22 objects/planets/flora/grass/dry_tufts/grass_patch_a.cgf
    [0.095264246814019987, -0.99545228388410534, 0, 1.3163399999998546]
    [0.99545228388410534, 0.095264246814019987, 0, -17.004179000000022]
    [0, 0, 1.0000002631055274, 0.023565999999998866]
  #23 objects/planets/flora/grass/fountain_grass/fountain_grass_b.cgf
    [0.02675868803898936, 0.9996419598007118, 0, 1.2763129999998455]
    [-0.9996419598007118, 0.02675868803898936, -0, -14.104115999999976]
    [-0, 0, 1.0000000375898872, 0.023565999999998866]
  #24 objects/planets/flora/grass/dry_tufts/grass_patch_a.cgf
    [0.095264246814019987, -0.99545228388410534, 0, 1.3163399999998546]
    [0.99545228388410534, 0.095264246814019987, 0, -9.2843790000000581]
    [0, 0, 1.0000002631055274, 0.023565999999998866]
  #25 objects/planets/flora/grass/dry_tufts/grass_patch_a.cgf
    [0.095264246814019987, -0.99545228388410534, 0, -0.68366200000014032]
    [0.99545228388410534, 0.095264246814019987, 0, -14.678714000000014]
    [0, 0, 1.0000002631055274, 0.023565999999998866]
  #26 objects/planets/flora/grass/dry_tufts/grass_patch_a.cgf
    [-0.66305735221594109, -0.74856920619888245, 0, 0.77545999999983906]
    [0.74856920619888245, -0.66305735221594109, 0, -13.795150000000035]
    [0, 0, 1.0000004543983163, 0.023565999999998866]
  #27 objects/planets/flora/grass/dry_tufts/grass_patch_brown_d.cgf
    [0.095264246814019987, -0.99545228388410534, 0, -2.1050930000001244]
    [0.99545228388410534, 0.095264246814019987, 0, -7.784059999999954]
    [0, 0, 1.0000002631055274, 0.023565999999998866]
  #28 objects/planets/flora/grass/fountain_grass/fountain_grass_b.cgf
    [0.14419081998707903, -1.5067046228946381, 0, 0.64071599999988393]
    [1.5067046228946381, 0.14419081998707903, 0, -11.71972100000005]
    [0, 0, 1.5135883896293008, 0.023565999999998866]
  #29 objects/planets/flora/grass/dry_tufts/grass_patch_a.cgf
    [0.02675868803898936, 0.9996419598007118, 0, 1.0687679999998636]
    [-0.9996419598007118, 0.02675868803898936, -0, -10.845654999999965]
    [-0, 0, 1.0000000375898872, 0.023565999999998866]
  #30 objects/planets/flora/grass/fountain_grass/fountain_grass_b.cgf
    [0.095264246814019987, -0.99545228388410534, 0, 0.65903499999990345]
    [0.99545228388410534, 0.095264246814019987, 0, -15.597538999999983]
    [0, 0, 1.0000002631055274, 0.023565999999998866]
  #31 objects/planets/flora/grass/fountain_grass/fountain_grass_b.cgf
    [0.095264246814019987, -0.99545228388410534, 0, 0.65903499999990345]
    [0.99545228388410534, 0.095264246814019987, 0, -13.289925000000039]
    [0, 0, 1.0000002631055274, 0.023565999999998866]
  #32 objects/planets/flora/grass/fountain_grass/fountain_grass_a.cgf
    [0.14419081998707903, -1.5067046228946381, 0, -0.38820099999998092]
    [1.5067046228946381, 0.14419081998707903, 0, -10.630718999999999]
    [0, 0, 1.5135883896293008, 0.023565999999998866]
  #33 objects/planets/flora/grass/dry_tufts/grass_patch_a.cgf
    [0.02675868803898936, 0.9996419598007118, 0, 1.0687679999998636]
    [-0.9996419598007118, 0.02675868803898936, -0, -13.927410000000009]
    [-0, 0, 1.0000000375898872, 0.023565999999998866]
  #34 objects/planets/flora/grass/fountain_grass/fountain_grass_b.cgf
    [1.5039579829841121, 0.17046697169174319, 0, 1.2719290000000001]
    [-0.17046697169174319, 1.5039579829841121, -0, -9.0326370000000225]
    [-0, 0, 1.5135879898504059, 0.023565999999998866]
  #35 objects/planets/flora/grass/fountain_grass/fountain_grass_b.cgf
    [0.095264246814019987, -0.99545228388410534, 0, -1.3409659999999803]
    [0.99545228388410534, 0.095264246814019987, 0, -13.272073999999975]
    [0, 0, 1.0000002631055274, 0.023565999999998866]
  #36 objects/planets/flora/grass/fountain_grass/fountain_grass_b.cgf
    [0.095264246814019987, -0.99545228388410534, 0, -1.3409650000000966]
    [0.99545228388410534, 0.095264246814019987, 0, -10.964460000000031]
    [0, 0, 1.0000002631055274, 0.023565999999998866]
  #37 objects/planets/flora/grass/fountain_grass/fountain_grass_b.cgf
    [0.02675868803898936, 0.9996419598007118, 0, -0.72368700000015451]
    [-0.9996419598007118, 0.02675868803898936, -0, -11.778650999999968]
    [-0, 0, 1.0000000375898872, 0.023565999999998866]
  #38 objects/planets/flora/grass/dry_tufts/grass_patch_brown_g.cgf
    [0.81377672602702433, -0.58117768060560782, 0, 1.1775339999999233]
    [0.58117768060560782, 0.81377672602702433, 0, -16.87527]
    [0, 0, 1.0000000281286878, 0.0089539999999992403]
  #39 objects/planets/flora/grass/fountain_grass/fountain_grass_b.cgf
    [0.14419081998707903, -1.5067046228946381, 0, -1.3592840000001161]
    [1.5067046228946381, 0.14419081998707903, 0, -9.3942560000000412]
    [0, 0, 1.5135883896293008, 0.023565999999998866]
  #40 objects/planets/flora/grass/dry_tufts/grass_patch_brown_g.cgf
    [0.81377672602702433, -0.58117768060560782, 0, -0.82246700000018791]
    [0.58117768060560782, 0.81377672602702433, 0, -14.549804999999992]
    [0, 0, 1.0000000281286878, 0.0089539999999992403]
  #41 objects/planets/flora/grass/fountain_grass/fountain_grass_b.cgf
    [0.095264246814019987, -0.99545228388410534, 0, -0.86812500000019099]
    [0.99545228388410534, 0.095264246814019987, 0, -14.478030999999987]
    [0, 0, 1.0000002631055274, 0.023565999999998866]
  #42 objects/planets/flora/grass/dry_tufts/grass_patch_a.cgf
    [0.02675868803898936, 0.9996419598007118, 0, -0.9312320000001364]
    [-0.9996419598007118, 0.02675868803898936, -0, -7.9535740000000033]
    [-0, 0, 1.0000000375898872, 0.023565999999998866]
  #43 objects/planets/flora/grass/dry_tufts/grass_patch_a.cgf
    [0.02675868803898936, 0.9996419598007118, 0, -0.9312320000001364]
    [-0.9996419598007118, 0.02675868803898936, -0, -8.5201899999999569]
    [-0, 0, 1.0000000375898872, 0.023565999999998866]
  #44 objects/planets/flora/grass/dry_tufts/grass_patch_a.cgf
    [-0.66305735221594109, -0.74856920619888245, 0, -1.2245400000001609]
    [0.74856920619888245, -0.66305735221594109, 0, -11.469685000000027]
    [0, 0, 1.0000004543983163, 0.023565999999998866]
  #45 objects/planets/flora/grass/dry_tufts/grass_patch_a.cgf
    [0.02675868803898936, 0.9996419598007118, 0, -0.93123300000002018]
    [-0.9996419598007118, 0.02675868803898936, -0, -11.601945000000001]
    [-0, 0, 1.0000000375898872, 0.023565999999998866]
  #46 objects/planets/flora/grass/fountain_grass/fountain_grass_b.cgf
    [0.02675868803898936, 0.9996419598007118, 0, -0.5767190000001392]
    [-0.9996419598007118, 0.02675868803898936, -0, -12.975617000000057]
    [-0, 0, 1.0000000375898872, 0.023565999999998866]
  #47 objects/planets/flora/grass/dry_tufts/grass_patch_brown_d.cgf
    [-0.095265116602692185, 0.99545225630625656, 0, 2.051873999999998]
    [-0.99545225630625656, -0.095265116602692185, -0, 23.739127999999937]
    [-0, 0, 1.00000031851322, 0.023565999999998866]
  #48 objects/planets/flora/grass/fountain_grass/fountain_grass_b.cgf
    [-0.026758803881532477, -0.99964195876756823, 0, 0.67046799999980067]
    [0.99964195876756823, -0.026758803881532477, 0, 27.733718999999951]
    [0, 0, 1.0000000396569146, 0.023565999999998866]
  #49 objects/planets/flora/grass/dry_tufts/grass_patch_a.cgf
    [-0.095265116602692185, 0.99545225630625656, 0, 0.6304410000000189]
    [-0.99545225630625656, -0.095265116602692185, -0, 22.913982000000033]
    [-0, 0, 1.00000031851322, 0.023565999999998866]
  #50 objects/planets/flora/grass/fountain_grass/fountain_grass_b.cgf
    [-0.095265116602692185, 0.99545225630625656, 0, 1.839614999999867]
    [-0.99545225630625656, -0.095265116602692185, -0, 22.677704999999946]
    [-0, 0, 1.00000031851322, 0.023565999999998866]
  #51 objects/planets/flora/grass/fountain_grass/fountain_grass_b.cgf
    [-0.095265116602692185, 0.99545225630625656, 0, 1.2877459999999701]
    [-0.99545225630625656, -0.095265116602692185, -0, 26.919528000000014]
    [-0, 0, 1.00000031851322, 0.023565999999998866]
  #52 objects/planets/flora/grass/dry_tufts/grass_patch_a.cgf
    [0.1828083924569609, 0.98314849588521747, 0, 1.5676899999998568]
    [-0.98314849588521747, 0.1828083924569609, -0, 21.73136199999999]
    [-0, 0, 0.99999993665702991, 0.023565999999998866]
  #53 objects/planets/flora/grass/fountain_grass/fountain_grass_b.cgf
    [-0.095265116602692185, 0.99545225630625656, 0, 1.2877459999999701]
    [-0.99545225630625656, -0.095265116602692185, -0, 4.2757329999999456]
    [-0, 0, 1.00000031851322, 0.023565999999998866]
  #54 objects/planets/flora/grass/dry_tufts/grass_patch_a.cgf
    [-0.026758803881532477, -0.99964195876756823, 0, 0.87801399999989371]
    [0.99964195876756823, -0.026758803881532477, 0, 23.908641999999986]
    [0, 0, 1.0000000396569146, 0.023565999999998866]
  #55 objects/planets/flora/grass/fountain_grass/fountain_grass_b.cgf
    [-0.095265116602692185, 0.99545225630625656, 0, 0.81490499999995336]
    [-0.99545225630625656, -0.095265116602692185, -0, 30.43309899999997]
    [-0, 0, 1.00000031851322, 0.023565999999998866]
  #56 objects/planets/flora/grass/fountain_grass/fountain_grass_b.cgf
    [-0.026761707609994807, -0.99964190729600244, 0, -1.4765010000000984]
    [0.99964190729600244, -0.026761707609994807, 0, 31.25618099999997]
    [0, 0, 1.0000000659082939, 0.023565999999998866]
  #57 objects/planets/flora/grass/dry_tufts/grass_patch_a.cgf
    [-0.095265116602692185, 0.99545225630625656, 0, 0.6304410000000189]
    [-0.99545225630625656, -0.095265116602692185, -0, 30.633781999999997]
    [-0, 0, 1.00000031851322, 0.023565999999998866]
  #58 objects/planets/flora/grass/dry_tufts/grass_patch_a.cgf
    [-0.026758803881532477, -0.99964195876756823, 0, 0.87801399999989371]
    [0.99964195876756823, -0.026758803881532477, 0, 20.966751000000045]
    [0, 0, 1.0000000396569146, 0.023565999999998866]
  #59 objects/planets/flora/grass/dry_tufts/grass_patch_a.cgf
    [0.66305665264802738, 0.74856934181528223, 0, 1.1713209999998071]
    [-0.74856934181528223, 0.66305665264802738, -0, 2.4733439999999973]
    [-0, 0, 1.0000000920632817, 0.023565999999998866]
  #60 objects/planets/flora/grass/fountain_grass/fountain_grass_b.cgf
    [-1.5039576070468799, -0.17046398296786083, 0, 0.67485199999987344]
    [0.17046398296786083, -1.5039576070468799, 0, 22.662239999999997]
    [0, 0, 1.5135872797045584, 0.023565999999998866]
  #61 objects/planets/flora/grass/fountain_grass/fountain_grass_a.cgf
    [-0.14419213648876866, 1.5067045811531377, 0, 0.33498199999985445]
    [-1.5067045811531377, -0.14419213648876866, -0, 26.585785999999985]
    [-0, 0, 1.5135884734937191, 0.023565999999998866]
  #62 objects/planets/flora/grass/dry_tufts/grass_patch_brown_d.cgf
    [-0.095265116602692185, 0.99545225630625656, 0, 2.051873999999998]
    [-0.99545225630625656, -0.095265116602692185, -0, -1.2122809999999618]
    [-0, 0, 1.00000031851322, 0.023565999999998866]
  #63 objects/planets/flora/grass/dry_tufts/grass_patch_a.cgf
    [0.1828083924569609, 0.98314849588521747, 0, 1.5676899999998568]
    [-0.98314849588521747, 0.1828083924569609, -0, -3.2200480000000198]
    [-0, 0, 0.99999993665702991, 0.023565999999998866]
  #64 objects/planets/flora/grass/dry_tufts/grass_patch_a.cgf
    [-0.026761707609994807, -0.99964190729600244, 0, 0.87801399999989371]
    [0.99964190729600244, -0.026761707609994807, 0, -0.47615099999995891]
    [0, 0, 1.0000000659082939, 0.023565999999998866]
  #65 objects/planets/flora/grass/fountain_grass/fountain_grass_b.cgf
    [-1.5039576070468799, -0.17046398296786083, 0, 0.67485199999987344]
    [0.17046398296786083, -1.5039576070468799, 0, -2.2891700000000128]
    [0, 0, 1.5135872797045584, 0.023565999999998866]
  #66 objects/planets/flora/grass/fountain_grass/fountain_grass_a.cgf
    [-0.14419213648876866, 1.5067045811531377, 0, 0.33498199999985445]
    [-1.5067045811531377, -0.14419213648876866, -0, 1.6343769999999722]
    [-0, 0, 1.5135884734937191, 0.023565999999998866]
  #67 objects/planets/flora/grass/dry_tufts/grass_patch_a.cgf
    [-0.095265116602692185, 0.99545225630625656, 0, -1.3695589999999811]
    [-0.99545225630625656, -0.095265116602692185, -0, 32.95927800000004]
    [-0, 0, 1.00000031851322, 0.023565999999998866]
  #68 objects/planets/flora/grass/dry_tufts/grass_patch_a.cgf
    [-0.095265116602692185, 0.99545225630625656, 0, 0.6304410000000189]
    [-0.99545225630625656, -0.095265116602692185, -0, -2.0374269999999797]
    [-0, 0, 1.00000031851322, 0.023565999999998866]
  #69 objects/planets/flora/grass/dry_tufts/grass_patch_brown_g.cgf
    [0.861333546847592, -0.50803998134095663, 0, 1.0948309999998855]
    [0.50803998134095663, 0.861333546847592, 0, 19.78914199999997]
    [0, 0, 1.0000000507829849, 0.0089539999999992403]
  #70 objects/planets/flora/grass/dry_tufts/grass_patch_a.cgf
    [-0.095265116602692185, 0.99545225630625656, 0, 0.6304410000000189]
    [-0.99545225630625656, -0.095265116602692185, -0, 5.6823729999999841]
    [-0, 0, 1.00000031851322, 0.023565999999998866]
  #71 objects/planets/flora/grass/dry_tufts/grass_patch_brown_g.cgf
    [-0.81377707914254893, 0.58117760916754801, 0, 0.76924699999995028]
    [-0.58117760916754801, -0.81377707914254893, 0, 30.504872999999975]
    [0, 0, 1.0000002739677054, 0.0089539999999992403]
  #72 objects/planets/flora/grass/fountain_grass/fountain_grass_b.cgf
    [-0.095265116602692185, 0.99545225630625656, 0, -0.16038600000001679]
    [-0.99545225630625656, -0.095265116602692185, -0, 25.00320099999999]
    [-0, 0, 1.00000031851322, 0.023565999999998866]
  #73 objects/planets/flora/grass/fountain_grass/fountain_grass_b.cgf
    [-0.095265116602692185, 0.99545225630625656, 0, 1.2877459999999701]
    [-0.99545225630625656, -0.095265116602692185, -0, 29.227141999999958]
    [-0, 0, 1.00000031851322, 0.023565999999998866]
  #74 objects/planets/flora/grass/dry_tufts/grass_patch_a.cgf
    [-0.026761707609994807, -0.99964190729600244, 0, 0.87801399999989371]
    [0.99964190729600244, -0.026761707609994807, 0, 2.6056039999999712]
    [0, 0, 1.0000000659082939, 0.023565999999998866]
  #75 objects/planets/flora/grass/dry_tufts/grass_patch_a.cgf
    [-0.026758803881532477, -0.99964195876756823, 0, 0.87801399999989371]
    [0.99964195876756823, -0.026758803881532477, 0, 27.557012999999984]
    [0, 0, 1.0000000396569146, 0.023565999999998866]
  #76 objects/planets/flora/grass/dry_tufts/grass_patch_a.cgf
    [0.66305505661245734, 0.74857048321384412, 0, 1.1713209999998071]
    [-0.74857048321384412, 0.66305505661245734, -0, 27.42475300000001]
    [-0, 0, 0.99999988821917218, 0.023565999999998866]
  #77 objects/planets/flora/grass/fountain_grass/fountain_grass_b.cgf
    [-0.14419213648876866, 1.5067045811531377, 0, 0.9098269999999502]
    [-1.5067045811531377, -0.14419213648876866, -0, 19.805001999999945]
    [-0, 0, 1.5135884734937191, 0.023565999999998866]
  #78 objects/planets/flora/grass/dry_tufts/grass_patch_a.cgf
    [-0.095265116602692185, 0.99545225630625656, 0, -1.3695589999999811]
    [-0.99545225630625656, -0.095265116602692185, -0, 25.239477999999963]
    [-0, 0, 1.00000031851322, 0.023565999999998866]
  #79 objects/planets/flora/grass/fountain_grass/fountain_grass_b.cgf
    [0.095264246814019987, -0.99545228388410534, 0, -1.8928330000001097]
    [0.99545228388410534, 0.095264246814019987, 0, 18.228792999999996]
    [0, 0, 1.0000002631055274, 0.023565999999998866]
  #80 objects/planets/flora/grass/dry_tufts/grass_patch_brown_d.cgf
    [-0.095265116602692185, 0.99545225630625656, 0, 0.051873999999997977]
    [-0.99545225630625656, -0.095265116602692185, -0, 26.064623999999981]
    [-0, 0, 1.00000031851322, 0.023565999999998866]
  #81 objects/planets/flora/grass/fountain_grass/fountain_grass_b.cgf
    [-0.095265116602692185, 0.99545225630625656, 0, 1.2877459999999701]
    [-0.99545225630625656, -0.095265116602692185, -0, 1.9681190000000015]
    [-0, 0, 1.00000031851322, 0.023565999999998866]
  #82 objects/planets/flora/grass/dry_tufts/grass_patch_brown_g.cgf
    [0.95865403172068953, -0.28457424428735512, 0, -1.2307530000000497]
    [0.28457424428735512, 0.95865403172068953, 0, 20.776004999999941]
    [0, 0, 1.0000000265230258, 0.0089539999999992403]
  #83 objects/planets/flora/grass/high_grass_dry_01/high_grass_dry_01_dense_c.cgf
    [-0.095265116602692185, 0.99545225630625656, 0, 0.54113099999995029]
    [-0.99545225630625656, -0.095265116602692185, -0, 25.248268999999937]
    [-0, 0, 1.00000031851322, -0.12501100000000065]
  #84 objects/planets/flora/grass/dry_tufts/grass_patch_brown_g.cgf
    [0.81377795674394082, -0.58117582911507359, 0, -0.8224680000000717]
    [0.58117582911507359, 0.81377795674394082, 0, 10.401624999999967]
    [0, 0, 0.99999995361496719, 0.0089539999999992403]
  #85 objects/planets/flora/grass/fountain_grass/fountain_grass_b.cgf
    [-0.14419213648876866, 1.5067045811531377, 0, -0.6939350000000104]
    [-1.5067045811531377, -0.14419213648876866, -0, 27.674819999999954]
    [-0, 0, 1.5135884734937191, 0.023565999999998866]
  #86 objects/planets/flora/grass/fountain_grass/fountain_grass_b.cgf
    [-1.5039576070468799, -0.17046398296786083, 0, -1.3251480000001266]
    [0.17046398296786083, -1.5039576070468799, 0, 24.987735000000043]
    [0, 0, 1.5135872797045584, 0.023565999999998866]
  #87 objects/planets/flora/grass/dry_tufts/grass_patch_brown_d.cgf
    [-0.095265116602692185, 0.99545225630625656, 0, 2.051873999999998]
    [-0.99545225630625656, -0.095265116602692185, -0, 10.739127999999937]
    [-0, 0, 1.00000031851322, 0.023565999999998866]
  #88 objects/planets/flora/grass/fountain_grass/fountain_grass_b.cgf
    [-0.14419213648876866, 1.5067045811531377, 0, -1.0901730000000498]
    [-1.5067045811531377, -0.14419213648876866, -0, 22.130497999999989]
    [-0, 0, 1.5135884734937191, 0.023565999999998866]
  #89 objects/planets/flora/grass/fountain_grass/fountain_grass_b.cgf
    [-0.095265116602692185, 0.99545225630625656, 0, 1.839614999999867]
    [-0.99545225630625656, -0.095265116602692185, -0, -2.2737039999999524]
    [-0, 0, 1.00000031851322, 0.023565999999998866]
  #90 objects/planets/flora/grass/dry_tufts/grass_patch_brown_g.cgf
    [-0.95865536665009921, 0.28457406928374374, 0, -0.8224640000000818]
    [-0.28457406928374374, -0.95865536665009921, 0, 22.455989000000045]
    [0, 0, 1.0000012564570833, 0.0089539999999992403]
  #91 objects/planets/flora/grass/dry_tufts/grass_patch_a.cgf
    [-0.026761707609994807, -0.99964190729600244, 0, 0.87801399999989371]
    [0.99964190729600244, -0.026761707609994807, 0, -3.9846589999999651]
    [0, 0, 1.0000000659082939, 0.023565999999998866]
  #92 objects/planets/flora/grass/dry_tufts/grass_patch_a.cgf
    [0.66305505661245734, 0.74857048321384412, 0, -0.8286790000001929]
    [-0.74857048321384412, 0.66305505661245734, -0, 29.75024899999994]
    [-0, 0, 0.99999988821917218, 0.023565999999998866]
  #93 objects/planets/flora/grass/high_grass_dry_01/high_grass_dry_01_dense_c.cgf
    [-0.095265116602692185, 0.99545225630625656, 0, 0.54113099999995029]
    [-0.99545225630625656, -0.095265116602692185, -0, 0.29686000000003787]
    [-0, 0, 1.00000031851322, -0.12501100000000065]
  #94 objects/planets/flora/grass/fountain_grass/fountain_grass_b.cgf
    [-0.026761707609994807, -0.99964190729600244, 0, 0.67046799999980067]
    [0.99964190729600244, -0.026761707609994807, 0, 2.7823099999999386]
    [0, 0, 1.0000000659082939, 0.023565999999998866]
  #95 objects/planets/flora/grass/fountain_grass/fountain_grass_b.cgf
    [-0.14419213648876866, 1.5067045811531377, 0, 1.3060649999999896]
    [-1.5067045811531377, -0.14419213648876866, -0, 25.349324000000024]
    [-0, 0, 1.5135884734937191, 0.023565999999998866]
  #96 objects/planets/flora/grass/fountain_grass/fountain_grass_b.cgf
    [-0.026758803881532477, -0.99964195876756823, 0, 0.52349899999990157]
    [0.99964195876756823, -0.026758803881532477, 0, 28.93068500000004]
    [0, 0, 1.0000000396569146, 0.023565999999998866]
  #97 objects/planets/flora/grass/dry_tufts/grass_patch_a.cgf
    [-0.026758803881532477, -0.99964195876756823, 0, 0.87801399999989371]
    [0.99964195876756823, -0.026758803881532477, 0, 24.47525799999994]
    [0, 0, 1.0000000396569146, 0.023565999999998866]
  #98 objects/planets/flora/grass/fountain_grass/fountain_grass_b.cgf
    [-0.095265116602692185, 0.99545225630625656, 0, -0.71225500000014108]
    [-0.99545225630625656, -0.095265116602692185, -0, 31.552638000000002]
    [-0, 0, 1.00000031851322, 0.023565999999998866]
  #99 objects/planets/flora/grass/high_grass_dry_01/high_grass_dry_01_dense_c.cgf
    [-0.095265116602692185, 0.99545225630625656, 0, -1.4588690000000497]
    [-0.99545225630625656, -0.095265116602692185, -0, 27.57376499999998]
    [-0, 0, 1.00000031851322, -0.12501100000000065]
  #100 objects/planets/flora/grass/fountain_grass/fountain_grass_b.cgf
    [0.095264246814019987, -0.99545228388410534, 0, -0.86812600000007478]
    [0.99545228388410534, 0.095264246814019987, 0, 10.473398999999972]
    [0, 0, 1.0000002631055274, 0.023565999999998866]
  #101 objects/planets/flora/grass/dry_tufts/grass_patch_a.cgf
    [-0.026761707609994807, -0.99964190729600244, 0, -1.1219869999999901]
    [0.99964190729600244, -0.026761707609994807, 0, 23.292245999999977]
    [0, 0, 1.0000000659082939, 0.023565999999998866]
  #102 objects/planets/flora/grass/fountain_grass/fountain_grass_b.cgf
    [-0.095265116602692185, 0.99545225630625656, 0, 0.81490499999995336]
    [-0.99545225630625656, -0.095265116602692185, -0, 5.4816899999999578]
    [-0, 0, 1.00000031851322, 0.023565999999998866]
  #103 objects/planets/flora/grass/dry_tufts/grass_patch_a.cgf
    [-0.026758803881532477, -0.99964195876756823, 0, 0.87801399999989371]
    [0.99964195876756823, -0.026758803881532477, 0, 7.9667510000000448]
    [0, 0, 1.0000000396569146, 0.023565999999998866]
  #104 objects/planets/flora/grass/dry_tufts/grass_patch_a.cgf
    [0.095264246814019987, -0.99545228388410534, 0, -0.68366200000014032]
    [0.99545228388410534, 0.095264246814019987, 0, 10.272715999999946]
    [0, 0, 1.0000002631055274, 0.023565999999998866]
  #105 objects/planets/flora/grass/dry_tufts/grass_patch_brown_g.cgf
    [-0.81377737444268072, 0.58117594691915564, 0, -1.2307530000000497]
    [-0.58117594691915564, -0.81377737444268072, 0, 32.830369000000019]
    [0, 0, 0.99999954821599824, 0.0089539999999992403]
  #106 objects/planets/flora/grass/dry_tufts/grass_patch_brown_g.cgf
    [-0.86133409703682196, 0.5080415553701092, 0, -1.1480490000001282]
    [-0.5080415553701092, -0.86133409703682196, 0, 21.117355999999972]
    [0, 0, 1.0000013243496817, 0.0089539999999992403]
  #107 objects/planets/flora/grass/dry_tufts/grass_patch_a.cgf
    [-0.026761707609994807, -0.99964190729600244, 0, -1.1219869999999901]
    [0.99964190729600244, -0.026761707609994807, 0, 26.800753999999984]
    [0, 0, 1.0000000659082939, 0.023565999999998866]
  #108 objects/planets/flora/grass/fountain_grass/fountain_grass_b.cgf
    [-0.095265116602692185, 0.99545225630625656, 0, -1.1850950000000466]
    [-0.99545225630625656, -0.095265116602692185, -0, 32.758595000000014]
    [-0, 0, 1.00000031851322, 0.023565999999998866]
  #109 objects/planets/flora/grass/fountain_grass/fountain_grass_b.cgf
    [-0.14419213648876866, 1.5067045811531377, 0, 1.3060649999999896]
    [-1.5067045811531377, -0.14419213648876866, -0, 0.39791500000001179]
    [-0, 0, 1.5135884734937191, 0.023565999999998866]
  #110 objects/planets/flora/grass/dry_tufts/grass_patch_a.cgf
    [0.095264246814019987, -0.99545228388410534, 0, -0.68366000000014537]
    [0.99545228388410534, 0.095264246814019987, 0, 17.992516000000023]
    [0, 0, 1.0000002631055274, 0.023565999999998866]
  #111 objects/planets/flora/grass/fountain_grass/fountain_grass_b.cgf
    [0.095264246814019987, -0.99545228388410534, 0, -1.3409650000000966]
    [0.99545228388410534, 0.095264246814019987, 0, 13.986970000000042]
    [0, 0, 1.0000002631055274, 0.023565999999998866]
  #112 objects/planets/flora/grass/fountain_grass/fountain_grass_b.cgf
    [-0.026761707609994807, -0.99964190729600244, 0, 0.52349899999990157]
    [0.99964190729600244, -0.026761707609994807, 0, 3.9792760000000271]
    [0, 0, 1.0000000659082939, 0.023565999999998866]
  #113 objects/planets/flora/grass/dry_tufts/grass_patch_a.cgf
    [0.095264246814019987, -0.99545228388410534, 0, -0.68366000000014537]
    [0.99545228388410534, 0.095264246814019987, 0, 6.0410970000000361]
    [0, 0, 1.0000002631055274, 0.023565999999998866]
  #114 objects/planets/flora/grass/fountain_grass/fountain_grass_b.cgf
    [0.095264246814019987, -0.99545228388410534, 0, -1.3409650000000966]
    [0.99545228388410534, 0.095264246814019987, 0, 2.0355509999999413]
    [0, 0, 1.0000002631055274, 0.023565999999998866]
  #115 objects/planets/flora/grass/dry_tufts/grass_patch_brown_g.cgf
    [-0.81377737444268072, 0.58117594691915564, 0, 0.76924699999995028]
    [-0.58117594691915564, -0.81377737444268072, 0, 5.5534639999999627]
    [0, 0, 0.99999954821599824, 0.0089539999999992403]
  #116 objects/planets/flora/grass/fountain_grass/fountain_grass_a.cgf
    [-0.14419213648876866, 1.5067045811531377, 0, -1.6650180000001455]
    [-1.5067045811531377, -0.14419213648876866, -0, 28.911282000000028]
    [-0, 0, 1.5135884734937191, 0.023565999999998866]
  #117 objects/planets/flora/grass/dry_tufts/grass_patch_a.cgf
    [0.02675868803898936, 0.9996419598007118, 0, -0.9312320000001364]
    [-0.9996419598007118, 0.02675868803898936, -0, 4.4798210000000154]
    [-0, 0, 1.0000000375898872, 0.023565999999998866]
  #118 objects/planets/flora/grass/dry_tufts/grass_patch_brown_g.cgf
    [0.95865403172068953, -0.28457424428735512, 0, 0.76924699999995028]
    [0.28457424428735512, 0.95865403172068953, 0, 18.450509000000011]
    [0, 0, 1.0000000265230258, 0.0089539999999992403]
  #119 objects/planets/flora/grass/fountain_grass/fountain_grass_b.cgf
    [-0.14419213648876866, 1.5067045811531377, 0, 1.3060649999999896]
    [-1.5067045811531377, -0.14419213648876866, -0, 12.349324000000024]
    [-0, 0, 1.5135884734937191, 0.023565999999998866]
  #120 objects/planets/flora/grass/dry_tufts/grass_patch_a.cgf
    [0.02675868803898936, 0.9996419598007118, 0, -0.9312320000001364]
    [-0.9996419598007118, 0.02675868803898936, -0, 16.431240000000003]
    [-0, 0, 1.0000000375898872, 0.023565999999998866]
  #121 objects/planets/flora/grass/dry_tufts/grass_patch_a.cgf
    [-0.026761707609994807, -0.99964190729600244, 0, -1.1219869999999901]
    [0.99964190729600244, -0.026761707609994807, 0, 29.882509000000027]
    [0, 0, 1.0000000659082939, 0.023565999999998866]
  #122 objects/planets/flora/grass/fountain_grass/fountain_grass_b.cgf
    [0.14419081998707903, -1.5067046228946381, 0, -0.96304400000008172]
    [1.5067046228946381, 0.14419081998707903, 0, 21.101495999999997]
    [0, 0, 1.5135883896293008, 0.023565999999998866]
  #123 objects/planets/flora/grass/dry_tufts/grass_patch_a.cgf
    [-0.026761707609994807, -0.99964190729600244, 0, -1.1219869999999901]
    [0.99964190729600244, -0.026761707609994807, 0, 26.234137000000032]
    [0, 0, 1.0000000659082939, 0.023565999999998866]
  #124 objects/planets/flora/grass/fountain_grass/fountain_grass_b.cgf
    [0.02675868803898936, 0.9996419598007118, 0, -0.5767190000001392]
    [-0.9996419598007118, 0.02675868803898936, -0, 0.024394000000029337]
    [-0, 0, 1.0000000375898872, 0.023565999999998866]
  #125 objects/planets/flora/grass/dry_tufts/grass_patch_brown_g.cgf
    [0.861333546847592, -0.50803998134095663, 0, -0.90516900000011447]
    [0.50803998134095663, 0.861333546847592, 0, 22.114637000000016]
    [0, 0, 1.0000000507829849, 0.0089539999999992403]
  #126 objects/planets/flora/grass/dry_tufts/grass_patch_brown_g.cgf
    [-0.81377707914254893, 0.58117760916754801, 0, 0.76924699999995028]
    [-0.58117760916754801, -0.81377707914254893, 0, 17.504872999999975]
    [0, 0, 1.0000002739677054, 0.0089539999999992403]
  #127 objects/planets/flora/grass/fountain_grass/fountain_grass_b.cgf
    [0.095264246814019987, -0.99545228388410534, 0, -1.3409659999999803]
    [0.99545228388410534, 0.095264246814019987, 0, 11.679355999999984]
    [0, 0, 1.0000002631055274, 0.023565999999998866]
  #128 objects/planets/flora/grass/dry_tufts/grass_patch_a.cgf
    [0.02675868803898936, 0.9996419598007118, 0, -0.9312320000001364]
    [-0.9996419598007118, 0.02675868803898936, -0, 16.997855999999956]
    [-0, 0, 1.0000000375898872, 0.023565999999998866]
  #129 objects/planets/flora/grass/fountain_grass/fountain_grass_a.cgf
    [0.14419081998707903, -1.5067046228946381, 0, -0.38820099999998092]
    [1.5067046228946381, 0.14419081998707903, 0, 14.320711999999958]
    [0, 0, 1.5135883896293008, 0.023565999999998866]
  #130 objects/planets/flora/grass/dry_tufts/grass_patch_a.cgf
    [-0.095265116602692185, 0.99545225630625656, 0, 0.6304410000000189]
    [-0.99545225630625656, -0.095265116602692185, -0, 9.9139820000000327]
    [-0, 0, 1.00000031851322, 0.023565999999998866]
  #131 objects/planets/flora/grass/fountain_grass/fountain_grass_b.cgf
    [1.5039583255373099, 0.17046394301953627, 0, -0.72807099999999991]
    [-0.17046394301953627, 1.5039583255373099, -0, 6.2928389999999581]
    [-0, 0, 1.5135879891247674, 0.023565999999998866]
  #132 objects/planets/flora/grass/dry_tufts/grass_patch_a.cgf
    [-0.026761707609994807, -0.99964190729600244, 0, 0.87801399999989371]
    [0.99964190729600244, -0.026761707609994807, 0, -1.0427680000000237]
    [0, 0, 1.0000000659082939, 0.023565999999998866]
  #133 objects/planets/flora/grass/fountain_grass/fountain_grass_b.cgf
    [-0.095265116602692185, 0.99545225630625656, 0, -0.71225500000014108]
    [-0.99545225630625656, -0.095265116602692185, -0, 29.245023999999944]
    [-0, 0, 1.00000031851322, 0.023565999999998866]
  #134 objects/planets/flora/grass/dry_tufts/grass_patch_a.cgf
    [0.1828083924569609, 0.98314849588521747, 0, -0.43231100000002698]
    [-0.98314849588521747, 0.1828083924569609, -0, 24.056857000000036]
    [-0, 0, 0.99999993665702991, 0.023565999999998866]
  #135 objects/planets/flora/grass/dry_tufts/grass_patch_a.cgf
    [-0.026758803881532477, -0.99964195876756823, 0, 0.87801399999989371]
    [0.99964195876756823, -0.026758803881532477, 0, 11.47525799999994]
    [0, 0, 1.0000000396569146, 0.023565999999998866]
  #136 objects/planets/flora/grass/fountain_grass/fountain_grass_b.cgf
    [0.14419081998707903, -1.5067046228946381, 0, -0.96304400000008172]
    [1.5067046228946381, 0.14419081998707903, 0, -3.849933999999962]
    [0, 0, 1.5135883896293008, 0.023565999999998866]
  #137 objects/planets/flora/grass/dry_tufts/grass_patch_a.cgf
    [-0.18280816250837559, -0.98314850981645041, 0, -1.6209080000000995]
    [0.98314850981645041, -0.18280816250837559, 0, 19.17513699999995]
    [0, 0, 0.99999990831699381, 0.023565999999998866]
  #138 objects/planets/flora/grass/dry_tufts/grass_patch_a.cgf
    [-0.66305735221594109, -0.74856920619888245, 0, -1.2245410000000447]
    [0.74856920619888245, -0.66305735221594109, 0, 1.5303259999999455]
    [0, 0, 1.0000004543983163, 0.023565999999998866]
  #139 objects/planets/flora/grass/dry_tufts/grass_patch_a.cgf
    [-0.095265116602692185, 0.99545225630625656, 0, 0.6304410000000189]
    [-0.99545225630625656, -0.095265116602692185, -0, 17.633781999999997]
    [-0, 0, 1.00000031851322, 0.023565999999998866]
  #140 objects/planets/flora/grass/fountain_grass/fountain_grass_b.cgf
    [0.02675868803898936, 0.9996419598007118, 0, -0.5767190000001392]
    [-0.9996419598007118, 0.02675868803898936, -0, 11.975813000000016]
    [-0, 0, 1.0000000375898872, 0.023565999999998866]
  #141 objects/planets/flora/grass/dry_tufts/grass_patch_brown_d.cgf
    [0.095264246814019987, -0.99545228388410534, 0, -2.1050930000001244]
    [0.99545228388410534, 0.095264246814019987, 0, 5.2159510000000182]
    [0, 0, 1.0000002631055274, 0.023565999999998866]
  #142 objects/planets/flora/grass/dry_tufts/grass_patch_brown_d.cgf
    [0.095264246814019987, -0.99545228388410534, 0, -2.1050930000001244]
    [0.99545228388410534, 0.095264246814019987, 0, 17.167371000000003]
    [0, 0, 1.0000002631055274, 0.023565999999998866]
  #143 objects/planets/flora/grass/fountain_grass/fountain_grass_b.cgf
    [0.14419081998707903, -1.5067046228946381, 0, -1.3592840000001161]
    [1.5067046228946381, 0.14419081998707903, 0, 15.557174000000032]
    [0, 0, 1.5135883896293008, 0.023565999999998866]
  #144 objects/planets/flora/grass/fountain_grass/fountain_grass_b.cgf
    [-1.5039576070468799, -0.17046398296786083, 0, 0.67485199999987344]
    [0.17046398296786083, -1.5039576070468799, 0, 9.6622399999999971]
    [0, 0, 1.5135872797045584, 0.023565999999998866]
  #145 objects/planets/flora/grass/dry_tufts/grass_patch_a.cgf
    [0.02675868803898936, 0.9996419598007118, 0, -0.93123300000002018]
    [-0.9996419598007118, 0.02675868803898936, -0, 1.3980659999999716]
    [-0, 0, 1.0000000375898872, 0.023565999999998866]
  #146 objects/planets/flora/grass/fountain_grass/fountain_grass_b.cgf
    [0.02675868803898936, 0.9996419598007118, 0, -0.7236880000000383]
    [-0.9996419598007118, 0.02675868803898936, -0, 13.172778999999991]
    [-0, 0, 1.0000000375898872, 0.023565999999998866]
  #147 objects/planets/flora/grass/dry_tufts/grass_patch_brown_g.cgf
    [-0.95865536665009921, 0.28457406928374374, 0, -0.8224640000000818]
    [-0.28457406928374374, -0.95865536665009921, 0, 10.504569999999944]
    [0, 0, 1.0000012564570833, 0.0089539999999992403]
  #148 objects/planets/flora/grass/dry_tufts/grass_patch_brown_g.cgf
    [0.861333546847592, -0.50803998134095663, 0, 1.0948309999998855]
    [0.50803998134095663, 0.861333546847592, 0, 6.7891419999999698]
    [0, 0, 1.0000000507829849, 0.0089539999999992403]
  #149 objects/planets/flora/grass/fountain_grass/fountain_grass_b.cgf
    [1.5039583255373099, 0.17046394301953627, 0, -0.72807099999999991]
    [-0.17046394301953627, 1.5039583255373099, -0, 18.244257999999945]
    [-0, 0, 1.5135879891247674, 0.023565999999998866]
  #150 objects/planets/flora/grass/fountain_grass/fountain_grass_b.cgf
    [-0.026761707609994807, -0.99964190729600244, 0, -1.3295320000001993]
    [0.99964190729600244, -0.026761707609994807, 0, 30.059214999999995]
    [0, 0, 1.0000000659082939, 0.023565999999998866]
  #151 objects/planets/flora/grass/fountain_grass/fountain_grass_b.cgf
    [0.095264246814019987, -0.99545228388410534, 0, -1.8928330000001097]
    [0.99545228388410534, 0.095264246814019987, 0, 6.2773740000000089]
    [0, 0, 1.0000002631055274, 0.023565999999998866]
  #152 objects/planets/flora/grass/dry_tufts/grass_patch_a.cgf
    [-0.66305735221594109, -0.74856920619888245, 0, -1.2245410000000447]
    [0.74856920619888245, -0.66305735221594109, 0, 13.481745000000046]
    [0, 0, 1.0000004543983163, 0.023565999999998866]
  #153 objects/planets/flora/grass/fountain_grass/fountain_grass_b.cgf
    [-0.095265116602692185, 0.99545225630625656, 0, 1.2877459999999701]
    [-0.99545225630625656, -0.095265116602692185, -0, 13.919528000000014]
    [-0, 0, 1.00000031851322, 0.023565999999998866]
  #154 objects/planets/flora/grass/fountain_grass/fountain_grass_b.cgf
    [-0.095265116602692185, 0.99545225630625656, 0, 1.839614999999867]
    [-0.99545225630625656, -0.095265116602692185, -0, 9.6777049999999463]
    [-0, 0, 1.00000031851322, 0.023565999999998866]
  #155 objects/planets/flora/grass/dry_tufts/grass_patch_a.cgf
    [0.095264246814019987, -0.99545228388410534, 0, -0.68366200000014032]
    [0.99545228388410534, 0.095264246814019987, 0, -1.6787030000000414]
    [0, 0, 1.0000002631055274, 0.023565999999998866]
  #156 objects/planets/flora/grass/fountain_grass/fountain_grass_b.cgf
    [-0.14419213648876866, 1.5067045811531377, 0, 0.9098269999999502]
    [-1.5067045811531377, -0.14419213648876866, -0, 6.8050019999999449]
    [-0, 0, 1.5135884734937191, 0.023565999999998866]
  #157 objects/planets/flora/grass/high_grass_dry_01/high_grass_dry_01_dense_c.cgf
    [-0.095265116602692185, 0.99545225630625656, 0, 0.54113099999995029]
    [-0.99545225630625656, -0.095265116602692185, -0, 12.248268999999937]
    [-0, 0, 1.00000031851322, -0.12501100000000065]
  #158 objects/planets/flora/grass/fountain_grass/fountain_grass_b.cgf
    [-0.095265116602692185, 0.99545225630625656, 0, 0.81490499999995336]
    [-0.99545225630625656, -0.095265116602692185, -0, 17.43309899999997]
    [-0, 0, 1.00000031851322, 0.023565999999998866]
  #159 objects/planets/flora/grass/fountain_grass/fountain_grass_b.cgf
    [-0.095265116602692185, 0.99545225630625656, 0, 1.2877459999999701]
    [-0.99545225630625656, -0.095265116602692185, -0, 16.227141999999958]
    [-0, 0, 1.00000031851322, 0.023565999999998866]
  #160 objects/planets/flora/grass/dry_tufts/grass_patch_a.cgf
    [0.02675868803898936, 0.9996419598007118, 0, -0.93123100000002523]
    [-0.9996419598007118, 0.02675868803898936, -0, 19.939747000000011]
    [-0, 0, 1.0000000375898872, 0.023565999999998866]
  #161 objects/planets/flora/grass/fountain_grass/fountain_grass_a.cgf
    [-0.14419213648876866, 1.5067045811531377, 0, 0.33498199999985445]
    [-1.5067045811531377, -0.14419213648876866, -0, 13.585785999999985]
    [-0, 0, 1.5135884734937191, 0.023565999999998866]
  #162 objects/planets/flora/grass/fountain_grass/fountain_grass_b.cgf
    [0.095264246814019987, -0.99545228388410534, 0, -1.3409659999999803]
    [0.99545228388410534, 0.095264246814019987, 0, -0.27206300000000283]
    [0, 0, 1.0000002631055274, 0.023565999999998866]
  #163 objects/planets/flora/grass/dry_tufts/grass_patch_brown_g.cgf
    [-0.95865536665009921, 0.28457406928374374, 0, -0.8224640000000818]
    [-0.28457406928374374, -0.95865536665009921, 0, -2.495441000000028]
    [0, 0, 1.0000012564570833, 0.0089539999999992403]
  #164 objects/planets/flora/grass/dry_tufts/grass_patch_a.cgf
    [-0.026758803881532477, -0.99964195876756823, 0, 0.87801399999989371]
    [0.99964195876756823, -0.026758803881532477, 0, 14.557012999999984]
    [0, 0, 1.0000000396569146, 0.023565999999998866]
  #165 objects/planets/flora/grass/fountain_grass/fountain_grass_b.cgf
    [-0.026758803881532477, -0.99964195876756823, 0, 0.52349899999990157]
    [0.99964195876756823, -0.026758803881532477, 0, 15.93068500000004]
    [0, 0, 1.0000000396569146, 0.023565999999998866]
  #166 objects/planets/flora/grass/dry_tufts/grass_patch_a.cgf
    [0.02675868803898936, 0.9996419598007118, 0, -0.93123100000002523]
    [-0.9996419598007118, 0.02675868803898936, -0, 7.9883280000000241]
    [-0, 0, 1.0000000375898872, 0.023565999999998866]
  #167 objects/planets/flora/grass/fountain_grass/fountain_grass_b.cgf
    [0.14419081998707903, -1.5067046228946381, 0, -0.96304400000008172]
    [1.5067046228946381, 0.14419081998707903, 0, 9.1500770000000102]
    [0, 0, 1.5135883896293008, 0.023565999999998866]
  #168 objects/planets/flora/grass/fountain_grass/fountain_grass_b.cgf
    [0.02675868803898936, 0.9996419598007118, 0, -0.7236880000000383]
    [-0.9996419598007118, 0.02675868803898936, -0, 1.2213600000000042]
    [-0, 0, 1.0000000375898872, 0.023565999999998866]
  #169 objects/planets/flora/grass/high_grass_dry_01/high_grass_dry_01_dense_c.cgf
    [0.095264246814019987, -0.99545228388410534, 0, -0.59435000000007676]
    [0.99545228388410534, 0.095264246814019987, 0, 15.658229000000006]
    [0, 0, 1.0000002631055274, -0.12501100000000065]
  #170 objects/planets/flora/grass/fountain_grass/fountain_grass_b.cgf
    [-0.026758803881532477, -0.99964195876756823, 0, 0.67046799999980067]
    [0.99964195876756823, -0.026758803881532477, 0, 14.733718999999951]
    [0, 0, 1.0000000396569146, 0.023565999999998866]
  #171 objects/planets/flora/grass/dry_tufts/grass_patch_a.cgf
    [0.02675868803898936, 0.9996419598007118, 0, -0.9312320000001364]
    [-0.9996419598007118, 0.02675868803898936, -0, 5.046436999999969]
    [-0, 0, 1.0000000375898872, 0.023565999999998866]
  #172 objects/planets/flora/grass/dry_tufts/grass_patch_a.cgf
    [0.02675868803898936, 0.9996419598007118, 0, -0.93123300000002018]
    [-0.9996419598007118, 0.02675868803898936, -0, 13.349484999999959]
    [-0, 0, 1.0000000375898872, 0.023565999999998866]
  #173 objects/planets/flora/grass/dry_tufts/grass_patch_brown_g.cgf
    [-0.86133409703682196, 0.5080415553701092, 0, -1.1480480000000171]
    [-0.5080415553701092, -0.86133409703682196, 0, 9.1659369999999853]
    [0, 0, 1.0000013243496817, 0.0089539999999992403]
  #174 objects/planets/flora/grass/dry_tufts/grass_patch_brown_g.cgf
    [0.81377672602702433, -0.58117768060560782, 0, -0.8224680000000717]
    [0.58117768060560782, 0.81377672602702433, 0, -1.5497940000000199]
    [0, 0, 1.0000000281286878, 0.0089539999999992403]
  #175 objects/planets/flora/grass/fountain_grass/fountain_grass_b.cgf
    [0.095264246814019987, -0.99545228388410534, 0, -0.86812600000007478]
    [0.99545228388410534, 0.095264246814019987, 0, -1.478020000000015]
    [0, 0, 1.0000002631055274, 0.023565999999998866]
  #176 objects/planets/flora/grass/high_grass_dry_01/high_grass_dry_01_dense_c.cgf
    [0.095264246814019987, -0.99545228388410534, 0, -0.59435000000007676]
    [0.99545228388410534, 0.095264246814019987, 0, 3.7068100000000186]
    [0, 0, 1.0000002631055274, -0.12501100000000065]
  #177 objects/planets/flora/grass/dry_tufts/grass_patch_brown_g.cgf
    [0.95865403172068953, -0.28457424428735512, 0, 0.76924699999995028]
    [0.28457424428735512, 0.95865403172068953, 0, 5.4505090000000109]
    [0, 0, 1.0000000265230258, 0.0089539999999992403]
  #178 objects/planets/flora/grass/fountain_grass/fountain_grass_b.cgf
    [0.14419081998707903, -1.5067046228946381, 0, -1.3592840000001161]
    [1.5067046228946381, 0.14419081998707903, 0, 3.6057550000000447]
    [0, 0, 1.5135883896293008, 0.023565999999998866]
  #179 objects/planets/flora/grass/dry_tufts/grass_patch_a.cgf
    [-0.18280816250837559, -0.98314850981645041, 0, -1.6209069999999883]
    [0.98314850981645041, -0.18280816250837559, 0, 7.2237169999999651]
    [0, 0, 0.99999990831699381, 0.023565999999998866]
  #180 objects/planets/flora/grass/dry_tufts/grass_patch_a.cgf
    [0.66305505661245734, 0.74857048321384412, 0, 1.1713209999998071]
    [-0.74857048321384412, 0.66305505661245734, -0, 14.42475300000001]
    [-0, 0, 0.99999988821917218, 0.023565999999998866]
  #181 objects/planets/flora/grass/dry_tufts/grass_patch_a.cgf
    [0.1828083924569609, 0.98314849588521747, 0, 1.5676899999998568]
    [-0.98314849588521747, 0.1828083924569609, -0, 8.7313619999999901]
    [-0, 0, 0.99999993665702991, 0.023565999999998866]
  #182 objects/planets/flora/grass/dry_tufts/grass_patch_a.cgf
    [-0.026758803881532477, -0.99964195876756823, 0, 0.87801399999989371]
    [0.99964195876756823, -0.026758803881532477, 0, 10.908641999999986]
    [0, 0, 1.0000000396569146, 0.023565999999998866]
  #183 objects/planets/flora/grass/fountain_grass/fountain_grass_a.cgf
    [0.14419081998707903, -1.5067046228946381, 0, -0.38820099999998092]
    [1.5067046228946381, 0.14419081998707903, 0, 2.3692919999999731]
    [0, 0, 1.5135883896293008, 0.023565999999998866]
