# IncludedObjects
# Cgfs: 25, Materials: 2, Palettes: 3, Placements: 74

[CGFs]
      0: objects/buildingsets/human/hightech/delta/ext/outpost/stilt/op_base_stilt_a.cgf
      1: objects/buildingsets/human/hightech/delta/ext/outpost/stilt/op_top_stilt_a.cgf
      2: objects/buildingsets/human/hightech/delta/ext/outpost/stair/op_stair_clamp_a.cgf
      3: objects/buildingsets/human/hightech/delta/ext/outpost/stair/stair_straight_04x08x04_a.cgf
      4: objects/buildingsets/human/lowtech/bravo/int/prop/light/light_fluorescent_f.cgf
      5: objects/buildingsets/human/hightech/delta/ext/outpost/roomsm_a/roof/roomsm_a_roof_center_06x06x0025_f.cgf
      6: objects/buildingsets/human/hightech/delta/ext/outpost/roomsm_a/roof/roomsm_a_roof_center_06x02x0025_a.cgf
      7: objects/buildingsets/human/hightech/delta/ext/outpost/roomsm_a/wall/roomsm_a_wall_straight_06x02x045_e.cgf
      8: objects/buildingsets/human/hightech/delta/ext/outpost/roomsm_a/wall/roomsm_a_wall_straight_union_06x02x045_a.cgf
      9: Data/ObjectContainers/PU/loc/mod/outpost/ht/xs/ht_xs_003a_ext//Brush/designer_60.cgf
     10: objects/buildingsets/human/hightech/delta/ext/outpost/roomsm_a/wall/roomsm_a_wall_straight_02x02x045_a.cgf
     11: objects/buildingsets/human/hightech/delta/ext/outpost/roomsm_a/wall/roomsm_a_wall_cornerout_02x02x045_a.cgf
     12: objects/buildingsets/human/hightech/delta/ext/outpost/roomsm_a/wall/roomsm_a_wall_straight_window_06x02x045_a.cgf
     13: objects/buildingsets/human/hightech/delta/ext/outpost/stilt/stilt_top_support_a.cgf
     14: objects/buildingsets/human/hightech/delta/ext/outpost/roomsm_a/roof/roomsm_a_roof_center_06x06x0025_e.cgf
     15: objects/buildingsets/human/hightech/delta/ext/outpost/roomsm_a/roof/roomsm_a_roof_center_06x06x0025_d.cgf
     16: objects/buildingsets/human/hightech/delta/ext/outpost/roomsm_a/roof/roomsm_a_roof_center_06x06x0025_c.cgf
     17: Data/ObjectContainers/PU/loc/mod/outpost/ht/xs/ht_xs_003a_ext//Brush/designer_61.cgf
     18: objects/buildingsets/human/hightech/delta/ext/outpost/roomsm_a/wall/roomsm_a_wall_straight_door_06x02x045_a.cgf
     19: objects/buildingsets/human/hightech/delta/ext/outpost/stair/stair_addon_patio_a.cgf
     20: Data/ObjectContainers/PU/loc/mod/outpost/ht/xs/ht_xs_003a_ext//Brush/designer_57.cgf
     21: objects/buildingsets/human/hightech/delta/ext/outpost/roomsm_a/wall/roomsm_a_wall_straight_02x02x045_b.cgf
     22: objects/buildingsets/human/hightech/delta/ext/outpost/roomsm_a/wall/roomsm_a_wall_straight_06x02x045_d.cgf
     23: data/objects/buildingsets/human/hightech/delta/int/roomsm_a/wall/roomsm_a_wall_straight_window_glass_04x01x04_a.cgf
     24: objects/buildingsets/human/hightech/delta/ext/outpost/railing/solid/railing_solid_straight_04x005x02_a.cgf

[Materials]
      0: objects/buildingsets/human/hightech/hightech_a_default_tintable
      1: materials/bhvr/special/proxy_nodraw

[Palettes]
      0: Libs/Foundry/Records/TintPalettes/default
      1: Libs/Foundry/Records/TintPalettes/Brand/ASD/hitech_lab/Lab_Default|ZZ_ext_wall_c<231>
      2: Libs/Foundry/Records/TintPalettes/Brand/ASD/hitech_lab/Lab_Default|ZZ_ext_ceiling_a

[Placements]
  #0 objects/buildingsets/human/hightech/delta/ext/outpost/stilt/op_base_stilt_a.cgf
    [1.00000000000000000, 0.00000000000000000, 0.00000000000000000, 4.50000000000000000]
    [0.00000000000000000, 1.00000000000000000, 0.00000000000000000, 10.00000000000000000]
    [0.00000000000000000, 0.00000000000000000, 1.00000000000000000, 0.00000000000000000]
  #1 objects/buildingsets/human/hightech/delta/ext/outpost/stilt/op_base_stilt_a.cgf
    [1.00000000000000000, 0.00000000000000000, 0.00000000000000000, 1.50000000000000000]
    [0.00000000000000000, 1.00000000000000000, 0.00000000000000000, 10.00000000000000000]
    [0.00000000000000000, 0.00000000000000000, 1.00000000000000000, 0.00000000000000000]
  #2 objects/buildingsets/human/hightech/delta/ext/outpost/stilt/op_top_stilt_a.cgf
    [1.00000000000000000, 0.00000000000000000, 0.00000000000000000, 4.50000000000000000]
    [0.00000000000000000, 1.00000000000000000, 0.00000000000000000, 9.99999900000000252]
    [0.00000000000000000, 0.00000000000000000, 1.00000000000000000, 2.00000000000000000]
  #3 objects/buildingsets/human/hightech/delta/ext/outpost/stilt/op_base_stilt_a.cgf
    [-0.00000064012100026, -1.00000042674731060, 0.00000000000000000, -7.00000099999999748]
    [1.00000042674731060, -0.00000064012100026, 0.00000000000000000, -1.50000099999999748]
    [0.00000000000000000, 0.00000000000000000, 1.00000042674751533, 0.00000200000000000]
  #4 objects/buildingsets/human/hightech/delta/ext/outpost/stilt/op_base_stilt_a.cgf
    [-0.00000064012100026, 1.00000042674731060, 0.00000000000000000, 6.99999900000000252]
    [-1.00000042674731060, -0.00000064012100026, -0.00000000000000000, 1.50000099999999748]
    [-0.00000000000000000, 0.00000000000000000, 1.00000042674751533, 0.00000200000000000]
  #5 objects/buildingsets/human/hightech/delta/ext/outpost/stilt/op_base_stilt_a.cgf
    [-0.00000064012100026, -1.00000042674731060, 0.00000000000000000, -6.99999900000000252]
    [1.00000042674731060, -0.00000064012100026, 0.00000000000000000, 1.50000099999999748]
    [0.00000000000000000, 0.00000000000000000, 1.00000042674751533, 0.00000200000000000]
  #6 objects/buildingsets/human/hightech/delta/ext/outpost/stilt/op_top_stilt_a.cgf
    [-0.00000064012100026, 1.00000042674731060, 0.00000000000000000, 7.00000000000000000]
    [-1.00000042674731060, -0.00000064012100026, -0.00000000000000000, 4.49999900000000252]
    [-0.00000000000000000, 0.00000000000000000, 1.00000042674751533, 2.00000299999999998]
  #7 objects/buildingsets/human/hightech/delta/ext/outpost/stilt/op_top_stilt_a.cgf
    [-0.00000064012100026, 1.00000042674731060, 0.00000000000000000, 6.99999800000000505]
    [-1.00000042674731060, -0.00000064012100026, -0.00000000000000000, 1.50000099999999748]
    [-0.00000000000000000, 0.00000000000000000, 1.00000042674751533, 2.00000299999999998]
  #8 objects/buildingsets/human/hightech/delta/ext/outpost/stilt/op_top_stilt_a.cgf
    [1.00000000000000000, 0.00000000000000000, 0.00000000000000000, -3.00000000000000000]
    [0.00000000000000000, 1.00000000000000000, 0.00000000000000000, 9.99999900000000252]
    [0.00000000000000000, 0.00000000000000000, 1.00000000000000000, 2.00000000000000000]
  #9 objects/buildingsets/human/hightech/delta/ext/outpost/stilt/op_top_stilt_a.cgf
    [-0.00000064012100026, -1.00000042674731060, 0.00000000000000000, -1.00000000000000000]
    [1.00000042674731060, -0.00000064012100026, 0.00000000000000000, -8.00000000000000000]
    [0.00000000000000000, 0.00000000000000000, 1.00000042674751533, 2.00000000000000000]
  #10 objects/buildingsets/human/hightech/delta/ext/outpost/stilt/op_top_stilt_a.cgf
    [-0.00000064012100026, -1.00000042674731060, 0.00000000000000000, -6.99999900000000252]
    [1.00000042674731060, -0.00000064012100026, 0.00000000000000000, 6.00000000000000000]
    [0.00000000000000000, 0.00000000000000000, 1.00000042674751533, 2.00000299999999998]
  #11 objects/buildingsets/human/hightech/delta/ext/outpost/stilt/op_top_stilt_a.cgf
    [-0.00000064012100026, 1.00000042674731060, 0.00000000000000000, 7.00000000000000000]
    [-1.00000042674731060, -0.00000064012100026, -0.00000000000000000, -1.50000099999999748]
    [-0.00000000000000000, 0.00000000000000000, 1.00000042674751533, 2.00000299999999998]
  #12 objects/buildingsets/human/hightech/delta/ext/outpost/stilt/op_base_stilt_a.cgf
    [-1.00000000000000000, 0.00000000000000000, 0.00000000000000000, -3.00000000000000000]
    [0.00000000000000000, -1.00000000000000000, 0.00000000000000000, -4.00000000000000000]
    [0.00000000000000000, 0.00000000000000000, 1.00000000000000000, 0.00000000000000000]
  #13 objects/buildingsets/human/hightech/delta/ext/outpost/stilt/op_top_stilt_a.cgf
    [-1.00000000000000000, 0.00000000000000000, 0.00000000000000000, -3.00000000000000000]
    [0.00000000000000000, -1.00000000000000000, 0.00000000000000000, -3.99999900000000252]
    [0.00000000000000000, 0.00000000000000000, 1.00000000000000000, 2.00000000000000000]
  #14 objects/buildingsets/human/hightech/delta/ext/outpost/stilt/op_base_stilt_a.cgf
    [-0.00000064012100026, 1.00000042674731060, 0.00000000000000000, 7.00000099999999748]
    [-1.00000042674731060, -0.00000064012100026, -0.00000000000000000, 4.49999900000000252]
    [-0.00000000000000000, 0.00000000000000000, 1.00000042674751533, 0.00000200000000000]
  #15 objects/buildingsets/human/hightech/delta/ext/outpost/stilt/op_top_stilt_a.cgf
    [-0.00000064012100026, 1.00000042674731060, 0.00000000000000000, 7.00000000000000000]
    [-1.00000042674731060, -0.00000064012100026, -0.00000000000000000, -8.00000000000000000]
    [-0.00000000000000000, 0.00000000000000000, 1.00000042674751533, 2.00000000000000000]
  #16 objects/buildingsets/human/hightech/delta/ext/outpost/stilt/op_base_stilt_a.cgf
    [-0.00000064012100026, 1.00000042674731060, 0.00000000000000000, 7.00000000000000000]
    [-1.00000042674731060, -0.00000064012100026, -0.00000000000000000, -8.00000000000000000]
    [-0.00000000000000000, 0.00000000000000000, 1.00000042674751533, -0.50000000000000000]
  #17 objects/buildingsets/human/hightech/delta/ext/outpost/stilt/op_base_stilt_a.cgf
    [-0.00000064012100026, 1.00000042674731060, 0.00000000000000000, 7.00000099999999748]
    [-1.00000042674731060, -0.00000064012100026, -0.00000000000000000, -1.50000099999999748]
    [-0.00000000000000000, 0.00000000000000000, 1.00000042674751533, 0.00000200000000000]
  #18 objects/buildingsets/human/hightech/delta/ext/outpost/stilt/op_top_stilt_a.cgf
    [-0.00000064012100026, 1.00000042674731060, 0.00000000000000000, 6.99999800000000505]
    [-1.00000042674731060, -0.00000064012100026, -0.00000000000000000, 7.50000099999999748]
    [-0.00000000000000000, 0.00000000000000000, 1.00000042674751533, 2.00000299999999998]
  #19 objects/buildingsets/human/hightech/delta/ext/outpost/stilt/op_base_stilt_a.cgf
    [-0.00000064012100026, -1.00000042674731060, 0.00000000000000000, -1.00000000000000000]
    [1.00000042674731060, -0.00000064012100026, 0.00000000000000000, -8.00000000000000000]
    [0.00000000000000000, 0.00000000000000000, 1.00000042674751533, -0.50000000000000000]
  #20 objects/buildingsets/human/hightech/delta/ext/outpost/stilt/op_base_stilt_a.cgf
    [-0.00000064012100026, -1.00000042674731060, 0.00000000000000000, -7.00000000000000000]
    [1.00000042674731060, -0.00000064012100026, 0.00000000000000000, 6.00000000000000000]
    [0.00000000000000000, 0.00000000000000000, 1.00000042674751533, 0.00000200000000000]
  #21 objects/buildingsets/human/hightech/delta/ext/outpost/stair/op_stair_clamp_a.cgf
    [-0.99999913489834324, -0.00000000000000000, 0.00000000000000000, 2.91959999999994579]
    [0.00000000000000000, -0.89493400172623638, -0.44619659607811840, -15.87539999999999907]
    [0.00000000000000000, -0.44619659607811840, 0.89493400172623638, 0.05000000000000000]
  #22 objects/buildingsets/human/hightech/delta/ext/outpost/stair/stair_straight_04x08x04_a.cgf
    [-1.00000000000000000, 0.00000000000000000, 0.00000000000000000, 1.00000000000000000]
    [0.00000000000000000, -1.00000000000000000, 0.00000000000000000, -21.00000000000000000]
    [0.00000000000000000, 0.00000000000000000, 1.00000000000000000, -2.00000000000000000]
  #23 objects/buildingsets/human/hightech/delta/ext/outpost/stilt/op_base_stilt_a.cgf
    [1.00000000000000000, 0.00000000000000000, 0.00000000000000000, -3.00000000000000000]
    [0.00000000000000000, 1.00000000000000000, 0.00000000000000000, 10.00000000000000000]
    [0.00000000000000000, 0.00000000000000000, 1.00000000000000000, 0.00000000000000000]
  #24 objects/buildingsets/human/hightech/delta/ext/outpost/stilt/op_top_stilt_a.cgf
    [1.00000000000000000, 0.00000000000000000, 0.00000000000000000, 1.50000000000000000]
    [0.00000000000000000, 1.00000000000000000, 0.00000000000000000, 9.99999900000000252]
    [0.00000000000000000, 0.00000000000000000, 1.00000000000000000, 2.00000000000000000]
  #25 objects/buildingsets/human/hightech/delta/ext/outpost/stilt/op_base_stilt_a.cgf
    [-0.00000064012100026, 1.00000042674731060, 0.00000000000000000, 6.99999900000000252]
    [-1.00000042674731060, -0.00000064012100026, -0.00000000000000000, 7.50000099999999748]
    [-0.00000000000000000, 0.00000000000000000, 1.00000042674751533, 0.00000200000000000]
  #26 objects/buildingsets/human/hightech/delta/ext/outpost/stilt/op_top_stilt_a.cgf
    [-0.00000064012100026, -1.00000042674731060, 0.00000000000000000, -7.00000000000000000]
    [1.00000042674731060, -0.00000064012100026, 0.00000000000000000, -1.50000099999999748]
    [0.00000000000000000, 0.00000000000000000, 1.00000042674751533, 2.00000299999999998]
  #27 objects/buildingsets/human/hightech/delta/ext/outpost/stilt/op_top_stilt_a.cgf
    [-0.00000064012100026, -1.00000042674731060, 0.00000000000000000, -6.99999800000000505]
    [1.00000042674731060, -0.00000064012100026, 0.00000000000000000, 1.50000099999999748]
    [0.00000000000000000, 0.00000000000000000, 1.00000042674751533, 2.00000299999999998]
  #28 objects/buildingsets/human/lowtech/bravo/int/prop/light/light_fluorescent_f.cgf
    [-0.00000017764031925, 0.00000000000000011, -1.00000015261558750, 5.08754799999996976]
    [0.90630758872064832, 0.42261904814923806, -0.00000016099674486, -13.34274900000000130]
    [0.42261904814923135, -0.90630758872066264, -0.00000007507417124, 2.64939599999999986]
  #29 objects/buildingsets/human/hightech/delta/ext/outpost/roomsm_a/roof/roomsm_a_roof_center_06x06x0025_f.cgf
    [-0.00000064012127343, 1.00000085349446177, 0.00000000000000000, -0.00000199999999495]
    [1.00000085349446177, 0.00000064012127299, 0.00000000000000000, -3.00000000000000000]
    [0.00000000000000000, 0.00000000000000000, -1.00000085349466694, 2.00000000000000000]
  #30 objects/buildingsets/human/hightech/delta/ext/outpost/roomsm_a/roof/roomsm_a_roof_center_06x02x0025_a.cgf
    [-1.00000000000000000, 0.00000000000000000, 0.00000000000000000, 6.00000000000000000]
    [0.00000000000000000, -1.00000000000000000, 0.00000000000000000, -7.00000000000000000]
    [0.00000000000000000, 0.00000000000000000, 1.00000000000000000, 6.00000000000000000]
  #31 objects/buildingsets/human/hightech/delta/ext/outpost/roomsm_a/wall/roomsm_a_wall_straight_06x02x045_e.cgf
    [1.00000000000000000, 0.00000000000000000, 0.00000000000000000, -6.00000000000000000]
    [0.00000000000000000, 1.00000000000000000, 0.00000000000000000, 9.00000000000000000]
    [0.00000000000000000, 0.00000000000000000, 1.00000000000000000, 2.00000000000000000]
  #32 objects/buildingsets/human/hightech/delta/ext/outpost/roomsm_a/wall/roomsm_a_wall_straight_union_06x02x045_a.cgf
    [1.00000000000000000, 0.00000000000000000, 0.00000000000000000, 0.00000099999999748]
    [0.00000000000000000, 1.00000000000000000, 0.00000000000000000, -7.00000199999999850]
    [0.00000000000000000, 0.00000000000000000, 1.00000000000000000, 2.00000000000000000]
  #33 Data/ObjectContainers/PU/loc/mod/outpost/ht/xs/ht_xs_003a_ext//Brush/designer_60.cgf
    [-0.00000069997929523, 0.00000000000000000, -1.00000093330501816, -7.15990199999998822]
    [-0.00048931814379922, -1.00000081358924486, 0.00000000034251225, -0.01397300000000001]
    [-1.00000081358899995, 0.00048931814379934, 0.00000069997921153, 4.08408399999999983]
  #34 objects/buildingsets/human/lowtech/bravo/int/prop/light/light_fluorescent_f.cgf
    [-0.00000002977322566, -0.50000002976838132, 0.00000000000000000, 0.59496799999999439]
    [0.00024399164248954, -0.00000000001452882, -0.49999997023646059, -15.78170499999999876]
    [0.49999997023645970, -0.00000002977322211, 0.00024399164248954, 1.93440100000000004]
  #35 objects/buildingsets/human/hightech/delta/ext/outpost/roomsm_a/wall/roomsm_a_wall_straight_02x02x045_a.cgf
    [-0.00000064012100026, -1.00000042674731060, 0.00000000000000000, 0.00000000000000000]
    [1.00000042674731060, -0.00000064012100026, 0.00000000000000000, -9.00000000000000000]
    [0.00000000000000000, 0.00000000000000000, 1.00000042674751533, 2.00000000000000000]
  #36 objects/buildingsets/human/hightech/delta/ext/outpost/roomsm_a/wall/roomsm_a_wall_cornerout_02x02x045_a.cgf
    [-0.00000064012100026, -1.00000042674731060, 0.00000000000000000, -6.00000000000000000]
    [1.00000042674731060, -0.00000064012100026, 0.00000000000000000, 9.00000000000000000]
    [0.00000000000000000, 0.00000000000000000, 1.00000042674751533, 2.00000000000000000]
  #37 objects/buildingsets/human/hightech/delta/ext/outpost/roomsm_a/roof/roomsm_a_roof_center_06x02x0025_a.cgf
    [-1.00000000000000000, 0.00000000000000000, 0.00000000000000000, 6.00000000000000000]
    [0.00000000000000000, 1.00000000000000000, 0.00000000000000000, -9.00000000000000000]
    [0.00000000000000000, 0.00000000000000000, -1.00000000000000000, 2.00000000000000000]
  #38 objects/buildingsets/human/hightech/delta/ext/outpost/roomsm_a/wall/roomsm_a_wall_straight_window_06x02x045_a.cgf
    [-0.00000064012100026, 1.00000042674731060, 0.00000000000000000, 5.99999800000000505]
    [-1.00000042674731060, -0.00000064012100026, -0.00000000000000000, 9.00000099999999748]
    [-0.00000000000000000, 0.00000000000000000, 1.00000042674751533, 2.00000000000000000]
  #39 objects/buildingsets/human/hightech/delta/ext/outpost/stilt/stilt_top_support_a.cgf
    [-0.00000064012100026, 1.00000042674731060, 0.00000000000000000, 3.00000000000000000]
    [-1.00000042674731060, -0.00000064012100026, -0.00000000000000000, -8.00000000000000000]
    [-0.00000000000000000, 0.00000000000000000, 1.00000042674751533, 2.00000000000000000]
  #40 objects/buildingsets/human/hightech/delta/ext/outpost/roomsm_a/roof/roomsm_a_roof_center_06x06x0025_e.cgf
    [-0.00000064012127343, -1.00000085349446177, 0.00000000000000000, 0.00000199999999495]
    [-1.00000085349446177, 0.00000064012127299, 0.00000000000000000, 9.00000000000000000]
    [-0.00000000000000000, 0.00000000000000000, -1.00000085349466694, 2.00000000000000000]
  #41 objects/buildingsets/human/lowtech/bravo/int/prop/light/light_fluorescent_f.cgf
    [-0.00000017764031925, -0.00000000000000011, 1.00000015261558750, 0.87566200000003391]
    [-0.90630758872064832, 0.42261904814923806, -0.00000016099674486, -13.36565600000000131]
    [-0.42261904814923135, -0.90630758872066264, -0.00000007507417124, 2.63751200000000008]
  #42 objects/buildingsets/human/hightech/delta/ext/outpost/roomsm_a/roof/roomsm_a_roof_center_06x06x0025_d.cgf
    [-1.00000000000000000, 0.00000000000000000, 0.00000000000000000, 6.00000000000000000]
    [0.00000000000000000, -1.00000000000000000, 0.00000000000000000, 2.99999799999999794]
    [0.00000000000000000, 0.00000000000000000, 1.00000000000000000, 6.00000000000000000]
  #43 objects/buildingsets/human/hightech/delta/ext/outpost/roomsm_a/roof/roomsm_a_roof_center_06x06x0025_c.cgf
    [-0.00000064012127343, 1.00000085349446177, 0.00000000000000000, 0.00000000000000000]
    [1.00000085349446177, 0.00000064012127299, 0.00000000000000000, 3.00000000000000000]
    [0.00000000000000000, 0.00000000000000000, -1.00000085349466694, 2.00000000000000000]
  #44 objects/buildingsets/human/hightech/delta/ext/outpost/roomsm_a/wall/roomsm_a_wall_straight_window_06x02x045_a.cgf
    [-0.00000064012100026, -1.00000042674731060, 0.00000000000000000, -6.00000199999999495]
    [1.00000042674731060, -0.00000064012100026, 0.00000000000000000, -3.00000299999999953]
    [0.00000000000000000, 0.00000000000000000, 1.00000042674751533, 2.00000000000000000]
  #45 Data/ObjectContainers/PU/loc/mod/outpost/ht/xs/ht_xs_003a_ext//Brush/designer_61.cgf
    [-0.00000069997929523, 0.00000000000000000, -1.00000093330501816, 7.14075400000001537]
    [-0.00048931814379922, -1.00000081358924486, 0.00000000034251225, -0.01397300000000001]
    [-1.00000081358899995, 0.00048931814379934, 0.00000069997921153, 4.08408399999999983]
  #46 objects/buildingsets/human/hightech/delta/ext/outpost/roomsm_a/wall/roomsm_a_wall_straight_door_06x02x045_a.cgf
    [-1.00000000000000000, 0.00000000000000000, 0.00000000000000000, 6.00000000000000000]
    [0.00000000000000000, -1.00000000000000000, 0.00000000000000000, -9.00000000000000000]
    [0.00000000000000000, 0.00000000000000000, 1.00000000000000000, 2.00000000000000000]
  #47 objects/buildingsets/human/hightech/delta/ext/outpost/stair/stair_addon_patio_a.cgf
    [-1.00000000000000000, 0.00000000000000000, 0.00000000000000000, 6.00000000000000000]
    [0.00000000000000000, -1.00000000000000000, 0.00000000000000000, -9.00000000000000000]
    [0.00000000000000000, 0.00000000000000000, 1.00000000000000000, 2.00000000000000000]
  #48 objects/buildingsets/human/hightech/delta/ext/outpost/roomsm_a/wall/roomsm_a_wall_straight_06x02x045_e.cgf
    [-0.00000064012100026, -1.00000042674731060, 0.00000000000000000, -6.00000099999999748]
    [1.00000042674731060, -0.00000064012100026, 0.00000000000000000, 2.99999700000000047]
    [0.00000000000000000, 0.00000000000000000, 1.00000042674751533, 2.00000000000000000]
  #49 objects/buildingsets/human/hightech/delta/ext/outpost/roomsm_a/wall/roomsm_a_wall_straight_window_06x02x045_a.cgf
    [-0.00000064012100026, 1.00000042674731060, 0.00000000000000000, 5.99999800000000505]
    [-1.00000042674731060, -0.00000064012100026, -0.00000000000000000, 3.00000099999999748]
    [-0.00000000000000000, 0.00000000000000000, 1.00000042674751533, 2.00000000000000000]
  #50 objects/buildingsets/human/hightech/delta/ext/outpost/stilt/stilt_top_support_a.cgf
    [-0.00000064012100026, 1.00000042674731060, 0.00000000000000000, 5.00000000000000000]
    [-1.00000042674731060, -0.00000064012100026, -0.00000000000000000, -8.00000000000000000]
    [-0.00000000000000000, 0.00000000000000000, 1.00000042674751533, 2.00000000000000000]
  #51 Data/ObjectContainers/PU/loc/mod/outpost/ht/xs/ht_xs_003a_ext//Brush/designer_57.cgf
    [-0.00000069997929523, 0.00000000000000000, -1.00000093330501816, 7.14075400000001537]
    [-0.00048931814379922, -1.00000081358924486, 0.00000000034251225, 6.16917200000000321]
    [-1.00000081358899995, 0.00048931814379934, 0.00000069997921153, 4.08408399999999983]
  #52 objects/buildingsets/human/hightech/delta/ext/outpost/roomsm_a/wall/roomsm_a_wall_straight_02x02x045_b.cgf
    [-0.00000064012100026, 1.00000042674731060, 0.00000000000000000, 6.00000000000000000]
    [-1.00000042674731060, -0.00000064012100026, -0.00000000000000000, -5.00000000000000000]
    [-0.00000000000000000, 0.00000000000000000, 1.00000042674751533, 2.00000000000000000]
  #53 objects/buildingsets/human/hightech/delta/ext/outpost/roomsm_a/roof/roomsm_a_roof_center_06x06x0025_c.cgf
    [-1.00000000000000000, 0.00000000000000000, 0.00000000000000000, 0.00000199999999495]
    [0.00000000000000000, -1.00000000000000000, 0.00000000000000000, 9.00000000000000000]
    [0.00000000000000000, 0.00000000000000000, 1.00000000000000000, 6.00000000000000000]
  #54 objects/buildingsets/human/hightech/delta/ext/outpost/roomsm_a/wall/roomsm_a_wall_straight_02x02x045_a.cgf
    [-0.00000064012100026, 1.00000042674731060, 0.00000000000000000, 6.00000000000000000]
    [-1.00000042674731060, -0.00000064012100026, -0.00000000000000000, -3.00000000000000000]
    [-0.00000000000000000, 0.00000000000000000, 1.00000042674751533, 2.00000000000000000]
  #55 objects/buildingsets/human/lowtech/bravo/int/prop/light/light_fluorescent_f.cgf
    [-0.00000017764031925, 0.00000000000000011, -1.00000015261558750, 5.08834300000000894]
    [0.90630758872064832, 0.42261904814923806, -0.00000016099674486, -15.23981900000000067]
    [0.42261904814923135, -0.90630758872066264, -0.00000007507417124, 1.70893099999999998]
  #56 objects/buildingsets/human/hightech/delta/ext/outpost/roomsm_a/wall/roomsm_a_wall_straight_06x02x045_d.cgf
    [1.00000000000000000, 0.00000000000000000, 0.00000000000000000, 0.00000000000000000]
    [0.00000000000000000, 1.00000000000000000, 0.00000000000000000, 9.00000000000000000]
    [0.00000000000000000, 0.00000000000000000, 1.00000000000000000, 2.00000000000000000]
  #57 objects/buildingsets/human/hightech/delta/ext/outpost/roomsm_a/wall/roomsm_a_wall_cornerout_02x02x045_a.cgf
    [1.00000000000000000, 0.00000000000000000, 0.00000000000000000, 6.00000000000000000]
    [0.00000000000000000, 1.00000000000000000, 0.00000000000000000, 9.00000000000000000]
    [0.00000000000000000, 0.00000000000000000, 1.00000000000000000, 2.00000000000000000]
  #58 data/objects/buildingsets/human/hightech/delta/int/roomsm_a/wall/roomsm_a_wall_straight_window_glass_04x01x04_a.cgf
    [-0.00000064012100026, -1.00000042674731060, 0.00000000000000000, 7.00000099999999748]
    [1.00000042674731060, -0.00000064012100026, 0.00000000000000000, -1.93750099999999748]
    [0.00000000000000000, 0.00000000000000000, 1.00000042674751533, 2.00000000000000000]
  #59 objects/buildingsets/human/hightech/delta/ext/outpost/roomsm_a/wall/roomsm_a_wall_straight_02x02x045_a.cgf
    [-0.00000064012100026, 1.00000042674731060, 0.00000000000000000, 6.00000000000000000]
    [-1.00000042674731060, -0.00000064012100026, -0.00000000000000000, -7.00000000000000000]
    [-0.00000000000000000, 0.00000000000000000, 1.00000042674751533, 2.00000000000000000]
  #60 objects/buildingsets/human/lowtech/bravo/int/prop/light/light_fluorescent_f.cgf
    [-0.00000017764031925, -0.00000000000000011, 1.00000015261558750, 0.87566200000003391]
    [-0.90630758872064832, 0.42261904814923806, -0.00000016099674486, -15.21983099999999922]
    [-0.42261904814923135, -0.90630758872066264, -0.00000007507417124, 1.71690000000000009]
  #61 objects/buildingsets/human/hightech/delta/ext/outpost/roomsm_a/roof/roomsm_a_roof_center_06x06x0025_f.cgf
    [-1.00000000000000000, 0.00000000000000000, 0.00000000000000000, 6.00000199999999495]
    [0.00000000000000000, -1.00000000000000000, 0.00000000000000000, 8.99999799999999794]
    [0.00000000000000000, 0.00000000000000000, 1.00000000000000000, 6.00000000000000000]
  #62 objects/buildingsets/human/hightech/delta/ext/outpost/roomsm_a/wall/roomsm_a_wall_straight_union_06x02x045_a.cgf
    [-1.00000000000000000, 0.00000000000000000, 0.00000000000000000, 6.00000000000000000]
    [0.00000000000000000, -1.00000000000000000, 0.00000000000000000, -3.00000000000000000]
    [0.00000000000000000, 0.00000000000000000, 1.00000000000000000, 2.00000000000000000]
  #63 objects/buildingsets/human/hightech/delta/ext/outpost/roomsm_a/wall/roomsm_a_wall_cornerout_02x02x045_a.cgf
    [-1.00000000000000000, 0.00000000000000000, 0.00000000000000000, -6.00000000000000000]
    [0.00000000000000000, -1.00000000000000000, 0.00000000000000000, -3.00000000000000000]
    [0.00000000000000000, 0.00000000000000000, 1.00000000000000000, 2.00000000000000000]
  #64 objects/buildingsets/human/hightech/delta/ext/outpost/stilt/stilt_top_support_a.cgf
    [-0.00000064012100026, 1.00000042674731060, 0.00000000000000000, 1.00000000000000000]
    [-1.00000042674731060, -0.00000064012100026, -0.00000000000000000, -8.00000000000000000]
    [-0.00000000000000000, 0.00000000000000000, 1.00000042674751533, 2.00000000000000000]
  #65 objects/buildingsets/human/hightech/delta/ext/outpost/roomsm_a/roof/roomsm_a_roof_center_06x06x0025_f.cgf
    [-1.00000000000000000, 0.00000000000000000, 0.00000000000000000, 0.00000000000000000]
    [0.00000000000000000, -1.00000000000000000, 0.00000000000000000, 3.00000000000000000]
    [0.00000000000000000, 0.00000000000000000, 1.00000000000000000, 6.00000000000000000]
  #66 objects/buildingsets/human/hightech/delta/ext/outpost/roomsm_a/wall/roomsm_a_wall_cornerout_02x02x045_a.cgf
    [-0.00000064012100026, -1.00000042674731060, 0.00000000000000000, 0.00000000000000000]
    [1.00000042674731060, -0.00000064012100026, 0.00000000000000000, -7.00000000000000000]
    [0.00000000000000000, 0.00000000000000000, 1.00000042674751533, 2.00000000000000000]
  #67 objects/buildingsets/human/hightech/delta/ext/outpost/roomsm_a/wall/roomsm_a_wall_cornerout_02x02x045_a.cgf
    [-0.00000064012100026, 1.00000042674731060, 0.00000000000000000, 6.00000000000000000]
    [-1.00000042674731060, -0.00000064012100026, -0.00000000000000000, -9.00000000000000000]
    [-0.00000000000000000, 0.00000000000000000, 1.00000042674751533, 2.00000000000000000]
  #68 objects/buildingsets/human/hightech/delta/ext/outpost/roomsm_a/roof/roomsm_a_roof_center_06x06x0025_f.cgf
    [-0.00000064012127343, 1.00000085349446177, 0.00000000000000000, -6.00000199999999495]
    [1.00000085349446177, 0.00000064012127299, 0.00000000000000000, -2.99999799999999794]
    [0.00000000000000000, 0.00000000000000000, -1.00000085349466694, 2.00000000000000000]
  #69 objects/buildingsets/human/hightech/delta/ext/outpost/roomsm_a/wall/roomsm_a_wall_cornerout_02x02x045_a.cgf
    [-1.00000000000000000, 0.00000000000000000, 0.00000000000000000, 0.00000000000000000]
    [0.00000000000000000, -1.00000000000000000, 0.00000000000000000, -9.00000000000000000]
    [0.00000000000000000, 0.00000000000000000, 1.00000000000000000, 2.00000000000000000]
  #70 data/objects/buildingsets/human/hightech/delta/int/roomsm_a/wall/roomsm_a_wall_straight_window_glass_04x01x04_a.cgf
    [-0.00000064012100026, -1.00000042674731060, 0.00000000000000000, 7.00000099999999748]
    [1.00000042674731060, -0.00000064012100026, 0.00000000000000000, 4.06249900000000252]
    [0.00000000000000000, 0.00000000000000000, 1.00000042674751533, 2.00000000000000000]
  #71 objects/buildingsets/human/hightech/delta/ext/outpost/railing/solid/railing_solid_straight_04x005x02_a.cgf
    [-1.00000000000000000, 0.00000000000000000, 0.00000000000000000, 4.98090700000000197]
    [0.00000000000000000, -1.00000000000000000, 0.00000000000000000, -16.00000100000000103]
    [0.00000000000000000, 0.00000000000000000, 1.00000000000000000, 0.00000000000000000]
  #72 objects/buildingsets/human/hightech/delta/ext/outpost/roomsm_a/wall/roomsm_a_wall_straight_06x02x045_e.cgf
    [-1.00000000000000000, 0.00000000000000000, 0.00000000000000000, 0.00000000000000000]
    [0.00000000000000000, -1.00000000000000000, 0.00000000000000000, -3.00000000000000000]
    [0.00000000000000000, 0.00000000000000000, 1.00000000000000000, 2.00000000000000000]
  #73 data/objects/buildingsets/human/hightech/delta/int/roomsm_a/wall/roomsm_a_wall_straight_window_glass_04x01x04_a.cgf
    [-0.00000064012100026, 1.00000042674731060, 0.00000000000000000, -6.99999900000000252]
    [-1.00000042674731060, -0.00000064012100026, -0.00000000000000000, 2.00000099999999748]
    [-0.00000000000000000, 0.00000000000000000, 1.00000042674751533, 2.00000000000000000]
