# IncludedObjects
# Cgfs: 12, Materials: 0, Palettes: 5, Placements: 17

[CGFs]
      0: objects/buildingsets/citysets/lorville/skyline/rooftop/lorv_skyl_rooftop_lge_addon_bldg_01a.cgf
      1: objects/buildingsets/citysets/lorville/skyline/rooftop/lorv_skyl_rooftop_med_vent_01a.cgf
      2: objects/buildingsets/citysets/lorville/skyline/rooftop/lorv_skyl_rooftop_sml_container_02a.cgf
      3: objects/buildingsets/citysets/lorville/skyline/rooftop/lorv_skyl_rooftop_sml_container_01a.cgf
      4: objects/buildingsets/citysets/lorville/skyline/industrial/lorv_skyl_addon_ind_warehouse_a.cgf
      5: objects/buildingsets/citysets/lorville/skyline/rooftop/lorv_skyl_rooftop_med_addon_bldg_01a.cgf
      6: objects/buildingsets/citysets/lorville/skyline/addon/lorv_skyl_addon_antenna_05_b.cgf
      7: objects/buildingsets/citysets/lorville/skyline/branding/lorv_skyl_advert_billboard_16x9_27x02x20_a.cgf
      8: objects/buildingsets/citysets/lorville/skyline/rooftop/lorv_skyl_rooftop_med_antenna_02_a.cgf
      9: objects/buildingsets/citysets/lorville/skyline/building/lorv_skyl_bldg_bloc_med_01a.cgf
     10: objects/buildingsets/citysets/lorville/skyline/cityblock/lorv_skyl_ctybloc_comm_sml_02a.cgf
     11: objects/buildingsets/citysets/lorville/skyline/rooftop/lorv_skyl_rooftop_med_chimney_02a.cgf

[Palettes]
      0: Libs/Foundry/Records/TintPalettes/Brand/Lorville/Lorville_Skyl_Orange|Building_Alt
      1: Libs/Foundry/Records/TintPalettes/Brand/Lorville/Lorville_Skyl_Root
      2: Libs/Foundry/Records/TintPalettes/brand/lorville/Lorville_Skyl_Root|Building_Alt
      3: Libs/Foundry/Records/TintPalettes/Brand/Lorville/Lorville_Skyl_Root|Platform
      4: Libs/Foundry/Records/TintPalettes/Brand/Lorville/Lorville_Skyl_Red|Building

[Placements]
  #0 objects/buildingsets/citysets/lorville/skyline/rooftop/lorv_skyl_rooftop_lge_addon_bldg_01a.cgf
    [-0.00000064012100026, -1.00000042674731060, 0.00000000000000000, 25.25874400000066089]
    [1.00000042674731060, -0.00000064012100026, 0.00000000000000000, 1.21004999999968277]
    [0.00000000000000000, 0.00000000000000000, 1.00000042674751533, 245.23311300005298108]
  #1 objects/buildingsets/citysets/lorville/skyline/rooftop/lorv_skyl_rooftop_med_vent_01a.cgf
    [1.00000000000000000, 0.00000000000000000, 0.00000000000000000, -53.65123599999969883]
    [0.00000000000000000, 1.00000000000000000, 0.00000000000000000, -95.17261099999996077]
    [0.00000000000000000, 0.00000000000000000, 1.00000000000000000, 242.94686899997759610]
  #2 objects/buildingsets/citysets/lorville/skyline/rooftop/lorv_skyl_rooftop_sml_container_02a.cgf
    [-1.00000000000000000, 0.00000000000000000, 0.00000000000000000, -82.54935300000033749]
    [0.00000000000000000, -1.00000000000000000, 0.00000000000000000, 29.99463800000012270]
    [0.00000000000000000, 0.00000000000000000, 1.00000000000000000, 242.95132700004614890]
  #3 objects/buildingsets/citysets/lorville/skyline/rooftop/lorv_skyl_rooftop_sml_container_01a.cgf
    [-1.00000000000000000, 0.00000000000000000, 0.00000000000000000, 29.82582000000002154]
    [0.00000000000000000, -1.00000000000000000, 0.00000000000000000, -52.60364400000071328]
    [0.00000000000000000, 0.00000000000000000, 1.00000000000000000, 242.95132700004614890]
  #4 objects/buildingsets/citysets/lorville/skyline/rooftop/lorv_skyl_rooftop_med_vent_01a.cgf
    [-0.00000064012100026, 1.00000042674731060, 0.00000000000000000, 80.80135800000061863]
    [-1.00000042674731060, -0.00000064012100026, -0.00000000000000000, -148.29276899999968009]
    [-0.00000000000000000, 0.00000000000000000, 1.00000042674751533, 245.23311300005298108]
  #5 objects/buildingsets/citysets/lorville/skyline/rooftop/lorv_skyl_rooftop_sml_container_01a.cgf
    [-1.00000000000000000, 0.00000000000000000, 0.00000000000000000, 29.06424800000058895]
    [0.00000000000000000, -1.00000000000000000, 0.00000000000000000, -151.69713000000047032]
    [0.00000000000000000, 0.00000000000000000, 1.00000000000000000, 242.95132700004614890]
  #6 objects/buildingsets/citysets/lorville/skyline/industrial/lorv_skyl_addon_ind_warehouse_a.cgf
    [-0.00000064012100026, -1.00000042674731060, 0.00000000000000000, -3.81632700000045588]
    [1.00000042674731060, -0.00000064012100026, 0.00000000000000000, -113.31184299999949872]
    [0.00000000000000000, 0.00000000000000000, 1.00000042674751533, 242.82608799997251481]
  #7 objects/buildingsets/citysets/lorville/skyline/rooftop/lorv_skyl_rooftop_med_addon_bldg_01a.cgf
    [1.00000000000000000, 0.00000000000000000, 0.00000000000000000, 113.62561500000083470]
    [0.00000000000000000, 1.00000000000000000, 0.00000000000000000, -143.74133000000074389]
    [0.00000000000000000, 0.00000000000000000, 1.00000000000000000, 243.08283400000073016]
  #8 objects/buildingsets/citysets/lorville/skyline/addon/lorv_skyl_addon_antenna_05_b.cgf
    [0.79786199331283558, 0.00000000000000000, 0.00000000000000000, -7.15911799999958021]
    [0.00000000000000000, 0.79786199331283558, 0.00000000000000000, 33.79859500000020489]
    [0.00000000000000000, 0.00000000000000000, 0.79786199331283558, 242.31713600002694875]
  #9 objects/buildingsets/citysets/lorville/skyline/rooftop/lorv_skyl_rooftop_med_vent_01a.cgf
    [1.00000000000000000, 0.00000000000000000, 0.00000000000000000, -53.65123599999969883]
    [0.00000000000000000, 1.00000000000000000, 0.00000000000000000, -84.77903200000037032]
    [0.00000000000000000, 0.00000000000000000, 1.00000000000000000, 242.94686899997759610]
  #10 objects/buildingsets/citysets/lorville/skyline/rooftop/lorv_skyl_rooftop_sml_container_02a.cgf
    [-1.00000000000000000, 0.00000000000000000, 0.00000000000000000, -86.88031500000033702]
    [0.00000000000000000, -1.00000000000000000, 0.00000000000000000, -88.70047200000044541]
    [0.00000000000000000, 0.00000000000000000, 1.00000000000000000, 242.95132700004614890]
  #11 objects/buildingsets/citysets/lorville/skyline/addon/lorv_skyl_addon_antenna_05_b.cgf
    [1.00000000000000000, 0.00000000000000000, 0.00000000000000000, 102.08227199999964796]
    [0.00000000000000000, 1.00000000000000000, 0.00000000000000000, -127.64500399999997171]
    [0.00000000000000000, 0.00000000000000000, 1.00000000000000000, 242.31713600002694875]
  #12 objects/buildingsets/citysets/lorville/skyline/branding/lorv_skyl_advert_billboard_16x9_27x02x20_a.cgf
    [1.00000000000000000, 0.00000000000000000, 0.00000000000000000, 150.16997099999935017]
    [0.00000000000000000, 1.00000000000000000, 0.00000000000000000, 77.82083199999942735]
    [0.00000000000000000, 0.00000000000000000, 1.00000000000000000, 30.63485999999102205]
  #13 objects/buildingsets/citysets/lorville/skyline/rooftop/lorv_skyl_rooftop_med_antenna_02_a.cgf
    [-1.00000000000000000, 0.00000000000000000, 0.00000000000000000, -79.67157899999983783]
    [0.00000000000000000, -1.00000000000000000, 0.00000000000000000, -122.19518199999947683]
    [0.00000000000000000, 0.00000000000000000, 1.00000000000000000, 243.51630799996200949]
  #14 objects/buildingsets/citysets/lorville/skyline/building/lorv_skyl_bldg_bloc_med_01a.cgf
    [-0.00000064012100026, -1.00000042674731060, 0.00000000000000000, 5.00000000000000000]
    [1.00000042674731060, -0.00000064012100026, 0.00000000000000000, -59.00000000000000000]
    [0.00000000000000000, 0.00000000000000000, 1.00000042674751533, 44.00000000000000000]
  #15 objects/buildingsets/citysets/lorville/skyline/cityblock/lorv_skyl_ctybloc_comm_sml_02a.cgf
    [1.00000000000000000, 0.00000000000000000, 0.00000000000000000, 0.00000000000000000]
    [0.00000000000000000, 1.00000000000000000, 0.00000000000000000, 0.00000000000000000]
    [0.00000000000000000, 0.00000000000000000, 1.00000000000000000, 0.00000000000000000]
  #16 objects/buildingsets/citysets/lorville/skyline/rooftop/lorv_skyl_rooftop_med_chimney_02a.cgf
    [-0.60000002384185791, 0.00000000000000000, 0.00000000000000000, -86.38566999999966356]
    [0.00000000000000000, -0.60000002384185791, 0.00000000000000000, -141.90236200000072131]
    [0.00000000000000000, 0.00000000000000000, 0.60000002384185791, 245.23311300005298108]
