# IncludedObjects
# Cgfs: 16, Materials: 1, Palettes: 2, Placements: 114

[CGFs]
      0: objects/space/2d/nebula/interplanetary/interplanetary_nebula_3c.cgf
      1: objects/space/3d/asteroid/round_rough_01/round_rough_01_02300_01.cgf
      2: objects/space/3d/asteroid/round_rough_01/round_rough_01_01300_01.cgf
      3: objects/space/3d/asteroid/round_rough_01/round_rough_01_07650_mined_01.cgf
      4: objects/space/3d/asteroid/round_rough_01/round_rough_01_00950_01.cgf
      5: objects/space/3d/asteroid/round_rough_01/round_rough_01_03500_01.cgf
      6: objects/space/3d/asteroid/round_rough_01/round_rough_01_04000_01.cgf
      7: objects/space/3d/asteroid/round_rough_01/round_rough_01_07800_01.cgf
      8: objects/space/3d/asteroid/round_rough_01/round_rough_01_00200_02.cgf
      9: objects/space/3d/asteroid/round_rough_01/round_rough_01_00600_01.cgf
     10: objects/space/3d/asteroid/round_rough_01/round_rough_01_00300_01.cgf
     11: objects/space/3d/asteroid/round_rough_01/round_rough_01_05000_01.cgf
     12: objects/space/3d/asteroid/round_rough_01/round_rough_01_00200_01.cgf
     13: objects/space/3d/asteroid/round_rough_01/round_rough_01_00850_01.cgf
     14: objects/space/3d/asteroid/round_rough_01/round_rough_01_00160_01.cgf
     15: objects/space/3d/asteroid/round_rough_01/round_rough_01_00300_02.cgf

[Materials]
      0: objects/space/2d/nebula/jumppoint/gascloud_wind_jp_stanton_01

[Palettes]
      0: Libs/Foundry/Records/TintPalettes/brand/stationdocking/stationdocking_secdock|interior<121>
      1: Libs/Foundry/Records/TintPalettes/default

[Placements]
  #0 objects/space/2d/nebula/interplanetary/interplanetary_nebula_3c.cgf
    [1.33465909924120751, -1.59400438881413775, 1.67082470239631298, 605.70226216129958630]
    [-1.21389856286144826, -2.12596633651338962, -1.05855444072497384, -3503.70684470329433680]
    [1.96442242320214100, -0.23073195127012253, -1.78930919596572924, -3637.71220721711870283]
  #1 objects/space/2d/nebula/interplanetary/interplanetary_nebula_3c.cgf
    [-37.36902196972356904, 104.17681874501349171, -22.75699774905730877, -206483.18062890321016312]
    [-91.71598665993295185, -43.70174450115290909, -49.45168987918034986, -235493.44381360802799463]
    [-54.39548052344967743, 2.11713889016150336, 99.01405826900771956, -43574.00713698542676866]
  #2 objects/space/2d/nebula/interplanetary/interplanetary_nebula_3c.cgf
    [-2.01431820839348230, -1.59400005165905290, 0.71797260986936051, -3745.30672401282936335]
    [1.39608695032957275, -2.12596446181247245, -0.80312826628571055, 4937.47211505286395550]
    [1.05226520437157745, -0.23073278982094056, 2.43993831832845798, 1647.65184543910436332]
  #3 objects/space/2d/nebula/interplanetary/interplanetary_nebula_3c.cgf
    [-3.29589646054574992, -3.61855876152143985, 1.72147053606572387, 2303.43069345084950328]
    [3.36546085964197683, -3.70952962256611540, -1.35404024212221241, 1078.19732335768640041]
    [2.17510954191826356, 0.25648443322141895, 4.70355992966340342, 3459.44277663086540997]
  #4 objects/space/2d/nebula/interplanetary/interplanetary_nebula_3c.cgf
    [17.31791453431364047, 1.94587927652278769, 17.04693269954612589, 28257.33979497896507382]
    [10.81006291584074219, 17.57150376705536843, -12.98766028041121956, -3672.00545795634388924]
    [-13.32392210939483412, 16.78542027013341453, 11.61969407588776626, -26958.27401869674213231]
  #5 objects/space/2d/nebula/interplanetary/interplanetary_nebula_3c.cgf
    [-37.94375629705260877, 69.88548122964630238, 13.18505867449148994, -93398.71041455166414380]
    [-68.27294199843005629, -39.97906175568541443, 15.42838011241775042, -202928.88309997413307428]
    [19.91561321747427371, -3.90500132074176287, 78.01073141392868138, -171821.13968712592031807]
  #6 objects/space/2d/nebula/interplanetary/interplanetary_nebula_3c.cgf
    [2.16239323625936741, -1.05934990394886763, 1.14702211645826591, -262.55411550914868712]
    [-1.16208639379161660, -2.40056054750156589, -0.02628181889663619, 3598.05108782276511192]
    [1.04280255465992711, -0.47844884955828348, -2.40779484034919866, 46.96039674943313003]
  #7 objects/space/2d/nebula/interplanetary/interplanetary_nebula_3c.cgf
    [-1.69427934928663948, -1.86014623250963385, 0.88493434626238376, 1052.93281783396378160]
    [1.73003943041939312, -1.90691045981466734, -0.69605415333674459, -2063.97374947555363178]
    [1.11813074937985646, 0.13184767295407790, 2.41789890925191697, 6426.34351122507359833]
  #8 objects/space/2d/nebula/interplanetary/interplanetary_nebula_3c.cgf
    [1.73838816928294637, -1.59400311041589582, -1.24538289061797847, -6333.54238804662600160]
    [-1.12063248068447430, -2.12596637754346851, 1.15683520527001527, -2742.85858286451548338]
    [-1.68404492324121335, -0.23073563422585247, -2.05537627965449321, -2355.59733306011185050]
  #9 objects/space/2d/nebula/interplanetary/interplanetary_nebula_3c.cgf
    [1.98803237889271012, -1.72297400242505816, -0.43920960026126782, 2712.42886656196787953]
    [-1.36721015614899510, -1.90249695586444023, 1.27477799924915569, 3384.52648422028869390]
    [-1.13678532490410311, -0.72504009917660150, -2.30127208412841933, -8251.24607511656358838]
  #10 objects/space/2d/nebula/interplanetary/interplanetary_nebula_3c.cgf
    [-16.85216583855535077, -0.14615565688711907, 17.61469950274612728, 23982.14682894432917237]
    [10.93640866663143285, 19.02334498661936379, 10.62081938904665712, 17136.50622171908617020]
    [-13.80919858371634668, 15.24419488009387713, -13.08491690579129063, -36696.79964538989588618]
  #11 objects/space/3d/asteroid/round_rough_01/round_rough_01_02300_01.cgf
    [-0.53447587883288283, -0.81490637600784888, 0.22419387103074853, -1810.05636774282902479]
    [-0.22648001727392705, 0.39364999481039653, 0.89092437495084609, -10923.81768260058015585]
    [-0.81427396817140063, 0.42540220785476512, -0.39495648473075090, -12955.78218547941651195]
  #12 objects/space/3d/asteroid/round_rough_01/round_rough_01_01300_01.cgf
    [0.12069803802429853, 0.36542984650054344, -0.92298495996946162, -2721.07082255557179451]
    [0.51298117230831619, -0.81897672242659514, -0.25716856418841727, -15391.24474312178790569]
    [-0.84987677100884751, -0.44243234605545712, -0.28630633714536230, -21749.24545853049494326]
  #13 objects/space/3d/asteroid/round_rough_01/round_rough_01_07650_mined_01.cgf
    [0.26453456843852569, 0.28212542812365160, 0.92218665167514557, 4954.46341669885441661]
    [0.26061461010115455, 0.89975862088427827, -0.35002280606693631, 2509.86199379619210958]
    [-0.92849502030091324, 0.33292819431702569, 0.16449112537136654, -1805.78382400760892779]
  #14 objects/space/3d/asteroid/round_rough_01/round_rough_01_01300_01.cgf
    [-0.98472176038856163, -0.03488584777162197, -0.17058866730381769, -7879.07081088935956359]
    [0.17195859715885944, -0.04098325599188462, -0.98424848222460859, -857.09866041503846645]
    [0.02734513942905526, -0.99854785139398494, 0.04635615380989484, 3100.21418348257429898]
  #15 objects/space/3d/asteroid/round_rough_01/round_rough_01_02300_01.cgf
    [0.33592482011234714, -0.90435613344564725, -0.26323902909579727, -2454.47629715688526630]
    [-0.76725939102168239, -0.10063267829596652, -0.63339275197588873, -4246.08764947112649679]
    [0.54632209311824131, 0.41474490384547402, -0.72768064603415472, -2405.96770085743628442]
  #16 objects/space/3d/asteroid/round_rough_01/round_rough_01_00950_01.cgf
    [-0.57860905011928687, -0.29282680846076048, -0.76123052828076709, -22573.92242410359904170]
    [0.68666932881258314, -0.67853882057182435, -0.26091797880741829, 4031.16738781891763210]
    [-0.44011894961249659, -0.67368050219934139, 0.59368154844858534, -30488.69013682659715414]
  #17 objects/space/3d/asteroid/round_rough_01/round_rough_01_03500_01.cgf
    [-0.59002627537725583, 0.02551757190376730, -0.80698488677771607, 3114.71105663757771254]
    [0.50715928562480728, 0.78942141484875517, -0.34584685683375660, 816.87767830677330494]
    [0.62822385577757411, -0.61332653855950980, -0.47871923267154443, -8740.96224312868434936]
  #18 objects/space/3d/asteroid/round_rough_01/round_rough_01_03500_01.cgf
    [-0.26125221643252272, -0.95585545551656492, 0.13450569989793859, 8183.08822321193292737]
    [-0.96212831915994168, 0.26909889050675301, 0.04357797993505190, -8332.25749666988849640]
    [-0.07784942270999609, -0.11802665387095596, -0.98995622736384969, -11670.79599062446504831]
  #19 objects/space/3d/asteroid/round_rough_01/round_rough_01_04000_01.cgf
    [0.66274974820336352, 0.61167056071072790, -0.43199641700290536, -985.54031481686979532]
    [-0.59223881733887462, 0.07509759432187316, -0.80225466184451977, -3032.85252284538000822]
    [-0.45827389450041289, 0.78753951289699564, 0.41202616559210575, -20.56641907908488065]
  #20 objects/space/3d/asteroid/round_rough_01/round_rough_01_07800_01.cgf
    [-0.91813438940005365, -0.13662433481840924, 0.37197151303120785, 3223.31991893518716097]
    [0.34386994947654986, -0.74118917517092175, 0.57653433273895482, -8788.42003136780112982]
    [0.19693266163410741, 0.65724589775454967, 0.72749235668619228, -11653.56073547038249671]
  #21 objects/space/3d/asteroid/round_rough_01/round_rough_01_07800_01.cgf
    [0.11520381378323269, 0.98843013921410516, -0.09866398114023660, 23938.10487933550029993]
    [-0.08114107480546844, -0.08962949636466770, -0.99266475677959243, -9989.96190857421606779]
    [-0.99002264987255195, 0.12236442810743134, 0.06987660169706063, -14295.06759028858505189]
  #22 objects/space/3d/asteroid/round_rough_01/round_rough_01_07800_01.cgf
    [-0.79598358922035861, 0.06168823032605691, -0.60216574241382126, -2091.08259836211800575]
    [-0.30547043419279268, 0.81789514990791978, 0.48757997394975383, -2318.92670796625316143]
    [0.52258667504215583, 0.57204980500129121, -0.63218753631501046, -7673.27971199259627610]
  #23 objects/space/3d/asteroid/round_rough_01/round_rough_01_01300_01.cgf
    [0.94541712937133981, 0.31711576274295505, -0.07504797568746294, -26183.45498635340481997]
    [0.32482286211854705, -0.93552636320712868, 0.13888371442734412, -8614.27685107942670584]
    [-0.02616703804307212, -0.15567970615328933, -0.98746507247378379, -14139.23732231836766005]
  #24 objects/space/3d/asteroid/round_rough_01/round_rough_01_04000_01.cgf
    [0.67215854730005564, 0.65796605317579315, 0.33952514696196689, -7056.34723450895398855]
    [0.14421174736265838, 0.33344133311207236, -0.93167248245016332, -23617.64287447836250067]
    [-0.72622284766721901, 0.67519724192306230, 0.12923941072831446, -22869.60409688018262386]
  #25 objects/space/3d/asteroid/round_rough_01/round_rough_01_02300_01.cgf
    [-0.17085487874077590, 0.18643476415705384, -0.96749723454656766, 26154.19259887887164950]
    [0.92089105305611718, -0.31897273458432152, -0.22408987644263001, -6390.29144842736423016]
    [-0.35038334512751601, -0.92924629837120198, -0.11718804611285348, -17999.37771784048527479]
  #26 objects/space/3d/asteroid/round_rough_01/round_rough_01_03500_01.cgf
    [-0.26125221643252272, -0.95585545551656492, 0.13450569989793859, 22012.40466310596093535]
    [-0.96212831915994168, 0.26909889050675301, 0.04357797993505190, -564.23973298911005259]
    [-0.07784942270999609, -0.11802665387095596, -0.98995622736384969, -22977.76745977124664932]
  #27 objects/space/3d/asteroid/round_rough_01/round_rough_01_00200_02.cgf
    [0.32855864775513427, -0.94109094136698068, 0.07998635859141320, 3458.64932193141430616]
    [0.91057268619905429, 0.33811332138535888, 0.23777621316773054, -1058.62818462029099464]
    [-0.25081339803117098, -0.00529003564804073, 0.96802139304319412, -2246.55623400199692696]
  #28 objects/space/3d/asteroid/round_rough_01/round_rough_01_04000_01.cgf
    [-0.75809752168962030, 0.09595608968828341, -0.64503745688392800, -7615.17864527367055416]
    [0.52999352750504702, 0.66698702712354574, -0.52366774845807207, 927.49607363343238831]
    [0.37998388483501250, -0.73885957990955475, -0.55649933761421821, -1279.61999981396365911]
  #29 objects/space/3d/asteroid/round_rough_01/round_rough_01_03500_01.cgf
    [-0.25159793508516842, 0.00131500561697510, 0.96783264951209014, -19555.73900966718792915]
    [-0.21110068635124057, 0.97584882831986108, -0.05620366651095661, 7220.67001343984156847]
    [-0.94453071253580756, -0.21845050393044874, -0.24524354843628088, -29632.92166034458205104]
  #30 objects/space/3d/asteroid/round_rough_01/round_rough_01_03500_01.cgf
    [-0.98472948030670004, 0.14529468137037146, 0.09595686107746292, -7634.96138220559805632]
    [0.17196060839065166, 0.72495453009958732, 0.66699392160458582, -73.72166914865374565]
    [0.02734616580572567, 0.67330587243913875, -0.73886521258085835, 1014.78182756726164371]
  #31 objects/space/3d/asteroid/round_rough_01/round_rough_01_00600_01.cgf
    [0.30331911491417213, 0.57323242876748515, 0.76118424447265787, 21254.74790093535557389]
    [-0.67459749730959384, -0.43499611354389583, 0.59640251066015426, -7202.18665838986635208]
    [0.67298966414627293, -0.69439349126229089, 0.25475860759010904, -8439.26173845864832401]
  #32 objects/space/3d/asteroid/round_rough_01/round_rough_01_04000_01.cgf
    [0.24902371441736951, 0.57167255859798571, -0.78177660916099401, -40289.64352756831794977]
    [-0.47177674131283392, -0.63335703338491978, -0.61341875244041044, -19985.52774563897401094]
    [-0.84581965408795767, 0.52158062198986921, 0.11198106425035195, -61621.30100837559439242]
  #33 objects/space/3d/asteroid/round_rough_01/round_rough_01_02300_01.cgf
    [0.74438677700384304, 0.15858683206518842, -0.64864396263650781, -8069.71780507965013385]
    [-0.66770272166678724, 0.16533508727214494, -0.72583595374086418, -1057.56322538107633591]
    [-0.00786441657265815, 0.97340380775897561, 0.22896206091781171, -881.80554519698489457]
  #34 objects/space/3d/asteroid/round_rough_01/round_rough_01_04000_01.cgf
    [-0.92165734931352106, -0.09943467149672210, -0.37503935200666533, -12381.03899995330721140]
    [0.35702450532204894, -0.59577990891957400, -0.71942605020960748, -6178.24050266481935978]
    [-0.15190547076648267, -0.79696492095009386, 0.58460728845874843, -1204.18600026192143559]
  #35 objects/space/3d/asteroid/round_rough_01/round_rough_01_01300_01.cgf
    [0.02345395192222774, 0.93573111611128834, 0.35193625493205843, 60.44325883733108640]
    [-0.91585268182320734, -0.12103369491060796, 0.38284023684661855, -2124.64616076089441776]
    [0.40083127920824607, -0.33130055854564894, 0.85415230642483908, -2663.53285592561587691]
  #36 objects/space/3d/asteroid/round_rough_01/round_rough_01_02300_01.cgf
    [0.60361117662882258, 0.79698295635588257, -0.02169682335771366, -20958.81483854353427887]
    [0.36185845520802268, -0.29810706896483657, -0.88328346030278848, -3005.86604062467813492]
    [-0.71043018183354356, 0.52530884261379196, -0.46833600547953452, -7447.26135730731766671]
  #37 objects/space/3d/asteroid/round_rough_01/round_rough_01_00600_01.cgf
    [0.07273079186413207, -0.79249829285032714, 0.60552161784298664, 4075.39704688964411616]
    [0.87299681393300277, 0.34416557695608102, 0.34558119224339784, -3192.79817651864141226]
    [-0.48227226408813606, 0.50348411434608276, 0.71688001215231112, -10909.54712805070448667]
  #38 objects/space/3d/asteroid/round_rough_01/round_rough_01_07800_01.cgf
    [0.92285729566219621, -0.07798446005365439, -0.37716301656560852, -25726.79705177526921034]
    [-0.21709290919242091, 0.70355960833199638, -0.67666361771102390, -5953.90805597044527531]
    [0.31812605340195066, 0.70634368882686249, 0.63235552708348453, -7039.86946755624376237]
  #39 objects/space/3d/asteroid/round_rough_01/round_rough_01_00300_01.cgf
    [-0.81804719601816156, -0.56000399080815055, 0.13110730689815844, -25669.52081366069614887]
    [-0.56483190947596795, 0.82520272127176353, 0.00043977235821581, -9011.95663980860263109]
    [-0.10843666206996098, -0.07369402717276376, -0.99136546804622183, -14839.10152669053059071]
  #40 objects/space/3d/asteroid/round_rough_01/round_rough_01_01300_01.cgf
    [0.10455944216130229, -0.47443892826540951, 0.87405698491894579, -37250.69304302008822560]
    [-0.14363061451965267, 0.86245658290947214, 0.48532409341916605, -15101.48041422199457884]
    [-0.98409255464714074, -0.17628650664982298, 0.02203401791724926, -90171.71951290371362120]
  #41 objects/space/3d/asteroid/round_rough_01/round_rough_01_05000_01.cgf
    [-0.75809824466991127, 0.09595618119941436, -0.64503807204141717, -5649.34173055784776807]
    [0.52999403294776837, 0.66698766321383873, -0.52366824786804256, 2715.01057583000510931]
    [0.37998424721696422, -0.73886028454305963, -0.55649986833492571, -3131.33297951775602996]
  #42 objects/space/3d/asteroid/round_rough_01/round_rough_01_03500_01.cgf
    [0.53224707337394284, -0.08132895262469321, 0.84267613268178299, 18455.30416063778102398]
    [-0.68855964760381483, -0.62069746986914298, 0.37499956377499610, 3076.69913098402321339]
    [0.49254753559252118, -0.77982348169614479, -0.38636339477067366, -22888.34965599642600864]
  #43 objects/space/3d/asteroid/round_rough_01/round_rough_01_00200_01.cgf
    [0.05847853906352397, -0.27386434394338216, 0.95998960996719129, -54879.60858954489231110]
    [0.91214765198671921, -0.37611701230015937, -0.16286228444001438, -17924.27378138713538647]
    [0.40567029852284514, 0.88517556667271724, 0.22780977749324777, -74394.80606748897116631]
  #44 objects/space/3d/asteroid/round_rough_01/round_rough_01_03500_01.cgf
    [-0.48680063302122945, 0.82482493421785752, -0.28755816606621559, 2664.23461261065676808]
    [-0.03117022850718789, -0.34539025554415359, -0.93794174420306176, -3897.86880273278802633]
    [-0.87295720847798020, -0.44762721829260910, 0.19384610622522355, 4734.10351764038205147]
  #45 objects/space/3d/asteroid/round_rough_01/round_rough_01_00850_01.cgf
    [0.52374412344954258, -0.21107933939307724, 0.82531024959829513, 3576.80767061980441213]
    [0.76237704550466945, -0.31613268831719260, -0.56465986781731148, 7878.73794239386916161]
    [0.38009569334338617, 0.92493515357417055, -0.00465059599232586, -349.06378556694835424]
  #46 objects/space/3d/asteroid/round_rough_01/round_rough_01_02300_01.cgf
    [0.81861549854065085, 0.30260357522837922, 0.48816032177922347, 7289.40678819268941879]
    [-0.56494481041526501, 0.27111980349395198, 0.77931519380146297, 958.21135954279452562]
    [0.10347359414581436, -0.91374279004758996, 0.39289704364138933, -1178.62519997323397547]
  #47 objects/space/3d/asteroid/round_rough_01/round_rough_01_07650_mined_01.cgf
    [-0.30794138398211957, -0.03428700724363674, -0.95078755436203966, 2469.28216268401592970]
    [0.15854707088814676, 0.98352729543602724, -0.08681793483710781, 2993.79490153212100267]
    [0.93810201934984816, -0.17747937522671789, -0.29743258231936881, -4355.45006713189650327]
  #48 objects/space/3d/asteroid/round_rough_01/round_rough_01_00300_01.cgf
    [-0.09377136857684172, -0.58586248391243745, -0.80496330546330930, -2991.77072858856990933]
    [-0.74667356103273008, 0.57619175577205883, -0.33237854413041812, -15879.86601114459335804]
    [0.65854336717726514, 0.56987898126488490, -0.49147982972098514, -22523.87980103527661413]
  #49 objects/space/3d/asteroid/round_rough_01/round_rough_01_00200_01.cgf
    [0.70207084374801132, 0.58348709713258018, 0.40824632175441805, -3232.14917805371806026]
    [-0.31613949007493514, 0.76907236629804099, -0.55552609263575858, -16162.07919269800186157]
    [-0.63810506545660406, 0.26095253258741974, 0.72439728227133504, -23047.54464444285258651]
  #50 objects/space/3d/asteroid/round_rough_01/round_rough_01_00600_01.cgf
    [-0.92763707554987540, 0.26372232294118697, -0.26446267653659467, -22855.29767929390072823]
    [-0.11141626935508130, 0.48045291662383022, 0.86991489506949560, 3454.66963615827262402]
    [0.35647774940575355, 0.83643053873186612, -0.41630287398533483, -31338.85579242696985602]
  #51 objects/space/3d/asteroid/round_rough_01/round_rough_01_00300_01.cgf
    [-0.70875224729190778, 0.68204123420196583, 0.18022308546962995, -22446.86406783433631063]
    [0.63299780195497668, 0.50208425584948824, 0.58924997791896172, 1236.70559031702578068]
    [0.31140711040068214, 0.53171562757322444, -0.78758774540718535, -33501.90138374548405409]
  #52 objects/space/3d/asteroid/round_rough_01/round_rough_01_01300_01.cgf
    [0.52624930763177324, -0.80722129813223054, 0.26732717929980643, -22284.06161513226106763]
    [-0.64576747993635752, -0.17485158686173388, 0.74324939499617138, 1147.54449662566184998]
    [-0.55322184230859894, -0.56376331660302736, -0.61329022067780414, -32565.08052996452897787]
  #53 objects/space/3d/asteroid/round_rough_01/round_rough_01_00200_01.cgf
    [-0.50200138867705868, 0.34065961831357938, -0.79496656061583582, -22488.00296105863526464]
    [-0.72510320671382134, -0.66679558752557189, 0.17214873322328306, 1326.24181940965354443]
    [-0.47142989686724190, 0.66284302152734043, 0.58173807115648501, -34135.89023191144224256]
  #54 objects/space/3d/asteroid/round_rough_01/round_rough_01_00850_01.cgf
    [-0.13436418650909812, 0.95317442915678252, 0.27093396039026241, -22632.19621202116832137]
    [0.96724052338406985, 0.06672528972757513, 0.24493661127288446, 2425.62375273834913969]
    [0.21538912046531314, 0.29496894958584235, -0.93091421918067496, -32893.99156305275391787]
  #55 objects/space/3d/asteroid/round_rough_01/round_rough_01_01300_01.cgf
    [0.03897834679428264, 0.58573407384892695, -0.80957233120299499, -17743.89252615021541715]
    [-0.18346598298407876, 0.80061001549793254, 0.57041643770846384, 5234.41718667373061180]
    [0.98225862063144953, 0.12629439438339254, 0.13866796449959815, -23525.56847555609419942]
  #56 objects/space/3d/asteroid/round_rough_01/round_rough_01_00200_01.cgf
    [0.79628419830277020, 0.35441608238266287, 0.49025228054477965, -17965.17068542446941137]
    [0.33438049995838504, -0.93322716595599065, 0.13154208629502692, 6525.78875433187931776]
    [0.50413067678768797, 0.05918513130671718, -0.86161242066912669, -22617.62401249096728861]
  #57 objects/space/3d/asteroid/round_rough_01/round_rough_01_00300_01.cgf
    [0.05738036348775744, -0.74530983010195961, -0.66424000148839546, -17835.62913498375564814]
    [0.45525754229753995, -0.57259824895243394, 0.68181070981300440, 6021.88087554275989532]
    [-0.88850553887137873, -0.34152383663208252, 0.30645294083249724, -22993.05282936478033662]
  #58 objects/space/3d/asteroid/round_rough_01/round_rough_01_00850_01.cgf
    [-0.58438224431278152, -0.64337627520220753, -0.49453526846384827, -18490.78963665897026658]
    [0.31787726389634430, -0.74221678463478291, 0.58997377943422091, 6184.41861287597566843]
    [-0.74662722180848118, 0.18756861099090699, 0.63825275443292151, -24160.00394869118463248]
  #59 objects/space/3d/asteroid/round_rough_01/round_rough_01_00950_01.cgf
    [-0.17755541331856373, 0.59317614376582628, 0.78525373130983522, -19352.57148314919322729]
    [0.92585690225523942, 0.37115062899906753, -0.07101754718074654, 5113.21910602040588856]
    [-0.33357211606374854, 0.71442043498792895, -0.61509378985976804, -26704.90182767412625253]
  #60 objects/space/3d/asteroid/round_rough_01/round_rough_01_00600_01.cgf
    [0.75317135888012821, -0.40569641568135012, -0.51782352710028656, -18867.01266808016225696]
    [0.25334987946662085, -0.54755988101898856, 0.79748974791236971, 5642.15821368712931871]
    [-0.60707876382684045, -0.73183774004514934, -0.30962360941746497, -25918.28917404939420521]
  #61 objects/space/3d/asteroid/round_rough_01/round_rough_01_00600_01.cgf
    [0.91220577232833966, 0.20536875405255484, 0.35454817562085111, -52926.92999597312882543]
    [0.19644807661267213, -0.97858970269108236, 0.06140400661581613, -20855.25175282731652260]
    [0.35956763921737223, 0.01363721717194341, -0.93301942326071940, -74686.24962770508136600]
  #62 objects/space/3d/asteroid/round_rough_01/round_rough_01_00950_01.cgf
    [0.56852424421861258, -0.18323973524254333, 0.80200576337499641, -52703.05913654901087284]
    [0.30364059309869801, 0.95278867994194127, 0.00244600081284939, -21894.66158522944897413]
    [-0.76458644722564828, 0.24212970103964571, 0.59731954087918926, -74747.99957485694903880]
  #63 objects/space/3d/asteroid/round_rough_01/round_rough_01_00850_01.cgf
    [0.48972415539454600, -0.72088901990661247, -0.49039703531782536, -53982.19132648780941963]
    [-0.52964660865566393, -0.69276060152935703, 0.48944580757788381, -19301.97029343061149120]
    [-0.69256386074497323, 0.02004369212736891, -0.72107803242315616, -74656.22844522481318563]
  #64 objects/space/3d/asteroid/round_rough_01/round_rough_01_00300_01.cgf
    [0.92996728731800871, -0.26502329991194301, -0.25480036698643926, -54721.90947550907731056]
    [-0.19512264641614291, -0.94320035369224597, 0.26888655162473013, -18394.52342395670711994]
    [-0.31158903922988163, -0.20033840194246860, -0.92885764643092250, -73987.80754451092798263]
  #65 objects/space/3d/asteroid/round_rough_01/round_rough_01_01300_01.cgf
    [-0.85668010830870667, 0.46466836180999022, -0.22401922561903442, -54566.06803985126316547]
    [0.47122189502933293, 0.88161303196590601, 0.02665511956071074, -19154.89138142671436071]
    [0.20988383825129600, -0.08272776611665192, -0.97422122695012225, -73431.35208928247448057]
  #66 objects/space/3d/asteroid/round_rough_01/round_rough_01_00160_01.cgf
    [-0.07239835234219680, -0.99723080438668454, -0.01701893249408366, 3485.26237017568200827]
    [-0.55538609512009895, 0.05448232688653026, -0.82980624491931532, 7686.52670877519994974]
    [0.82843539677406386, -0.05062451522861580, -0.55779242961202313, -1029.97316650720313191]
  #67 objects/space/3d/asteroid/round_rough_01/round_rough_01_02300_01.cgf
    [-0.71515390400268308, -0.45594002641911929, -0.52978695861481595, -670.32704562507569790]
    [-0.64401246443553239, 0.72441628495478450, 0.24590572861091181, 7864.22026810701936483]
    [0.27166794963903296, 0.51704968235259940, -0.81169993639132609, -99.36895753676071763]
  #68 objects/space/3d/asteroid/round_rough_01/round_rough_01_00850_01.cgf
    [-0.43879246072415617, 0.39187580269298705, 0.80863732586273407, 7367.60013591591268778]
    [0.88888462436736093, 0.32118428181677450, 0.32668727367347072, 748.99083417747169733]
    [-0.13170077478132833, 0.86213328753774299, -0.48926566765350277, 591.18924792052712291]
  #69 objects/space/3d/asteroid/round_rough_01/round_rough_01_00300_01.cgf
    [0.03618328527268485, -0.99418459741631870, -0.10140212634608624, 3763.50755504891276360]
    [0.84903701817223953, 0.08410053220462319, -0.52159167684748475, 2167.12751175183802843]
    [0.52708779794313898, -0.06722143886834958, 0.84714483207796354, -1643.53195194294676185]
  #70 objects/space/3d/asteroid/round_rough_01/round_rough_01_00300_02.cgf
    [-0.13399268159410493, 0.49351292881653336, -0.85935521015698613, 3078.49025803525000811]
    [-0.90702120761327953, 0.28824923257827961, 0.30696145639410616, 3111.30467345006763935]
    [0.39919784201919045, 0.82058381403898639, 0.40900331773502929, 643.90414233086630702]
  #71 objects/space/3d/asteroid/round_rough_01/round_rough_01_00200_01.cgf
    [0.03735121801942984, 0.84785762961163236, 0.52890726427814216, -558.13536791643127799]
    [-0.75466433227391749, 0.37087577057572818, -0.54123329182322233, -8703.26901869010180235]
    [-0.65504747911155781, -0.37893161717331431, 0.65370038809869857, 496.39519051648676395]
  #72 objects/space/3d/asteroid/round_rough_01/round_rough_01_00850_01.cgf
    [0.84989780657718195, 0.52689287528315876, -0.00761804314154699, -6676.83506683120504022]
    [0.44727772344692962, -0.72896820266672679, -0.51821657233162721, -3418.06696943659335375]
    [-0.27859787277291398, 0.43702365577489544, -0.85521574342952777, -15118.53242959978524595]
  #73 objects/space/3d/asteroid/round_rough_01/round_rough_01_00200_01.cgf
    [-0.97687840356672462, -0.20980175176699734, 0.04145089181695148, -7990.69541222415864468]
    [0.09159526530877467, -0.23531379618679832, 0.96760740568123360, -4281.48153348080813885]
    [-0.19324921435787668, 0.94901897194505613, 0.24908652888184540, -15666.28307092632167041]
  #74 objects/space/3d/asteroid/round_rough_01/round_rough_01_01300_01.cgf
    [-0.54041884553608310, -0.65593633870192514, 0.52697884407673645, -7522.00886796228587627]
    [-0.83839155389778897, 0.47273205617491482, -0.27135901783832606, -3938.66656802501529455]
    [-0.07112513540929673, -0.58845869335038592, -0.80540008224363768, -14181.77023967728018761]
  #75 objects/space/3d/asteroid/round_rough_01/round_rough_01_00600_01.cgf
    [-0.33014320524078039, 0.80178525123180899, 0.49814440110287816, -5345.34707704838365316]
    [0.93156701503171802, 0.19161469351394078, 0.30898005622387648, -2388.15052874572575092]
    [0.15228371530762985, 0.56606200150368668, -0.81017618449038675, -14285.72475213010329753]
  #76 objects/space/3d/asteroid/round_rough_01/round_rough_01_00300_01.cgf
    [0.37549443072629607, 0.87644263067566297, 0.30140711618028387, -7832.31570735666900873]
    [0.91055541822655583, -0.28819243333982797, -0.29635781373229902, -4110.73150895535945892]
    [-0.17287789010759516, 0.38572974808309701, -0.90626695769621568, -15068.44427074748091400]
  #77 objects/space/3d/asteroid/round_rough_01/round_rough_01_00950_01.cgf
    [0.21192951061299101, -0.92620727363721278, -0.31182335113199194, -4449.85214562667533755]
    [0.53447810213662439, -0.15728002738529978, 0.83042397896522591, -2182.65612804796546698]
    [-0.81818511009801220, -0.34265275829259995, 0.46170341818823751, -13747.05584078782703727]
  #78 objects/space/3d/asteroid/round_rough_01/round_rough_01_02300_01.cgf
    [-0.18515278054873008, -0.35102634858783544, 0.91787819054550956, 2332.86052495613694191]
    [-0.61130654383146688, -0.69017276268502803, -0.38725610304225910, -5961.81795707251876593]
    [0.76943107524380272, -0.63280603858665996, -0.08679723615621625, 4650.47276223765220493]
  #79 objects/space/3d/asteroid/round_rough_01/round_rough_01_00850_01.cgf
    [-0.28122139384931522, 0.07453708050374412, -0.95674364791023547, -29.48025577655062079]
    [0.13603661271711670, 0.99000713755496283, 0.03714248424432976, -8254.76143680792301893]
    [0.94995169571250271, -0.11970692446707268, -0.28855100864965455, 2010.03714806248899549]
  #80 objects/space/3d/asteroid/round_rough_01/round_rough_01_00200_01.cgf
    [-0.35359301489989331, 0.03958186662514477, -0.93456157742789281, 2315.09304825449362397]
    [0.92952323010739446, 0.12668135805864073, -0.34632136025254445, -4405.32416047900915146]
    [0.10468347940701095, -0.99115346728492359, -0.08158590432393469, 3327.85451250732876360]
  #81 objects/space/3d/asteroid/round_rough_01/round_rough_01_01300_01.cgf
    [-0.22674463846524695, -0.27130124027344882, -0.93540521391463571, 839.21670735999941826]
    [0.20013177090453052, -0.95290381299314519, 0.22786400708114166, -8099.01618751604110003]
    [-0.95317078819444179, -0.13553733240161714, 0.27036177304414244, 968.89570705918595195]
  #82 objects/space/3d/asteroid/round_rough_01/round_rough_01_00600_01.cgf
    [0.49910157636137259, 0.43214245651911593, -0.75109991817568833, 813.20333354314789176]
    [-0.78855769759627325, 0.58586668761656169, -0.18691590419001641, -7804.78905864339321852]
    [0.35927002014023690, 0.68557544803699833, 0.63317606636196511, 3627.00048777612391859]
  #83 objects/space/3d/asteroid/round_rough_01/round_rough_01_00300_01.cgf
    [0.05455086319111375, 0.09875848282716826, -0.99361587696167109, 20.76694699237123132]
    [-0.44283601569557829, 0.89427524377922918, 0.06457241765642628, -8501.50334677565842867]
    [0.89494246300167268, 0.43648607765747388, 0.09251722803469492, 685.64179010177031159]
  #84 objects/space/3d/asteroid/round_rough_01/round_rough_01_00950_01.cgf
    [-0.63227775354726568, -0.18977878230399473, 0.75114534174220682, 1206.24124297546222806]
    [-0.52549279481054112, -0.60737408588662534, -0.59578898165388505, -7178.61688544228672981]
    [0.56929134301867823, -0.77142154613750569, 0.28430025181731855, 4393.63842054503038526]
  #85 objects/space/3d/asteroid/round_rough_01/round_rough_01_00600_01.cgf
    [-0.82564618654143462, 0.56411815603667859, -0.00852831491845239, -30610.99318229360505939]
    [-0.02811300506525463, -0.02603952952223998, 0.99926235460185608, -4700.32955460064113140]
    [0.56348175220833163, 0.82527952864954923, 0.03735861341364723, -11922.05230568163096905]
  #86 objects/space/3d/asteroid/round_rough_01/round_rough_01_00850_01.cgf
    [-0.86910206620651209, -0.03048371189962828, 0.49369412156398818, -26967.30865722894668579]
    [-0.01770111334994086, 0.99937736718687864, 0.03054656090692372, -8963.05640430841594934]
    [-0.49431752239242943, 0.01780912984646685, -0.86909985950543556, -15200.74208482087124139]
  #87 objects/space/3d/asteroid/round_rough_01/round_rough_01_00950_01.cgf
    [-0.33512672040991909, 0.86665592098223010, -0.36959999086218737, -29690.52046842454001307]
    [-0.63371452959400076, -0.49763128628116521, -0.59226307942265133, -8183.86108270194381475]
    [-0.69721053749949935, 0.03573758374862666, 0.71597964276860815, -14614.55759870295878500]
  #88 objects/space/3d/asteroid/round_rough_01/round_rough_01_00600_01.cgf
    [-0.35880476012929646, -0.83686155762744641, -0.41342449775303025, -28779.24109538551419973]
    [-0.80629809140528408, 0.50102559996828488, -0.31441163121144255, -8710.97597584594041109]
    [0.47025574932495762, 0.22053122094208830, -0.85453112797898545, -14775.87417729897424579]
  #89 objects/space/3d/asteroid/round_rough_01/round_rough_01_00950_01.cgf
    [0.74246615019734774, -0.59983863959104256, 0.29822409311165299, -310.47905201232060790]
    [-0.50608747413527622, -0.21059930093996668, 0.83637514932866375, -2004.11932364478707314]
    [-0.43888434898282347, -0.77190772009660302, -0.45993367708916322, -1274.77343760547228158]
  #90 objects/space/3d/asteroid/round_rough_01/round_rough_01_00950_01.cgf
    [-0.53847755920800422, 0.66967181456960645, 0.51145055823620111, -18.66040751524269581]
    [0.81773413896314728, 0.56177402186159886, 0.12538309636998363, 2043.85229271650314331]
    [-0.20335410181078578, 0.48574654260444822, -0.85011616861711004, -2714.27825351303908974]
  #91 objects/space/3d/asteroid/round_rough_01/round_rough_01_00300_01.cgf
    [-0.64614624925063546, 0.70664376027201281, 0.28835915861128852, -2243.17678816895931959]
    [0.40903254460572802, 0.00164384435528060, 0.91251907319033254, -1446.59833060204982758]
    [0.64435144582730886, 0.70756856738510521, -0.29010225855013783, 26.66174631915055215]
  #92 objects/space/3d/asteroid/round_rough_01/round_rough_01_00300_01.cgf
    [0.10252606968234428, 0.29283468714801347, -0.95064984638698613, -2684.91908940905705094]
    [0.34841126438483466, 0.88457515291634292, 0.31005688041063317, -177.07859024964272976]
    [0.93171716485338829, -0.36300623168636920, -0.01133489618876561, -2528.65606444666627795]
  #93 objects/space/3d/asteroid/round_rough_01/round_rough_01_00600_01.cgf
    [-0.06939937598898188, 0.15864770882460627, -0.98489045579533752, -2597.08725876966491342]
    [-0.03347280628789276, 0.98634457890533322, 0.16124057095836242, -745.86096205469220877]
    [0.99702451156993011, 0.04415716214238012, -0.06314148541156142, -1760.85788391565438360]
  #94 objects/space/3d/asteroid/round_rough_01/round_rough_01_04000_01.cgf
    [-0.73532842468659543, -0.20788558385327455, -0.64503935088038378, -2534.23028146848082542]
    [0.22724855864424401, 0.82105321994474312, -0.52366952835042579, -921.84763788525015116]
    [0.63847495859455383, -0.53165333287267846, -0.55650205139184317, -2312.17965290974825621]
  #95 objects/space/3d/asteroid/round_rough_01/round_rough_01_00850_01.cgf
    [-0.45920649419936277, 0.84623239562207953, -0.27021545892258875, -395.44838349334895611]
    [-0.38153721306964822, 0.08681495447629994, 0.92026560550648762, -2494.25478801503777504]
    [0.80221880848311888, 0.52569017703861720, 0.28300368732037923, -269.35516309086233377]
  #96 objects/space/3d/asteroid/round_rough_01/round_rough_01_00160_01.cgf
    [-0.15473052147127880, -0.32067980512271227, -0.93446344743831566, 703.01151323737576604]
    [-0.09562015487750093, 0.94627504564761367, -0.30890019464614382, 2117.33457975089550018]
    [0.98331798417045402, 0.04155727201925170, -0.17708117188422115, -3592.85716690425761044]
  #97 objects/space/3d/asteroid/round_rough_01/round_rough_01_00160_01.cgf
    [-0.73532842468659543, -0.20788558385327455, -0.64503935088038378, -2600.14256324339658022]
    [0.22724855864424401, 0.82105321994474312, -0.52366952835042579, -85.39809490833431482]
    [0.63847495859455383, -0.53165333287267846, -0.55650205139184317, -2034.13071387994568795]
  #98 objects/space/3d/asteroid/round_rough_01/round_rough_01_00600_01.cgf
    [-0.45920649419936277, 0.84623239562207953, -0.27021545892258875, 98.79299298534169793]
    [-0.38153721306964822, 0.08681495447629994, 0.92026560550648762, -2666.27607629913836718]
    [0.80221880848311888, 0.52569017703861720, 0.28300368732037923, -680.35661035659722984]
  #99 objects/space/3d/asteroid/round_rough_01/round_rough_01_00160_01.cgf
    [0.92261221587254283, 0.35021267355639896, -0.16167072859851761, 235.83300702506676316]
    [0.37013001819749697, -0.92177456197286611, 0.11547756756699779, 2681.74927261378616095]
    [-0.10858227679606369, -0.16638023398994572, -0.98006486978443075, -2018.27739230170845985]
  #100 objects/space/3d/asteroid/round_rough_01/round_rough_01_00160_01.cgf
    [-0.15473010885285368, -0.62253217022699969, 0.76713892039731402, 2509.03561973338946700]
    [-0.09561823974516544, -0.76340874079594123, -0.63879110783252302, 1448.64906439743936062]
    [0.98331357073109216, -0.17219356622803306, 0.05859718514785364, -726.44069276610389352]
  #101 objects/space/3d/asteroid/round_rough_01/round_rough_01_00200_02.cgf
    [-0.58736506143043477, -0.80811126201026018, -0.04427434915920933, -1656.78065105341374874]
    [-0.02031120856586507, 0.06940697205688182, -0.99738251047777782, -1298.54135311488062143]
    [0.80906828178336143, -0.58492786359733739, -0.05718089689782114, -1943.67732640332542360]
  #102 objects/space/3d/asteroid/round_rough_01/round_rough_01_00950_01.cgf
    [0.64686046103647021, -0.58445970249268420, 0.48987614274080693, 867.16350348666310310]
    [-0.07126757587056616, 0.59322888962569509, 0.80187321457931315, -1659.41033157054334879]
    [-0.75927117138344036, -0.55361229736377005, 0.34208324663799400, 310.05079039034899324]
  #103 objects/space/3d/asteroid/round_rough_01/round_rough_01_00600_01.cgf
    [0.64037142114228784, -0.27855207070026378, -0.71577246100535019, -3998.22574618086218834]
    [-0.63800299334509181, 0.32595121128362076, -0.69764247103104127, -16347.12446110323071480]
    [0.42763729082922963, 0.90341661530668649, 0.03101283155246242, -19602.63585020916070789]
  #104 objects/space/3d/asteroid/round_rough_01/round_rough_01_00950_01.cgf
    [-0.42083435793997853, 0.50418115173481215, 0.75412676254891664, -4360.69984472775831819]
    [-0.90703799544312580, -0.22130783346389007, -0.35820703824735362, -16037.76098061446100473]
    [-0.01370702665307488, -0.83476438212395176, 0.55044337432423918, -18650.16007013071794063]
  #105 objects/space/3d/asteroid/round_rough_01/round_rough_01_00850_01.cgf
    [-0.67330142653659431, -0.42453672504020240, -0.60533713974707304, -3709.09919506078585982]
    [-0.41035088138337333, 0.89561846041308535, -0.17169456064891619, -16286.48259706143289804]
    [0.61504198052890380, 0.13279848305110745, -0.77723048044170862, -21457.32861003070138395]
  #106 objects/space/3d/asteroid/round_rough_01/round_rough_01_00200_01.cgf
    [0.97718601622403611, -0.19087442842107435, 0.09314760961326037, -38910.09539573173969984]
    [0.07066306647643171, -0.12140520311472873, -0.99008562387217647, -12846.47366937901824713]
    [0.20029042822332671, 0.97407893116376243, -0.10514758737373291, -78619.15368888899683952]
  #107 objects/space/3d/asteroid/round_rough_01/round_rough_01_00850_01.cgf
    [-0.57693383356120886, -0.79506183961383670, 0.18714678012992148, -40857.23373160324990749]
    [-0.38010793096254408, 0.46414586336651537, 0.80005404365573540, -14330.07568563986569643]
    [-0.72295588174003333, 0.39044229169031047, -0.56999079321325652, -80046.39624572545289993]
  #108 objects/space/3d/asteroid/round_rough_01/round_rough_01_01300_01.cgf
    [0.32855265412373347, 0.90755070980183439, -0.26154380760119217, -39774.73365430627018213]
    [0.84621874549420062, -0.15986752101468155, 0.50828782317397136, -13759.93767156917601824]
    [0.41948455148022351, -0.38832252774066495, -0.82051119809947082, -77639.89110761799383909]
  #109 objects/space/3d/asteroid/round_rough_01/round_rough_01_00300_01.cgf
    [-0.07753907992386476, -0.99663030037828226, -0.02675936178452929, -39223.30337681621313095]
    [-0.80726137670774656, 0.04700966636694439, 0.58831920666815063, -13241.94623035751283169]
    [-0.58507870304014153, 0.06721951819690003, -0.80818610209091224, -78222.72745357488747686]
  #110 objects/space/3d/asteroid/round_rough_01/round_rough_01_00950_01.cgf
    [0.21074686561634254, 0.92698027167137598, 0.31032883068901906, -44058.76129483710974455]
    [-0.20401462463332148, 0.35217598699730152, -0.91343349824169795, -16604.94042758829891682]
    [-0.95602010447504548, 0.12919093894853120, 0.26333611549687719, -79797.89924119727220386]
  #111 objects/space/3d/asteroid/round_rough_01/round_rough_01_00600_01.cgf
    [0.45702294312199099, -0.88343370247997888, -0.10331686640548210, -43102.60361110838130116]
    [-0.88904998618693765, -0.45722601458079787, -0.02310726623348151, -16137.26064596977084875]
    [-0.02682542865153097, 0.10241443752857723, -0.99437977225232499, -79834.53526291798334569]
  #112 objects/space/3d/asteroid/round_rough_01/round_rough_01_00200_01.cgf
    [0.72130794873786630, 0.12202676584100058, -0.68180003103910058, -25327.50088688684627414]
    [-0.64867292411953781, 0.46411958377788320, -0.60319434702839680, -9212.92026646155864000]
    [0.24282761667640124, 0.87734226570432094, 0.41392302207901976, -15343.37019871443044394]
  #113 objects/space/3d/asteroid/round_rough_01/round_rough_01_00600_01.cgf
    [0.72437008368613376, -0.67382067307789395, -0.14579224731057663, 8557.53287962684407830]
    [-0.13040644694363410, 0.07373559521567924, -0.98871579211429506, -10552.98453973326832056]
    [0.67696664425845332, 0.73520776622225281, -0.03445867133835956, -15860.10724727925844491]
