# IncludedObjects
# Cgfs: 25, Materials: 1, Palettes: 6, Placements: 36

[CGFs]
      0: objects/buildingsets/human/lowtech/prop/storage/tarp/tarp_bundle_1_b.cgf
      1: objects/buildingsets/human/universal/prop/dressing/bedding/bedding_phoenix_pillow_1_a.cgf
      2: objects/buildingsets/human/universal/prop/dressing/gambling/gambling_card_1_deck_a.cgf
      3: objects/buildingsets/human/lowtech/prop/furniture/table/table_coffee-table_2_a.cgf
      4: objects/buildingsets/human/lowtech/bravo/int/prop/light/light_f.cgf
      5: objects/buildingsets/human/colonialism/props/dressing/rug/rug_col_rectangular_1_b.cgf
      6: objects/buildingsets/human/universal/prop/dressing/bedding/bedding_phoenix_pillow_3_a.cgf
      7: objects/buildingsets/human/lowtech/bravo/int/prop/light/light_f_lamp.cgf
      8: objects/buildingsets/human/lowtech/prop/light/lamp/lamp_lantern_1_a.cgf
      9: objects/buildingsets/human/universal/prop/salvage/habitation/habitation_pillow_1_e.cgf
     10: objects/buildingsets/human/universal/prop/dressing/debris/debris_clothes_pile_1_a.cgf
     11: objects/buildingsets/human/lowtech/alpha/int/universal/prop/grate_test_005x005_a.cgf
     12: objects/buildingsets/human/lowtech/bravo/int/shanty/fence/shanty_fence_01x01x03_a.cgf
     13: objects/buildingsets/human/lowtech/bravo/int/prop/light/light_d.cgf
     14: objects/buildingsets/human/universal/prop/utility/waste/trash_piles_1_a.cgf
     15: objects/buildingsets/human/colonialism/props/dressing/rug/rug_col_rectangular_1_a.cgf
     16: objects/buildingsets/human/lowtech/bravo/int/walkway/addon/walkway_addon_railing_panel_a.cgf
     17: objects/spaceships/ships/orig/600i/interiors/exploration_module_600i/orig_600i_explor_mod_hologlobe.cgf
     18: objects/buildingsets/human/colonialism/props/furniture/furniture_pillow_1_d.cgf
     19: objects/buildingsets/human/lowtech/prop/furniture/bed/bed_module_1_pillow_a.cgf
     20: objects/buildingsets/human/universal/prop/dressing/gambling/gambling_card_1_deck_b.cgf
     21: objects/buildingsets/human/lowtech/bravo/int/walkway/addon/walkway_addon_railing_panel_b.cgf
     22: objects/buildingsets/human/universal/prop/medical/divider/divider_portable_1_full_02_a.cgf
     23: objects/buildingsets/human/lowtech/prop/utilitarian/improvised/improvised_parasol_frame_1_a.cgf
     24: objects/buildingsets/human/lowtech/prop/utilitarian/improvised/improvised_parasol_canopy_1_d.cgf

[Materials]
      0: materials/pu/glass/glass_plastic_dirty_b

[Palettes]
      0: Libs/Foundry/Records/TintPalettes/default
      1: Libs/Foundry/Records/TintPalettes/Brand/delta/hospital_prop
      2: Libs/Foundry/Records/TintPalettes/Generic/gen_brown_orange_ocher
      3: Libs/Foundry/Records/TintPalettes/Generic/gen_matte_dark_a
      4: Libs/Foundry/Records/TintPalettes/generic/gen_ornge_drkred_firebrick<132>
      5: Libs/Foundry/Records/TintPalettes/generic/gen_purple_pink_burgandy<132>

[Placements]
  #0 objects/buildingsets/human/lowtech/prop/storage/tarp/tarp_bundle_1_b.cgf
    [0.06975456108929209, 0.99756274409395573, 0.00000000000000000, 0.47151500000018132]
    [-0.99756274409395573, 0.06975456108929209, -0.00000000000000000, 0.49090299999988929]
    [-0.00000000000000000, 0.00000000000000000, 0.99999856359747974, 0.00499999999999545]
  #1 objects/buildingsets/human/universal/prop/dressing/bedding/bedding_phoenix_pillow_1_a.cgf
    [-0.08715763280704182, -0.99619500266170358, 0.00000000000000000, 0.62834600000041974]
    [0.99619500266170358, -0.08715763280704182, 0.00000000000000000, -1.55979600000000573]
    [0.00000000000000000, 0.00000000000000000, 1.00000046814222965, 0.00499999999999545]
  #2 objects/buildingsets/human/universal/prop/dressing/gambling/gambling_card_1_deck_a.cgf
    [1.00000000000000000, 0.00000000000000000, 0.00000000000000000, 0.13578700000016397]
    [0.00000000000000000, 1.00000000000000000, 0.00000000000000000, -0.28896299999996700]
    [0.00000000000000000, 0.00000000000000000, 1.00000000000000000, 0.53157399999997779]
  #3 objects/buildingsets/human/lowtech/prop/furniture/table/table_coffee-table_2_a.cgf
    [0.86602542443567943, -0.50000001836480490, 0.00000000000000000, 0.56683700000030512]
    [0.50000001836480490, 0.86602542443567943, 0.00000000000000000, -0.54413100000010672]
    [0.00000000000000000, 0.00000000000000000, 1.00000002706690161, 0.00499999999999545]
  #4 objects/buildingsets/human/lowtech/bravo/int/prop/light/light_f.cgf
    [0.27679937041007108, 0.06425553474201338, -0.02909301058203652, -0.96961699999974371]
    [-0.06390350626624577, 0.27832408218493399, 0.00671681709698361, -1.72228200000017750]
    [0.02985831369298112, -0.00000022881398436, 0.28408018159047893, 2.36392799999998715]
  #5 objects/buildingsets/human/colonialism/props/dressing/rug/rug_col_rectangular_1_b.cgf
    [-0.01105129156032233, -0.63317670937426462, 0.00000000000000000, 0.69919500000014523]
    [0.63317670937426462, -0.01105129156032233, 0.00000000000000000, -1.34796499999993102]
    [0.00000000000000000, 0.00000000000000000, 0.63327314512710331, 0.00072599999998602]
  #6 objects/buildingsets/human/universal/prop/dressing/bedding/bedding_phoenix_pillow_3_a.cgf
    [-0.46947052044622239, -0.88294886353864188, 0.00000000000000000, -0.20928300000014133]
    [-0.88294886353864188, 0.46947052044622239, 0.00000000000000000, -1.29071299999986877]
    [-0.00000000000000000, 0.00000000000000000, -1.00000063259591299, 0.00499999999999545]
  #7 objects/buildingsets/human/lowtech/bravo/int/prop/light/light_f_lamp.cgf
    [0.02432203138940257, -0.69652633145829423, 0.00000000000000000, 1.49148299999978917]
    [0.69652633145829423, 0.02432203138940257, 0.00000000000000000, 0.50768599999992148]
    [0.00000000000000000, 0.00000000000000000, 0.69695085309199289, 2.66801499999996850]
  #8 objects/buildingsets/human/lowtech/prop/light/lamp/lamp_lantern_1_a.cgf
    [-0.04957033100444677, 0.54367398942512779, 0.00000000000000000, 0.81248099999993428]
    [-0.54367398942512779, -0.04957033100444677, -0.00000000000000000, -0.06612200000017765]
    [-0.00000000000000000, 0.00000000000000000, 0.54592913871062454, 0.69106499999998050]
  #9 objects/buildingsets/human/universal/prop/salvage/habitation/habitation_pillow_1_e.cgf
    [-0.30901705825259262, 0.95105624158827706, 0.00000000000000000, -0.80157200000030571]
    [-0.95105624158827706, -0.30901705825259262, -0.00000000000000000, -0.24171699999988050]
    [-0.00000000000000000, 0.00000000000000000, 0.99999975847752354, 0.00499999999999545]
  #10 objects/buildingsets/human/universal/prop/dressing/debris/debris_clothes_pile_1_a.cgf
    [-0.27790571051628354, 0.50135126317318168, 0.00000000000000000, 0.00697200000013254]
    [-0.50135126317318168, -0.27790571051628354, -0.00000000000000000, -0.08917000000019470]
    [-0.00000000000000000, 0.00000000000000000, 0.57322305695331666, 0.00499999999999545]
  #11 objects/buildingsets/human/lowtech/alpha/int/universal/prop/grate_test_005x005_a.cgf
    [0.18174774405136654, -0.67829601580009180, -0.00000025924857009, -0.90148399999998219]
    [0.67829601579728294, 0.18174774405136654, -0.00000196919324762, 0.16005799999993542]
    [0.00000196919348358, 0.00000025924677778, 0.70222341709327929, 0.00499800000000050]
  #12 objects/buildingsets/human/lowtech/bravo/int/shanty/fence/shanty_fence_01x01x03_a.cgf
    [-0.41631513900625089, 0.44644335329081064, 0.00000000000000000, -0.79335699999955978]
    [-0.44644335329081064, -0.41631513900625089, 0.00000000000000000, 0.81467299999985698]
    [0.00000000000000000, 0.00000000000000000, 0.61043424106396393, 0.00499999999999545]
  #13 objects/buildingsets/human/lowtech/bravo/int/prop/light/light_d.cgf
    [-0.27680597038795551, 0.05380579713719071, 0.00000000000000000, 1.29700599999978294]
    [-0.05380579713719071, -0.27680597038795551, 0.00000000000000000, -1.71897300000000541]
    [0.00000000000000000, 0.00000000000000000, 0.28198689517065539, 1.49612400000000889]
  #14 objects/buildingsets/human/universal/prop/utility/waste/trash_piles_1_a.cgf
    [-0.76604243459046450, 0.64278899555014901, 0.00000000000000000, 0.76534799999990355]
    [-0.64278899555014901, -0.76604243459046450, 0.00000000000000000, 0.35463799999979528]
    [0.00000000000000000, 0.00000000000000000, 0.99999935219661817, 0.00499899999999798]
  #15 objects/buildingsets/human/colonialism/props/dressing/rug/rug_col_rectangular_1_a.cgf
    [0.11207093095285266, -0.70758714926469135, 0.00000000000000000, 0.68550700000014331]
    [0.70758714926469135, 0.11207093095285266, 0.00000000000000000, -0.09884400000009919]
    [0.00000000000000000, 0.00000000000000000, 0.71640733341386975, 0.00659099999995760]
  #16 objects/buildingsets/human/universal/prop/dressing/bedding/bedding_phoenix_pillow_3_a.cgf
    [0.50000202720730313, 0.86602423036375420, 0.00000000000000000, 1.43735099999958038]
    [-0.86602423036375420, 0.50000202720730313, -0.00000000000000000, -1.21604999999999563]
    [-0.00000000000000000, 0.00000000000000000, 0.99999999739427270, 0.00499999999999545]
  #17 objects/buildingsets/human/lowtech/bravo/int/prop/light/light_f_lamp.cgf
    [-0.59740642510262343, -0.35895683027538677, 0.00000000000000000, 2.42057500000009895]
    [0.35895683027538677, -0.59740642510262343, 0.00000000000000000, -1.35236799999984214]
    [0.00000000000000000, 0.00000000000000000, 0.69695368766887911, 2.63329999999996289]
  #18 objects/buildingsets/human/lowtech/prop/light/lamp/lamp_lantern_1_a.cgf
    [-0.04957033100444677, 0.54367398942512779, 0.00000000000000000, 0.08181400000012218]
    [-0.54367398942512779, -0.04957033100444677, -0.00000000000000000, -0.78820499999983440]
    [-0.00000000000000000, 0.00000000000000000, 0.54592913871062454, 0.69106499999998050]
  #19 objects/buildingsets/human/universal/prop/salvage/habitation/habitation_pillow_1_e.cgf
    [0.19080953838655057, 0.98162726231131170, 0.00000000000000000, -0.76104000000032102]
    [-0.98162726231131170, 0.19080953838655057, -0.00000000000000000, -0.67979199999990669]
    [-0.00000000000000000, 0.00000000000000000, 1.00000018102602839, 0.00499999999999545]
  #20 objects/buildingsets/human/universal/prop/dressing/gambling/gambling_card_1_deck_a.cgf
    [-0.08715464848509222, 0.99619517280470760, 0.00000000000000000, 0.86194599999998900]
    [-0.99619517280470760, -0.08715464848509222, -0.00000000000000000, -0.87886399999979403]
    [-0.00000000000000000, 0.00000000000000000, 1.00000037753590942, 0.53157399999997779]
  #21 objects/buildingsets/human/lowtech/bravo/int/walkway/addon/walkway_addon_railing_panel_a.cgf
    [-0.07313873926724797, -0.10270676131420813, 0.37626611527332959, -0.65966200000002573]
    [0.01959597675708126, -0.38330857632276377, -0.10082002041504778, 0.54801099999986036]
    [0.38953929970860734, -0.00000137876802921, 0.07571840915368973, 0.83622500000001310]
  #22 objects/buildingsets/human/lowtech/bravo/int/prop/light/light_d.cgf
    [0.25556692695680044, -0.11917307650257040, 0.00000000000000000, 1.09835000000020955]
    [0.11917307650257040, 0.25556692695680044, 0.00000000000000000, -0.42164800000000469]
    [0.00000000000000000, 0.00000000000000000, 0.28198701444788210, 1.69089299999996001]
  #23 objects/spaceships/ships/orig/600i/interiors/exploration_module_600i/orig_600i_explor_mod_hologlobe.cgf
    [0.11192099750041962, 0.00000000000000000, 0.00000000000000000, 0.52756599999975151]
    [0.00000000000000000, 0.11192099750041962, 0.00000000000000000, -0.51695500000005268]
    [0.00000000000000000, 0.00000000000000000, 0.11192099750041962, 0.72275500000000648]
  #24 objects/buildingsets/human/colonialism/props/furniture/furniture_pillow_1_d.cgf
    [-0.81915210675699535, 0.57357677273668306, 0.00000000000000000, 0.53437699999994948]
    [-0.57357677273668306, -0.81915210675699535, 0.00000000000000000, -0.51595899999983885]
    [0.00000000000000000, 0.00000000000000000, 1.00000024411369659, 0.48175600000001850]
  #25 objects/buildingsets/human/lowtech/bravo/int/prop/light/light_f_lamp.cgf
    [-0.59740555655142580, -0.35895630839886905, 0.00000000000000000, 2.68793199999981880]
    [0.35895630839886905, -0.59740555655142580, 0.00000000000000000, -1.53776100000004590]
    [0.00000000000000000, 0.00000000000000000, 0.69695267438891628, 2.56714199999998982]
  #26 objects/buildingsets/human/lowtech/prop/light/lamp/lamp_lantern_1_a.cgf
    [-0.04957033100444677, 0.54367398942512779, 0.00000000000000000, 1.13501600000017788]
    [-0.54367398942512779, -0.04957033100444677, -0.00000000000000000, -0.58193799999980911]
    [-0.00000000000000000, 0.00000000000000000, 0.54592913871062454, 0.69106499999998050]
  #27 objects/buildingsets/human/lowtech/prop/furniture/bed/bed_module_1_pillow_a.cgf
    [1.00000000000000000, 0.00000000000000000, 0.00000000000000000, 0.29023899999992864]
    [0.00000000000000000, 1.00000000000000000, 0.00000000000000000, 0.49362800000017160]
    [0.00000000000000000, 0.00000000000000000, 1.00000000000000000, 0.17356500000005326]
  #28 objects/buildingsets/human/universal/prop/dressing/gambling/gambling_card_1_deck_b.cgf
    [-0.93969341179083532, 0.34201978233938735, 0.00000000000000000, 0.26140699999996286]
    [-0.34201978233938735, -0.93969341179083532, 0.00000000000000000, -0.21000899999989997]
    [0.00000000000000000, 0.00000000000000000, 1.00000061983709898, 0.53157399999997779]
  #29 objects/buildingsets/human/lowtech/bravo/int/walkway/addon/walkway_addon_railing_panel_b.cgf
    [0.10270602787114805, -0.00000088902067220, 0.38330865680977627, -0.85587500000019645]
    [0.38330865680977333, -0.00000068348297644, -0.10270602787273256, 0.33027300000003379]
    [0.00000089028732003, 0.39683000711377248, 0.00000068183225368, 0.54127300000004652]
  #30 objects/buildingsets/human/universal/prop/medical/divider/divider_portable_1_full_02_a.cgf
    [0.24419571792749348, 0.85161188147608158, 0.00000000000000000, -0.79177199999958248]
    [-0.85161188147608158, 0.24419571792749348, -0.00000000000000000, -1.36269799999990937]
    [-0.00000000000000000, 0.00000000000000000, 0.88593134346029079, 0.00499999999999545]
  #31 objects/buildingsets/human/lowtech/prop/utilitarian/improvised/improvised_parasol_frame_1_a.cgf
    [0.72235145237533549, 0.07388253468160857, 0.00000000000000000, 1.36795799999981682]
    [-0.07388253468160857, 0.72235145237533549, -0.00000000000000000, -0.57674799999995230]
    [-0.00000000000000000, 0.00000000000000000, 0.72611999674966654, 0.00499999999999545]
  #32 objects/buildingsets/human/lowtech/bravo/int/prop/light/light_f.cgf
    [0.14874701484201602, 0.35047945889955612, 0.00259621965643013, 0.03716299999996409]
    [-0.35042607313280305, 0.14876967023163912, -0.00611705642721417, 0.30603500000006534]
    [-0.00664520396627784, 0.00000029106987029, 0.38068899006354628, 2.62959299999999985]
  #33 objects/buildingsets/human/lowtech/bravo/int/prop/light/light_f_lamp.cgf
    [0.02432203138940257, -0.69652633145829423, 0.00000000000000000, 1.53086499999972148]
    [0.69652633145829423, 0.02432203138940257, 0.00000000000000000, 0.95289899999988847]
    [0.00000000000000000, 0.00000000000000000, 0.69695085309199289, 2.54653299999995397]
  #34 objects/buildingsets/human/lowtech/prop/utilitarian/improvised/improvised_parasol_canopy_1_d.cgf
    [-0.72235275673529742, -0.07388257157675369, 0.00000000000000000, 1.36795799999981682]
    [0.07388257157675369, -0.72235275673529742, 0.00000000000000000, -0.57674799999995230]
    [0.00000000000000000, 0.00000000000000000, 0.72612129809411163, 0.00499999999999545]
  #35 objects/buildingsets/human/lowtech/bravo/int/shanty/fence/shanty_fence_01x01x03_a.cgf
    [-0.37534135582189632, 0.40250434784052064, 0.00000000000000000, -1.05665899999985413]
    [-0.40250434784052064, -0.37534135582189632, 0.00000000000000000, -0.48588100000006307]
    [0.00000000000000000, 0.00000000000000000, 0.55035523384514318, 0.00499999999999545]
