# IncludedObjects
# Cgfs: 6, Materials: 1, Palettes: 1, Placements: 16

[CGFs]
      0: data/objects/planets/flora/tree/baobab_01_dead/baobab_01_dead_a.cgf
      1: data/objects/planets/flora/succulent/agave/agave_polluted_d.cgf
      2: data/objects/planets/flora/succulent/agave/agave_red_polluted_c.cgf
      3: data/objects/planets/flora/succulent/agave/agave_polluted_c.cgf
      4: data/objects/planets/flora/tree/baobab_01_dead/baobab_01_dead_d.cgf
      5: data/objects/planets/flora/tree/baobab_01_dead/baobab_01_dead_f.cgf

[Materials]
      0: objects/planets/flora/tree/baobab_01_dead/baobab_01_dead_bleached

[Palettes]
      0: Libs/Foundry/Records/TintPalettes/default

[Placements]
  #0 data/objects/planets/flora/tree/baobab_01_dead/baobab_01_dead_a.cgf
    [1.17257905006408691, 0.00000000000000000, 0.00000000000000000, -2.00000000000000000]
    [0.00000000000000000, 1.17257905006408691, 0.00000000000000000, 0.00000000000000000]
    [0.00000000000000000, 0.00000000000000000, 1.17257905006408691, 0.00000000000000000]
  #1 data/objects/planets/flora/succulent/agave/agave_polluted_d.cgf
    [1.00000000000000000, 0.00000000000000000, 0.00000000000000000, -5.04044999999996435]
    [0.00000000000000000, 1.00000000000000000, 0.00000000000000000, 2.48885500000000093]
    [0.00000000000000000, 0.00000000000000000, 1.00000000000000000, 0.00000000000000000]
  #2 data/objects/planets/flora/succulent/agave/agave_red_polluted_c.cgf
    [-0.70710511751652116, 0.70710763244986130, 0.00000000000000000, 2.31932400000005146]
    [-0.70710763244986130, -0.70710511751652116, 0.00000000000000000, -0.33677000000000135]
    [0.00000000000000000, 0.00000000000000000, 0.99999942554328558, 0.00000000000000000]
  #3 data/objects/planets/flora/succulent/agave/agave_polluted_c.cgf
    [0.70710739454380356, 0.70710630719099521, 0.00000000000000000, -1.28930399999990186]
    [-0.70710630719099521, 0.70710739454380356, -0.00000000000000000, 2.60275000000001455]
    [-0.00000000000000000, 0.00000000000000000, 1.00000009854390126, 0.00000000000000000]
  #4 data/objects/planets/flora/succulent/agave/agave_red_polluted_c.cgf
    [0.70710739454380356, 0.70710630719099521, 0.00000000000000000, 0.13172800000006646]
    [-0.70710630719099521, 0.70710739454380356, -0.00000000000000000, 1.72517800000002808]
    [-0.00000000000000000, 0.00000000000000000, 1.00000009854390126, 0.00000000000000000]
  #5 data/objects/planets/flora/succulent/agave/agave_polluted_d.cgf
    [-0.70710511751652116, 0.70710763244986130, 0.00000000000000000, 1.31932400000005146]
    [-0.70710763244986130, -0.70710511751652116, 0.00000000000000000, -1.33677000000000135]
    [0.00000000000000000, 0.00000000000000000, 0.99999942554328558, 0.00000000000000000]
  #6 data/objects/planets/flora/succulent/agave/agave_polluted_d.cgf
    [0.81915179422760898, 0.57357683578581631, 0.00000000000000000, -1.57163399999990361]
    [-0.57357683578581631, 0.81915179422760898, -0.00000000000000000, -4.54081999999999653]
    [-0.00000000000000000, 0.00000000000000000, 1.00000002426818990, 0.00000000000000000]
  #7 data/objects/planets/flora/tree/baobab_01_dead/baobab_01_dead_d.cgf
    [0.99999999876368473, 0.00000000000000000, 0.00000000000000000, -2.00000000000000000]
    [0.00000000000000000, 0.99619476639472293, -0.08715494785227522, -3.00000000000000000]
    [0.00000000000000000, 0.08715494785227522, 0.99619476639472293, 0.00000000000000000]
  #8 data/objects/planets/flora/succulent/agave/agave_polluted_c.cgf
    [-0.70710511751652116, 0.70710763244986130, 0.00000000000000000, 4.31932200000005651]
    [-0.70710763244986130, -0.70710511751652116, 0.00000000000000000, -0.33677000000000135]
    [0.00000000000000000, 0.00000000000000000, 0.99999942554328558, 0.00000000000000000]
  #9 data/objects/planets/flora/succulent/agave/agave_polluted_c.cgf
    [0.81915179422760898, 0.57357683578581631, 0.00000000000000000, -4.11151500000005399]
    [-0.57357683578581631, 0.81915179422760898, -0.00000000000000000, -2.65694200000001501]
    [-0.00000000000000000, 0.00000000000000000, 1.00000002426818990, 0.00000000000000000]
  #10 data/objects/planets/flora/succulent/agave/agave_polluted_d.cgf
    [0.70710739454380356, 0.70710630719099521, 0.00000000000000000, 1.13172800000006646]
    [-0.70710630719099521, 0.70710739454380356, -0.00000000000000000, 0.72517900000002555]
    [-0.00000000000000000, 0.00000000000000000, 1.00000009854390126, 0.00000000000000000]
  #11 data/objects/planets/flora/succulent/agave/agave_red_polluted_c.cgf
    [0.81915179422760898, 0.57357683578581631, 0.00000000000000000, -2.96436300000004849]
    [-0.57357683578581631, 0.81915179422760898, -0.00000000000000000, -4.29524500000002263]
    [-0.00000000000000000, 0.00000000000000000, 1.00000002426818990, 0.00000000000000000]
  #12 data/objects/planets/flora/succulent/agave/agave_polluted_d.cgf
    [-0.00000064012100026, 1.00000042674731060, 0.00000000000000000, -3.44978300000002491]
    [-1.00000042674731060, -0.00000064012100026, -0.00000000000000000, 1.16348699999997507]
    [-0.00000000000000000, 0.00000000000000000, 1.00000042674751533, 0.00000000000000000]
  #13 data/objects/planets/flora/succulent/agave/agave_red_polluted_c.cgf
    [-0.70710511751652116, 0.70710763244986130, 0.00000000000000000, -2.47719099999994796]
    [-0.70710763244986130, -0.70710511751652116, 0.00000000000000000, 2.48523000000000138]
    [0.00000000000000000, 0.00000000000000000, 0.99999942554328558, 0.00000000000000000]
  #14 data/objects/planets/flora/succulent/agave/agave_polluted_d.cgf
    [0.57357569411955656, -0.81915278145266102, 0.00000000000000000, -3.15308299999992414]
    [0.81915278145266102, 0.57357569411955656, 0.00000000000000000, -5.87717500000002246]
    [0.00000000000000000, 0.00000000000000000, 1.00000017812316511, 0.00000000000000000]
  #15 data/objects/planets/flora/tree/baobab_01_dead/baobab_01_dead_f.cgf
    [-0.66446383066091053, 0.53864856234904401, 0.51802250926841542, 1.00000000000000000]
    [-0.66446323415958342, -0.74306541431253337, -0.07965033953938100, 3.00000000000000000]
    [0.34202076586023888, -0.39713132893019143, 0.85165150113677657, 0.00000000000000000]
