# IncludedObjects
# Cgfs: 7, Materials: 0, Palettes: 1, Placements: 15

[CGFs]
      0: objects/planets/geology/concave_02/concave_02_plt_b.cgf
      1: data/objects/planets/geology/crystal_fractal_01/crystal_fractal_01_bld_d_2m.cgf
      2: data/objects/planets/geology/crystal_fractal_01/crystal_fractal_01_bld_e_2m.cgf
      3: objects/planets/geology/concave_02/concave_02_plt_a.cgf
      4: data/objects/planets/geology/crystal_fractal_01/crystal_fractal_01_bld_c_2m.cgf
      5: objects/planets/geology/pinnulis_01/pinnulis_01_bld_g.cgf
      6: objects/planets/geology/pinnulis_01/pinnulis_01_bld_c.cgf

[Palettes]
      0: Libs/Foundry/Records/TintPalettes/default

[Placements]
  #0 objects/planets/geology/concave_02/concave_02_plt_b.cgf
    [1.06065893818493762, 1.06066119629290423, 0.00000000000000000, 5.66073499999993146]
    [-1.06066119629290423, 1.06065893818493762, -0.00000000000000000, -0.62003200000000902]
    [-0.00000000000000000, 0.00000000000000000, 1.49999985215769072, -0.24936200000000000]
  #1 data/objects/planets/geology/crystal_fractal_01/crystal_fractal_01_bld_d_2m.cgf
    [1.00000000000000000, 0.00000000000000000, 0.00000000000000000, -3.97709499999996297]
    [0.00000000000000000, 1.00000000000000000, 0.00000000000000000, -4.66480599999999868]
    [0.00000000000000000, 0.00000000000000000, 1.00000000000000000, 0.28683900000000001]
  #2 data/objects/planets/geology/crystal_fractal_01/crystal_fractal_01_bld_e_2m.cgf
    [0.01780851113721780, -0.93794970357119389, -0.34631491688974980, -3.61740800000006857]
    [0.67808651744430837, -0.24321135397405153, 0.69357604003953843, 2.76783900000000926]
    [-0.73476686299117655, -0.24718293231408048, 0.63167955973047551, 0.31435200000000002]
  #3 objects/planets/geology/concave_02/concave_02_plt_a.cgf
    [-0.34202008317973670, 0.93969206428230112, 0.00000000000000000, 1.80179599999996753]
    [-0.93969206428230112, -0.34202008317973670, -0.00000000000000000, 4.46905399999999986]
    [-0.00000000000000000, 0.00000000000000000, 0.99999945648655542, -0.44831900000000002]
  #4 data/objects/planets/geology/crystal_fractal_01/crystal_fractal_01_bld_e_2m.cgf
    [-1.00000000000000000, 0.00000000000000000, 0.00000000000000000, 5.94644599999992352]
    [0.00000000000000000, -1.00000000000000000, 0.00000000000000000, -0.14628999999999337]
    [0.00000000000000000, 0.00000000000000000, 1.00000000000000000, 0.39388899999999999]
  #5 objects/planets/geology/concave_02/concave_02_plt_b.cgf
    [-1.06066235350505744, 1.06065920844850869, 0.00000000000000000, -3.00000000000000000]
    [-1.06065920844850869, -1.06066235350505744, 0.00000000000000000, 1.74716499999999542]
    [0.00000000000000000, 0.00000000000000000, 1.50000086153625389, 0.00000000000000000]
  #6 data/objects/planets/geology/crystal_fractal_01/crystal_fractal_01_bld_c_2m.cgf
    [-1.00000000000000000, 0.00000000000000000, 0.00000000000000000, 4.13317899999992733]
    [0.00000000000000000, -1.00000000000000000, 0.00000000000000000, -2.78150899999999979]
    [0.00000000000000000, 0.00000000000000000, 1.00000000000000000, 0.00000000000000000]
  #7 data/objects/planets/geology/crystal_fractal_01/crystal_fractal_01_bld_e_2m.cgf
    [1.00000000000000000, 0.00000000000000000, 0.00000000000000000, -4.39183200000002216]
    [0.00000000000000000, 1.00000000000000000, 0.00000000000000000, 1.77208799999999655]
    [0.00000000000000000, 0.00000000000000000, 1.00000000000000000, 0.27933500000000000]
  #8 objects/planets/geology/concave_02/concave_02_plt_a.cgf
    [-0.00000096018150039, -1.50000064012096579, 0.00000000000000000, -0.97291900000004716]
    [1.50000064012096579, -0.00000096018150039, 0.00000000000000000, -2.00000000000000000]
    [0.00000000000000000, 0.00000000000000000, 1.50000064012127310, 0.00000000000000000]
  #9 data/objects/planets/geology/crystal_fractal_01/crystal_fractal_01_bld_c_2m.cgf
    [1.00000000536373101, -0.00000000000000000, 0.00000000000000000, 2.41331900000000132]
    [0.00000000000000000, 0.96592592080910500, 0.25881871307257659, 3.93365299999999252]
    [-0.00000000000000000, -0.25881871307257659, 0.96592592080910500, 0.48459000000000002]
  #10 objects/planets/geology/concave_02/concave_02_plt_b.cgf
    [-0.00000096018150039, 1.50000064012096579, 0.00000000000000000, 5.42513800000006086]
    [-1.50000064012096579, -0.00000096018150039, -0.00000000000000000, 2.91839300000000890]
    [-0.00000000000000000, 0.00000000000000000, 1.50000064012127310, -0.24936200000000000]
  #11 objects/planets/geology/pinnulis_01/pinnulis_01_bld_g.cgf
    [-0.29599299852839966, -0.18372656745078766, 0.47862389030750652, 1.47784000000001470]
    [0.51267560889935404, -0.10607458141748226, 0.27633320168766662, 0.93267399999999157]
    [0.00000013210098761, 0.55266704870838024, 0.21214916547119736, 0.09616700000000000]
  #12 data/objects/planets/geology/crystal_fractal_01/crystal_fractal_01_bld_c_2m.cgf
    [1.00000000000000000, 0.00000000000000000, 0.00000000000000000, -4.96567400000003545]
    [0.00000000000000000, 1.00000000000000000, 0.00000000000000000, -1.17763800000000174]
    [0.00000000000000000, 0.00000000000000000, 1.00000000000000000, 0.32834999999999998]
  #13 objects/planets/geology/concave_02/concave_02_plt_b.cgf
    [-0.00000096018150039, -1.50000064012096579, 0.00000000000000000, -1.00000000000000000]
    [1.50000064012096579, -0.00000096018150039, 0.00000000000000000, 4.00000000000000000]
    [0.00000000000000000, 0.00000000000000000, 1.50000064012127310, 0.00000000000000000]
  #14 objects/planets/geology/pinnulis_01/pinnulis_01_bld_c.cgf
    [0.34214860830206195, 0.73271615505072041, -0.58826951812694028, 1.79586900000003880]
    [-0.44754815276023224, 0.67755640032407538, 0.58362456710923050, -0.13577499999999532]
    [0.82621706638783354, 0.06359261356652623, 0.55975083626727384, 23.29314899999999966]
