# IncludedObjects
# Cgfs: 47, Materials: 0, Palettes: 7, Placements: 132

[CGFs]
      0: objects/buildingsets/human/colonialism/ruin/structure/col_a_ruin_struct_addon_bar_4m_d.cgf
      1: objects/spaceships/derelicts/habs/ext/addon/cable/drlct_cable_support_a.cgf
      2: objects/spaceships/derelicts/habs/ext/addon/plate/drlct_hab_plate_grp_d.cgf
      3: objects/spaceships/derelicts/habs/ext/addon/plate/drlct_hab_plate_grp_g.cgf
      4: objects/buildingsets/human/colonialism/col_a/ext/addons/col_a_ext_adn_anten_d.cgf
      5: objects/spaceships/derelicts/habs/ext/power_sources/drlct_hab_commtower_b_base_pipe_b_01.cgf
      6: objects/buildingsets/human/colonialism/ruin/structure/col_a_ruin_struct_sheet_4m_bare_b.cgf
      7: objects/buildingsets/human/colonialism/ruin/structure/col_a_ruin_struct_sheet_4x1m_bare_a.cgf
      8: objects/buildingsets/human/lowtech/alpha/int/universal/prop/cable_hanging_i.cgf
      9: objects/spaceships/derelicts/habs/ext/power_sources/drlct_hab_commtower_b_cage_a_01.cgf
     10: objects/buildingsets/human/lowtech/alpha/int/universal/prop/cable_hanging_h.cgf
     11: objects/spaceships/derelicts/habs/ext/addon/ladders/derelict_ladder_1mx05m_a.cgf
     12: objects/buildingsets/human/lowtech/alpha/int/stairs/util_stairs_b_rail_cornerin_01x01_a.cgf
     13: objects/buildingsets/human/lowtech/alpha/int/stairs/util_stairs_structure_4m_d.cgf
     14: objects/spaceships/derelicts/habs/ext/power_sources/drlct_hab_commtower_b_base_pipe_addon_a.cgf
     15: objects/buildingsets/human/lowtech/alpha/int/stairs/util_stairs_b_rail_straight_02x01_a.cgf
     16: objects/spaceships/derelicts/habs/ext/power_sources/drlct_hab_commtower_b_base_pipe_a_01.cgf
     17: objects/buildingsets/human/lowtech/alpha/int/stairs/util_stairs_b_rail_straight_04x01_a.cgf
     18: objects/buildingsets/human/colonialism/ruin/structure/col_a_ruin_struct_sheet_4m_bare_a.cgf
     19: objects/buildingsets/human/colonialism/ruin/structure/col_a_ruin_struct_sheet_4m_bare_c.cgf
     20: objects/buildingsets/human/colonialism/ruin/structure/col_a_ruin_struct_addon_bar_4m_b.cgf
     21: objects/spaceships/derelicts/habs/ext/power_sources/drlct_hab_commtower_b_platform_addon_a_01.cgf
     22: objects/buildingsets/human/colonialism/ruin/structure/col_a_ruin_struct_addon_bar_2m_c.cgf
     23: objects/spaceships/derelicts/habs/ext/power_sources/drlct_hab_commtower_b_platform_base_a_01.cgf
     24: objects/buildingsets/human/colonialism/ruin/structure/col_a_ruin_struct_addon_bar_4m_c.cgf
     25: objects/buildingsets/human/colonialism/ruin/structure/col_a_ruin_struct_sheet_2m_bare_a.cgf
     26: objects/spaceships/derelicts/habs/ext/power_sources/drlct_hab_commtower_b_base_pipe_addon_01_a.cgf
     27: objects/spaceships/derelicts/habs/ext/addon/antenna/drlct_hab_antenna_d.cgf
     28: objects/spaceships/derelicts/habs/ext/addon/plate/drlct_hab_plate_grp_b.cgf
     29: objects/spaceships/derelicts/habs/ext/addon/ladders/derelict_ladder_1mx01m_a.cgf
     30: objects/buildingsets/human/colonialism/col_a/ext/nongp/col_a_ext_adn_fluff_a.cgf
     31: objects/spaceships/derelicts/habs/ext/addon/tarp/drlct_hab_tarp_triangle_1_a.cgf
     32: objects/buildingsets/human/lowtech/alpha/int/universal/prop/cable_hanging_j.cgf
     33: objects/spaceships/derelicts/habs/ext/addon/ladders/derelict_ladder_1mx04m_a.cgf
     34: objects/spaceships/derelicts/habs/ext/addon/tarp/drlct_hab_tarp_roll_attach_1_a.cgf
     35: objects/buildingsets/human/lowtech/alpha/int/universal/prop/cable_hanging_n.cgf
     36: objects/spaceships/derelicts/habs/ext/addon/antenna/drlct_hab_antenna_c.cgf
     37: objects/spaceships/derelicts/habs/ext/addon/antenna/drlct_hab_antenna_b.cgf
     38: objects/spaceships/derelicts/habs/ext/addon/ladders/derelict_ladder_1mx02m_a.cgf
     39: objects/buildingsets/human/lowtech/alpha/int/universal/prop/cable_hanging_k.cgf
     40: objects/buildingsets/human/colonialism/col_a/ext/addons/col_a_ext_adn_anten_a.cgf
     41: objects/spaceships/derelicts/habs/ext/addon/plate/drlct_hab_plate_grp_e.cgf
     42: objects/buildingsets/human/lowtech/alpha/int/universal/prop/cable_hanging_m.cgf
     43: objects/buildingsets/human/colonialism/col_a/ext/tradingpost/col_a_trdpst_tarp_pole_b.cgf
     44: objects/spaceships/derelicts/habs/ext/power_sources/drlct_hab_commtower_b_cage_b_01.cgf
     45: objects/buildingsets/human/colonialism/col_a/ext/addons/col_a_ext_adn_fluff_a.cgf
     46: objects/buildingsets/human/colonialism/col_a/ext/addons/col_a_ext_adn_pole_a.cgf

[Palettes]
      0: Libs/Foundry/Records/TintPalettes/default
      1: Libs/Foundry/Records/TintPalettes/Brand/Derelict_Habs/derelict_hab_b
      2: Libs/Foundry/Records/TintPalettes/no_tint
      3: Libs/Foundry/Records/TintPalettes/Brand/Derelict_Habs/derelict_habs_reclaimer_root|exterior_b
      4: Libs/Foundry/Records/TintPalettes/generic/gen_grey_darkgrey_red_a<222>
      5: Libs/Foundry/Records/TintPalettes/Generic/gen_grey_darkgrey_blue_a<222>
      6: Libs/Foundry/Records/TintPalettes/Brand/Derelict_Habs/derelict_habs_root<333>

[Placements]
  #0 objects/buildingsets/human/colonialism/ruin/structure/col_a_ruin_struct_addon_bar_4m_d.cgf
    [1.3284733341257648, 0.013139311422895915, -0.099646435851543216, 0.97563097572128754]
    [0.015783299028605573, -1.3317213813820816, 0.034821013876469277, 10.168923184075538]
    [-0.09926198242205915, -0.035902284480848909, -1.3280819018345631, 35.953551102313213]
  #1 objects/spaceships/derelicts/habs/ext/addon/cable/drlct_cable_support_a.cgf
    [0.087803568313484431, -0.0018140571984924356, -0.58129348209847032, 2.0936050897380483]
    [0.56007773175106523, -0.15712293207838243, 0.085089296353528077, -5.2640568929618894]
    [-0.1556224197545644, -0.5665015120490301, -0.021738653549876787, 15.161828465177678]
  #2 objects/spaceships/derelicts/habs/ext/addon/plate/drlct_hab_plate_grp_d.cgf
    [0.1737526428201617, -0.98465705301294604, 0.016093034467924667, 1.0448319131783137]
    [0.98470151623943514, 0.17349682396196253, -0.016132410991089818, 6.0304064673173343]
    [0.013092811855478411, 0.018649898672333069, 0.99973958521744311, 35.689617613563314]
  #3 objects/buildingsets/human/colonialism/ruin/structure/col_a_ruin_struct_addon_bar_4m_d.cgf
    [1.637436642763582, -0.13182459152141715, -0.2144923369781333, -0.10245740425216354]
    [0.13819041356311362, -0.70919928094533868, 1.4908129440418982, -0.35471230552593624]
    [-0.21044736907689107, -1.4913893192569898, -0.68996612081448516, 17.817901086993515]
  #4 objects/spaceships/derelicts/habs/ext/addon/plate/drlct_hab_plate_grp_g.cgf
    [0.0042917923822801884, 0.99987023728919677, -0.015510857707916345, 0.81958836210378649]
    [0.96162456827013487, 0.00012860306205553695, 0.27436776553737419, 0.66542718160235381]
    [0.27433422648817718, -0.016093155375508462, -0.96149947484782128, 33.94173050543759]
  #5 objects/buildingsets/human/colonialism/col_a/ext/addons/col_a_ext_adn_anten_d.cgf
    [-0.97013831040595611, -0.24201606367891243, 0.016093039485919409, 0.39073250324872788]
    [0.24176396952715595, -0.97020051046556344, -0.016132416021362613, 8.9943551537171516]
    [0.019517787707708543, -0.011759962992224917, 0.99973989694783749, 35.958585579413921]
  #6 objects/spaceships/derelicts/habs/ext/power_sources/drlct_hab_commtower_b_base_pipe_b_01.cgf
    [-0.99986981465221814, -0.00013002488081763914, 0.016093035837991869, 0.83536364389510709]
    [-0.00012962849508278183, -0.9998691801577686, -0.016132412364509307, -0.14129291908193409]
    [0.016093039035737933, -0.016132409174567777, 0.99973967032944733, 10.914005034428556]
  #7 objects/buildingsets/human/colonialism/ruin/structure/col_a_ruin_struct_sheet_4m_bare_b.cgf
    [-1.2498391793353547, -0.020116325451564956, -0.00016254422641146136, 0.96166823395287793]
    [-0.00016203586660839154, 0.02016634633646671, -1.2498383733074399, 1.1168457877411129]
    [0.020116329552797459, -1.2496764857745128, -0.020166342245406421, 15.950484978791792]
  #8 objects/buildingsets/human/colonialism/ruin/structure/col_a_ruin_struct_sheet_4x1m_bare_a.cgf
    [-1.2498391793353547, -0.020116325451564956, -0.00016254422641146136, 0.22246447436009475]
    [-0.00016203586660839154, 0.02016634633646671, -1.2498383733074399, -1.3273897662011223]
    [0.020116329552797459, -1.2496764857745128, -0.020166342245406421, 15.859895054774825]
  #9 objects/buildingsets/human/lowtech/alpha/int/universal/prop/cable_hanging_i.cgf
    [-0.0029223113865825545, 0.99986965269994088, 0.015825969338540077, 2.4770023763003337]
    [-0.98187765842531138, 0.00012986626736685654, -0.18951139970889661, 2.3468102503074988]
    [-0.18948891149888539, -0.016092990526846124, 0.98175011671734214, 34.193970943044405]
  #10 objects/spaceships/derelicts/habs/ext/power_sources/drlct_hab_commtower_b_cage_a_01.cgf
    [0.99986981465221803, 0.00013002488081763914, 0.016093035837991869, 0.83507259635644004]
    [0.00012962849508278183, 0.99986918015776849, -0.016132412364509307, -0.081505147584721271]
    [-0.016093039035737933, 0.016132409174567777, 0.99973967032944733, 10.896403669728898]
  #11 objects/buildingsets/human/lowtech/alpha/int/universal/prop/cable_hanging_h.cgf
    [-0.0069204115410235441, 0.99986978318113584, 0.01452998347433126, 0.77027375010220567]
    [-0.89937142206672172, 0.00012826888502141928, -0.43718374232252616, -0.36623575795783836]
    [-0.4371289842919806, -0.016093354614703854, 0.89925405245873657, 30.869475180224981]
  #12 objects/spaceships/derelicts/habs/ext/addon/ladders/derelict_ladder_1mx05m_a.cgf
    [-0.81267385200073439, 0.53683038250204962, -0.22665983711227652, -0.037259756103594555]
    [-0.58005231870147389, -0.78242043563147312, 0.22662281557264174, -3.7597359295195929]
    [-0.055685266508334892, 0.31564494830700368, 0.9472421806301371, 15.485827042837627]
  #13 objects/buildingsets/human/colonialism/ruin/structure/col_a_ruin_struct_addon_bar_4m_d.cgf
    [1.6271134079353327, 0.077415700665829562, -0.30180233694336867, 0.1915079250729832]
    [-0.26103320359232823, -0.53745884800874277, -1.5451781570085805, -0.28884894449583953]
    [-0.17011616006830776, 1.565158356066416, -0.51567014272311718, 13.733392264461145]
  #14 objects/buildingsets/human/lowtech/alpha/int/stairs/util_stairs_b_rail_cornerin_01x01_a.cgf
    [-0.99987049008415319, -0.00013002496865203075, 0.016093046709157472, -1.9004289191179851]
    [-0.00012962858264940701, -0.99986985558927499, -0.016132423262274535, -4.3459595935510151]
    [0.016093049906905698, -0.016132420072330851, 0.99974034567346726, 15.371128120808862]
  #15 objects/buildingsets/human/lowtech/alpha/int/stairs/util_stairs_structure_4m_d.cgf
    [-0.0093343460114633601, -7.5414544014008517E-05, -0.57992535654946165, 4.3753827561431535]
    [0.0093568131607345614, -0.57992499451711843, -7.51906294329369E-05, -0.67677294677105237]
    [-0.57984987272900967, -0.0093568113586948616, 0.009334347817839957, 5.2959419967373833]
  #16 objects/spaceships/derelicts/habs/ext/power_sources/drlct_hab_commtower_b_base_pipe_addon_a.cgf
    [0.20329168470587405, 1.1520549438301582, -0.018828951525072753, 0.83708264348570083]
    [1.1521069660847481, -0.20299237503311879, 0.018875022304786812, -0.082333112672131392]
    [0.01531867220225324, -0.021820498722523576, -1.1697016013526935, 11.021282390109263]
  #17 objects/spaceships/derelicts/habs/ext/power_sources/drlct_hab_commtower_b_cage_a_01.cgf
    [-0.99986981465221814, -0.00013002488081763914, 0.016093035837991869, 0.67728985352459858]
    [-0.00012962849508278183, -0.9998691801577686, -0.016132412364509307, 0.017167647087262594]
    [0.016093039035737933, -0.016132409174567777, 0.99973967032944733, 1.0940654864534736]
  #18 objects/buildingsets/human/lowtech/alpha/int/stairs/util_stairs_b_rail_straight_02x01_a.cgf
    [-0.99987049008415319, -0.00013002496865203075, 0.016093046709157472, -1.9001696984805676]
    [-0.00012962858264940701, -0.99986985558927499, -0.016132423262274535, -2.352597052310557]
    [0.016093049906905698, -0.016132420072330851, 0.99974034567346726, 15.403290068381466]
  #19 objects/spaceships/derelicts/habs/ext/addon/ladders/derelict_ladder_1mx05m_a.cgf
    [0.86597839582101865, -0.48943418048992876, 0.10264265494588172, 2.7572640419548406]
    [0.50004685299064722, 0.84989252630708334, -0.16624004396187481, 2.1794034341110091]
    [-0.005871665891167728, 0.1952864316086704, 0.98072863058245974, 5.2613985337084159]
  #20 objects/buildingsets/human/lowtech/alpha/int/stairs/util_stairs_b_rail_cornerin_01x01_a.cgf
    [0.00012938498604129039, -0.99987091685942764, 0.016093053576825177, -0.91324288321538916]
    [0.99987028219806895, -0.00013026867566040646, -0.016132430146746084, -1.3325558722954156]
    [0.016132437258296932, 0.016093046447870595, 0.99974077231017577, 15.403863293933682]
  #21 objects/spaceships/derelicts/habs/ext/power_sources/drlct_hab_commtower_b_base_pipe_addon_a.cgf
    [-0.17375233689682487, 0.98465707066846631, 0.016093033892121845, 0.86208178674041847]
    [-0.98470153381549919, -0.17349651803424521, -0.016132410413878119, -0.16807643602260214]
    [-0.013092817063613781, -0.018649894019900734, 0.99973954944713028, 12.573802948871162]
  #22 objects/spaceships/derelicts/habs/ext/power_sources/drlct_hab_commtower_b_base_pipe_a_01.cgf
    [-0.99986981465221814, -0.00013002488081763914, 0.016093035837991869, 0.66450209330650978]
    [-0.00012962849508278183, -0.9998691801577686, -0.016132412364509307, 0.029986696466039575]
    [0.016093039035737933, -0.016132409174567777, 0.99973967032944733, 0.29965781141072512]
  #23 objects/buildingsets/human/colonialism/ruin/structure/col_a_ruin_struct_sheet_4m_bare_b.cgf
    [-1.2498381126051914, -0.00016253121081503843, 0.020116308386446839, -1.0422326968709967]
    [-0.00016203572831175876, -1.2498373194865937, -0.020165529077843171, -3.1280880790327501]
    [0.020116312383632123, -0.020165525090413562, 1.2496754320918342, 15.357143716537394]
  #24 objects/buildingsets/human/lowtech/alpha/int/stairs/util_stairs_b_rail_straight_04x01_a.cgf
    [-0.00012779944945967231, 0.99987091706348719, 0.016093053576827519, -0.3914733591973345]
    [-0.99987028199038497, 0.00013185421123531173, -0.016132430146748436, 3.8688661547921583]
    [-0.016132462777686988, -0.016093020865981092, 0.99974077231032155, 5.5452101324335672]
  #25 objects/buildingsets/human/colonialism/ruin/structure/col_a_ruin_struct_sheet_4m_bare_a.cgf
    [1.2498386459705004, -0.020116317075066989, 0.0001625184033033567, 0.53166953547588491]
    [0.00016203579746010177, 0.020164737636313646, 1.2498378657596871, 1.3687163323966161]
    [-0.02011632096821845, -1.24967597829584, 0.020164733752509861, 2.5775469088694081]
  #26 objects/buildingsets/human/colonialism/ruin/structure/col_a_ruin_struct_sheet_4x1m_bare_a.cgf
    [-0.00088962795776224509, -0.020097231569451476, -1.2498372268425768, -0.16847836216857104]
    [1.2491789528024266, -0.045273630929209809, -0.00016116488736340266, -0.20414422620797268]
    [-0.045265176391261028, -1.249017287062886, 0.020116266565604689, 8.3942747079418041]
  #27 objects/buildingsets/human/lowtech/alpha/int/stairs/util_stairs_structure_4m_d.cgf
    [-0.0093327917253983265, 0.57992488647747509, -7.5395565033759248E-05, 2.2464869988089049]
    [0.0093556301258288389, 7.5165614875524902E-05, -0.57992451851673965, 3.2557420880393693]
    [-0.5798494216823471, -0.0093327935802325606, -0.0093556282755221376, 5.3936687877867371]
  #28 objects/buildingsets/human/colonialism/ruin/structure/col_a_ruin_struct_sheet_4x1m_bare_a.cgf
    [0.00016253121081506727, -0.020116308386446957, -1.2498381126051914, 2.0756390546603143]
    [1.2498373194865935, 0.020165529077843178, -0.00016203572831170743, 0.15383075263889623]
    [0.020165525090413694, -1.2496754320918342, 0.020116312383632179, 15.750940215482842]
  #29 objects/buildingsets/human/colonialism/ruin/structure/col_a_ruin_struct_sheet_4m_bare_c.cgf
    [0.76041382502160904, -0.01223896033437291, 9.8877756002899668E-05, 0.7559558581406236]
    [9.8584133987463679E-05, 0.012268419867805852, 0.76041335033387414, 1.4489645704770737]
    [-0.012238962703003533, -0.76031485644748009, 0.012268417504862445, 7.9970092439907603]
  #30 objects/buildingsets/human/lowtech/alpha/int/stairs/util_stairs_b_rail_cornerin_01x01_a.cgf
    [-0.00013066506223814879, 0.9998709166929638, 0.016093053576825174, 3.3780985482635515]
    [-0.99987028236402464, 0.00012898860027589859, -0.016132430146746084, -3.2602481244421142]
    [-0.016132416655298531, -0.016093067101272333, 0.99974077231017566, 10.288722019991837]
  #31 objects/buildingsets/human/colonialism/ruin/structure/col_a_ruin_struct_sheet_4m_bare_a.cgf
    [-1.2450961616195659, 0.018298113069735084, 0.10908930520454879, 0.7461202908634732]
    [-0.10909201989542758, -0.40688721678467843, -1.1768778497125578, -2.1476535569081534]
    [0.0182819213175104, -1.1817815876916538, 0.40688794462067224, 2.5320713675464503]
  #32 objects/spaceships/derelicts/habs/ext/addon/ladders/derelict_ladder_1mx05m_a.cgf
    [0.57339481814238868, 0.80947121251723919, -0.12639011245986456, 3.1735216771630803]
    [-0.81897148975244705, 0.56209141529692752, -0.11549312410894458, -1.154772791132018]
    [-0.022445565138888429, 0.1697330811882504, 0.98523428668019286, 10.256444323284086]
  #33 objects/buildingsets/human/colonialism/ruin/structure/col_a_ruin_struct_addon_bar_4m_b.cgf
    [0.99605276169261647, -0.087273045581566511, -0.016093019945203849, 1.8208016932221653]
    [-0.0870143252032686, -0.99607475966730552, 0.016132396432834727, -0.87255442457808385]
    [-0.017437803343848365, -0.014668419143320739, -0.9997386830296725, 15.094109696045052]
  #34 objects/buildingsets/human/colonialism/ruin/structure/col_a_ruin_struct_sheet_4x1m_bare_a.cgf
    [0.00016253121081506727, -0.020116308386446957, -1.2498381126051914, 1.8243233212451742]
    [1.2498373194865935, 0.020165529077843178, -0.00016203572831170743, 0.4209808813611744]
    [0.020165525090413694, -1.2496754320918342, 0.020116312383632179, 7.746705095982179]
  #35 objects/buildingsets/human/lowtech/alpha/int/stairs/util_stairs_b_rail_straight_02x01_a.cgf
    [-0.99605376479056018, -0.087273218735909222, 0.016093036271835011, 4.7619348236576116]
    [0.087014498097004012, -0.99607576280954502, -0.016132412799413978, 1.0013394748775681]
    [0.017437822280862422, -0.014668432543334385, 0.9997396972808692, 10.431235617375933]
  #36 objects/buildingsets/human/colonialism/ruin/structure/col_a_ruin_struct_sheet_4m_bare_b.cgf
    [0.10876592466196043, -0.020115106470964803, 1.2450970388573623, -0.69332740115078195]
    [-1.245067921615574, 0.020166812009547487, 0.10908918509425172, -0.055337970054097241]
    [-0.021843173844133441, -1.2496759428877211, -0.018280961992785429, 2.0729883842286654]
  #37 objects/buildingsets/human/lowtech/alpha/int/stairs/util_stairs_structure_4m_d.cgf
    [-0.0093327917253983265, 0.57992488647747509, -7.5395565033759248E-05, 0.4066033128538038]
    [0.0093556301258288389, 7.5165614875524902E-05, -0.57992451851673965, 3.2555035556315488]
    [-0.5798494216823471, -0.0093327935802325606, -0.0093556282755221376, 5.4232819629833102]
  #38 objects/buildingsets/human/colonialism/ruin/structure/col_a_ruin_struct_sheet_4m_bare_a.cgf
    [-1.2450974559668906, -0.020116324540075003, 0.10876664607991283, 0.80450298707637558]
    [-0.10908992017480783, 0.020166300507876461, -1.2450683653148436, -1.2527609147673502]
    [0.018282207982864125, -1.2496764295122642, -0.021842780510890267, 6.1666303279343992]
  #39 objects/spaceships/derelicts/habs/ext/power_sources/drlct_hab_commtower_b_platform_addon_a_01.cgf
    [-0.99987049034353626, -0.00012802522767682597, 0.016093046709178931, 0.9160569872965425]
    [-0.00013162832235544893, -0.99986985532935102, -0.016132423262296049, -0.41986302789428009]
    [0.016093017642054903, -0.016132452258419829, 0.9997403456748003, 15.24673143302789]
  #40 objects/buildingsets/human/colonialism/ruin/structure/col_a_ruin_struct_addon_bar_2m_c.cgf
    [1.5045195924751644, 1.3339763342309965, -0.23453852298375863, 0.88198511386417522]
    [-0.26676238538730546, -0.051834849329260475, -2.0060486936589776, -0.94413615512075921]
    [-1.3279077561315187, 1.5218083556414221, 0.13726144068568408, 12.06533189304173]
  #41 objects/spaceships/derelicts/habs/ext/power_sources/drlct_hab_commtower_b_platform_base_a_01.cgf
    [-0.087272891340016839, 0.9960548233712736, 0.0160930527848605, 0.67677373730748513]
    [-0.99607682130453046, -0.087014170426430726, -0.016132429352843626, 0.13967676515585481]
    [-0.014668454894024354, -0.017437834033582553, 0.99974072311134787, 0.38443190191173926]
  #42 objects/spaceships/derelicts/habs/ext/addon/ladders/derelict_ladder_1mx05m_a.cgf
    [-0.70692360642524155, -0.69356981331971113, 0.13863598474146402, -1.2090899531021932]
    [0.70692274723873405, -0.69916570481616946, 0.10689973891546242, 2.0388810048143569]
    [0.022787093935277666, 0.17357487950568859, 0.9845570156620761, 0.44543580099707469]
  #43 objects/buildingsets/human/colonialism/ruin/structure/col_a_ruin_struct_sheet_4m_bare_c.cgf
    [0.99605323250111377, 0.087275104187907834, 0.016093030386084051, 3.0009868063616523]
    [-0.087016383685971171, 0.99607523101008189, -0.016132406899261729, -0.99117577495053411]
    [-0.017437844139498504, 0.014668393611344414, 0.99973933164328621, 10.333352120826021]
  #44 objects/buildingsets/human/colonialism/ruin/structure/col_a_ruin_struct_addon_bar_4m_c.cgf
    [1.3284733341257648, 0.013139311422895915, -0.099646435851543216, -0.77932940997925471]
    [0.015783299028605573, -1.3317213813820816, 0.034821013876469277, -3.7931963545470353]
    [-0.09926198242205915, -0.035902284480848909, -1.3280819018345631, 29.00987098319456]
  #45 objects/spaceships/derelicts/habs/ext/addon/cable/drlct_cable_support_a.cgf
    [0.053859368159035137, -0.028825201477810647, -0.45923257130800288, -0.56326569730390474]
    [0.26396975362136493, -0.37678130248173786, 0.054608585425077218, -10.326382475610444]
    [-0.37688912953741743, -0.26801350001224883, -0.027379301974282108, 29.795417706598528]
  #46 objects/buildingsets/human/colonialism/ruin/structure/col_a_ruin_struct_sheet_4m_bare_c.cgf
    [0.087274498428812228, -0.99605368113165582, 0.016093036728271438, -2.9751639277174036]
    [0.99607567948301634, 0.087015777810776851, -0.016132413256967217, 1.0846737400033817]
    [0.01466841059922001, 0.017437841584432266, 0.99973972563584246, 20.299475823878311]
  #47 objects/buildingsets/human/colonialism/ruin/structure/col_a_ruin_struct_sheet_2m_bare_a.cgf
    [-1.2491782127052282, 0.045323094042628943, -0.00016251517655982799, 1.097048310691207]
    [0.00089362784450828863, 0.020148290804706086, -1.2498374550993148, 0.9068624655401436]
    [-0.045314574852414961, -1.2490157244351487, -0.020167443613231906, 21.540185150865]
  #48 objects/spaceships/derelicts/habs/ext/addon/ladders/derelict_ladder_1mx05m_a.cgf
    [0.00012938498604129039, -0.99987091685942764, 0.016093053576825177, -2.0476354901293234]
    [0.99987028219806895, -0.00013026867566040646, -0.016132430146746084, 1.5148734940003123]
    [0.016132437258296932, 0.016093046447870595, 0.99974077231017577, 24.250503131188452]
  #49 objects/buildingsets/human/colonialism/ruin/structure/col_a_ruin_struct_addon_bar_4m_c.cgf
    [1.3284733341257648, 0.013139311422895915, -0.099646435851543216, 2.5050153194160885]
    [0.015783299028605573, -1.3317213813820816, 0.034821013876469277, -1.9967110685902298]
    [-0.09926198242205915, -0.035902284480848909, -1.3280819018345631, 29.396450908214319]
  #50 objects/buildingsets/human/colonialism/ruin/structure/col_a_ruin_struct_addon_bar_4m_d.cgf
    [1.3249716120709865, 0.10938976253953653, -0.086174163092780143, -0.76999694868482038]
    [0.11654834861560363, -0.41988193913486932, 1.2589906746876658, 1.1849404615250023]
    [0.076214099536588253, -1.2596328498285014, -0.42715146493011269, 31.607921800750773]
  #51 objects/spaceships/derelicts/habs/ext/power_sources/drlct_hab_commtower_b_base_pipe_addon_01_a.cgf
    [0.99986981465221803, 0.00013002488081763914, 0.016093035837991869, 0.98316541957501613]
    [0.00012962849508278183, 0.99986918015776849, -0.016132412364509307, -0.28945633694002026]
    [-0.016093039035737933, 0.016132409174567777, 0.99973967032944733, 20.095821316994261]
  #52 objects/spaceships/derelicts/habs/ext/addon/antenna/drlct_hab_antenna_d.cgf
    [0.00012938485493820616, -0.99986990371126383, 0.016093037270072566, -0.21678740393872431]
    [0.99986926905054818, -0.00013026854366189814, -0.016132413800094021, -7.6137403062066369]
    [0.016132420911637666, 0.016093030141125206, 0.9997397592938847, 30.221070829487871]
  #53 objects/spaceships/derelicts/habs/ext/power_sources/drlct_hab_commtower_b_platform_addon_a_01.cgf
    [0.087271852306915837, -0.99605485365330682, 0.016093051810716626, 0.64858517251650483]
    [0.99607685131671986, 0.087013131386160306, -0.016132428376316215, -0.33722377628055256]
    [0.014668472103870529, 0.017437817754448359, 0.99974066259509164, 20.015407248109113]
  #54 objects/spaceships/derelicts/habs/ext/addon/plate/drlct_hab_plate_grp_b.cgf
    [-0.087013772068253295, -0.99607681506245904, 0.016093041913690785, 1.283799234516664]
    [0.99605355298344667, -0.08727238220878708, -0.016132418455074279, -10.592563660749875]
    [0.017473611305631402, 0.014625793352332718, 0.9997400477670727, 29.596400981245097]
  #55 objects/buildingsets/human/colonialism/ruin/structure/col_a_ruin_struct_sheet_4m_bare_c.cgf
    [-1.2498391793353547, -0.020116325451564956, -0.00016254422641146136, 0.67552866249207]
    [-0.00016203586660839154, 0.02016634633646671, -1.2498383733074399, -1.9228650672148433]
    [0.020116329552797459, -1.2496764857745128, -0.020166342245406421, 24.180214819149114]
  #56 objects/buildingsets/human/colonialism/ruin/structure/col_a_ruin_struct_sheet_4m_bare_b.cgf
    [-0.99605269730866863, -0.087275127264394195, 0.016093021837388873, -3.3771417161060526]
    [0.087016406901424703, -0.99607469582398711, -0.016132398329649557, 0.42726116668745817]
    [0.017437835899003332, -0.014668384603785983, 0.99973880057694253, 20.178308751725126]
  #57 objects/spaceships/derelicts/habs/ext/addon/ladders/derelict_ladder_1mx01m_a.cgf
    [0.00012938498604129039, -0.99987091685942764, 0.016093053576825177, -0.85081332831123291]
    [0.99987028219806895, -0.00013026867566040646, -0.016132430146746084, -1.14772051431828]
    [0.016132437258296932, 0.016093046447870595, 0.99974077231017577, 35.09263772983104]
  #58 objects/buildingsets/human/colonialism/col_a/ext/nongp/col_a_ext_adn_fluff_a.cgf
    [0.73134794436272987, -0.68181481143647038, 0.016093048632534159, 2.4575407858310427]
    [0.68200427737159031, 0.73117039705964704, -0.016132425190357354, 0.69464126335424226]
    [-0.00076743422765307076, 0.022773941282040154, 0.99974046515844195, 28.624657553562429]
  #59 objects/buildingsets/human/lowtech/alpha/int/stairs/util_stairs_b_rail_straight_02x01_a.cgf
    [0.087274586862315151, -0.99605469041291761, 0.016093053035023494, -1.2882357423213762]
    [0.99607668878656852, 0.087015865982123367, -0.016132429603618721, 2.436296461434722]
    [0.014668425462426917, 0.017437859253848172, 0.99974073865209945, 20.297482441936154]
  #60 objects/spaceships/derelicts/habs/ext/power_sources/drlct_hab_commtower_b_base_pipe_addon_a.cgf
    [0.20329168470587405, 1.1520549438301582, -0.018828951525072753, 1.2322141732875025]
    [1.1521069660847481, -0.20299237503311879, 0.018875022304786812, -0.47843145242222818]
    [0.01531867220225324, -0.021820498722523576, -1.1697016013526935, 35.567842114309315]
  #61 objects/buildingsets/human/colonialism/ruin/structure/col_a_ruin_struct_addon_bar_4m_d.cgf
    [-0.073725029663742794, 1.3262111138338815, -0.10329377541197832, 1.7300359428281809]
    [0.075660607822340215, 0.10746548887410938, 1.3257705471231764, -2.3327498897970145]
    [1.3280741677027372, 0.067499279543032684, -0.081263490179399073, 28.95001164713176]
  #62 objects/spaceships/derelicts/habs/ext/addon/tarp/drlct_hab_tarp_triangle_1_a.cgf
    [0.056581208277077563, -0.47841159137822054, -0.081667741792901163, -2.1328951175364637]
    [0.47744344760839108, 0.069631949226632531, -0.077122304992788049, 3.8553713896826594]
    [0.087149441480751461, -0.070869209298154809, 0.47553257929161369, 37.966039419465233]
  #63 objects/buildingsets/human/lowtech/alpha/int/universal/prop/cable_hanging_j.cgf
    [0.13110583947039745, 1.6427558138270573, -0.046163394477677727, 2.4083954762118083]
    [-1.593885493762994, 0.13838774084653607, 0.39792503056584017, -7.776948007165629]
    [0.40038326091907889, 0.012985889123633668, 1.5992157687613673, 29.84983831102727]
  #64 objects/spaceships/derelicts/habs/ext/addon/ladders/derelict_ladder_1mx04m_a.cgf
    [0.00012938498604129039, -0.99987091685942764, 0.016093053576825177, -0.94382643912013009]
    [0.99987028219806895, -0.00013026867566040646, -0.016132430146746084, -1.0544798185301261]
    [0.016132437258296932, 0.016093046447870595, 0.99974077231017577, 29.314430456084665]
  #65 objects/spaceships/derelicts/habs/ext/addon/ladders/derelict_ladder_1mx04m_a.cgf
    [0.00012938498604129039, -0.99987091685942764, 0.016093053576825177, -2.1120076769657317]
    [0.99987028219806895, -0.00013026867566040646, -0.016132430146746084, 1.5794031870482286]
    [0.016132437258296932, 0.016093046447870595, 0.99974077231017577, 20.251541748526506]
  #66 objects/spaceships/derelicts/habs/ext/addon/cable/drlct_cable_support_a.cgf
    [0.035832172037339245, -0.2256645190692699, -0.67850584102885336, -4.3068514245924234]
    [0.6824697004150414, -0.19193321590858295, 0.099876647302274413, 2.908766008146813]
    [-0.21337703600069097, -0.65177892071942178, 0.20550687346980748, 20.245006618322805]
  #67 objects/buildingsets/human/colonialism/col_a/ext/nongp/col_a_ext_adn_fluff_a.cgf
    [0.12198270819434952, -0.99240198665894253, 0.016093050495024373, 2.3267616297725908]
    [0.99243300072512008, 0.12172491267711262, -0.016132427057404714, 0.80258401177252381]
    [0.014050924189723299, 0.017939147315648437, 0.99974058086099571, 24.80274519068189]
  #68 objects/buildingsets/human/colonialism/ruin/structure/col_a_ruin_struct_sheet_4m_bare_b.cgf
    [-0.96583382338443324, 0.25865929751035427, 0.016093035382623959, 1.8292759347914398]
    [-0.25890993921737748, -0.96576600739011953, -0.016132411908027198, 2.2253126482619336]
    [0.011369316198886084, -0.019747889785148968, 0.99973964204085242, 36.00535511795897]
  #69 objects/spaceships/derelicts/habs/ext/addon/tarp/drlct_hab_tarp_roll_attach_1_a.cgf
    [0.23058672552784346, 0.78893038708037311, 0.10183352719565379, 3.9686801794714484]
    [0.7886533482732051, -0.2405842389282751, 0.078080606723523502, 4.4069302977222833]
    [0.10395729496941555, 0.075229842682697626, -0.81822051581595434, 38.777233094908297]
  #70 objects/buildingsets/human/colonialism/ruin/structure/col_a_ruin_struct_sheet_4m_bare_c.cgf
    [-0.99986882722391834, 0.0012730563378304813, 0.016043114565248168, 1.2150236567695174]
    [-0.00012962836706727156, -0.99746948008529379, 0.071072451388613275, 2.4664579313202921]
    [0.016093023142946753, 0.071061167155212518, 0.99734046292135703, 35.864022868743632]
  #71 objects/buildingsets/human/colonialism/ruin/structure/col_a_ruin_struct_addon_bar_4m_d.cgf
    [1.3249716120709865, 0.10938976253953653, -0.086174163092780143, 2.2212723433603969]
    [0.11654834861560363, -0.41988193913486932, 1.2589906746876658, 1.2909825118686058]
    [0.076214099536588253, -1.2596328498285014, -0.42715146493011269, 31.56148182117613]
  #72 objects/buildingsets/human/colonialism/ruin/structure/col_a_ruin_struct_addon_bar_4m_d.cgf
    [0.52621246820617251, 0.14523256098596746, -0.95498920852472979, 2.9000696723805959]
    [0.94164752295309662, 0.16537435789483121, 0.54401076380163127, 0.36873621631548303]
    [0.21539922860941252, -1.0777547364058273, -0.045214459348094017, 37.432455260190181]
  #73 objects/buildingsets/human/colonialism/col_a/ext/nongp/col_a_ext_adn_fluff_a.cgf
    [0.99926596196424766, -0.03476422879885422, 0.016093046713155177, 1.9603237916753642]
    [0.035023702040525198, 0.99925626628596032, -0.016132423266282024, -1.7215804221941653]
    [-0.015520246514388584, 0.016684219522856956, 0.99974034592181471, 31.918762107437942]
  #74 objects/buildingsets/human/colonialism/ruin/structure/col_a_ruin_struct_addon_bar_4m_b.cgf
    [1.0888482984272732, -0.014436973649865039, -0.0099360425368675113, 2.0603293186604787]
    [0.00014116414380173096, -0.61014733589491266, 0.90200774758893021, -0.39778326303985523]
    [-0.017525159689596063, -0.90189221663655783, -0.61006644432035473, 32.069769979745615]
  #75 objects/buildingsets/human/lowtech/alpha/int/stairs/util_stairs_b_rail_cornerin_01x01_a.cgf
    [0.087274586862315151, -0.99605469041291761, 0.016093053035023494, -3.2739929382187256]
    [0.99607668878656852, 0.087015865982123367, -0.016132429603618721, 2.6097724009023295]
    [0.014668425462426917, 0.017437859253848172, 0.99974073865209945, 20.33224693936063]
  #76 objects/buildingsets/human/lowtech/alpha/int/universal/prop/cable_hanging_n.cgf
    [-0.35747121520729785, 2.1705169604396604, 0.032717318764345145, 0.95597505565547181]
    [-2.0013418762460673, -0.31669207142207945, -0.85693453337311332, -0.16406224638467393]
    [-0.84074074058964254, -0.16900362288218115, 2.0259794546763321, 32.245936633320525]
  #77 objects/spaceships/derelicts/habs/ext/addon/antenna/drlct_hab_antenna_c.cgf
    [0.00012938485493820616, -0.99986990371126383, 0.016093037270072566, 3.6408209314640771]
    [0.99986926905054818, -0.00013026854366189814, -0.016132413800094021, 0.031023839958834287]
    [0.016132420911637666, 0.016093030141125206, 0.9997397592938847, 35.94812178297434]
  #78 objects/buildingsets/human/colonialism/col_a/ext/nongp/col_a_ext_adn_fluff_a.cgf
    [-0.66894588810871947, -0.74313609016571824, 0.016093037339583133, -0.54221659066843131]
    [0.74296187687739412, -0.66913842387410494, -0.016132413869774671, -1.8056153487104893]
    [0.022757061858323161, 0.0011648019811832048, 0.99973976361205519, 22.712665516883135]
  #79 objects/spaceships/derelicts/habs/ext/addon/antenna/drlct_hab_antenna_d.cgf
    [0.00012938485493820616, -0.99986990371126383, 0.016093037270072566, -0.21875298177292279]
    [0.99986926905054818, -0.00013026854366189814, -0.016132413800094021, -9.2413522427905264]
    [0.016132420911637666, 0.016093030141125206, 0.9997397592938847, 30.085838023282122]
  #80 objects/spaceships/derelicts/habs/ext/addon/antenna/drlct_hab_antenna_b.cgf
    [0.99605340769401274, 0.087273102183497112, 0.01609303038251576, 2.5411071259959499]
    [-0.087014381637403146, 0.99607540568296893, -0.016132406895684709, 1.5880707686674214]
    [-0.01743781465333491, 0.014668428656691528, 0.9997393314216152, 35.979778688459191]
  #81 objects/buildingsets/human/colonialism/ruin/structure/col_a_ruin_struct_addon_bar_4m_d.cgf
    [1.3284733341257648, 0.013139311422895915, -0.099646435851543216, -0.61419612436748139]
    [0.015783299028605573, -1.3317213813820816, 0.034821013876469277, -9.4017808437774875]
    [-0.09926198242205915, -0.035902284480848909, -1.3280819018345631, 29.90459674608428]
  #82 objects/spaceships/derelicts/habs/ext/power_sources/drlct_hab_commtower_b_base_pipe_addon_a.cgf
    [0.20329170928665224, -1.1520550831295453, 0.018828953801753583, 0.99751186045159557]
    [1.1521071053904253, 0.20299239957770646, -0.018875024587038238, -0.24315486870727909]
    [0.015318674054492719, 0.021820501360923863, 1.1697017427858056, 20.987546934338752]
  #83 objects/spaceships/derelicts/habs/ext/power_sources/drlct_hab_commtower_b_platform_addon_a_01.cgf
    [0.00012938498604129039, -0.99987091685942764, 0.016093053576825177, 0.50139499702163448]
    [0.99987028219806895, -0.00013026867566040646, -0.016132430146746084, -0.28453538457051764]
    [0.016132437258296932, 0.016093046447870595, 0.99974077231017577, 29.105711314710788]
  #84 objects/spaceships/derelicts/habs/ext/addon/ladders/derelict_ladder_1mx02m_a.cgf
    [0.00012938498604129039, -0.99987091685942764, 0.016093053576825177, -0.87945425228281238]
    [0.99987028219806895, -0.00013026867566040646, -0.016132430146746084, -1.1190095115798613]
    [0.016132437258296932, 0.016093046447870595, 0.99974077231017577, 33.313391838746611]
  #85 objects/buildingsets/human/lowtech/alpha/int/universal/prop/cable_hanging_k.cgf
    [-0.0026829165782973714, 1.7500450644230807, 0.02804265528188991, 0.75102775413506606]
    [-1.7409236552648324, 0.00022586977609132325, -0.18065461962094573, -9.6695855232283066]
    [-0.18063483763155497, -0.028169798356915146, 1.7406978008725589, 29.598772387311328]
  #86 objects/buildingsets/human/colonialism/ruin/structure/col_a_ruin_struct_addon_bar_4m_b.cgf
    [0.99986990362823669, -0.016093037353300893, 0.00013001459090150402, 2.0910761739169175]
    [0.00012962850661810981, 0.016131773763047731, 0.9998692794602182, -1.3887969182123925]
    [-0.016093040467818908, -0.99973976962037026, 0.016131770656007849, 23.212120790500194]
  #87 objects/buildingsets/human/colonialism/col_a/ext/addons/col_a_ext_adn_anten_a.cgf
    [-0.17402766169557199, -1.9921549758642954, 0.032186105569720992, 0.40217049677085015]
    [1.9921084516748426, -0.17454488232603216, -0.032264858705687252, 6.560714925188222]
    [0.034947246218806356, 0.02925160646469372, 1.9994814462226957, 35.983319415186998]
  #88 objects/spaceships/derelicts/habs/ext/power_sources/drlct_hab_commtower_b_base_pipe_addon_a.cgf
    [-0.17375233689682487, 0.98465707066846631, 0.016093033892121845, 1.2223743648391974]
    [-0.98470153381549919, -0.17349651803424521, -0.016132410413878119, -0.52925057993616065]
    [-0.013092817063613781, -0.018649894019900734, 0.99973954944713028, 34.956079784431495]
  #89 objects/buildingsets/human/colonialism/ruin/structure/col_a_ruin_struct_addon_bar_4m_d.cgf
    [-1.189390384783034, 0.53912103303197434, 0.26389888608092849, 0.22535273818539281]
    [0.22748013652232627, -0.13718972887438044, 1.3055172781413922, 1.0590589078401536]
    [0.5554699792248019, 1.2105664326175836, 0.030423874606750681, 31.589868129522074]
  #90 objects/spaceships/derelicts/habs/ext/addon/plate/drlct_hab_plate_grp_e.cgf
    [-0.00013066497397136155, 0.99987024126074064, 0.016093042705654929, 0.95315343498077709]
    [-0.99986960693223004, 0.00012898851314159399, -0.016132419248976206, -1.6773292849093195]
    [-0.016132405757537757, -0.016093056230092957, 0.99974009696586763, 29.931495422730222]
  #91 objects/buildingsets/human/colonialism/ruin/structure/col_a_ruin_struct_sheet_4x1m_bare_a.cgf
    [0.00016253121081506727, -0.020116308386446957, -1.2498381126051914, -0.4192004718033786]
    [1.2498373194865935, 0.020165529077843178, -0.00016203572831170743, -0.42966791773324076]
    [0.020165525090413694, -1.2496754320918342, 0.020116312383632179, 25.915510811726563]
  #92 objects/spaceships/derelicts/habs/ext/addon/tarp/drlct_hab_tarp_roll_attach_1_a.cgf
    [0.068959452861127341, 0.59358350173663776, -0.053883232129475718, -2.1564158018472881]
    [-0.59172415368109155, 0.074685494100256808, 0.065458271432649803, 3.7907918687578785]
    [0.071465391547544901, 0.045616727355494505, 0.59397979290030112, 37.996113923669327]
  #93 objects/spaceships/derelicts/habs/ext/addon/tarp/drlct_hab_tarp_roll_attach_1_a.cgf
    [-0.012567943059569261, -0.69011641987955707, 0.16849848655751365, 2.6125277974961136]
    [-0.70618898303841804, 0.030435342278841954, 0.071980388494597258, 0.057672842949614278]
    [-0.077133217194117129, -0.16620283723598375, -0.68646736983799361, 39.19104310387047]
  #94 objects/buildingsets/human/colonialism/col_a/ext/nongp/col_a_ext_adn_fluff_a.cgf
    [-0.66894588810871947, -0.74313609016571824, 0.016093037339583133, -0.48251656933825871]
    [0.74296187687739412, -0.66913842387410494, -0.016132413869774671, -1.8654614443739774]
    [0.022757061858323161, 0.0011648019811832048, 0.99973976361205519, 26.421380282903556]
  #95 objects/spaceships/derelicts/habs/ext/addon/plate/drlct_hab_plate_grp_d.cgf
    [-0.00013066497397136155, 0.99987024126074064, 0.016093042705654929, 1.0471812851010327]
    [-0.99986960693223004, 0.00012898851314159399, -0.016132419248976206, 0.2792042046212373]
    [-0.016132405757537757, -0.016093056230092957, 0.99974009696586763, 35.789259848417714]
  #96 objects/buildingsets/human/colonialism/ruin/structure/col_a_ruin_struct_sheet_4m_bare_b.cgf
    [-0.86584783024313572, -0.50004727423410511, 0.016093036469377993, -0.70676342530441616]
    [0.4998220905198818, -0.86597710738086142, -0.016132412997440303, 1.70433676306493]
    [0.022003184317232527, -0.0059245634291991024, 0.9997397095527335, 29.383151630405337]
  #97 objects/buildingsets/human/colonialism/ruin/structure/col_a_ruin_struct_sheet_4m_bare_b.cgf
    [1.230821924598289, 0.21719287662886816, 0.020116308525483375, 3.8987368094149133]
    [-0.21687310289675762, 1.230877504169352, -0.0201655292172199, 2.2354949064183529]
    [-0.023312416583176437, 0.016365991273229522, 1.2496754407291315, 35.975042581150774]
  #98 objects/spaceships/derelicts/habs/ext/addon/antenna/drlct_hab_antenna_c.cgf
    [0.00012938485493820616, -0.99986990371126383, 0.016093037270072566, 1.8486907248043281]
    [0.99986926905054818, -0.00013026854366189814, -0.016132413800094021, 6.2034194531515823]
    [0.016132420911637666, 0.016093030141125206, 0.9997397592938847, 35.889712150325067]
  #99 objects/buildingsets/human/colonialism/ruin/structure/col_a_ruin_struct_sheet_4m_bare_c.cgf
    [-0.99986882722391834, 0.0012730563378304813, 0.016043114565248168, 1.2150236567695174]
    [-0.00012962836706727156, -0.99746948008529379, 0.071072451388613275, 2.4664579313202921]
    [0.016093023142946753, 0.071061167155212518, 0.99734046292135703, 35.864022868743632]
  #100 objects/buildingsets/human/lowtech/alpha/int/universal/prop/cable_hanging_m.cgf
    [-0.34438739013772701, 2.1725888394469184, 0.035404697026437455, -0.2334077378609436]
    [-2.172676820364559, -0.34382296667986095, -0.035491325429265717, 5.1113749256674055]
    [-0.029515963670391415, -0.04052079269792247, 2.1994284042892729, 35.521393498056568]
  #101 objects/spaceships/derelicts/habs/ext/addon/antenna/drlct_hab_antenna_d.cgf
    [0.00029048809596024332, -2.2448555101426293, 0.036131243931395989, 0.011022808472262113]
    [2.2448540852356493, -0.00029247210757342185, -0.036219650053093286, -1.4900269625723013]
    [0.036219666019558401, 0.036131227925856969, 2.244563316716881, 35.99918731773505]
  #102 objects/spaceships/derelicts/habs/ext/addon/antenna/drlct_hab_antenna_c.cgf
    [0.00012938485493820616, -0.99986990371126383, 0.016093037270072566, 0.052997159375991032]
    [0.99986926905054818, -0.00013026854366189814, -0.016132413800094021, -6.7454737328589545]
    [0.016132420911637666, 0.016093030141125206, 0.9997397592938847, 30.250846149167046]
  #103 objects/buildingsets/human/colonialism/ruin/structure/col_a_ruin_struct_addon_bar_4m_b.cgf
    [0.00012938491015312964, 0.99987033040271467, -0.016093044137727441, 1.1008497557586452]
    [0.99986969574172813, 0.00013026859925282288, 0.016132420684552715, -1.6339767915187622]
    [0.016132427796099393, -0.01609303700877705, -0.9997401859297973, 22.467267800762784]
  #104 objects/spaceships/derelicts/habs/ext/power_sources/drlct_hab_commtower_b_base_pipe_b_01.cgf
    [-0.17375233689682487, 0.98465707066846631, 0.016093033892121845, 1.0024560742003814]
    [-0.98470153381549919, -0.17349651803424521, -0.016132410413878119, -0.30879419204211445]
    [-0.013092817063613781, -0.018649894019900734, 0.99973954944713028, 21.294205070589669]
  #105 objects/buildingsets/human/colonialism/ruin/structure/col_a_ruin_struct_addon_bar_2m_c.cgf
    [0.00017731676514756231, 1.3702816885983642, -0.022054863541006716, 1.0815263440144918]
    [1.3702808188212521, 0.00017852782639690321, 0.0221088274995664, -1.4996926338153571]
    [0.022108837245662174, -0.022054853771059819, -1.37010333088268, 22.018533586408012]
  #106 objects/spaceships/derelicts/habs/ext/addon/antenna/drlct_hab_antenna_d.cgf
    [0.00012938485493820616, -0.99986990371126383, 0.016093037270072566, 1.8511546694335266]
    [0.99986926905054818, -0.00013026854366189814, -0.016132413800094021, -0.096516771599453932]
    [0.016132420911637666, 0.016093030141125206, 0.9997397592938847, 35.992052833375055]
  #107 objects/buildingsets/human/colonialism/col_a/ext/tradingpost/col_a_trdpst_tarp_pole_b.cgf
    [0.16391563970478121, 0.93360357263860583, 0.24882900399154081, 3.144681091847815]
    [-0.96569621534011729, 0.15020169379207179, 0.072595536161561725, 4.1433334531011496]
    [0.031021343439062998, -0.25733958372011595, 0.94509991848100994, 35.760244920733385]
  #108 objects/spaceships/derelicts/habs/ext/power_sources/drlct_hab_commtower_b_cage_a_01.cgf
    [-0.00013066497397136155, 0.99987024126074064, 0.016093042705654929, 0.99599532748197817]
    [-0.99986960693223004, 0.00012898851314159399, -0.016132419248976206, -0.30231763713436521]
    [-0.016132405757537757, -0.016093056230092957, 0.99974009696586763, 20.89284731191583]
  #109 objects/buildingsets/human/colonialism/ruin/structure/col_a_ruin_struct_sheet_4m_bare_b.cgf
    [-1.2498391793353547, -0.020116325451564956, -0.00016254422641146136, 0.72437600063040009]
    [-0.00016203586660839154, 0.02016634633646671, -1.2498383733074399, -1.7540515487553421]
    [0.020116329552797459, -1.2496764857745128, -0.020166342245406421, 21.08663682686165]
  #110 objects/buildingsets/human/colonialism/ruin/structure/col_a_ruin_struct_sheet_4m_bare_b.cgf
    [1.082310316336407, 0.62505983541645882, 0.020116308930932979, 2.6597659677381671]
    [-0.62477835563593032, 1.0824719129510607, -0.020165529623661565, -1.1388278223603265]
    [-0.02750400088565844, 0.0074057008641455393, 1.249675465916676, 35.78373071923852]
  #111 objects/buildingsets/human/colonialism/col_a/ext/nongp/col_a_ext_adn_fluff_a.cgf
    [-0.66894588810871947, -0.74313609016571824, 0.016093037339583133, -0.51021257398042508]
    [0.74296187687739412, -0.66913842387410494, -0.016132413869774671, -1.8376976729987291]
    [0.022757061858323161, 0.0011648019811832048, 0.99973976361205519, 24.700835146009922]
  #112 objects/spaceships/derelicts/habs/ext/power_sources/drlct_hab_commtower_b_base_pipe_addon_a.cgf
    [-0.17375233689682487, 0.98465707066846631, 0.016093033892121845, 1.0030810154812571]
    [-0.98470153381549919, -0.17349651803424521, -0.016132410413878119, -0.30942066243460431]
    [-0.013092817063613781, -0.018649894019900734, 0.99973954944713028, 21.333027987391688]
  #113 objects/buildingsets/human/colonialism/col_a/ext/tradingpost/col_a_trdpst_tarp_pole_b.cgf
    [0.12075627861126477, 0.94247002318094142, -0.23993304300677801, -1.3770150009249846]
    [-0.96687951636149094, 0.14237183144982415, 0.072621973227187206, 3.5421137371222358]
    [0.10469771039400071, 0.2277722668811035, 0.94739530947926665, 34.892266281938646]
  #114 objects/spaceships/derelicts/habs/ext/power_sources/drlct_hab_commtower_b_base_pipe_addon_01_a.cgf
    [-0.99986981465221814, -0.00013002488081763914, 0.016093035837991869, 1.0524640742423799]
    [-0.00012962849508278183, -0.9998691801577686, -0.016132412364509307, -0.35892455192879424]
    [0.016093039035737933, -0.016132409174567777, 0.99973967032944733, 24.400827213248704]
  #115 objects/buildingsets/human/colonialism/col_a/ext/nongp/col_a_ext_adn_fluff_a.cgf
    [0.99926596196424766, -0.03476422879885422, 0.016093046713155177, 2.3730531610990511]
    [0.035023702040525198, 0.99925626628596032, -0.016132423266282024, -0.39750335556345817]
    [-0.015520246514388584, 0.016684219522856956, 0.99974034592181471, 34.967628257465549]
  #116 objects/spaceships/derelicts/habs/ext/addon/plate/drlct_hab_plate_grp_b.cgf
    [-0.087272860051283846, -0.99605446626962391, -0.01609304701524264, 0.84283288425103819]
    [-0.99607646419499418, 0.087014139230452661, 0.016132423569108635, 6.9923168795376114]
    [-0.014668449635147719, 0.017437827781839017, -0.99974036468824434, 35.999926912481897]
  #117 objects/buildingsets/human/colonialism/ruin/structure/col_a_ruin_struct_sheet_4m_bare_b.cgf
    [-1.2498381126051914, -0.00016253121081503843, 0.020116308386446839, -1.9538170599025761]
    [-0.00016203572831175876, -1.2498373194865937, -0.020165529077843171, -0.316157749721242]
    [0.020116312383632123, -0.020165525090413562, 1.2496754320918342, 20.156557325040922]
  #118 objects/spaceships/derelicts/habs/ext/power_sources/drlct_hab_commtower_b_base_pipe_addon_a.cgf
    [-0.17375233689682487, 0.98465707066846631, 0.016093033892121845, 1.1401102183463081]
    [-0.98470153381549919, -0.17349651803424521, -0.016132410413878119, -0.4467851490881003]
    [-0.013092817063613781, -0.018649894019900734, 0.99973954944713028, 29.845625080692116]
  #119 objects/spaceships/derelicts/habs/ext/power_sources/drlct_hab_commtower_b_platform_addon_a_01.cgf
    [0.99987049008415307, 0.00013002496865203075, 0.016093046709157472, 1.1042423033914019]
    [0.00012962858264940701, 0.99986985558927488, -0.016132423262274535, -0.092281999674014514]
    [-0.016093049906905698, 0.016132420072330851, 0.99974034567346726, 29.28598498669453]
  #120 objects/buildingsets/human/colonialism/ruin/structure/col_a_ruin_struct_sheet_4x1m_bare_a.cgf
    [0.00016253121081506727, -0.020116308386446957, -1.2498381126051914, 2.3455534187733065]
    [1.2498373194865935, 0.020165529077843178, -0.00016203572831170743, -0.42930948018329218]
    [0.020165525090413694, -1.2496754320918342, 0.020116312383632179, 25.871011726325378]
  #121 objects/spaceships/derelicts/habs/ext/power_sources/drlct_hab_commtower_b_cage_b_01.cgf
    [-0.087272832385483751, 0.99605415051689528, 0.016093041913690789, 1.1318888601326762]
    [-0.99607614843529213, -0.08701411164666864, -0.016132418455074279, -0.43854367481071677]
    [-0.014668444985198186, -0.01743782225398699, 0.9997400477670727, 29.334893728722818]
  #122 objects/buildingsets/human/colonialism/col_a/ext/nongp/col_a_ext_adn_fluff_a.cgf
    [0.99926596196424766, -0.03476422879885422, 0.016093046713155177, 2.3731681248382301]
    [0.035023702040525198, 0.99925626628596032, -0.016132423266282024, 4.181669309325116]
    [-0.015520246514388584, 0.016684219522856956, 0.99974034592181471, 35.011655990907457]
  #123 objects/buildingsets/human/colonialism/ruin/structure/col_a_ruin_struct_addon_bar_4m_d.cgf
    [-1.3271627714273695, 0.10254280939224325, 0.055376980506060873, 2.8596902293747917]
    [0.10268623474207618, 1.3283058581048759, 0.0013206474029190903, 13.836054313334898]
    [-0.055110569970903085, 0.0055838299592374614, -1.3311176903306736, 36.119623681704979]
  #124 objects/buildingsets/human/colonialism/ruin/structure/col_a_ruin_struct_addon_bar_4m_d.cgf
    [1.3284733341257648, 0.013139311422895915, -0.099646435851543216, 0.97616903009475209]
    [0.015783299028605573, -1.3317213813820816, 0.034821013876469277, 14.306469635440408]
    [-0.09926198242205915, -0.035902284480848909, -1.3280819018345631, 36.020308427861892]
  #125 objects/buildingsets/human/colonialism/ruin/structure/col_a_ruin_struct_addon_bar_4m_d.cgf
    [1.3284733341257648, 0.013139311422895915, -0.099646435851543216, 0.97880351587718906]
    [0.015783299028605573, -1.3317213813820816, 0.034821013876469277, 17.585358355634526]
    [-0.09926198242205915, -0.035902284480848909, -1.3280819018345631, 36.210401810181793]
  #126 objects/buildingsets/human/colonialism/col_a/ext/addons/col_a_ext_adn_fluff_a.cgf
    [-0.087013830847785995, -0.99607748793214768, 0.016093052784860496, 0.86821794931802287]
    [0.99605422583742131, -0.087272441163016079, -0.016132429352843626, 11.08661164356181]
    [0.017473623109403178, 0.01462580323234686, 0.99974072311134787, 35.981379469565582]
  #127 objects/buildingsets/human/colonialism/ruin/structure/col_a_ruin_struct_addon_bar_4m_d.cgf
    [1.2794943567242323, 0.35741477464121701, -0.10044609891159317, 1.9413039466408009]
    [0.35944250423057977, -1.282786984354267, 0.014113388369952512, 14.47227641104746]
    [-0.092929145432631435, -0.040654402553714969, -1.3284020258527565, 36.14467362355208]
  #128 objects/buildingsets/human/colonialism/col_a/ext/addons/col_a_ext_adn_pole_a.cgf
    [-0.17402766169557199, -1.9921549758642954, 0.032186105569720992, 0.94787062251361931]
    [1.9921084516748426, -0.17454488232603216, -0.032264858705687252, 10.293936227980339]
    [0.034947246218806356, 0.02925160646469372, 1.9994814462226957, 36.090408149873838]
  #129 objects/buildingsets/human/colonialism/ruin/structure/col_a_ruin_struct_sheet_4m_bare_c.cgf
    [-0.9998694769364217, -0.00013002483690046558, 0.01609303040241182, 2.196747886596313]
    [-0.00012962845129949144, -0.99986884244218643, -0.016132406915629449, 13.544759518345018]
    [0.016093033600156806, -0.016132403725688998, 0.99973933265760839, 36.204179108142853]
  #130 objects/spaceships/derelicts/habs/ext/addon/plate/drlct_hab_plate_grp_g.cgf
    [-0.014464352310704405, 0.84371792414688829, 0.10213360087339272, -40402.375739204377]
    [0.32849791537800466, 0.099759653901815917, -0.77758443688615775, 287277.80117365677]
    [-0.78382416876899441, 0.0262393096045529, -0.32776759529724608, -246396.04942384339]
  #131 objects/spaceships/derelicts/habs/ext/addon/plate/drlct_hab_plate_grp_b.cgf
    [-0.018858307524051449, -0.99260896219993766, 0.11988193745628685, -40402.630702517446]
    [-0.10212045225216315, -0.11736392185295234, -0.98782437184435257, 287280.13260434044]
    [0.9945932052853188, -0.030871095514069229, -0.099152397815782542, -246400.74934543527]
