# IncludedObjects
# Cgfs: 40, Materials: 2, Palettes: 2, Placements: 119

[CGFs]
      0: data/objects/planets/geology/scree/angular_01/angular_01_plt_c.cgf
      1: data/objects/planets/geology/scree/angular_01/angular_01_pil_b.cgf
      2: data/objects/planets/geology/scree/angular_01/angular_01_plt_b.cgf
      3: data/objects/planets/geology/scree/angular_01/angular_01_grdc_a.cgf
      4: objects/buildingsets/human/lowtech/bravo/int/roomlg/pillar/roomlg_pillar_circular_24x01x24_b.cgf
      5: objects/buildingsets/human/lowtech/delta/int/common/floor/lt_delta_walkway_straight_04x04_c.cgf
      6: objects/buildingsets/human/lowtech/delta/int/common/wall/wall_c/lt_delta_wall_c_pillar_01x01x08_a.cgf
      7: objects/buildingsets/human/lowtech/delta/int/common/railing/lt_delta_railing_straight_2m_b.cgf
      8: data/objects/planets/geology/scree/angular_01/angular_01_plt_f.cgf
      9: objects/buildingsets/human/lowtech/bravo/int/roomsm/floor/roomsm_floor_end_01x02x0025_b.cgf
     10: objects/buildingsets/human/lowtech/delta/int/common/wall/wall_b/lt_delta_b_strght_02x01x04_a.cgf
     11: objects/buildingsets/human/lowtech/delta/int/common/pillar/set_a/lt_delta_pillar_set_a_pillar_04m_a.cgf
     12: objects/buildingsets/human/lowtech/delta/int/common/gantry/gantry_straight_08x01x02_a.cgf
     13: objects/buildingsets/human/lowtech/delta/int/common/railing/lt_delta_railing_cnr_out_1m_a.cgf
     14: objects/buildingsets/human/lowtech/delta/int/common/wall/wall_f/lt_delta_wall_set_f_wall_straight_06m_b.cgf
     15: objects/buildingsets/human/lowtech/delta/int/common/railing/lt_delta_railing_straight_4m_b.cgf
     16: objects/buildingsets/human/lowtech/delta/int/common/wall/wall_b/lt_delta_b_cornerin_01x01x04_a.cgf
     17: data/objects/buildingsets/human/lowtech/bravo/int/walkway/bracket/walkway_bracket_01x01x01_a.cgf
     18: objects/buildingsets/human/lowtech/delta/int/common/wall/wall_b/lt_delta_b_door_04x01x04_a.cgf
     19: objects/buildingsets/human/lowtech/delta/int/common/pillar/set_b/lt_delta_pillar_set_b_pillar_04m_a.cgf
     20: objects/buildingsets/human/lowtech/bravo/int/roomlg/wall/roomlg_wall_straight_mid_rock_08x02x08_a.cgf
     21: objects/buildingsets/human/lowtech/delta/int/common/wall/wall_b/lt_delta_b_door_04x01x04_b.cgf
     22: objects/buildingsets/human/utilitarian/int/grating/util_grating_str_02m_panel_addon_a.cgf
     23: data/objects/buildingsets/human/lowtech/bravo/int/walkway/bracket/walkway_bracket_piece_arm_a.cgf
     24: objects/buildingsets/human/utilitarian/int/grating/util_grating_str_02m_b.cgf
     25: objects/buildingsets/human/lowtech/delta/int/common/wall/wall_b/lt_delta_b_strght_window_04x01x04_a.cgf
     26: Data/ObjectContainers/PU/loc/mod/station/nyx/int/module/security/security_24x32x16_001_base//Brush/designer_451.cgf
     27: Data/ObjectContainers/PU/loc/mod/station/nyx/int/module/security/security_24x32x16_001_base//Brush/designer_450.cgf
     28: Data/ObjectContainers/PU/loc/mod/station/nyx/int/module/security/security_24x32x16_001_base//Brush/designer_449.cgf
     29: Data/ObjectContainers/PU/loc/mod/station/nyx/int/module/security/security_24x32x16_001_base//Brush/designer_448.cgf
     30: data/objects/planets/geology/scree/angular_01/angular_01_bld_c.cgf
     31: data/objects/buildingsets/human/lowtech/bravo/int/roomsm/addon/roomsm_addon_identation_wall_c.cgf
     32: data/objects/planets/geology/scree/angular_01/destr/plr_destr_a/angular_01_plr_destr_a.cgf
     33: data/objects/planets/geology/scree/angular_01/destr/plr_destr_b/angular_01_plr_destr_b.cgf
     34: data/objects/planets/geology/scree/angular_01/destr/bld_destr_a/angular_01_bld_destr_a.cgf
     35: objects/buildingsets/human/lowtech/delta/int/common/ceiling/ceiling_straight_02x02x0075_a.cgf
     36: objects/buildingsets/human/lowtech/delta/int/common/ceiling/ceiling_straight_04x02x0075_a.cgf
     37: objects/buildingsets/human/lowtech/delta/int/common/floor/lt_delta_walkway_straight_04x04_a.cgf
     38: objects/buildingsets/human/lowtech/delta/int/common/floor/lt_delta_walkway_straight_04x02_a.cgf
     39: objects/buildingsets/human/lowtech/delta/int/common/ceiling/ceiling_straight_02x04x0025_a.cgf

[Materials]
      0: objects/buildingsets/human/lowtech/bravo/int/lowtech_bravo_int
      1: materials/bhvr/special/proxy_nodraw

[Palettes]
      0: Libs/Foundry/Records/TintPalettes/default
      1: Libs/Foundry/Records/TintPalettes/Brand/Levski/levski_default

[Placements]
  #0 data/objects/planets/geology/scree/angular_01/angular_01_plt_c.cgf
    [0.15135811457809700, 1.13834230660963831, -0.03189517150905778, 9.63264599999999938]
    [-0.02869329794655797, -0.02835327252166750, -1.14809519397210380, 0.52794200000000002]
    [-1.13842751356241134, 0.15206141111912860, 0.02469638524451864, -1.81757600000000008]
  #1 data/objects/planets/geology/scree/angular_01/angular_01_pil_b.cgf
    [0.00834009920114242, 0.96682221903812748, 0.25531291017801472, -6.09158600000000039]
    [-0.99996494205013786, 0.00806372717561216, 0.00212921552748893, 2.64236000000000004]
    [-0.00000020077104573, -0.25532178845975756, 0.96685584598828966, -3.65870499999999987]
  #2 data/objects/planets/geology/scree/angular_01/angular_01_plt_b.cgf
    [0.41200958383275604, -0.91080915946062746, 0.02598376545402369, 3.70922000000000018]
    [0.90900314857937958, 0.41282811585051404, 0.05732888304052367, 7.85188000000000041]
    [-0.06294248880778916, -0.00000072463333024, 0.99801734518831964, -5.82417699999999972]
  #3 data/objects/planets/geology/scree/angular_01/angular_01_grdc_a.cgf
    [-0.50936644210354565, 0.86054888202386692, 0.00000000000000000, -1.05856200000000000]
    [-0.86054888202386692, -0.50936644210354565, 0.00000000000000000, 3.53932400000000014]
    [0.00000000000000000, 0.00000000000000000, 0.99999927534661348, -4.02666099999999982]
  #4 objects/buildingsets/human/lowtech/bravo/int/roomlg/pillar/roomlg_pillar_circular_24x01x24_b.cgf
    [1.00000000000000000, 0.00000000000000000, 0.00000000000000000, 0.06250100000000000]
    [0.00000000000000000, 1.00000000000000000, 0.00000000000000000, 10.82408700000000046]
    [0.00000000000000000, 0.00000000000000000, 1.00000000000000000, -2.12500000000000000]
  #5 data/objects/planets/geology/scree/angular_01/angular_01_plt_c.cgf
    [0.13358185675482417, 0.98832793523082252, 0.07324066775550052, 8.54041800000000073]
    [0.05670991848706742, 0.06615888913010347, -0.99619646755006086, 9.60514900000000083]
    [-0.98941411356220432, 0.13722721762248410, -0.04721035958841600, -0.10808900000000000]
  #6 data/objects/planets/geology/scree/angular_01/angular_01_grdc_a.cgf
    [0.98275509778248860, 0.00305495344075693, 0.18488662272666892, -3.02975599999999989]
    [0.00000031165632088, 0.99986347851339585, -0.01652278899769824, 1.64669800000000000]
    [-0.18491186009475344, 0.01623791291497756, 0.98262094034359537, -3.88788599999999995]
  #7 objects/buildingsets/human/lowtech/delta/int/common/floor/lt_delta_walkway_straight_04x04_c.cgf
    [-0.00000064012100026, 1.00000042674731060, 0.00000000000000000, 0.99999899999999997]
    [-1.00000042674731060, -0.00000064012100026, -0.00000000000000000, 4.00000200000000028]
    [-0.00000000000000000, 0.00000000000000000, 1.00000042674751533, 0.00000000000000000]
  #8 data/objects/planets/geology/scree/angular_01/angular_01_grdc_a.cgf
    [-0.50700120526086023, 0.85923386611421348, -0.06831526559820464, -1.79900900000000008]
    [-0.85654807545558631, -0.49338591369928708, 0.15131347898897629, 9.58086300000000080]
    [0.09630787415711581, 0.13523142317093967, 0.98612235036520490, -4.20895300000000017]
  #9 objects/buildingsets/human/lowtech/delta/int/common/wall/wall_c/lt_delta_wall_c_pillar_01x01x08_a.cgf
    [-0.00000080015125033, -1.25000053343413819, 0.00000000000000000, 7.27806800000000020]
    [1.25000053343413819, -0.00000080015125033, 0.00000000000000000, 10.24608300000000050]
    [0.00000000000000000, 0.00000000000000000, 1.25000053343439421, -4.81353299999999962]
  #10 objects/buildingsets/human/lowtech/delta/int/common/railing/lt_delta_railing_straight_2m_b.cgf
    [-0.00000064012100026, 1.00000042674731060, 0.00000000000000000, 0.93750199999999995]
    [-1.00000042674731060, -0.00000064012100026, -0.00000000000000000, 9.93749700000000047]
    [-0.00000000000000000, 0.00000000000000000, 1.00000042674751533, 0.00000000000000000]
  #11 data/objects/planets/geology/scree/angular_01/angular_01_plt_f.cgf
    [0.97995918160149453, 0.19919837514493274, 0.00000000000000000, -0.88851400000000003]
    [-0.19919837514493274, 0.97995918160149453, -0.00000000000000000, 6.37478999999999996]
    [-0.00000000000000000, 0.00000000000000000, 0.99999999513272619, -4.24009600000000031]
  #12 objects/buildingsets/human/lowtech/bravo/int/roomsm/floor/roomsm_floor_end_01x02x0025_b.cgf
    [-0.00000064012100026, -1.00000042674731060, 0.00000000000000000, 1.00000099999999992]
    [1.00000042674731060, -0.00000064012100026, 0.00000000000000000, 11.00000099999999925]
    [0.00000000000000000, 0.00000000000000000, 1.00000042674751533, 0.00000000000000000]
  #13 objects/buildingsets/human/lowtech/delta/int/common/wall/wall_b/lt_delta_b_strght_02x01x04_a.cgf
    [-0.00000064012100026, -1.00000042674731060, 0.00000000000000000, 5.59315500000000032]
    [1.00000042674731060, -0.00000064012100026, 0.00000000000000000, 7.71461000000000041]
    [0.00000000000000000, 0.00000000000000000, 1.00000042674751533, -0.12603300000000001]
  #14 data/objects/planets/geology/scree/angular_01/angular_01_plt_b.cgf
    [0.26344792397905464, -0.83621714823924553, 0.48097343493027012, -1.53859400000000002]
    [0.91653395143173644, 0.37250635602140192, 0.14561560137381166, 7.97659499999999966]
    [-0.30093201888620363, 0.40246648118961803, 0.86455770443319369, -6.60911000000000026]
  #15 objects/buildingsets/human/lowtech/delta/int/common/pillar/set_a/lt_delta_pillar_set_a_pillar_04m_a.cgf
    [-0.00000064012100026, -1.00000042674731060, 0.00000000000000000, 6.12500000000000000]
    [1.00000042674731060, -0.00000064012100026, 0.00000000000000000, 0.50000000000000000]
    [0.00000000000000000, 0.00000000000000000, 1.00000042674751533, -4.00000000000000000]
  #16 objects/buildingsets/human/lowtech/delta/int/common/gantry/gantry_straight_08x01x02_a.cgf
    [-0.98480870276908705, 0.00000000000000000, 0.17364669488208245, -2.99999599999999988]
    [0.00000000000000000, -1.00000067784637170, 0.00000000000000000, 11.68761899999999976]
    [0.17364669488208245, 0.00000000000000000, 0.98480870276908727, -1.99999799999999994]
  #17 objects/buildingsets/human/lowtech/delta/int/common/railing/lt_delta_railing_cnr_out_1m_a.cgf
    [-0.00000064012100026, -1.00000042674731060, 0.00000000000000000, -0.87499700000000002]
    [1.00000042674731060, -0.00000064012100026, 0.00000000000000000, 9.74999799999999972]
    [0.00000000000000000, 0.00000000000000000, 1.00000042674751533, 0.00000000000000000]
  #18 objects/buildingsets/human/lowtech/delta/int/common/wall/wall_f/lt_delta_wall_set_f_wall_straight_06m_b.cgf
    [-0.57955466037194192, -0.15529152270569233, -0.00000000000000002, 3.17937700000000012]
    [0.00000015780507182, -0.00000058893533406, -0.59999921781842158, 4.89986299999999986]
    [0.15529152270561211, -0.57955466037164272, 0.00000060971080716, 4.53075700000000037]
  #19 data/objects/planets/geology/scree/angular_01/angular_01_plt_b.cgf
    [0.85958494226727544, 0.51099307185680820, 0.00000000000000000, 4.12709900000000030]
    [-0.51099307185680820, 0.85958494226727544, -0.00000000000000000, 3.77816699999999983]
    [-0.00000000000000000, 0.00000000000000000, 1.00000009622914154, -5.85715400000000042]
  #20 objects/buildingsets/human/lowtech/delta/int/common/railing/lt_delta_railing_straight_4m_b.cgf
    [-0.00000064012100026, -1.00000042674731060, 0.00000000000000000, -0.87499800000000005]
    [1.00000042674731060, -0.00000064012100026, 0.00000000000000000, 4.18750000000000000]
    [0.00000000000000000, 0.00000000000000000, 1.00000042674751533, 0.00000000000000000]
  #21 objects/buildingsets/human/lowtech/delta/int/common/pillar/set_a/lt_delta_pillar_set_a_pillar_04m_a.cgf
    [-0.00000064012100026, 1.00000042674731060, 0.00000000000000000, -5.37500000000000000]
    [-1.00000042674731060, -0.00000064012100026, -0.00000000000000000, 0.50000000000000000]
    [-0.00000000000000000, 0.00000000000000000, 1.00000042674751533, -4.00000000000000000]
  #22 objects/buildingsets/human/lowtech/delta/int/common/wall/wall_b/lt_delta_b_strght_02x01x04_a.cgf
    [1.00000000000000000, 0.00000000000000000, 0.00000000000000000, 6.62181499999999978]
    [0.00000000000000000, 1.00000000000000000, 0.00000000000000000, 2.71483799999999986]
    [0.00000000000000000, 0.00000000000000000, 1.00000000000000000, -0.12603300000000001]
  #23 objects/buildingsets/human/lowtech/delta/int/common/wall/wall_b/lt_delta_b_cornerin_01x01x04_a.cgf
    [-1.00000000000000000, 0.00000000000000000, 0.00000000000000000, 9.62181900000000034]
    [0.00000000000000000, -1.00000000000000000, 0.00000000000000000, 8.71483600000000003]
    [0.00000000000000000, 0.00000000000000000, 1.00000000000000000, -0.12603300000000001]
  #24 objects/buildingsets/human/lowtech/delta/int/common/wall/wall_b/lt_delta_b_strght_02x01x04_a.cgf
    [-1.00000000000000000, 0.00000000000000000, 0.00000000000000000, -6.49681499999999978]
    [0.00000000000000000, -1.00000000000000000, 0.00000000000000000, 8.72266199999999969]
    [0.00000000000000000, 0.00000000000000000, 1.00000000000000000, -0.12603300000000001]
  #25 data/objects/buildingsets/human/lowtech/bravo/int/walkway/bracket/walkway_bracket_01x01x01_a.cgf
    [-0.00000064012100026, -1.00000042674731060, 0.00000000000000000, 6.02102800000000027]
    [1.00000042674731060, -0.00000064012100026, 0.00000000000000000, 11.36312900000000070]
    [0.00000000000000000, 0.00000000000000000, 1.00000042674751533, -1.13869200000000004]
  #26 objects/buildingsets/human/lowtech/delta/int/common/wall/wall_b/lt_delta_b_cornerin_01x01x04_a.cgf
    [-1.00000000000000000, 0.00000000000000000, 0.00000000000000000, -5.49681499999999978]
    [0.00000000000000000, -1.00000000000000000, 0.00000000000000000, 8.72266199999999969]
    [0.00000000000000000, 0.00000000000000000, 1.00000000000000000, -0.12603300000000001]
  #27 data/objects/planets/geology/scree/angular_01/angular_01_plt_c.cgf
    [0.03360789606911393, -0.99743781959916300, 0.06314750339371927, -1.33354299999999992]
    [0.99943248451676947, 0.03367507568233009, -0.00000045931056998, 8.75795399999999979]
    [-0.00212603956436913, 0.06311170367563761, 0.99800385502497635, -5.03927399999999981]
  #28 objects/buildingsets/human/lowtech/delta/int/common/wall/wall_b/lt_delta_b_strght_02x01x04_a.cgf
    [-0.00000064012100026, 1.00000042674731060, 0.00000000000000000, -5.59434300000000029]
    [-1.00000042674731060, -0.00000064012100026, -0.00000000000000000, 3.71460299999999988]
    [-0.00000000000000000, 0.00000000000000000, 1.00000042674751533, -0.12603300000000001]
  #29 data/objects/planets/geology/scree/angular_01/angular_01_grdc_a.cgf
    [-0.50936644210354565, 0.86054888202386692, 0.00000000000000000, 0.85923400000000005]
    [-0.86054888202386692, -0.50936644210354565, 0.00000000000000000, 6.56924400000000031]
    [0.00000000000000000, 0.00000000000000000, 0.99999927534661348, -4.02666099999999982]
  #30 data/objects/planets/geology/scree/angular_01/angular_01_plt_c.cgf
    [0.01950814731106924, 0.99964180262947433, -0.01830625996315384, -4.32914599999999972]
    [-0.99979713939341330, 0.01941393116155882, -0.00531035472033980, 2.48460100000000006]
    [-0.00495305752956733, 0.01840614685922072, 0.99981803419850346, -4.52192400000000028]
  #31 objects/buildingsets/human/lowtech/delta/int/common/wall/wall_b/lt_delta_b_door_04x01x04_a.cgf
    [-0.00000064012100026, 1.00000042674731060, 0.00000000000000000, -9.49681600000000081]
    [-1.00000042674731060, -0.00000064012100026, -0.00000000000000000, 7.72266399999999997]
    [-0.00000000000000000, 0.00000000000000000, 1.00000042674751533, -0.12603300000000001]
  #32 data/objects/planets/geology/scree/angular_01/angular_01_plt_b.cgf
    [0.78908133258182944, 0.61428889285948696, 0.00000000000000000, 1.48442800000000008]
    [-0.61428889285948696, 0.78908133258182944, -0.00000000000000000, 3.89177600000000012]
    [-0.00000000000000000, 0.00000000000000000, 1.00000009665982037, -5.85715400000000042]
  #33 objects/buildingsets/human/lowtech/delta/int/common/wall/wall_f/lt_delta_wall_set_f_wall_straight_06m_b.cgf
    [-0.57955466037194192, -0.15529152270569233, -0.00000000000000002, 3.17937700000000012]
    [0.00000015780507182, -0.00000058893533406, -0.59999921781842158, 8.58736299999999986]
    [0.15529152270561211, -0.57955466037164272, 0.00000060971080716, 4.53075700000000037]
  #34 data/objects/planets/geology/scree/angular_01/angular_01_grdc_a.cgf
    [0.95940018030977525, 0.02050715115200597, 0.28130179596856342, 0.79313900000000004]
    [0.00164825008167648, 0.99692857549410885, -0.07829845641450914, 0.73685400000000001]
    [-0.28204348412111696, 0.07558321081335004, 0.95641967825317453, -4.22203700000000026]
  #35 objects/buildingsets/human/lowtech/delta/int/common/wall/wall_c/lt_delta_wall_c_pillar_01x01x08_a.cgf
    [-0.00000064012100026, 1.00000042674731060, 0.00000000000000000, -6.25318199999999980]
    [-1.00000042674731060, -0.00000064012100026, -0.00000000000000000, 1.24608300000000005]
    [-0.00000000000000000, 0.00000000000000000, 1.00000042674751533, -4.00103299999999962]
  #36 objects/buildingsets/human/lowtech/delta/int/common/pillar/set_b/lt_delta_pillar_set_b_pillar_04m_a.cgf
    [-0.00000310795456734, 0.36924889031020686, -1.37805785885156706, -0.06985800000000000]
    [1.42667032118064419, 0.00000036916089008, -0.00000311867478169, 4.81249600000000033]
    [-0.00000045058912861, -1.37805785885502252, -0.36924889031011632, 6.51976599999999973]
  #37 objects/buildingsets/human/lowtech/bravo/int/roomlg/wall/roomlg_wall_straight_mid_rock_08x02x08_a.cgf
    [-0.00000130708073555, 0.15529123759413696, -0.57955573054696041, -0.30821300000000001]
    [0.60000017773606018, 0.00000015525422823, -0.00000131158922670, 0.16341200000000000]
    [-0.00000018949967153, -0.57955573054841358, -0.15529123759409888, 6.42524500000000032]
  #38 objects/buildingsets/human/lowtech/delta/int/common/pillar/set_a/lt_delta_pillar_set_a_pillar_04m_a.cgf
    [-0.00000064012100026, -1.00000042674731060, 0.00000000000000000, 5.37500000000000000]
    [1.00000042674731060, -0.00000064012100026, 0.00000000000000000, 0.50000000000000000]
    [0.00000000000000000, 0.00000000000000000, 1.00000042674751533, 4.00000000000000000]
  #39 objects/buildingsets/human/lowtech/delta/int/common/pillar/set_a/lt_delta_pillar_set_a_pillar_04m_a.cgf
    [-0.00000064012100026, -1.00000042674731060, 0.00000000000000000, 5.37500000000000000]
    [1.00000042674731060, -0.00000064012100026, 0.00000000000000000, 0.50000000000000000]
    [0.00000000000000000, 0.00000000000000000, 1.00000042674751533, 0.00000000000000000]
  #40 objects/buildingsets/human/lowtech/delta/int/common/wall/wall_b/lt_delta_b_strght_02x01x04_a.cgf
    [-1.00000000000000000, 0.00000000000000000, 0.00000000000000000, 8.62181900000000034]
    [0.00000000000000000, -1.00000000000000000, 0.00000000000000000, 8.71483699999999928]
    [0.00000000000000000, 0.00000000000000000, 1.00000000000000000, -0.12603300000000001]
  #41 objects/buildingsets/human/lowtech/bravo/int/roomlg/wall/roomlg_wall_straight_mid_rock_08x02x08_a.cgf
    [-0.00000130708068217, -0.15529123126729999, -0.57955570693484459, 4.11310299999999973]
    [0.60000015329100176, -0.00000015525362332, -0.00000131158933350, 6.28842000000000034]
    [0.00000018950028329, -0.57955570693629765, 0.15529123126726210, 5.41632300000000022]
  #42 objects/buildingsets/human/lowtech/delta/int/common/wall/wall_b/lt_delta_b_door_04x01x04_b.cgf
    [-0.00000064012100026, -1.00000042674731060, 0.00000000000000000, -5.49681800000000020]
    [1.00000042674731060, -0.00000064012100026, 0.00000000000000000, 3.72266200000000014]
    [0.00000000000000000, 0.00000000000000000, 1.00000042674751533, -0.12603300000000001]
  #43 data/objects/planets/geology/scree/angular_01/angular_01_plt_c.cgf
    [0.03574038889453738, -0.99915596859759959, -0.02025432423783966, -1.17985399999999996]
    [0.99444069935183343, 0.03354838570802156, 0.09981214315850584, 1.60761599999999993]
    [-0.09904838568687266, -0.02370904605947108, 0.99480026189212778, -4.73274799999999995]
  #44 objects/buildingsets/human/lowtech/delta/int/common/wall/wall_b/lt_delta_b_strght_02x01x04_a.cgf
    [-0.00000064012100026, -1.00000042674731060, 0.00000000000000000, 5.59315699999999971]
    [1.00000042674731060, -0.00000064012100026, 0.00000000000000000, 1.71460999999999997]
    [0.00000000000000000, 0.00000000000000000, 1.00000042674751533, -0.12603300000000001]
  #45 objects/buildingsets/human/utilitarian/int/grating/util_grating_str_02m_panel_addon_a.cgf
    [1.00000340697835943, -0.00000282843765928, 0.00000000000000000, -1.00065899999999997]
    [-0.00000000000181055, -0.00000064012490820, -1.00000340698215462, 12.00134199999999929]
    [0.00000282843765928, 1.00000340697815471, -0.00000064012490820, 0.23101700000000000]
  #46 objects/buildingsets/human/lowtech/delta/int/common/railing/lt_delta_railing_straight_2m_b.cgf
    [-0.00000064012100026, 1.00000042674731060, 0.00000000000000000, 0.93750100000000003]
    [-1.00000042674731060, -0.00000064012100026, -0.00000000000000000, 1.81250000000000000]
    [-0.00000000000000000, 0.00000000000000000, 1.00000042674751533, 0.00000000000000000]
  #47 objects/buildingsets/human/lowtech/delta/int/common/pillar/set_a/lt_delta_pillar_set_a_pillar_04m_a.cgf
    [-0.00000064012100026, 1.00000042674731060, 0.00000000000000000, -6.12500000000000000]
    [-1.00000042674731060, -0.00000064012100026, -0.00000000000000000, 0.50000000000000000]
    [-0.00000000000000000, 0.00000000000000000, 1.00000042674751533, -4.00000000000000000]
  #48 objects/buildingsets/human/lowtech/delta/int/common/wall/wall_b/lt_delta_b_cornerin_01x01x04_a.cgf
    [1.00000000000000000, 0.00000000000000000, 0.00000000000000000, 5.62181499999999978]
    [0.00000000000000000, 1.00000000000000000, 0.00000000000000000, 2.71483900000000000]
    [0.00000000000000000, 0.00000000000000000, 1.00000000000000000, -0.12603300000000001]
  #49 objects/buildingsets/human/lowtech/delta/int/common/wall/wall_c/lt_delta_wall_c_pillar_01x01x08_a.cgf
    [-0.00000080015125033, -1.25000053343413819, 0.00000000000000000, 6.21556800000000020]
    [1.25000053343413819, -0.00000080015125033, 0.00000000000000000, 10.24608300000000050]
    [0.00000000000000000, 0.00000000000000000, 1.25000053343439421, -4.81353299999999962]
  #50 objects/buildingsets/human/lowtech/bravo/int/roomlg/wall/roomlg_wall_straight_mid_rock_08x02x08_a.cgf
    [-0.00000130708068217, -0.15529123126729999, -0.57955570693484459, 4.11311300000000024]
    [0.60000015329100176, -0.00000015525362332, -0.00000131158933350, 0.22592000000000001]
    [0.00000018950028329, -0.57955570693629765, 0.15529123126726210, 5.41632200000000008]
  #51 data/objects/buildingsets/human/lowtech/bravo/int/walkway/bracket/walkway_bracket_piece_arm_a.cgf
    [-0.00000064012100026, 1.00000042674731060, 0.00000000000000000, -3.67766299999999990]
    [-1.00000042674731060, -0.00000064012100026, -0.00000000000000000, 11.36312299999999986]
    [-0.00000000000000000, 0.00000000000000000, 1.00000042674751533, -0.67433500000000002]
  #52 objects/buildingsets/human/lowtech/delta/int/common/wall/wall_c/lt_delta_wall_c_pillar_01x01x08_a.cgf
    [-0.00000064012100026, -1.00000042674731060, 0.00000000000000000, 6.37181800000000020]
    [1.00000042674731060, -0.00000064012100026, 0.00000000000000000, 1.24608399999999997]
    [0.00000000000000000, 0.00000000000000000, 1.00000042674751533, -4.00103299999999962]
  #53 objects/buildingsets/human/lowtech/delta/int/common/wall/wall_b/lt_delta_b_cornerin_01x01x04_a.cgf
    [-0.00000064012100026, -1.00000042674731060, 0.00000000000000000, -5.49681900000000034]
    [1.00000042674731060, -0.00000064012100026, 0.00000000000000000, 2.72266200000000014]
    [0.00000000000000000, 0.00000000000000000, 1.00000042674751533, -0.12603300000000001]
  #54 objects/buildingsets/human/utilitarian/int/grating/util_grating_str_02m_b.cgf
    [1.00000340697835943, -0.00000282843765928, 0.00000000000000000, -1.00065899999999997]
    [-0.00000000000181055, -0.00000064012490820, -1.00000340698215462, 12.00134199999999929]
    [0.00000282843765928, 1.00000340697815471, -0.00000064012490820, 0.23101700000000000]
  #55 objects/buildingsets/human/lowtech/delta/int/common/pillar/set_a/lt_delta_pillar_set_a_pillar_04m_a.cgf
    [-0.00000064012100026, -1.00000042674731060, 0.00000000000000000, 5.37500000000000000]
    [1.00000042674731060, -0.00000064012100026, 0.00000000000000000, 0.50000000000000000]
    [0.00000000000000000, 0.00000000000000000, 1.00000042674751533, -4.00000000000000000]
  #56 objects/buildingsets/human/lowtech/delta/int/common/wall/wall_b/lt_delta_b_cornerin_01x01x04_a.cgf
    [-0.00000064012100026, 1.00000042674731060, 0.00000000000000000, 5.62181900000000034]
    [-1.00000042674731060, -0.00000064012100026, -0.00000000000000000, 8.71483899999999956]
    [-0.00000000000000000, 0.00000000000000000, 1.00000042674751533, -0.12603300000000001]
  #57 objects/buildingsets/human/lowtech/delta/int/common/pillar/set_a/lt_delta_pillar_set_a_pillar_04m_a.cgf
    [-0.00000064012100026, -1.00000042674731060, 0.00000000000000000, 6.12500000000000000]
    [1.00000042674731060, -0.00000064012100026, 0.00000000000000000, 0.50000000000000000]
    [0.00000000000000000, 0.00000000000000000, 1.00000042674751533, 0.00000000000000000]
  #58 objects/buildingsets/human/lowtech/delta/int/common/gantry/gantry_straight_08x01x02_a.cgf
    [-0.98480870276908705, -0.00000000000000000, -0.17364669488208245, 3.00000100000000014]
    [0.00000000000000000, -1.00000067784637170, 0.00000000000000000, 11.68761899999999976]
    [-0.17364669488208245, 0.00000000000000000, 0.98480870276908727, -1.99999799999999994]
  #59 objects/buildingsets/human/lowtech/delta/int/common/wall/wall_c/lt_delta_wall_c_pillar_01x01x08_a.cgf
    [-0.00000080015125033, 1.25000053343413819, 0.00000000000000000, -7.15943199999999980]
    [-1.25000053343413819, -0.00000080015125033, -0.00000000000000000, 10.24608300000000050]
    [-0.00000000000000000, 0.00000000000000000, 1.25000053343439421, -4.75103299999999962]
  #60 objects/buildingsets/human/lowtech/delta/int/common/wall/wall_b/lt_delta_b_strght_02x01x04_a.cgf
    [-0.00000064012100026, 1.00000042674731060, 0.00000000000000000, -5.59434699999999996]
    [-1.00000042674731060, -0.00000064012100026, -0.00000000000000000, 9.71460300000000032]
    [-0.00000000000000000, 0.00000000000000000, 1.00000042674751533, -0.12603300000000001]
  #61 objects/buildingsets/human/lowtech/bravo/int/roomlg/wall/roomlg_wall_straight_mid_rock_08x02x08_a.cgf
    [-0.00000130708073555, 0.15529123759413696, -0.57955573054696041, -0.30822400000000000]
    [0.60000017773606018, 0.00000015525422823, -0.00000131158922670, 6.41341200000000011]
    [-0.00000018949967153, -0.57955573054841358, -0.15529123759409888, 6.42524400000000018]
  #62 objects/buildingsets/human/lowtech/delta/int/common/railing/lt_delta_railing_straight_2m_b.cgf
    [-0.00000064012100026, -1.00000042674731060, 0.00000000000000000, -0.87499800000000005]
    [1.00000042674731060, -0.00000064012100026, 0.00000000000000000, -0.18749900000000000]
    [0.00000000000000000, 0.00000000000000000, 1.00000042674751533, 0.00000000000000000]
  #63 objects/buildingsets/human/lowtech/delta/int/common/railing/lt_delta_railing_straight_4m_b.cgf
    [-0.00000064012100026, 1.00000042674731060, 0.00000000000000000, 0.93750299999999998]
    [-1.00000042674731060, -0.00000064012100026, -0.00000000000000000, 8.12499700000000047]
    [-0.00000000000000000, 0.00000000000000000, 1.00000042674751533, 0.00000000000000000]
  #64 objects/buildingsets/human/lowtech/delta/int/common/wall/wall_b/lt_delta_b_cornerin_01x01x04_a.cgf
    [-0.00000064012100026, 1.00000042674731060, 0.00000000000000000, -9.49681499999999978]
    [-1.00000042674731060, -0.00000064012100026, -0.00000000000000000, 8.72266399999999997]
    [-0.00000000000000000, 0.00000000000000000, 1.00000042674751533, -0.12603300000000001]
  #65 objects/buildingsets/human/lowtech/delta/int/common/floor/lt_delta_walkway_straight_04x04_c.cgf
    [-0.00000064012100026, 1.00000042674731060, 0.00000000000000000, -5.00000100000000014]
    [-1.00000042674731060, -0.00000064012100026, -0.00000000000000000, 4.00000300000000042]
    [-0.00000000000000000, 0.00000000000000000, 1.00000042674751533, 0.00000000000000000]
  #66 objects/buildingsets/human/lowtech/delta/int/common/wall/wall_b/lt_delta_b_door_04x01x04_b.cgf
    [-0.00000064012100026, 1.00000042674731060, 0.00000000000000000, 5.62181900000000034]
    [-1.00000042674731060, -0.00000064012100026, -0.00000000000000000, 7.71483899999999956]
    [-0.00000000000000000, 0.00000000000000000, 1.00000042674751533, -0.12603300000000001]
  #67 objects/buildingsets/human/lowtech/delta/int/common/wall/wall_b/lt_delta_b_door_04x01x04_a.cgf
    [-0.00000064012100026, -1.00000042674731060, 0.00000000000000000, 9.62181600000000081]
    [1.00000042674731060, -0.00000064012100026, 0.00000000000000000, 3.71483600000000003]
    [0.00000000000000000, 0.00000000000000000, 1.00000042674751533, -0.12603300000000001]
  #68 objects/buildingsets/human/lowtech/delta/int/common/railing/lt_delta_railing_straight_2m_b.cgf
    [-0.00000064012100026, -1.00000042674731060, 0.00000000000000000, -0.87499800000000005]
    [1.00000042674731060, -0.00000064012100026, 0.00000000000000000, 7.99999799999999972]
    [0.00000000000000000, 0.00000000000000000, 1.00000042674751533, 0.00000000000000000]
  #69 objects/buildingsets/human/lowtech/delta/int/common/pillar/set_b/lt_delta_pillar_set_b_pillar_04m_a.cgf
    [-0.00000310795444056, -0.36924887526636013, -1.37805780270707601, 5.55199399999999965]
    [1.42667026305559608, -0.00000036915945204, -0.00000311867503564, 4.81249899999999986]
    [0.00000045059058322, -1.37805780271053124, 0.36924887526626976, 4.97523699999999991]
  #70 objects/buildingsets/human/lowtech/delta/int/common/wall/wall_b/lt_delta_b_strght_window_04x01x04_a.cgf
    [-0.00000064012100026, 1.00000042674731060, 0.00000000000000000, -5.59434599999999982]
    [-1.00000042674731060, -0.00000064012100026, -0.00000000000000000, 7.71460300000000032]
    [-0.00000000000000000, 0.00000000000000000, 1.00000042674751533, -0.12603300000000001]
  #71 objects/buildingsets/human/lowtech/delta/int/common/wall/wall_b/lt_delta_b_strght_window_04x01x04_a.cgf
    [-0.00000064012100026, -1.00000042674731060, 0.00000000000000000, 5.59315799999999985]
    [1.00000042674731060, -0.00000064012100026, 0.00000000000000000, 3.71460999999999997]
    [0.00000000000000000, 0.00000000000000000, 1.00000042674751533, -0.12603300000000001]
  #72 objects/buildingsets/human/lowtech/delta/int/common/wall/wall_b/lt_delta_b_cornerin_01x01x04_a.cgf
    [1.00000000000000000, 0.00000000000000000, 0.00000000000000000, -9.49681900000000034]
    [0.00000000000000000, 1.00000000000000000, 0.00000000000000000, 2.72266399999999997]
    [0.00000000000000000, 0.00000000000000000, 1.00000000000000000, -0.12603300000000001]
  #73 data/objects/buildingsets/human/lowtech/bravo/int/walkway/bracket/walkway_bracket_01x01x01_a.cgf
    [-0.00000064012100026, 1.00000042674731060, 0.00000000000000000, -5.82750099999999982]
    [-1.00000042674731060, -0.00000064012100026, -0.00000000000000000, 11.36312200000000061]
    [-0.00000000000000000, 0.00000000000000000, 1.00000042674751533, -1.13869200000000004]
  #74 objects/buildingsets/human/lowtech/delta/int/common/pillar/set_a/lt_delta_pillar_set_a_pillar_04m_a.cgf
    [-0.00000064012100026, 1.00000042674731060, 0.00000000000000000, -5.37500000000000000]
    [-1.00000042674731060, -0.00000064012100026, -0.00000000000000000, 0.50000000000000000]
    [-0.00000000000000000, 0.00000000000000000, 1.00000042674751533, 0.00000000000000000]
  #75 objects/buildingsets/human/lowtech/delta/int/common/pillar/set_a/lt_delta_pillar_set_a_pillar_04m_a.cgf
    [-0.00000064012100026, 1.00000042674731060, 0.00000000000000000, -6.12500000000000000]
    [-1.00000042674731060, -0.00000064012100026, -0.00000000000000000, 0.50000000000000000]
    [-0.00000000000000000, 0.00000000000000000, 1.00000042674751533, 0.00000000000000000]
  #76 objects/buildingsets/human/lowtech/delta/int/common/wall/wall_b/lt_delta_b_cornerin_01x01x04_a.cgf
    [-0.00000064012100026, -1.00000042674731060, 0.00000000000000000, 9.62181499999999978]
    [1.00000042674731060, -0.00000064012100026, 0.00000000000000000, 2.71483600000000003]
    [0.00000000000000000, 0.00000000000000000, 1.00000042674751533, -0.12603300000000001]
  #77 objects/buildingsets/human/lowtech/delta/int/common/wall/wall_b/lt_delta_b_strght_02x01x04_a.cgf
    [1.00000000000000000, 0.00000000000000000, 0.00000000000000000, -8.49681900000000034]
    [0.00000000000000000, 1.00000000000000000, 0.00000000000000000, 2.72266399999999997]
    [0.00000000000000000, 0.00000000000000000, 1.00000000000000000, -0.12603300000000001]
  #78 Data/ObjectContainers/PU/loc/mod/station/nyx/int/module/security/security_24x32x16_001_base//Brush/designer_451.cgf
    [-1.00000000000000000, 0.00000000000000000, 0.00000000000000000, -6.25000000000000000]
    [0.00000000000000000, -1.00000000000000000, 0.00000000000000000, 11.50000000000000000]
    [0.00000000000000000, 0.00000000000000000, 1.00000000000000000, -1.50000000000000000]
  #79 Data/ObjectContainers/PU/loc/mod/station/nyx/int/module/security/security_24x32x16_001_base//Brush/designer_450.cgf
    [-1.00000000000000000, 0.00000000000000000, 0.00000000000000000, 6.25000000000000000]
    [0.00000000000000000, -1.00000000000000000, 0.00000000000000000, 0.75000000000000000]
    [0.00000000000000000, 0.00000000000000000, 1.00000000000000000, -1.50000000000000000]
  #80 Data/ObjectContainers/PU/loc/mod/station/nyx/int/module/security/security_24x32x16_001_base//Brush/designer_449.cgf
    [-1.00000000000000000, 0.00000000000000000, 0.00000000000000000, 6.25000000000000000]
    [0.00000000000000000, -1.00000000000000000, 0.00000000000000000, 11.50000000000000000]
    [0.00000000000000000, 0.00000000000000000, 1.00000000000000000, -1.50000000000000000]
  #81 objects/buildingsets/human/lowtech/delta/int/common/wall/wall_c/lt_delta_wall_c_pillar_01x01x08_a.cgf
    [-0.00000080015125033, 1.25000053343413819, 0.00000000000000000, -6.12818199999999980]
    [-1.25000053343413819, -0.00000080015125033, -0.00000000000000000, 10.24608300000000050]
    [-0.00000000000000000, 0.00000000000000000, 1.25000053343439421, -4.75103299999999962]
  #82 Data/ObjectContainers/PU/loc/mod/station/nyx/int/module/security/security_24x32x16_001_base//Brush/designer_448.cgf
    [-1.00000000000000000, 0.00000000000000000, 0.00000000000000000, -6.25000000000000000]
    [0.00000000000000000, -1.00000000000000000, 0.00000000000000000, 0.75000000000000000]
    [0.00000000000000000, 0.00000000000000000, 1.00000000000000000, -1.50000000000000000]
  #83 data/objects/planets/geology/scree/angular_01/angular_01_plt_f.cgf
    [-0.08964494704379160, 0.00394608797119935, -0.99596563670787097, -8.12578599999999973]
    [-0.01485798526263452, 0.99987524191730259, 0.00529891672198745, 3.51763400000000015]
    [0.99586262174414730, 0.01527306891933571, -0.08957516186049613, -2.87661699999999998]
  #84 data/objects/planets/geology/scree/angular_01/angular_01_pil_b.cgf
    [1.00000000000000000, 0.00000000000000000, 0.00000000000000000, -6.68034800000000040]
    [0.00000000000000000, 1.00000000000000000, 0.00000000000000000, 7.25155100000000008]
    [0.00000000000000000, 0.00000000000000000, 1.00000000000000000, -3.97318199999999999]
  #85 data/objects/planets/geology/scree/angular_01/angular_01_plt_c.cgf
    [0.14801378454377434, 0.98872576754839869, 0.02264535891006892, -4.51040400000000030]
    [-0.98892468612348727, 0.14771293267906652, 0.01443574744232499, 8.77154400000000045]
    [0.01092798562856701, -0.02453124975386015, 0.99963910138855738, -5.09434699999999996]
  #86 data/objects/planets/geology/scree/angular_01/angular_01_bld_c.cgf
    [-0.65681134691139531, 0.00000000000000000, -0.75405575233490796, -2.11600000000000010]
    [0.00000000000000000, 1.00000061153027575, 0.00000000000000000, 6.81610199999999988]
    [0.75405575233490796, 0.00000000000000000, -0.65681134691139531, -4.37680500000000006]
  #87 data/objects/planets/geology/scree/angular_01/angular_01_plt_f.cgf
    [-0.08964494704379160, 0.00394608797119935, -0.99596563670787097, -8.13662799999999997]
    [-0.01485798526263452, 0.99987524191730259, 0.00529891672198745, 8.21907799999999966]
    [0.99586262174414730, 0.01527306891933571, -0.08957516186049613, -2.85014600000000007]
  #88 data/objects/planets/geology/scree/angular_01/angular_01_plt_c.cgf
    [0.14801378454377434, 0.98872576754839869, 0.02264535891006892, -5.03073499999999996]
    [-0.98892468612348727, 0.14771293267906652, 0.01443574744232499, 5.03287800000000018]
    [0.01092798562856701, -0.02453124975386015, 0.99963910138855738, -5.02856799999999993]
  #89 data/objects/planets/geology/scree/angular_01/angular_01_plt_f.cgf
    [-0.08964494704379160, 0.00394608797119935, -0.99596563670787097, -8.29402600000000056]
    [-0.01485798526263452, 0.99987524191730259, 0.00529891672198745, 5.02645500000000034]
    [0.99586262174414730, 0.01527306891933571, -0.08957516186049613, -2.98603700000000005]
  #90 data/objects/planets/geology/scree/angular_01/angular_01_pil_b.cgf
    [0.00834009920114242, 0.96682221903812748, 0.25531291017801472, -6.85757399999999961]
    [-0.99996494205013786, 0.00806372717561216, 0.00212921552748893, 4.98609800000000014]
    [-0.00000020077104573, -0.25532178845975756, 0.96685584598828966, -2.48496799999999984]
  #91 data/objects/buildingsets/human/lowtech/bravo/int/roomsm/addon/roomsm_addon_identation_wall_c.cgf
    [0.00000000000000000, 0.00000000000000000, 1.32049131393422936, -5.37500000000000000]
    [1.32049131393422936, 0.00000000000000000, 0.00000000000000000, 0.74999899999999997]
    [0.00000000000000000, 1.32049131393422936, 0.00000000000000000, 0.00000100000000000]
  #92 data/objects/planets/geology/scree/angular_01/destr/plr_destr_a/angular_01_plr_destr_a.cgf
    [1.00000001406696759, -0.00000000000000000, 0.00000000000000000, 6.89882300000000015]
    [0.00000000000000000, 0.94628078091309153, 0.32334611766409843, 10.80211300000000030]
    [-0.00000000000000000, -0.32334611766409843, 0.94628078091309153, -4.88053799999999960]
  #93 data/objects/buildingsets/human/lowtech/bravo/int/roomsm/addon/roomsm_addon_identation_wall_c.cgf
    [0.00000000000000000, 0.00000000000000000, 1.32049131393422936, 4.87500000000000000]
    [1.32049131393422936, 0.00000000000000000, 0.00000000000000000, 0.75000000000000000]
    [0.00000000000000000, 1.32049131393422936, 0.00000000000000000, 0.00000000000000000]
  #94 data/objects/planets/geology/scree/angular_01/angular_01_bld_c.cgf
    [1.00000000000000000, 0.00000000000000000, 0.00000000000000000, 3.47439499999999990]
    [0.00000000000000000, 1.00000000000000000, 0.00000000000000000, 5.38117399999999968]
    [0.00000000000000000, 0.00000000000000000, 1.00000000000000000, -4.18476699999999990]
  #95 data/objects/planets/geology/scree/angular_01/angular_01_grdc_a.cgf
    [1.00000000000000000, 0.00000000000000000, 0.00000000000000000, 2.12900199999999984]
    [0.00000000000000000, 1.00000000000000000, 0.00000000000000000, 3.64460499999999987]
    [0.00000000000000000, 0.00000000000000000, 1.00000000000000000, -4.02666099999999982]
  #96 data/objects/buildingsets/human/lowtech/bravo/int/walkway/bracket/walkway_bracket_piece_arm_a.cgf
    [-0.00000064012100026, 1.00000042674731060, 0.00000000000000000, 0.16698800000000000]
    [-1.00000042674731060, -0.00000064012100026, -0.00000000000000000, 11.36312500000000014]
    [-0.00000000000000000, 0.00000000000000000, 1.00000042674751533, -0.67433500000000002]
  #97 data/objects/planets/geology/scree/angular_01/destr/plr_destr_b/angular_01_plr_destr_b.cgf
    [-0.99180899254888599, 0.00000000000000000, -0.12772170395275384, 6.77590200000000031]
    [0.00000000000000000, 0.99999895568017061, 0.00000000000000000, 11.14725400000000022]
    [0.12772170395275384, 0.00000000000000000, -0.99180899254888599, -1.23111100000000007]
  #98 data/objects/planets/geology/scree/angular_01/angular_01_grdc_a.cgf
    [-0.50936644210354565, 0.86054888202386692, 0.00000000000000000, 2.96379899999999985]
    [-0.86054888202386692, -0.50936644210354565, 0.00000000000000000, 8.04855899999999913]
    [0.00000000000000000, 0.00000000000000000, 0.99999927534661348, -4.12219599999999975]
  #99 data/objects/planets/geology/scree/angular_01/destr/bld_destr_a/angular_01_bld_destr_a.cgf
    [1.00000000000000000, 0.00000000000000000, 0.00000000000000000, 3.81210700000000013]
    [0.00000000000000000, 1.00000000000000000, 0.00000000000000000, 2.60283199999999981]
    [0.00000000000000000, 0.00000000000000000, 1.00000000000000000, -4.26452800000000032]
  #100 objects/buildingsets/human/lowtech/delta/int/common/ceiling/ceiling_straight_02x02x0075_a.cgf
    [0.93969273530166131, -0.00000000000000000, -0.34201988504203734, -3.08624099999999979]
    [0.00000000000000000, 1.00000001927144311, -0.00000000000000000, 10.83960399999999957]
    [0.34201988504203734, 0.00000000000000000, 0.93969273530166131, 4.66192700000000038]
  #101 objects/buildingsets/human/lowtech/delta/int/common/ceiling/ceiling_straight_04x02x0075_a.cgf
    [0.34201944100196624, -0.93969326324677860, -0.00000000000000017, -6.81537900000000008]
    [-0.00000038553917379, -0.00000014032439954, 1.00000036350718835, 0.46460000000000001]
    [-0.93969326324669955, -0.34201944100193765, -0.00000041028208795, 2.99717300000000009]
  #102 objects/buildingsets/human/lowtech/delta/int/common/ceiling/ceiling_straight_04x02x0075_a.cgf
    [0.93969273530166131, -0.00000000000000000, -0.34201988504203734, -3.08624099999999979]
    [0.00000000000000000, 1.00000001927144311, -0.00000000000000000, 4.83960399999999957]
    [0.34201988504203734, 0.00000000000000000, 0.93969273530166131, 4.66192700000000038]
  #103 objects/buildingsets/human/lowtech/delta/int/common/floor/lt_delta_walkway_straight_04x04_a.cgf
    [-0.00000064012100026, 1.00000042674731060, 0.00000000000000000, -5.00000100000000014]
    [-1.00000042674731060, -0.00000064012100026, -0.00000000000000000, 8.00000299999999953]
    [-0.00000000000000000, 0.00000000000000000, 1.00000042674751533, 0.00000000000000000]
  #104 objects/buildingsets/human/lowtech/delta/int/common/wall/wall_f/lt_delta_wall_set_f_wall_straight_06m_b.cgf
    [-0.57955466037194192, 0.15529152270569233, 0.00000000000000002, -0.26173400000000002]
    [-0.00000015780507182, -0.00000058893533406, -0.59999921781842158, 8.58736299999999986]
    [-0.15529152270561211, -0.57955466037164272, 0.00000060971080716, 5.45279999999999987]
  #105 objects/buildingsets/human/lowtech/delta/int/common/ceiling/ceiling_straight_04x02x0075_a.cgf
    [0.93969273530166131, -0.00000000000000000, -0.34201988504203734, -3.08624099999999979]
    [0.00000000000000000, 1.00000001927144311, -0.00000000000000000, 8.83960399999999957]
    [0.34201988504203734, 0.00000000000000000, 0.93969273530166131, 4.66192700000000038]
  #106 objects/buildingsets/human/lowtech/delta/int/common/floor/lt_delta_walkway_straight_04x02_a.cgf
    [-1.00000000000000000, 0.00000000000000000, 0.00000000000000000, -6.49999899999999986]
    [0.00000000000000000, -1.00000000000000000, 0.00000000000000000, 7.68749899999999986]
    [0.00000000000000000, 0.00000000000000000, 1.00000000000000000, -0.12500000000000000]
  #107 objects/buildingsets/human/lowtech/delta/int/common/wall/wall_f/lt_delta_wall_set_f_wall_straight_06m_b.cgf
    [-0.57955466037194192, 0.15529152270569233, 0.00000000000000002, -0.26173400000000002]
    [-0.00000015780507182, -0.00000058893533406, -0.59999921781842158, 4.89986299999999986]
    [-0.15529152270561211, -0.57955466037164272, 0.00000060971080716, 5.45279999999999987]
  #108 objects/buildingsets/human/lowtech/delta/int/common/floor/lt_delta_walkway_straight_04x04_c.cgf
    [-0.00000064012100026, 1.00000042674731060, 0.00000000000000000, -5.00000000000000000]
    [-1.00000042674731060, -0.00000064012100026, -0.00000000000000000, 12.00000299999999953]
    [-0.00000000000000000, 0.00000000000000000, 1.00000042674751533, 0.00000000000000000]
  #109 objects/buildingsets/human/lowtech/delta/int/common/ceiling/ceiling_straight_02x04x0025_a.cgf
    [-1.00000000000000000, 0.00000000000000000, 0.00000000000000000, -6.49681599999999992]
    [0.00000000000000000, -1.00000000000000000, 0.00000000000000000, 7.72266199999999969]
    [0.00000000000000000, 0.00000000000000000, 1.00000000000000000, 4.12396700000000038]
  #110 objects/buildingsets/human/lowtech/delta/int/common/ceiling/ceiling_straight_02x04x0025_a.cgf
    [1.00000000000000000, 0.00000000000000000, 0.00000000000000000, 6.62181599999999992]
    [0.00000000000000000, 1.00000000000000000, 0.00000000000000000, 3.71483799999999986]
    [0.00000000000000000, 0.00000000000000000, 1.00000000000000000, 4.12396700000000038]
  #111 objects/buildingsets/human/lowtech/delta/int/common/ceiling/ceiling_straight_04x02x0075_a.cgf
    [0.25882024171849966, 0.96592591598067012, -0.00000000000000011, 7.52902000000000005]
    [0.00000041898519890, -0.00000011226725397, 1.00000039634298710, 0.52710000000000001]
    [0.96592591598057931, -0.25882024171847512, -0.00000043376552772, 5.11447099999999999]
  #112 objects/buildingsets/human/lowtech/delta/int/common/floor/lt_delta_walkway_straight_04x02_a.cgf
    [1.00000000000000000, 0.00000000000000000, 0.00000000000000000, 6.62499899999999986]
    [0.00000000000000000, 1.00000000000000000, 0.00000000000000000, 3.75000199999999984]
    [0.00000000000000000, 0.00000000000000000, 1.00000000000000000, -0.12500000000000000]
  #113 objects/buildingsets/human/lowtech/delta/int/common/floor/lt_delta_walkway_straight_04x04_c.cgf
    [-0.00000064012100026, 1.00000042674731060, 0.00000000000000000, 1.00000000000000000]
    [-1.00000042674731060, -0.00000064012100026, -0.00000000000000000, 12.00000200000000028]
    [-0.00000000000000000, 0.00000000000000000, 1.00000042674751533, 0.00000000000000000]
  #114 objects/buildingsets/human/lowtech/delta/int/common/ceiling/ceiling_straight_04x02x0075_a.cgf
    [-0.93969342990004967, 0.00000000000000000, 0.34201978893058987, 3.21124000000000009]
    [0.00000000000000000, -1.00000063910851811, 0.00000000000000000, 0.91039599999999998]
    [0.34201978893058987, 0.00000000000000000, 0.93969342990004956, 4.66192700000000038]
  #115 objects/buildingsets/human/lowtech/delta/int/common/ceiling/ceiling_straight_04x02x0075_a.cgf
    [-0.93969342990004967, 0.00000000000000000, 0.34201978893058987, 3.21124099999999979]
    [0.00000000000000000, -1.00000063910851811, 0.00000000000000000, 6.84789600000000043]
    [0.34201978893058987, 0.00000000000000000, 0.93969342990004956, 4.66192700000000038]
  #116 objects/buildingsets/human/lowtech/delta/int/common/floor/lt_delta_walkway_straight_04x04_a.cgf
    [-0.00000064012100026, 1.00000042674731060, 0.00000000000000000, 0.99999899999999997]
    [-1.00000042674731060, -0.00000064012100026, -0.00000000000000000, 8.00000200000000028]
    [-0.00000000000000000, 0.00000000000000000, 1.00000042674751533, 0.00000000000000000]
  #117 objects/buildingsets/human/lowtech/delta/int/common/railing/lt_delta_railing_cnr_out_1m_a.cgf
    [1.00000000000000000, 0.00000000000000000, 0.00000000000000000, -0.06249600000000000]
    [0.00000000000000000, 1.00000000000000000, 0.00000000000000000, 10.74999700000000047]
    [0.00000000000000000, 0.00000000000000000, 1.00000000000000000, 0.00000000000000000]
  #118 objects/buildingsets/human/lowtech/delta/int/common/ceiling/ceiling_straight_02x02x0075_a.cgf
    [-0.93969342990004967, 0.00000000000000000, 0.34201978893058987, 3.21124000000000009]
    [0.00000000000000000, -1.00000063910851811, 0.00000000000000000, 6.09789600000000043]
    [0.34201978893058987, 0.00000000000000000, 0.93969342990004956, 4.66192700000000038]
