# IncludedObjects
# Cgfs: 29, Materials: 0, Palettes: 7, Placements: 61

[CGFs]
      0: objects/buildingsets/human/lowtech/alpha/int/roomsm/ceiling/roomsm_ceiling_straight_04x01x0025_a.cgf
      1: objects/buildingsets/human/lowtech/alpha/int/roomsm/wall/roomsm_blkhead_12m_floor_10x02x0025_a.cgf
      2: objects/buildingsets/human/lowtech/alpha/int/roomsm/wall/roomsm_wall_45_end_01x01x04_b.cgf
      3: objects/buildingsets/human/lowtech/alpha/int/roomsm/ceiling/roomsm_ceiling_straight_02x01x0025_a.cgf
      4: objects/buildingsets/human/lowtech/alpha/int/roomsm/pillar/roomsm_pillarsm_addon_025x025x04_a.cgf
      5: objects/buildingsets/human/lowtech/alpha/int/roomsm/addon/roomsm_addon_trim_cable_rack_1m_a.cgf
      6: objects/buildingsets/human/lowtech/alpha/int/roomsm/wall/roomsm_wall_45_end_01x01x04_a.cgf
      7: objects/buildingsets/human/lowtech/alpha/int/roomsm/trim/roomsm_trim_sml_straight_04x005_a.cgf
      8: objects/buildingsets/human/lowtech/alpha/int/roomsm/floor/roomsm_floor_straight_04x02x0025_a.cgf
      9: objects/buildingsets/human/lowtech/alpha/int/roomsm/wall/roomsm_wall_straight_02x01x04_b.cgf
     10: objects/buildingsets/human/lowtech/alpha/int/roomsm/floor/roomsm_floor_straight_04x02x0025_i.cgf
     11: objects/buildingsets/human/lowtech/alpha/int/roomsm/wall/roomsm_wall_cornerin_01x01x04_a.cgf
     12: objects/buildingsets/human/lowtech/alpha/int/roomsm/wall/roomsm_wall_straight_02x01x04_c.cgf
     13: objects/buildingsets/human/lowtech/alpha/int/roomsm/wall/roomsm_wall_straight_engineering_04x01x04_g.cgf
     14: objects/buildingsets/human/lowtech/alpha/int/roomsm/addon/roomsm_addon_rib_end_02x02x025_b.cgf
     15: objects/buildingsets/human/lowtech/alpha/int/roomsm/pillar/roomsm_pillarsm_025x025x08_a.cgf
     16: objects/buildingsets/human/lowtech/alpha/int/roomsm/addon/roomsm_addon_rib_straight_02x02x025_a.cgf
     17: objects/buildingsets/human/lowtech/alpha/int/roomsm/partition/roomsm_partition_straight_01x0025x04_a.cgf
     18: objects/buildingsets/human/lowtech/alpha/int/roomsm/ceiling/roomsm_ceiling_straight_04x04x0025_a.cgf
     19: objects/buildingsets/human/lowtech/alpha/int/roomsm/floor/roomsm_floor_straight_04x04x0025_a.cgf
     20: objects/buildingsets/human/lowtech/alpha/int/roomsm/partition/roomsm_partition_end_wall_02x005x04_a.cgf
     21: objects/buildingsets/human/lowtech/alpha/int/roomsm/partition/roomsm_partition_corner45in_mirror_02x01x04_a.cgf
     22: objects/buildingsets/human/lowtech/alpha/int/roomsm/wall/roomsm_wall_straight_04x01x04_a.cgf
     23: objects/buildingsets/human/lowtech/alpha/int/roomsm/partition/roomsm_partition_corner45out_mirror_02x01x04_a.cgf
     24: objects/buildingsets/human/lowtech/alpha/int/roomsm/partition/roomsm_partition_straight_window_02x0025x04_a.cgf
     25: objects/buildingsets/human/lowtech/alpha/int/roomsm/partition/roomsm_partition_end_0025x0025x04_a.cgf
     26: objects/buildingsets/human/lowtech/alpha/int/roomsm/trim/roomsm_trim_sml_straight_02x005_a.cgf
     27: objects/buildingsets/human/lowtech/alpha/int/roomsm/partition/roomsm_partition_end_wall_mirror_02x005x04_a.cgf
     28: objects/buildingsets/human/lowtech/alpha/int/roomsm/ceiling/roomsm_ceiling_straight_04x04x0025_d.cgf

[Palettes]
      0: Libs/Foundry/Records/TintPalettes/Generic/gen_matte_dark_a
      1: Libs/Foundry/Records/TintPalettes/generic/gen_glossy_dark_a
      2: Libs/Foundry/Records/TintPalettes/Brand/Casaba/casaba_default<111>
      3: Libs/Foundry/Records/TintPalettes/default
      4: Libs/Foundry/Records/TintPalettes/Brand/Casaba/casaba_default<213>
      5: Libs/Foundry/Records/TintPalettes/Brand/Casaba/casaba_default
      6: Libs/Foundry/Records/TintPalettes/Brand/Casaba/casaba_default<211>

[Placements]
  #0 objects/buildingsets/human/lowtech/alpha/int/roomsm/ceiling/roomsm_ceiling_straight_04x01x0025_a.cgf
    [-1.00000000000000000, 0.00000000000000000, 0.00000000000000000, -1.00000000000000000]
    [0.00000000000000000, -1.00000000000000000, 0.00000000000000000, 0.00000000000000000]
    [0.00000000000000000, 0.00000000000000000, 1.00000000000000000, 4.00000000000000000]
  #1 objects/buildingsets/human/lowtech/alpha/int/roomsm/wall/roomsm_blkhead_12m_floor_10x02x0025_a.cgf
    [1.00000000000000000, 0.00000000000000000, 0.00000000000000000, -6.00000000000000000]
    [0.00000000000000000, 1.00000000000000000, 0.00000000000000000, -1.00000000000000000]
    [0.00000000000000000, 0.00000000000000000, 1.00000000000000000, 0.00000000000000000]
  #2 objects/buildingsets/human/lowtech/alpha/int/roomsm/wall/roomsm_wall_45_end_01x01x04_b.cgf
    [-1.00000000000000000, 0.00000000000000000, 0.00000000000000000, -6.00000000000000000]
    [0.00000000000000000, -1.00000000000000000, 0.00000000000000000, 0.00000000000000000]
    [0.00000000000000000, 0.00000000000000000, 1.00000000000000000, 0.00000000000000000]
  #3 objects/buildingsets/human/lowtech/alpha/int/roomsm/ceiling/roomsm_ceiling_straight_02x01x0025_a.cgf
    [-0.00000064012100026, -1.00000042674731060, 0.00000000000000000, -5.00000000000000000]
    [1.00000042674731060, -0.00000064012100026, 0.00000000000000000, -1.00000000000000000]
    [0.00000000000000000, 0.00000000000000000, 1.00000042674751533, 4.00000000000000000]
  #4 objects/buildingsets/human/lowtech/alpha/int/roomsm/pillar/roomsm_pillarsm_addon_025x025x04_a.cgf
    [-0.00000149911919271, -0.84304117635560705, 0.84303931030863122, 4.62884400000000085]
    [-0.00000059772650211, 0.84303931030972301, 0.84304117635563602, -0.48987099999999373]
    [-1.19223894574717737, 0.00000063738252491, -0.00000148269310452, 3.06827699999999837]
  #5 objects/buildingsets/human/lowtech/alpha/int/roomsm/ceiling/roomsm_ceiling_straight_02x01x0025_a.cgf
    [-0.00000064012100026, -1.00000042674731060, 0.00000000000000000, 6.00000000000000000]
    [1.00000042674731060, -0.00000064012100026, 0.00000000000000000, -1.00000000000000000]
    [0.00000000000000000, 0.00000000000000000, 1.00000042674751533, 4.00000000000000000]
  #6 objects/buildingsets/human/lowtech/alpha/int/roomsm/ceiling/roomsm_ceiling_straight_04x01x0025_a.cgf
    [-1.00000000000000000, 0.00000000000000000, 0.00000000000000000, 5.00000000000000000]
    [0.00000000000000000, -1.00000000000000000, 0.00000000000000000, 0.00000000000000000]
    [0.00000000000000000, 0.00000000000000000, 1.00000000000000000, 4.00000000000000000]
  #7 objects/buildingsets/human/lowtech/alpha/int/roomsm/addon/roomsm_addon_trim_cable_rack_1m_a.cgf
    [-0.24766692415782587, -0.00000064213816617, -0.24766571000499457, 4.89462100000000078]
    [0.24766571000577969, -0.00000042557698839, -0.24766692415750755, -0.47671799999989162]
    [0.00000015313372802, -0.35025306456031929, 0.00000075498825072, 2.90446999999999989]
  #8 objects/buildingsets/human/lowtech/alpha/int/roomsm/ceiling/roomsm_ceiling_straight_02x01x0025_a.cgf
    [-1.00000000000000000, 0.00000000000000000, 0.00000000000000000, 1.00000000000000000]
    [0.00000000000000000, -1.00000000000000000, 0.00000000000000000, 0.00000000000000000]
    [0.00000000000000000, 0.00000000000000000, 1.00000000000000000, 4.00000000000000000]
  #9 objects/buildingsets/human/lowtech/alpha/int/roomsm/wall/roomsm_wall_45_end_01x01x04_a.cgf
    [-1.00000000000000000, 0.00000000000000000, 0.00000000000000000, 6.00000000000000000]
    [0.00000000000000000, -1.00000000000000000, 0.00000000000000000, 0.00000000000000000]
    [0.00000000000000000, 0.00000000000000000, 1.00000000000000000, 0.00000000000000000]
  #10 objects/buildingsets/human/lowtech/alpha/int/roomsm/trim/roomsm_trim_sml_straight_04x005_a.cgf
    [-1.00000067290129091, -0.00000000000000000, 0.00000000000000000, -1.00000299999999998]
    [0.00000000000000000, -0.70710780067612089, -0.70710671332268793, 0.75000000000000000]
    [0.00000000000000000, -0.70710671332268793, 0.70710780067612067, 3.75000000000000000]
  #11 objects/buildingsets/human/lowtech/alpha/int/roomsm/floor/roomsm_floor_straight_04x02x0025_a.cgf
    [-1.00000000000000000, 0.00000000000000000, 0.00000000000000000, 0.00000000000000000]
    [0.00000000000000000, -1.00000000000000000, 0.00000000000000000, 7.00000000000000000]
    [0.00000000000000000, 0.00000000000000000, 1.00000000000000000, 0.00000000000000000]
  #12 objects/buildingsets/human/lowtech/alpha/int/roomsm/wall/roomsm_wall_straight_02x01x04_b.cgf
    [-0.00000064012100026, 1.00000042674731060, 0.00000000000000000, -5.00000000000000000]
    [-1.00000042674731060, -0.00000064012100026, -0.00000000000000000, 9.00000000000000000]
    [-0.00000000000000000, 0.00000000000000000, 1.00000042674751533, 0.00000000000000000]
  #13 objects/buildingsets/human/lowtech/alpha/int/roomsm/wall/roomsm_wall_45_end_01x01x04_a.cgf
    [-0.00000064012100026, 1.00000042674731060, 0.00000000000000000, -5.00000000000000000]
    [-1.00000042674731060, -0.00000064012100026, -0.00000000000000000, 1.00000000000000000]
    [-0.00000000000000000, 0.00000000000000000, 1.00000042674751533, 0.00000000000000000]
  #14 objects/buildingsets/human/lowtech/alpha/int/roomsm/floor/roomsm_floor_straight_04x02x0025_i.cgf
    [-1.00000000000000000, 0.00000000000000000, 0.00000000000000000, -2.00000000000000000]
    [0.00000000000000000, -1.00000000000000000, 0.00000000000000000, 1.00000000000000000]
    [0.00000000000000000, 0.00000000000000000, 1.00000000000000000, 0.00000000000000000]
  #15 objects/buildingsets/human/lowtech/alpha/int/roomsm/ceiling/roomsm_ceiling_straight_04x01x0025_a.cgf
    [-1.00000000000000000, 0.00000000000000000, 0.00000000000000000, -1.00000000000000000]
    [0.00000000000000000, -1.00000000000000000, 0.00000000000000000, 1.00000000000000000]
    [0.00000000000000000, 0.00000000000000000, 1.00000000000000000, 4.00000000000000000]
  #16 objects/buildingsets/human/lowtech/alpha/int/roomsm/wall/roomsm_wall_cornerin_01x01x04_a.cgf
    [-0.00000064012100026, 1.00000042674731060, 0.00000000000000000, -5.00000000000000000]
    [-1.00000042674731060, -0.00000064012100026, -0.00000000000000000, 18.00000000000000000]
    [-0.00000000000000000, 0.00000000000000000, 1.00000042674751533, 0.00000000000000000]
  #17 objects/buildingsets/human/lowtech/alpha/int/roomsm/floor/roomsm_floor_straight_04x02x0025_a.cgf
    [-1.00000000000000000, 0.00000000000000000, 0.00000000000000000, 0.00000000000000000]
    [0.00000000000000000, -1.00000000000000000, 0.00000000000000000, 17.00000000000000000]
    [0.00000000000000000, 0.00000000000000000, 1.00000000000000000, 0.00000000000000000]
  #18 objects/buildingsets/human/lowtech/alpha/int/roomsm/wall/roomsm_wall_straight_02x01x04_c.cgf
    [-0.00000064012100026, 1.00000042674731060, 0.00000000000000000, -5.00000000000000000]
    [-1.00000042674731060, -0.00000064012100026, -0.00000000000000000, 11.00000000000000000]
    [-0.00000000000000000, 0.00000000000000000, 1.00000042674751533, 0.00000000000000000]
  #19 objects/buildingsets/human/lowtech/alpha/int/roomsm/wall/roomsm_wall_straight_engineering_04x01x04_g.cgf
    [-0.00000064012100026, 1.00000042674731060, 0.00000000000000000, -5.00000000000000000]
    [-1.00000042674731060, -0.00000064012100026, -0.00000000000000000, 15.00000000000000000]
    [-0.00000000000000000, 0.00000000000000000, 1.00000042674751533, 0.00000000000000000]
  #20 objects/buildingsets/human/lowtech/alpha/int/roomsm/addon/roomsm_addon_rib_end_02x02x025_b.cgf
    [-0.00000064012100026, 1.00000042674731060, 0.00000000000000000, -5.00000000000000000]
    [-1.00000042674731060, -0.00000064012100026, -0.00000000000000000, 1.00000000000000000]
    [-0.00000000000000000, 0.00000000000000000, 1.00000042674751533, 0.00000000000000000]
  #21 objects/buildingsets/human/lowtech/alpha/int/roomsm/pillar/roomsm_pillarsm_025x025x08_a.cgf
    [0.00000000000000000, -0.50000000000000000, 0.00000000000000000, -4.12500000000000000]
    [0.00000000000000000, 0.00000000000000000, 0.50000000000000000, 13.00000000000000000]
    [-0.50000000000000000, 0.00000000000000000, 0.00000000000000000, 3.25000000000000000]
  #22 objects/buildingsets/human/lowtech/alpha/int/roomsm/pillar/roomsm_pillarsm_025x025x08_a.cgf
    [0.00000000000000000, -0.50000000000000000, 0.00000000000000000, -4.12500000000000000]
    [0.00000000000000000, 0.00000000000000000, 0.50000000000000000, 5.00000000000000000]
    [-0.50000000000000000, 0.00000000000000000, 0.00000000000000000, 3.25000000000000000]
  #23 objects/buildingsets/human/lowtech/alpha/int/roomsm/pillar/roomsm_pillarsm_025x025x08_a.cgf
    [0.00000000000000000, -0.50000000000000000, 0.00000000000000000, -4.12500000000000000]
    [0.00000000000000000, 0.00000000000000000, 0.50000000000000000, 1.00000000000000000]
    [-0.50000000000000000, 0.00000000000000000, 0.00000000000000000, 3.25000000000000000]
  #24 objects/buildingsets/human/lowtech/alpha/int/roomsm/pillar/roomsm_pillarsm_025x025x08_a.cgf
    [0.00000000000000000, -0.50000000000000000, 0.00000000000000000, -4.12500000000000000]
    [0.00000000000000000, 0.00000000000000000, 0.50000000000000000, 9.00000000000000000]
    [-0.50000000000000000, 0.00000000000000000, 0.00000000000000000, 3.25000000000000000]
  #25 objects/buildingsets/human/lowtech/alpha/int/roomsm/trim/roomsm_trim_sml_straight_04x005_a.cgf
    [-1.00000067290129091, -0.00000000000000000, 0.00000000000000000, 5.00000400000000056]
    [0.00000000000000000, -0.70710780067612089, -0.70710671332268793, 0.75000000000000000]
    [0.00000000000000000, -0.70710671332268793, 0.70710780067612067, 3.75000000000000000]
  #26 objects/buildingsets/human/lowtech/alpha/int/roomsm/addon/roomsm_addon_rib_straight_02x02x025_a.cgf
    [-0.00000064012100026, 1.00000042674731060, 0.00000000000000000, -1.00000000000000000]
    [-1.00000042674731060, -0.00000064012100026, -0.00000000000000000, 1.00000000000000000]
    [-0.00000000000000000, 0.00000000000000000, 1.00000042674751533, 0.00000000000000000]
  #27 objects/buildingsets/human/lowtech/alpha/int/roomsm/partition/roomsm_partition_straight_01x0025x04_a.cgf
    [1.00000000000000000, 0.00000000000000000, 0.00000000000000000, 3.00000000000000000]
    [0.00000000000000000, 1.00000000000000000, 0.00000000000000000, 13.00000000000000000]
    [0.00000000000000000, 0.00000000000000000, 1.00000000000000000, 0.00000000000000000]
  #28 objects/buildingsets/human/lowtech/alpha/int/roomsm/floor/roomsm_floor_straight_04x02x0025_i.cgf
    [-1.00000000000000000, 0.00000000000000000, 0.00000000000000000, 6.00000000000000000]
    [0.00000000000000000, -1.00000000000000000, 0.00000000000000000, 1.00000000000000000]
    [0.00000000000000000, 0.00000000000000000, 1.00000000000000000, 0.00000000000000000]
  #29 objects/buildingsets/human/lowtech/alpha/int/roomsm/wall/roomsm_wall_straight_02x01x04_b.cgf
    [-0.00000064012100026, -1.00000042674731060, 0.00000000000000000, 5.00000000000000000]
    [1.00000042674731060, -0.00000064012100026, 0.00000000000000000, 5.00000000000000000]
    [0.00000000000000000, 0.00000000000000000, 1.00000042674751533, 0.00000000000000000]
  #30 objects/buildingsets/human/lowtech/alpha/int/roomsm/ceiling/roomsm_ceiling_straight_04x04x0025_a.cgf
    [-1.00000000000000000, 0.00000000000000000, 0.00000000000000000, 4.00000000000000000]
    [0.00000000000000000, -1.00000000000000000, 0.00000000000000000, 9.00000000000000000]
    [0.00000000000000000, 0.00000000000000000, 1.00000000000000000, 4.00000000000000000]
  #31 objects/buildingsets/human/lowtech/alpha/int/roomsm/floor/roomsm_floor_straight_04x04x0025_a.cgf
    [-1.00000000000000000, 0.00000000000000000, 0.00000000000000000, 0.00000000000000000]
    [0.00000000000000000, -1.00000000000000000, 0.00000000000000000, 5.00000000000000000]
    [0.00000000000000000, 0.00000000000000000, 1.00000000000000000, 0.00000000000000000]
  #32 objects/buildingsets/human/lowtech/alpha/int/roomsm/wall/roomsm_wall_45_end_01x01x04_b.cgf
    [-0.00000064012100026, -1.00000042674731060, 0.00000000000000000, 5.00000000000000000]
    [1.00000042674731060, -0.00000064012100026, 0.00000000000000000, 1.00000000000000000]
    [0.00000000000000000, 0.00000000000000000, 1.00000042674751533, 0.00000000000000000]
  #33 objects/buildingsets/human/lowtech/alpha/int/roomsm/wall/roomsm_wall_cornerin_01x01x04_a.cgf
    [-1.00000000000000000, 0.00000000000000000, 0.00000000000000000, 5.00000000000000000]
    [0.00000000000000000, -1.00000000000000000, 0.00000000000000000, 18.00000000000000000]
    [0.00000000000000000, 0.00000000000000000, 1.00000000000000000, 0.00000000000000000]
  #34 objects/buildingsets/human/lowtech/alpha/int/roomsm/partition/roomsm_partition_end_wall_02x005x04_a.cgf
    [-1.00000000000000000, 0.00000000000000000, 0.00000000000000000, 5.00000000000000000]
    [0.00000000000000000, -1.00000000000000000, 0.00000000000000000, 13.00000000000000000]
    [0.00000000000000000, 0.00000000000000000, 1.00000000000000000, 0.00000000000000000]
  #35 objects/buildingsets/human/lowtech/alpha/int/roomsm/partition/roomsm_partition_corner45in_mirror_02x01x04_a.cgf
    [1.00000000000000000, 0.00000000000000000, 0.00000000000000000, -1.00000000000000000]
    [0.00000000000000000, 1.00000000000000000, 0.00000000000000000, 13.00000000000000000]
    [0.00000000000000000, 0.00000000000000000, 1.00000000000000000, 0.00000000000000000]
  #36 objects/buildingsets/human/lowtech/alpha/int/roomsm/floor/roomsm_floor_straight_04x02x0025_i.cgf
    [-1.00000000000000000, 0.00000000000000000, 0.00000000000000000, 2.00000000000000000]
    [0.00000000000000000, -1.00000000000000000, 0.00000000000000000, 1.00000000000000000]
    [0.00000000000000000, 0.00000000000000000, 1.00000000000000000, 0.00000000000000000]
  #37 objects/buildingsets/human/lowtech/alpha/int/roomsm/floor/roomsm_floor_straight_04x04x0025_a.cgf
    [-1.00000000000000000, 0.00000000000000000, 0.00000000000000000, 4.00000000000000000]
    [0.00000000000000000, -1.00000000000000000, 0.00000000000000000, 5.00000000000000000]
    [0.00000000000000000, 0.00000000000000000, 1.00000000000000000, 0.00000000000000000]
  #38 objects/buildingsets/human/lowtech/alpha/int/roomsm/wall/roomsm_wall_straight_04x01x04_a.cgf
    [-0.00000064012100026, -1.00000042674731060, 0.00000000000000000, 5.00000000000000000]
    [1.00000042674731060, -0.00000064012100026, 0.00000000000000000, 7.00000000000000000]
    [0.00000000000000000, 0.00000000000000000, 1.00000042674751533, 0.00000000000000000]
  #39 objects/buildingsets/human/lowtech/alpha/int/roomsm/addon/roomsm_addon_rib_end_02x02x025_b.cgf
    [-0.00000064012100026, -1.00000042674731060, 0.00000000000000000, 5.00000000000000000]
    [1.00000042674731060, -0.00000064012100026, 0.00000000000000000, 1.00000000000000000]
    [0.00000000000000000, 0.00000000000000000, 1.00000042674751533, 0.00000000000000000]
  #40 objects/buildingsets/human/lowtech/alpha/int/roomsm/floor/roomsm_floor_straight_04x04x0025_a.cgf
    [-1.00000000000000000, 0.00000000000000000, 0.00000000000000000, 0.00000000000000000]
    [0.00000000000000000, -1.00000000000000000, 0.00000000000000000, 15.00000000000000000]
    [0.00000000000000000, 0.00000000000000000, 1.00000000000000000, 0.00000000000000000]
  #41 objects/buildingsets/human/lowtech/alpha/int/roomsm/partition/roomsm_partition_straight_01x0025x04_a.cgf
    [-1.00000000000000000, 0.00000000000000000, 0.00000000000000000, 4.00000000000000000]
    [0.00000000000000000, -1.00000000000000000, 0.00000000000000000, 13.00000000000000000]
    [0.00000000000000000, 0.00000000000000000, 1.00000000000000000, 0.00000000000000000]
  #42 objects/buildingsets/human/lowtech/alpha/int/roomsm/floor/roomsm_floor_straight_04x04x0025_a.cgf
    [-1.00000000000000000, 0.00000000000000000, 0.00000000000000000, 0.00000000000000000]
    [0.00000000000000000, -1.00000000000000000, 0.00000000000000000, 11.00000000000000000]
    [0.00000000000000000, 0.00000000000000000, 1.00000000000000000, 0.00000000000000000]
  #43 objects/buildingsets/human/lowtech/alpha/int/roomsm/ceiling/roomsm_ceiling_straight_02x01x0025_a.cgf
    [-1.00000000000000000, 0.00000000000000000, 0.00000000000000000, 1.00000000000000000]
    [0.00000000000000000, -1.00000000000000000, 0.00000000000000000, 1.00000000000000000]
    [0.00000000000000000, 0.00000000000000000, 1.00000000000000000, 4.00000000000000000]
  #44 objects/buildingsets/human/lowtech/alpha/int/roomsm/ceiling/roomsm_ceiling_straight_04x04x0025_a.cgf
    [-1.00000000000000000, 0.00000000000000000, 0.00000000000000000, 4.00000000000000000]
    [0.00000000000000000, -1.00000000000000000, 0.00000000000000000, 17.00000000000000000]
    [0.00000000000000000, 0.00000000000000000, 1.00000000000000000, 4.00000000000000000]
  #45 objects/buildingsets/human/lowtech/alpha/int/roomsm/partition/roomsm_partition_corner45out_mirror_02x01x04_a.cgf
    [1.00000000000000000, 0.00000000000000000, 0.00000000000000000, -1.00000000000000000]
    [0.00000000000000000, 1.00000000000000000, 0.00000000000000000, 13.00000000000000000]
    [0.00000000000000000, 0.00000000000000000, 1.00000000000000000, 0.00000000000000000]
  #46 objects/buildingsets/human/lowtech/alpha/int/roomsm/partition/roomsm_partition_straight_window_02x0025x04_a.cgf
    [-1.00000000000000000, 0.00000000000000000, 0.00000000000000000, 3.00000000000000000]
    [0.00000000000000000, -1.00000000000000000, 0.00000000000000000, 13.00000000000000000]
    [0.00000000000000000, 0.00000000000000000, 1.00000000000000000, 0.00000000000000000]
  #47 objects/buildingsets/human/lowtech/alpha/int/roomsm/partition/roomsm_partition_end_0025x0025x04_a.cgf
    [-0.70710823567003778, -0.70710613896567265, 0.00000000000000000, -1.00000000000000000]
    [0.70710613896567265, -0.70710823567003778, 0.00000000000000000, 14.00000000000000000]
    [0.00000000000000000, 0.00000000000000000, 1.00000057435750267, 0.00000000000000000]
  #48 objects/buildingsets/human/lowtech/alpha/int/roomsm/floor/roomsm_floor_straight_04x02x0025_a.cgf
    [-1.00000000000000000, 0.00000000000000000, 0.00000000000000000, 4.00000000000000000]
    [0.00000000000000000, -1.00000000000000000, 0.00000000000000000, 7.00000000000000000]
    [0.00000000000000000, 0.00000000000000000, 1.00000000000000000, 0.00000000000000000]
  #49 objects/buildingsets/human/lowtech/alpha/int/roomsm/wall/roomsm_wall_straight_engineering_04x01x04_g.cgf
    [-1.00000000000000000, 0.00000000000000000, 0.00000000000000000, 4.00000000000000000]
    [0.00000000000000000, -1.00000000000000000, 0.00000000000000000, 18.00000000000000000]
    [0.00000000000000000, 0.00000000000000000, 1.00000000000000000, 0.00000000000000000]
  #50 objects/buildingsets/human/lowtech/alpha/int/roomsm/ceiling/roomsm_ceiling_straight_04x04x0025_a.cgf
    [-1.00000000000000000, 0.00000000000000000, 0.00000000000000000, 4.00000000000000000]
    [0.00000000000000000, -1.00000000000000000, 0.00000000000000000, 13.00000000000000000]
    [0.00000000000000000, 0.00000000000000000, 1.00000000000000000, 4.00000000000000000]
  #51 objects/buildingsets/human/lowtech/alpha/int/roomsm/trim/roomsm_trim_sml_straight_02x005_a.cgf
    [-1.00000067290129091, -0.00000000000000000, 0.00000000000000000, 0.99999899999999986]
    [0.00000000000000000, -0.70710780067612089, -0.70710671332268793, 0.75000000000000000]
    [0.00000000000000000, -0.70710671332268793, 0.70710780067612067, 3.75000000000000000]
  #52 objects/buildingsets/human/lowtech/alpha/int/roomsm/ceiling/roomsm_ceiling_straight_04x04x0025_a.cgf
    [-1.00000000000000000, 0.00000000000000000, 0.00000000000000000, 0.00000000000000000]
    [0.00000000000000000, -1.00000000000000000, 0.00000000000000000, 17.00000000000000000]
    [0.00000000000000000, 0.00000000000000000, 1.00000000000000000, 4.00000000000000000]
  #53 objects/buildingsets/human/lowtech/alpha/int/roomsm/addon/roomsm_addon_rib_straight_02x02x025_a.cgf
    [-0.00000064012100026, 1.00000042674731060, 0.00000000000000000, 1.00000000000000000]
    [-1.00000042674731060, -0.00000064012100026, -0.00000000000000000, 1.00000000000000000]
    [-0.00000000000000000, 0.00000000000000000, 1.00000042674751533, 0.00000000000000000]
  #54 objects/buildingsets/human/lowtech/alpha/int/roomsm/ceiling/roomsm_ceiling_straight_04x01x0025_a.cgf
    [-1.00000000000000000, 0.00000000000000000, 0.00000000000000000, 5.00000000000000000]
    [0.00000000000000000, -1.00000000000000000, 0.00000000000000000, 1.00000000000000000]
    [0.00000000000000000, 0.00000000000000000, 1.00000000000000000, 4.00000000000000000]
  #55 objects/buildingsets/human/lowtech/alpha/int/roomsm/ceiling/roomsm_ceiling_straight_04x04x0025_a.cgf
    [-1.00000000000000000, 0.00000000000000000, 0.00000000000000000, 4.00000000000000000]
    [0.00000000000000000, -1.00000000000000000, 0.00000000000000000, 5.00000000000000000]
    [0.00000000000000000, 0.00000000000000000, 1.00000000000000000, 4.00000000000000000]
  #56 objects/buildingsets/human/lowtech/alpha/int/roomsm/partition/roomsm_partition_straight_window_02x0025x04_a.cgf
    [1.00000000000000000, 0.00000000000000000, 0.00000000000000000, 1.00000000000000000]
    [0.00000000000000000, 1.00000000000000000, 0.00000000000000000, 13.00000000000000000]
    [0.00000000000000000, 0.00000000000000000, 1.00000000000000000, 0.00000000000000000]
  #57 objects/buildingsets/human/lowtech/alpha/int/roomsm/floor/roomsm_floor_straight_04x02x0025_a.cgf
    [-1.00000000000000000, 0.00000000000000000, 0.00000000000000000, 4.00000000000000000]
    [0.00000000000000000, -1.00000000000000000, 0.00000000000000000, 17.00000000000000000]
    [0.00000000000000000, 0.00000000000000000, 1.00000000000000000, 0.00000000000000000]
  #58 objects/buildingsets/human/lowtech/alpha/int/roomsm/partition/roomsm_partition_end_wall_mirror_02x005x04_a.cgf
    [-1.00000000000000000, 0.00000000000000000, 0.00000000000000000, 5.00000000000000000]
    [0.00000000000000000, -1.00000000000000000, 0.00000000000000000, 13.00000000000000000]
    [0.00000000000000000, 0.00000000000000000, 1.00000000000000000, 0.00000000000000000]
  #59 objects/buildingsets/human/lowtech/alpha/int/roomsm/ceiling/roomsm_ceiling_straight_04x04x0025_d.cgf
    [-1.00000000000000000, 0.00000000000000000, 0.00000000000000000, 0.00000000000000000]
    [0.00000000000000000, -1.00000000000000000, 0.00000000000000000, 13.00000000000000000]
    [0.00000000000000000, 0.00000000000000000, 1.00000000000000000, 4.00000000000000000]
  #60 objects/buildingsets/human/lowtech/alpha/int/roomsm/wall/roomsm_wall_straight_02x01x04_b.cgf
    [-0.00000064012100026, -1.00000042674731060, 0.00000000000000000, 5.00000000000000000]
    [1.00000042674731060, -0.00000064012100026, 0.00000000000000000, 15.00000000000000000]
    [0.00000000000000000, 0.00000000000000000, 1.00000042674751533, 0.00000000000000000]
