# IncludedObjects
# Cgfs: 4, Materials: 0, Palettes: 1, Placements: 7

[CGFs]
      0: objects/buildingsets/citysets/hightech/background/buildings/building_base_150m_001_a.cgf
      1: objects/buildingsets/citysets/hightech/background/buildings/building_450m_001_a.cgf
      2: objects/buildingsets/citysets/hightech/background/buildings/building_300m_001_a.cgf
      3: objects/!test_assets/orison_wb/ext/background/bg_common/platform/bg_comn_platform_a.cgf

[Palettes]
      0: Libs/Foundry/Records/TintPalettes/default

[Placements]
  #0 objects/buildingsets/citysets/hightech/background/buildings/building_base_150m_001_a.cgf
    [0.00000003422854103, -1.00000003337676890, 0.00000000000000000, -562.91833042397911413]
    [1.00000003337676890, 0.00000003422854103, 0.00000000000000000, -6.06402730654644984]
    [0.00000000000000000, 0.00000000000000000, 1.00000003337676935, -40.34584061474178895]
  #1 objects/buildingsets/citysets/hightech/background/buildings/building_450m_001_a.cgf
    [-0.00000013435885431, 1.00000003337676602, 0.00000000000000000, -529.88503827179420114]
    [-1.00000003337676602, -0.00000013435885431, -0.00000000000000000, 169.98363935986617435]
    [-0.00000000000000000, 0.00000000000000000, 1.00000003337677490, 25.62975784310093275]
  #2 objects/buildingsets/citysets/hightech/background/buildings/building_base_150m_001_a.cgf
    [0.00000003422854103, -1.00000003337676890, 0.00000000000000000, -596.91833042397911413]
    [1.00000003337676890, 0.00000003422854103, 0.00000000000000000, 389.93597269345355016]
    [0.00000000000000000, 0.00000000000000000, 1.00000003337676935, -40.34584061474178895]
  #3 objects/buildingsets/citysets/hightech/background/buildings/building_300m_001_a.cgf
    [0.00000003080568641, -0.90000000619723308, 0.00000000000000000, -455.99966889783672741]
    [0.90000000619723308, 0.00000003080568641, 0.00000000000000000, 405.34352033435152407]
    [0.00000000000000000, 0.00000000000000000, 0.90000000619723364, 46.46925466704148278]
  #4 objects/buildingsets/citysets/hightech/background/buildings/building_300m_001_a.cgf
    [0.00000003080568641, -0.90000000619723308, 0.00000000000000000, -417.57411911691497153]
    [0.90000000619723308, 0.00000003080568641, 0.00000000000000000, -3.21806825817475328]
    [0.00000000000000000, 0.00000000000000000, 0.90000000619723364, 49.30604020852013036]
  #5 objects/!test_assets/orison_wb/ext/background/bg_common/platform/bg_comn_platform_a.cgf
    [1.50000000000000000, 0.00000000000000000, 0.00000000000000000, 0.00000000000000000]
    [0.00000000000000000, 1.50000000000000000, 0.00000000000000000, 0.00000000000000000]
    [0.00000000000000000, 0.00000000000000000, 1.50000000000000000, 0.00000000000000000]
  #6 objects/buildingsets/citysets/hightech/background/buildings/building_base_150m_001_a.cgf
    [0.00000003422854103, -1.00000003337676890, 0.00000000000000000, -699.91833042397911413]
    [1.00000003337676890, 0.00000003422854103, 0.00000000000000000, 172.93597269345355016]
    [0.00000000000000000, 0.00000000000000000, 1.00000003337676935, -40.34584061474178895]
