# IncludedObjects
# Cgfs: 22, Materials: 0, Palettes: 3, Placements: 27

[CGFs]
      0: objects/buildingsets/human/universal/prop/food/pizza/pizza_1_box_d.cgf
      1: objects/buildingsets/human/universal/prop/dressing/literature/literature_book_3_bundle_a.cgf
      2: objects/buildingsets/human/universal/prop/dressing/literature/literature_book_3_f.cgf
      3: objects/buildingsets/human/universal/prop/dressing/linen/linen_towel_1_a.cgf
      4: objects/buildingsets/human/universal/prop/crates/crate_basket_1_b.cgf
      5: objects/buildingsets/human/universal/prop/utility/waste/trash_bag_standing_1_d.cgf
      6: objects/buildingsets/human/universal/prop/dressing/literature/literature_book_3_a.cgf
      7: objects/buildingsets/human/lowtech/bravo/int/walkway/addon/walkway_addon_railing_panel_a.cgf
      8: objects/buildingsets/human/universal/prop/dressing/literature/literature_book_14_bundle_a.cgf
      9: objects/buildingsets/human/universal/prop/dressing/linen/linen_towel_1_c.cgf
     10: objects/buildingsets/human/universal/prop/dressing/literature/literature_book_3_c.cgf
     11: objects/buildingsets/human/universal/prop/utility/waste/trash_bag_scattered_1_small_a.cgf
     12: objects/buildingsets/human/universal/prop/crates/crate_basket_1_a.cgf
     13: objects/buildingsets/human/universal/prop/utility/waste/trash_bag_pile_1_small_c.cgf
     14: objects/buildingsets/human/universal/prop/food/pizza/pizza_1_box_c.cgf
     15: objects/buildingsets/human/universal/prop/dressing/literature/literature_book_12_b.cgf
     16: objects/buildingsets/human/universal/prop/utility/waste/trash_bag_standing_1_b.cgf
     17: objects/buildingsets/human/universal/prop/utility/waste/trash_bag_pile_1_small_a.cgf
     18: objects/buildingsets/human/universal/prop/storage/box_cardboard/box_cardboard_open_005x005x004_a.cgf
     19: objects/buildingsets/human/universal/prop/dressing/literature/literature_book_4_open_a.cgf
     20: objects/buildingsets/human/universal/prop/dressing/literature/literature_book_3_bundle_b.cgf
     21: objects/buildingsets/human/universal/prop/dressing/linen/linen_towel_1_b.cgf

[Palettes]
      0: Libs/Foundry/Records/TintPalettes/default
      1: Libs/Foundry/Records/TintPalettes/generic/gen_darkgreen_grey_red_a
      2: Libs/Foundry/Records/TintPalettes/Generic/gen_matte_dark_a

[Placements]
  #0 objects/buildingsets/human/universal/prop/food/pizza/pizza_1_box_d.cgf
    [-0.96126133036608052, 0.27563909622725552, 0.00000000000000000, 0.56387100000029022]
    [-0.27563909622725552, -0.96126133036608052, 0.00000000000000000, -0.57100700000000870]
    [0.00000000000000000, 0.00000000000000000, 1.00000012831306462, 0.00499999999999545]
  #1 objects/buildingsets/human/universal/prop/dressing/literature/literature_book_3_bundle_a.cgf
    [-0.46947243900037572, 0.88294237938732212, -0.00280327700726949, -1.17235299999993003]
    [-0.88294665777232395, -0.46946800153303597, 0.00211417273345631, -1.04886699999997290]
    [0.00055064399400477, 0.00346769080487901, 0.99999357326572857, 0.03101400000002741]
  #2 objects/buildingsets/human/universal/prop/dressing/literature/literature_book_3_f.cgf
    [0.00248197856828394, -0.99026466233482124, 0.13917395318560208, -0.25013699999999517]
    [-0.00248398628453000, 0.13916784726900139, 0.99026551542031871, -0.60620500000004540]
    [-0.99999366024317582, -0.00280352446637093, -0.00211439259401169, 0.37120100000004186]
  #3 objects/buildingsets/human/universal/prop/dressing/linen/linen_towel_1_a.cgf
    [-0.99254657563907123, -0.12187025013063262, 0.00000000000000000, 0.50580999999965570]
    [0.12187025013063262, -0.99254657563907123, 0.00000000000000000, -1.04608700000017052]
    [0.00000000000000000, 0.00000000000000000, 1.00000053133973377, 0.02593300000000909]
  #4 objects/buildingsets/human/universal/prop/dressing/literature/literature_book_3_bundle_a.cgf
    [-0.00248184427882885, 0.99254296281778709, -0.12186701896501588, -0.01735199999984616]
    [0.00248270395918555, 0.12187313448152541, 0.99254220976956642, -1.27223400000002584]
    [0.99999346974446868, 0.00216077627068685, -0.00276666150465640, 0.08496200000001863]
  #5 objects/buildingsets/human/universal/prop/crates/crate_basket_1_b.cgf
    [1.96325418293298393, -0.38161889708835606, 0.00000000000000000, -0.22587600000042585]
    [0.38161889708835606, 1.96325418293298393, 0.00000000000000000, -1.05602899999985311]
    [0.00000000000000000, 0.00000000000000000, 1.99999999235469805, 0.00499999999999545]
  #6 objects/buildingsets/human/universal/prop/utility/waste/trash_bag_standing_1_d.cgf
    [-0.98162666777320806, 0.19080948751443527, 0.00000000000000000, -1.41193899999962014]
    [-0.19080948751443527, -0.98162666777320806, 0.00000000000000000, -0.65999000000010710]
    [0.00000000000000000, 0.00000000000000000, 0.99999958770444164, 0.00000000000000000]
  #7 objects/buildingsets/human/universal/prop/dressing/literature/literature_book_3_a.cgf
    [0.15643098868591540, 0.98768593647234204, -0.00248217001230718, 0.01089899999988120]
    [-0.98768497047033432, 0.15643707560105405, 0.00248293754960528, -0.52590300000019852]
    [0.00284066545586412, 0.00206319330483045, 0.99999399915580756, 0.35442199999999957]
  #8 objects/buildingsets/human/lowtech/bravo/int/walkway/addon/walkway_addon_railing_panel_a.cgf
    [-0.45311379344930153, 0.03168433382294750, 0.00000000000000000, -0.15598399999998946]
    [-0.03168433382294750, -0.45311379344930153, 0.00000000000000000, -0.51850400000012087]
    [0.00000000000000000, 0.00000000000000000, 0.45422021842254040, 0.33064300000000912]
  #9 objects/buildingsets/human/universal/prop/dressing/literature/literature_book_14_bundle_a.cgf
    [0.00000202655586875, -0.00248503433054212, 0.99999701707907884, 0.40854500000023108]
    [0.99999702211309549, 0.00248300514630374, 0.00000414381555841, -1.07247599999982413]
    [-0.00248300777704147, 0.99999393440990736, 0.00248503170194977, 0.05682200000001103]
  #10 objects/buildingsets/human/universal/prop/dressing/linen/linen_towel_1_c.cgf
    [-0.94551974493500013, 0.32556697766678894, 0.00000000000000000, 0.69054500000038388]
    [-0.32556697766678894, -0.94551974493500013, 0.00000000000000000, -0.51450699999986682]
    [0.00000000000000000, 0.00000000000000000, 1.00000072250425620, 0.35442299999999705]
  #11 objects/buildingsets/human/universal/prop/dressing/literature/literature_book_3_c.cgf
    [0.00248129425871949, -0.58778406688728158, -0.80901326912986327, -0.59937400000035268]
    [-0.00248309241566803, -0.80901688703438068, 0.58777907965594933, -0.45306799999980285]
    [-0.99999320656032276, 0.00055040220493240, -0.00346693330710426, 0.40369099999998070]
  #12 objects/buildingsets/human/universal/prop/utility/waste/trash_bag_scattered_1_small_a.cgf
    [0.16730167448908009, 0.86069012114118570, 0.00000000000000000, -0.65324400000008609]
    [-0.86069012114118570, 0.16730167448908009, -0.00000000000000000, -0.91460999999981141]
    [-0.00000000000000000, 0.00000000000000000, 0.87679948387124362, 0.00000000000000000]
  #13 objects/buildingsets/human/universal/prop/crates/crate_basket_1_a.cgf
    [-1.99512908097497155, -0.13951494116477156, 0.00000000000000000, 0.48015200000008917]
    [0.13951494116477156, -1.99512908097497155, 0.00000000000000000, -1.05058400000007168]
    [0.00000000000000000, 0.00000000000000000, 2.00000111713974960, 0.00499999999999545]
  #14 objects/buildingsets/human/universal/prop/utility/waste/trash_bag_pile_1_small_c.cgf
    [0.87680000066757202, 0.00000000000000000, 0.00000000000000000, -0.88075800000024174]
    [0.00000000000000000, 0.87680000066757202, 0.00000000000000000, -0.97109899999986737]
    [0.00000000000000000, 0.00000000000000000, 0.87680000066757202, 0.00154599999996208]
  #15 objects/buildingsets/human/universal/prop/food/pizza/pizza_1_box_c.cgf
    [-0.96126133036608052, 0.27563909622725552, 0.00000000000000000, -0.62484200000017154]
    [-0.27563909622725552, -0.96126133036608052, 0.00000000000000000, -0.45273499999984779]
    [0.00000000000000000, 0.00000000000000000, 1.00000012831306462, 0.35442299999999705]
  #16 objects/buildingsets/human/universal/prop/dressing/literature/literature_book_3_c.cgf
    [0.88996068558539665, 0.06975808428713667, 0.45067040273995873, 0.39191599999958271]
    [-0.06327635008511150, 0.99756129139259286, -0.02945500894391218, -1.03175599999985934]
    [-0.45162606850038484, -0.00230297819535348, 0.89220435700525158, 0.21280300000000807]
  #17 objects/buildingsets/human/universal/prop/dressing/literature/literature_book_12_b.cgf
    [-0.06975756388609422, 0.99756094316734645, -0.00248167386060413, 0.01107299999966926]
    [-0.99756137114287047, -0.06975141829549190, 0.00248237924626983, -0.49470599999995102]
    [0.00230322418198283, 0.00264878655996411, 0.99999389540412997, 0.41997600000001967]
  #18 objects/buildingsets/human/universal/prop/dressing/literature/literature_book_3_bundle_a.cgf
    [-0.88294213471324390, -0.00280329585477191, 0.46947271954921366, -1.14417799999955605]
    [0.46946828307676425, 0.00211388317487908, 0.88294641332497770, -1.44110700000010183]
    [-0.00346757170641798, 0.99999348955422607, -0.00055037822201430, 0.16603299999997034]
  #19 objects/buildingsets/human/universal/prop/utility/waste/trash_bag_standing_1_b.cgf
    [-0.82903855419706030, -0.55919168611234216, 0.00000000000000000, -1.27859499999976833]
    [0.55919168611234216, -0.82903855419706030, 0.00000000000000000, -0.23309999999992215]
    [0.00000000000000000, 0.00000000000000000, 1.00000013308114899, 0.00000000000000000]
  #20 objects/buildingsets/human/universal/prop/crates/crate_basket_1_a.cgf
    [-0.35603952153853968, -2.24794271638863119, 0.00000000000000000, -0.82374499999968975]
    [-2.24794271638863119, 0.35603952153853968, 0.00000000000000000, -0.61033200000019860]
    [-0.00000000000000000, 0.00000000000000000, -2.27596366338790412, 0.32430499999998119]
  #21 objects/buildingsets/human/universal/prop/utility/waste/trash_bag_pile_1_small_a.cgf
    [0.87680000066757202, 0.00000000000000000, 0.00000000000000000, -0.01498999999967054]
    [0.00000000000000000, 0.87680000066757202, 0.00000000000000000, -0.30755099999987578]
    [0.00000000000000000, 0.00000000000000000, 0.87680000066757202, 0.00154599999996208]
  #22 objects/buildingsets/human/universal/prop/storage/box_cardboard/box_cardboard_open_005x005x004_a.cgf
    [0.82687488862246095, 0.42131752228801539, 0.00000000000000000, -1.13501499999983935]
    [-0.42131752228801539, 0.82687488862246095, -0.00000000000000000, -1.20373699999981909]
    [-0.00000000000000000, 0.00000000000000000, 0.92802507294863512, 0.00499999999999545]
  #23 objects/buildingsets/human/universal/prop/dressing/literature/literature_book_4_open_a.cgf
    [-0.97029454982825503, 0.24191782525053743, -0.00248297071445430, 0.35511500000029628]
    [-0.24192380534298830, -0.97029306156259898, 0.00248190164611978, -0.51331900000013775]
    [-0.00180879127770667, 0.00300886248664542, 0.99999479386874024, 0.35853299999996580]
  #24 objects/buildingsets/human/universal/prop/dressing/literature/literature_book_3_bundle_b.cgf
    [0.00248288243023318, -0.27563326332405585, 0.96125928919991432, -0.49707399999988411]
    [-0.00248148962437226, 0.96125759424865731, 0.27563918686841798, -1.17624599999999191]
    [-0.99999347954526019, -0.00306973574924526, 0.00170270912020630, 0.12624200000004748]
  #25 objects/buildingsets/human/universal/prop/dressing/literature/literature_book_3_bundle_b.cgf
    [-0.46947243900037572, 0.88294237938732212, -0.00280327700726949, -1.25248100000044360]
    [-0.88294665777232395, -0.46946800153303597, 0.00211417273345631, -1.18895299999985582]
    [0.00055064399400477, 0.00346769080487901, 0.99999357326572857, 0.03101400000002741]
  #26 objects/buildingsets/human/universal/prop/dressing/linen/linen_towel_1_b.cgf
    [0.22083708928529555, 0.95655498088639745, 0.00000000000000000, -0.18199000000004162]
    [-0.95655498088639745, 0.22083708928529555, -0.00000000000000000, -0.93675399999983711]
    [-0.00000000000000000, 0.00000000000000000, 0.98171607477038791, 0.02779899999995905]
