# IncludedObjects
# Cgfs: 18, Materials: 2, Palettes: 6, Placements: 34

[CGFs]
      0: objects/buildingsets/human/brand/decal/logo/secondary_logo_txt_lrg.cgf
      1: objects/buildingsets/citysets/hightech/addon/small/ht_sml_addon_tank_006_a.cgf
      2: objects/buildingsets/citysets/hightech/buildings/hab_platforms/ht_entrance_large_001_plinth.cgf
      3: objects/buildingsets/citysets/hightech/background/buildings/building_025m_001_a.cgf
      4: objects/buildingsets/human/hightech/delta/int/roomsm_c/bulkhead/roomsm_c_bulkhead_end_02x02x04_a.cgf
      5: objects/buildingsets/human/hightech/prop/light/light_attachment_1_150_a.cgf
      6: objects/buildingsets/citysets/hightech/background/shipyard_platforms/shipyard_addons/shipyard_addon_04_a.cgf
      7: objects/buildingsets/human/hightech/delta/int/garage/high_tech_garage_door_m.cgf
      8: objects/buildingsets/human/hightech/delta/int/roomsm_c/bulkhead/roomsm_c_bulkhead_pillar_01x02x04_a.cgf
      9: objects/buildingsets/human/hightech/prop/light/light_attachment_1_075_a.cgf
     10: objects/buildingsets/human/hightech/delta/int/door/hightech_delta_door_double_c.cgf
     11: objects/buildingsets/citysets/hightech/buildings/hab_platforms/ht_entrance_large_001.cgf
     12: objects/buildingsets/citysets/hightech/background/shipyard_platforms/shipyard_addons/shipyard_addon_04_b.cgf
     13: objects/buildingsets/citysets/hightech/addon/small/ht_sml_addon_vent_005_a.cgf
     14: objects/buildingsets/human/hightech/delta/int/roomsm_c/bulkhead/roomsm_c_bulkhead_straight_04x02x04_a.cgf
     15: objects/buildingsets/human/hightech/delta/int/roomsm_c/bulkhead/roomsm_c_bulkhead_addon_light_a.cgf
     16: objects/buildingsets/citysets/hightech/rooftop/ht_rooftop_doorway_24x02x08_a.cgf
     17: objects/buildingsets/human/hightech/delta/int/roomsm_c/wall/roomsm_c_wall_straight_door_06x01x04_a.cgf

[Materials]
      0: objects/buildingsets/human/brand/crusader/crusader_brand_a
      1: objects/buildingsets/human/hightech/hightech_a_default

[Palettes]
      0: Libs/Foundry/Records/TintPalettes/default
      1: Libs/Foundry/Records/TintPalettes/generic/gen_white_lightgrey_darkgrey
      2: Libs/Foundry/Records/TintPalettes/Generic/gen_white_lightgreen_darkgreen<132>
      3: Libs/Foundry/Records/TintPalettes/Generic/gen_white_lightteal_blue
      4: Libs/Foundry/Records/TintPalettes/generic/gen_white_lightgreen_darkgreen
      5: Libs/Foundry/Records/TintPalettes/Generic/gen_white_lightgreen_darkgreen<321>

[Placements]
  #0 objects/buildingsets/human/brand/decal/logo/secondary_logo_txt_lrg.cgf
    [0.00000000000000000, 2.91835364005761821, -1.46268073407369670, -20.99805099999957747]
    [-3.26438706318168004, 0.00000000000000036, 0.00000000000000027, 33.23189500000125918]
    [0.00000000000000009, 1.46268073407369670, 2.91835364005761821, 16.64723199999999892]
  #1 objects/buildingsets/citysets/hightech/addon/small/ht_sml_addon_tank_006_a.cgf
    [0.00000000000000022, -1.00000000000000000, 0.00000000000000000, 31.18286799999987124]
    [1.00000000000000000, 0.00000000000000022, 0.00000000000000000, 9.82090400000174668]
    [0.00000000000000000, 0.00000000000000000, 1.00000000000000000, 21.86945000000000050]
  #2 objects/buildingsets/citysets/hightech/addon/small/ht_sml_addon_tank_006_a.cgf
    [0.00000000000000022, -1.00000000000000000, 0.00000000000000000, 31.18286900000020978]
    [1.00000000000000000, 0.00000000000000022, 0.00000000000000000, -0.17909599999939019]
    [0.00000000000000000, 0.00000000000000000, 1.00000000000000000, 21.86945000000000050]
  #3 objects/buildingsets/citysets/hightech/buildings/hab_platforms/ht_entrance_large_001_plinth.cgf
    [-1.00000042674731104, -0.00000064012100026, -0.00000000000000000, 7.00000000000000000]
    [0.00000064012100026, -1.00000042674731104, 0.00000000000000000, 121.75000000000022737]
    [0.00000000000000000, -0.00000000000000000, 1.00000042674751533, 1.00000000000000000]
  #4 objects/buildingsets/citysets/hightech/background/buildings/building_025m_001_a.cgf
    [1.00000042674731038, -0.00000064012099993, 0.00000000000000000, 0.00000000000000000]
    [0.00000064012099993, 1.00000042674731038, 0.00000000000000000, 0.00000000000022737]
    [0.00000000000000000, 0.00000000000000000, 1.00000042674751533, 0.00000000000000000]
  #5 objects/buildingsets/human/hightech/delta/int/roomsm_c/bulkhead/roomsm_c_bulkhead_end_02x02x04_a.cgf
    [-0.00000000000000022, 1.00000000000000000, 0.00000000000000000, 57.12500116854153021]
    [-1.00000000000000000, -0.00000000000000022, -0.00000000000000000, -142.73611819057850880]
    [-0.00000000000000000, 0.00000000000000000, 1.00000000000000000, 13.75000000000000000]
  #6 objects/buildingsets/human/hightech/prop/light/light_attachment_1_150_a.cgf
    [-1.00000042674731104, -0.00000064012100026, -0.00000000000000000, 60.76771383223967860]
    [0.00000064012100026, -1.00000042674731104, 0.00000000000000000, -139.09317719042974204]
    [0.00000000000000000, -0.00000000000000000, 1.00000042674751533, 17.75290499999999838]
  #7 objects/buildingsets/citysets/hightech/addon/small/ht_sml_addon_tank_006_a.cgf
    [0.00000000000000022, -1.00000000000000000, 0.00000000000000000, 31.18286600000101316]
    [1.00000000000000000, 0.00000000000000022, 0.00000000000000000, 42.32090700000048855]
    [0.00000000000000000, 0.00000000000000000, 1.00000000000000000, 21.86945000000000050]
  #8 objects/buildingsets/citysets/hightech/background/shipyard_platforms/shipyard_addons/shipyard_addon_04_a.cgf
    [0.00000000000000003, 0.00000033077775723, 0.51674276983923961, 26.18286599999919417]
    [0.51674276983934553, -0.00000000000000009, -0.00000000000000011, 32.47832499999958600]
    [0.00000000000000000, 0.51674276983923961, -0.00000033077775732, 22.47927699999999973]
  #9 objects/buildingsets/human/hightech/delta/int/garage/high_tech_garage_door_m.cgf
    [-0.00000000000000022, 1.00000000000000000, 0.00000000000000000, 56.87499716778529546]
    [-1.00000000000000000, -0.00000000000000022, -0.00000000000000000, -148.73612187127514517]
    [-0.00000000000000000, 0.00000000000000000, 1.00000000000000000, 12.62500000000000000]
  #10 objects/buildingsets/human/hightech/delta/int/roomsm_c/bulkhead/roomsm_c_bulkhead_pillar_01x02x04_a.cgf
    [-0.00000000000000022, 1.00000000000000000, 0.00000000000000000, 56.25000700964574207]
    [-1.00000000000000000, -0.00000000000000022, -0.00000000000000000, -132.73611322926285538]
    [-0.00000000000000000, 0.00000000000000000, 1.00000000000000000, 13.75000000000000000]
  #11 objects/buildingsets/human/hightech/prop/light/light_attachment_1_075_a.cgf
    [-0.00000000000000039, -0.00000064012100004, -1.00000042674731060, 57.46401495363261347]
    [-1.00000042674751555, -0.00000000000000017, 0.00000000000000017, -134.03762983950218768]
    [0.00000000000000006, 1.00000042674731060, -0.00000064012100026, 14.66101300000000052]
  #12 objects/buildingsets/human/hightech/delta/int/door/hightech_delta_door_double_c.cgf
    [-0.00000000000000022, 1.00000000000000000, 0.00000000000000000, 56.75000476922286907]
    [-1.00000000000000000, -0.00000000000000022, -0.00000000000000000, -136.73611510980799721]
    [-0.00000000000000000, 0.00000000000000000, 1.00000000000000000, 13.75000000000000000]
  #13 objects/buildingsets/citysets/hightech/buildings/hab_platforms/ht_entrance_large_001.cgf
    [0.00000000000000022, -1.00000000000000000, 0.00000000000000000, 72.25000199999885808]
    [1.00000000000000000, 0.00000000000000022, 0.00000000000000000, -143.75001099999940379]
    [0.00000000000000000, 0.00000000000000000, 1.00000000000000000, 13.00000000000000000]
  #14 objects/buildingsets/human/hightech/delta/int/roomsm_c/bulkhead/roomsm_c_bulkhead_pillar_01x02x04_a.cgf
    [-0.00000000000000022, 1.00000000000000000, 0.00000000000000000, 57.75000284885936708]
    [-1.00000000000000000, -0.00000000000000022, -0.00000000000000000, -140.73611731041205530]
    [-0.00000000000000000, 0.00000000000000000, 1.00000000000000000, 13.75000000000000000]
  #15 objects/buildingsets/citysets/hightech/background/shipyard_platforms/shipyard_addons/shipyard_addon_04_b.cgf
    [0.00000000000000006, 0.00000021829308691, 0.34101862012097195, 39.22756300000037299]
    [0.34101862012104184, -0.00000000000000002, -0.00000000000000006, -137.33951699999875018]
    [0.00000000000000002, 0.34101862012097195, -0.00000021829308691, 27.83922199999999947]
  #16 objects/buildingsets/citysets/hightech/buildings/hab_platforms/ht_entrance_large_001_plinth.cgf
    [0.00000000000000022, -1.00000000000000000, 0.00000000000000000, 72.25000199999885808]
    [1.00000000000000000, 0.00000000000000022, 0.00000000000000000, -143.75001099999940379]
    [0.00000000000000000, 0.00000000000000000, 1.00000000000000000, 13.00000000000000000]
  #17 objects/buildingsets/human/hightech/delta/int/roomsm_c/bulkhead/roomsm_c_bulkhead_end_02x02x04_a.cgf
    [0.00000000000000022, -1.00000158945703621, 0.00000000000000000, 59.12499476733137271]
    [1.00000158945703621, 0.00000000000000022, 0.00000000000000000, -154.73612615227443712]
    [0.00000000000000000, 0.00000000000000000, 1.00000158945703621, 13.75000000000000000]
  #18 objects/buildingsets/human/hightech/prop/light/light_attachment_1_150_a.cgf
    [-1.00000042674731104, -0.00000064012100026, -0.00000000000000000, 60.76771414440008812]
    [0.00000064012100026, -1.00000042674731104, 0.00000000000000000, -147.97875587827638810]
    [0.00000000000000000, -0.00000000000000000, 1.00000042674751533, 17.75290499999999838]
  #19 objects/buildingsets/citysets/hightech/addon/small/ht_sml_addon_vent_005_a.cgf
    [1.00000042674731038, -0.00000064012099993, 0.00000000000000000, 21.68286799999987124]
    [0.00000064012099993, 1.00000042674731038, 0.00000000000000000, 4.32090300000004390]
    [0.00000000000000000, 0.00000000000000000, 1.00000042674751533, 17.86945000000000050]
  #20 objects/buildingsets/human/hightech/delta/int/roomsm_c/bulkhead/roomsm_c_bulkhead_straight_04x02x04_a.cgf
    [-0.00000000000000022, 1.00000000000000000, 0.00000000000000000, 57.12500628951056569]
    [-1.00000000000000000, -0.00000000000000022, -0.00000000000000000, -134.73611306961038281]
    [-0.00000000000000000, 0.00000000000000000, 1.00000000000000000, 13.75000000000000000]
  #21 objects/buildingsets/human/hightech/delta/int/roomsm_c/bulkhead/roomsm_c_bulkhead_addon_light_a.cgf
    [-0.00000000000000022, 1.00000000000000000, 0.00000000000000000, 57.12499988829858921]
    [-1.00000000000000000, -0.00000000000000022, -0.00000000000000000, -144.73611947082167717]
    [-0.00000000000000000, 0.00000000000000000, 1.00000000000000000, 13.75000000000000000]
  #22 objects/buildingsets/human/hightech/delta/int/roomsm_c/bulkhead/roomsm_c_bulkhead_addon_light_a.cgf
    [-0.00000000000000022, 1.00000000000000000, 0.00000000000000000, 57.12500628950965620]
    [-1.00000000000000000, -0.00000000000000022, -0.00000000000000000, -134.73611406961049397]
    [-0.00000000000000000, 0.00000000000000000, 1.00000000000000000, 13.75000000000000000]
  #23 objects/buildingsets/citysets/hightech/rooftop/ht_rooftop_doorway_24x02x08_a.cgf
    [0.00000000000000022, -1.00000158945703621, 0.00000000000000000, 61.12499540745193372]
    [1.00000158945703621, 0.00000000000000022, 0.00000000000000000, -155.73612807263725699]
    [0.00000000000000000, 0.00000000000000000, 1.00000158945703621, 13.50000000000000000]
  #24 objects/buildingsets/citysets/hightech/addon/small/ht_sml_addon_vent_005_a.cgf
    [1.00000042674731038, -0.00000064012099993, 0.00000000000000000, 21.68286500000067463]
    [0.00000064012099993, 1.00000042674731038, 0.00000000000000000, 50.32090700000026118]
    [0.00000000000000000, 0.00000000000000000, 1.00000042674751533, 17.86945000000000050]
  #25 objects/buildingsets/human/hightech/delta/int/roomsm_c/bulkhead/roomsm_c_bulkhead_end_02x02x04_a.cgf
    [0.00000000000000022, -1.00000158945703621, 0.00000000000000000, 59.12500372902741219]
    [1.00000158945703621, 0.00000000000000022, 0.00000000000000000, -140.73611819057759931]
    [0.00000000000000000, 0.00000000000000000, 1.00000158945703621, 13.75000000000000000]
  #26 objects/buildingsets/human/hightech/delta/int/roomsm_c/bulkhead/roomsm_c_bulkhead_pillar_01x02x04_a.cgf
    [-0.00000000000000022, 1.00000000000000000, 0.00000000000000000, 56.25000252879726759]
    [-1.00000000000000000, -0.00000000000000022, -0.00000000000000000, -139.73611571010883381]
    [-0.00000000000000000, 0.00000000000000000, 1.00000000000000000, 13.75000000000000000]
  #27 objects/buildingsets/human/hightech/delta/int/roomsm_c/bulkhead/roomsm_c_bulkhead_straight_04x02x04_a.cgf
    [-0.00000000000000022, 1.00000000000000000, 0.00000000000000000, 57.12499732781452622]
    [-1.00000000000000000, -0.00000000000000022, -0.00000000000000000, -148.73612203130528542]
    [-0.00000000000000000, 0.00000000000000000, 1.00000000000000000, 13.75000000000000000]
  #28 objects/buildingsets/citysets/hightech/addon/small/ht_sml_addon_vent_005_a.cgf
    [1.00000042674731038, -0.00000064012099993, 0.00000000000000000, 21.68286900000020978]
    [0.00000064012099993, 1.00000042674731038, 0.00000000000000000, 14.32090300000027128]
    [0.00000000000000000, 0.00000000000000000, 1.00000042674751533, 17.86945000000000050]
  #29 objects/buildingsets/human/hightech/delta/int/roomsm_c/bulkhead/roomsm_c_bulkhead_addon_light_a.cgf
    [-0.00000000000000022, 1.00000000000000000, 0.00000000000000000, 57.12499732781452622]
    [-1.00000000000000000, -0.00000000000000022, -0.00000000000000000, -148.73612203130528542]
    [-0.00000000000000000, 0.00000000000000000, 1.00000000000000000, 13.75000000000000000]
  #30 objects/buildingsets/human/hightech/delta/int/roomsm_c/wall/roomsm_c_wall_straight_door_06x01x04_a.cgf
    [-0.00000000000000022, 1.00000000000000000, 0.00000000000000000, 56.75000668958637107]
    [-1.00000000000000000, -0.00000000000000022, -0.00000000000000000, -133.73611318944335835]
    [-0.00000000000000000, 0.00000000000000000, 1.00000000000000000, 13.75000000000000000]
  #31 objects/buildingsets/human/hightech/delta/int/roomsm_c/bulkhead/roomsm_c_bulkhead_straight_04x02x04_a.cgf
    [-0.00000000000000022, 1.00000000000000000, 0.00000000000000000, 57.12499988829858921]
    [-1.00000000000000000, -0.00000000000000022, -0.00000000000000000, -144.73611947082167717]
    [-0.00000000000000000, 0.00000000000000000, 1.00000000000000000, 13.75000000000000000]
  #32 objects/buildingsets/human/hightech/delta/int/roomsm_c/bulkhead/roomsm_c_bulkhead_end_02x02x04_a.cgf
    [-0.00000000000000022, 1.00000000000000000, 0.00000000000000000, 57.12500756975168770]
    [-1.00000000000000000, -0.00000000000000022, -0.00000000000000000, -132.73611378936857363]
    [-0.00000000000000000, 0.00000000000000000, 1.00000000000000000, 13.75000000000000000]
  #33 objects/buildingsets/human/hightech/delta/int/roomsm_c/bulkhead/roomsm_c_bulkhead_pillar_01x02x04_a.cgf
    [-0.00000000000000022, 1.00000000000000000, 0.00000000000000000, 57.75000220873789658]
    [-1.00000000000000000, -0.00000000000000022, -0.00000000000000000, -141.73611795053375317]
    [-0.00000000000000000, 0.00000000000000000, 1.00000000000000000, 13.75000000000000000]
