# IncludedObjects
# Cgfs: 87, Materials: 4, Palettes: 8, Placements: 142

[CGFs]
      0: objects/buildingsets/human/colonialism/col_a/ext/addons/col_a_ext_adn_anten_c.cgf
      1: objects/spaceships/derelicts/habs/ext/addon/antenna/drlct_hab_antenna_c.cgf
      2: objects/buildingsets/human/colonialism/col_a/ext/addons/col_a_greenhouse_cover_b.cgf
      3: objects/buildingsets/human/colonialism/col_a/int/garage/col_garage_sml_a_int_machinery_h.cgf
      4: objects/buildingsets/human/colonialism/props/addons/addons_solar_1_small_d.cgf
      5: objects/spaceships/derelicts/habs/ext/addon/roof/drlct_hab_roof_a.cgf
      6: objects/spaceships/derelicts/habs/ext/addon/tarp/drlct_hab_11_tarp_1_a.cgf
      7: objects/buildingsets/human/universal/prop/junk/scrap/scrap_pile_4_large_a.cgf
      8: objects/spaceships/derelicts/habs/ext/addon/cable/drlct_cable_support_a.cgf
      9: objects/buildingsets/human/colonialism/col_a/ext/addons/col_a_ext_adn_floorplate_metal_4m_a.cgf
     10: objects/buildingsets/human/colonialism/col_a/ext/tradingpost/col_a_trdpst_storage_ext_light_hanging_a.cgf
     11: objects/spaceships/derelicts/habs/ext/building/bsd/sm_bsd_04/drlct_habs_sm_bsd_04_tarp_a.cgf
     12: objects/buildingsets/human/shop/alpha/shippart/dumpersdepot/prop/prop_crate_dumper_cluster_03.cgf
     13: objects/buildingsets/human/shop/alpha/shippart/dumpersdepot/prop/prop_crate_dumper_cluster_02.cgf
     14: objects/spaceships/derelicts/metal_plate/derelicts_metal_plate_corner_04x02_a.cgf
     15: objects/buildingsets/human/colonialism/ruin/structure/col_a_ruin_struct_addon_bar_2m_c.cgf
     16: objects/buildingsets/human/colonialism/props/light/light_lamp_2_b.cgf
     17: objects/buildingsets/human/colonialism/props/light/col_light_ceiling_a.cgf
     18: objects/buildingsets/human/universal/prop/junk/scrap/scrap_pile_3_medium_a.cgf
     19: objects/buildingsets/human/universal/prop/junk/scrap/scrap_pile_4_small_a.cgf
     20: objects/buildingsets/human/colonialism/col_a/int/garage/col_garage_sml_a_int_floor_cables_a.cgf
     21: objects/buildingsets/human/universal/prop/junk/scrap/scrap_pile_4_medium_a.cgf
     22: objects/buildingsets/human/shop/alpha/shippart/dumpersdepot/prop/prop_crate_dumper_pallet_a.cgf
     23: objects/spaceships/derelicts/metal_plate/derelicts_metal_plate_02x005_a.cgf
     24: objects/spaceships/derelicts/metal_beam/derelicts_metal_beam_04x0016x0024_a.cgf
     25: objects/spaceships/derelicts/misc/starfarer/ladder_derelict_1m.cgf
     26: objects/spaceships/derelicts/habs/ext/addon/beam/drlct_hab_beam_a.cgf
     27: objects/spaceships/derelicts/habs/ext/addon/cable/derelict_hanging_cable_roll_a.cgf
     28: objects/buildingsets/human/colonialism/ruin/structure/col_a_ruin_struct_scaffold_2m_b.cgf
     29: objects/buildingsets/human/colonialism/col_a/ext/addons/foundations/col_a_ext_foundation_rebar_bent_2m_001.cgf
     30: objects/spaceships/derelicts/metal_plate/derelicts_metal_plate_02x005_b.cgf
     31: objects/buildingsets/human/lowtech/prop/utility/relay/relay_electrical_3_a.cgf
     32: objects/buildingsets/human/universal/prop/junk/scrap/scrap_pile_1_medium_a.cgf
     33: objects/buildingsets/human/lowtech/alpha/int/universal/prop/cable_hanging_n.cgf
     34: objects/buildingsets/human/universal/prop/junk/scrap/scrap_pile_rusted_2_heaped_a.cgf
     35: objects/buildingsets/human/lowtech/prop/storage/crate/crate_metal_4_0125x0125x0125_a_yellow.cgf
     36: objects/buildingsets/human/hightech/prop/storage/crate/crate_dry_1_01x005x005_a.cgf
     37: objects/buildingsets/human/lowtech/prop/utilitarian/cable/cable_terminal_2_wall_a.cgf
     38: objects/spaceships/derelicts/metal_plate/derelicts_metal_plate_straight_02x04_a.cgf
     39: objects/buildingsets/human/colonialism/col_a/int/hub/col_a_hub_int_light_a.cgf
     40: objects/spaceships/derelicts/metal_plate/derelicts_metal_plate_01x01_a.cgf
     41: objects/spaceships/derelicts/habs/ext/addon/tarp/drlct_hab_tarp_hook_single_1_a.cgf
     42: objects/buildingsets/human/universal/prop/junk/scrap/scrap_pile_2_medium_a.cgf
     43: objects/buildingsets/human/colonialism/col_a/ext/tradingpost/col_a_trdpst_storage_int_light_ceiling_b.cgf
     44: objects/buildingsets/human/lowtech/prop/storage/tarp/tarp_bundle_1_b.cgf
     45: objects/spaceships/derelicts/metal_plate/derelicts_metal_plate_01x01_b.cgf
     46: objects/buildingsets/human/shop/alpha/shippart/dumpersdepot/prop/prop_crate_dumper_cluster_01.cgf
     47: objects/spaceships/derelicts/habs/ext/addon/cable/derelict_hanging_cable_a.cgf
     48: objects/spaceships/derelicts/habs/ext/addon/tarp/drlct_hab_tarp_sml_d_hook_a.cgf
     49: objects/buildingsets/human/lowtech/alpha/int/universal/prop/cable_hanging_j.cgf
     50: objects/spaceships/derelicts/habs/ext/addon/tarp/drlct_hab_tarp_sml_f.cgf
     51: objects/buildingsets/human/colonialism/col_a/ext/tradingpost/col_a_trdpst_tarp_pole_b.cgf
     52: objects/spaceships/derelicts/habs/ext/addon/tarp/drlct_hab_tarp_sml_e_hook_a.cgf
     53: objects/spaceships/derelicts/misc/starfarer/ladder_derelict_2m.cgf
     54: objects/buildingsets/human/lowtech/prop/machine/generator/generator_mobile_1_pirate_a.cgf
     55: objects/buildingsets/human/colonialism/col_a/ext/addons/col_a_ext_adn_floorplate_metal_1x4m_a.cgf
     56: objects/buildingsets/human/colonialism/col_a/ext/addons/col_a_cables_hanging_a.cgf
     57: objects/buildingsets/human/colonialism/ruin/structure/col_a_ruin_struct_sheet_2m_a.cgf
     58: objects/spaceships/derelicts/metal_plate/derelicts_metal_plate_01x005_a.cgf
     59: objects/buildingsets/human/colonialism/col_a/int/garage/col_garage_sml_a_int_cylinder_generator_b.cgf
     60: objects/spaceships/derelicts/metal_plate/derelicts_metal_plate_corner_02x02_a.cgf
     61: objects/buildingsets/human/colonialism/col_a/int/garage/col_garage_sml_double_tanks_wall_a.cgf
     62: objects/spaceships/derelicts/habs/ext/addon/tarp/drlct_hab_tarp_sml_b.cgf
     63: objects/buildingsets/human/colonialism/ruin/structure/col_a_ruin_struct_grate_4m_a.cgf
     64: objects/buildingsets/human/colonialism/col_a/ext/addons/col_a_ext_adn_floorplate_metal_2x4m_a.cgf
     65: objects/buildingsets/human/universal/prop/storage/storage_emergency_pack/storage_emergency_pack_a.cgf
     66: objects/spaceships/derelicts/habs/ext/addon/plate/drlct_hab_plate_med_c.cgf
     67: objects/spaceships/derelicts/metal_plate/derelicts_metal_plate_04x01_c.cgf
     68: objects/spaceships/derelicts/habs/ext/addon/plate/drlct_hab_plate_grp_d.cgf
     69: objects/buildingsets/human/lowtech/alpha/int/universal/prop/cable_hanging_i.cgf
     70: objects/buildingsets/human/universal/prop/storage/storage_emergency_pack/storage_emergency_pack_b.cgf
     71: objects/spaceships/derelicts/habs/ext/addon/tarp/drlct_hab_tarp_sml_b_hook_a.cgf
     72: objects/spaceships/derelicts/habs/ext/addon/tarp/drlct_hab_tarp_sml_e.cgf
     73: objects/buildingsets/human/colonialism/col_a/ext/addons/col_a_ext_adn_fluff_c.cgf
     74: objects/buildingsets/human/colonialism/ruin/structure/col_a_ruin_struct_sheet_4m_b.cgf
     75: objects/spaceships/derelicts/habs/ext/addon/tarp/drlct_hab_tarp_sml_d.cgf
     76: objects/spaceships/derelicts/habs/ext/addon/plate/drlct_hab_plate_grp_e.cgf
     77: objects/spaceships/derelicts/habs/ext/addon/engine/drlct_hab_engine_b.cgf
     78: objects/buildingsets/human/colonialism/ruin/structure/col_a_ruin_struct_sheet_4m_a.cgf
     79: objects/spaceships/derelicts/habs/ext/addon/tarp/drlct_hab_11_tarp_2_a.cgf
     80: objects/buildingsets/human/colonialism/ruin/structure/col_a_ruin_struct_addon_bar_4m_d.cgf
     81: objects/buildingsets/human/colonialism/ruin/structure/col_a_ruin_struct_addon_bar_4m_e.cgf
     82: objects/buildingsets/human/colonialism/ruin/structure/col_a_structural_addon_bar_4m_e.cgf
     83: objects/spaceships/derelicts/habs/ext/addon/tarp/drlct_hab_tarp_roll_attach_1_a.cgf
     84: objects/buildingsets/human/colonialism/col_a/int/garage/col_garage_sml_a_int_hanging_cables_b.cgf
     85: objects/buildingsets/human/colonialism/props/addons/addons_solar_1_small_b.cgf
     86: objects/buildingsets/human/colonialism/col_a/int/garage/col_garage_sml_a_int_b_wall_machinery_d.cgf

[Materials]
      0: materials/decals/chipped_paint/chipped_paint002b
      1: materials/decals/chipped_paint/chipped_paint002a
      2: materials/decals/chipped_paint/chipped_paint002c
      3: materials/decals/leakings/rust_leakings_a

[Palettes]
      0: Libs/Foundry/Records/TintPalettes/Brand/AEGS/Reclaimer/aegs_reclaimer_default
      1: Libs/Foundry/Records/TintPalettes/default
      2: Libs/Foundry/Records/TintPalettes/Generic/gen_grey_darkgrey_orange_a<232>
      3: Libs/Foundry/Records/TintPalettes/Brand/Derelict_Habs/derelict_habs_reclaimer_root|exterior_b<213>
      4: Libs/Foundry/Records/TintPalettes/Generic/gen_grey_darkgrey_blue_a<222>
      5: Libs/Foundry/Records/TintPalettes/brand/derelict_habs/derelict_hab_b
      6: Libs/Foundry/Records/TintPalettes/Generic/gen_darkgreen_darkgreen_yellow
      7: Libs/Foundry/Records/TintPalettes/no_tint

[Placements]
  #0 objects/buildingsets/human/colonialism/col_a/ext/addons/col_a_ext_adn_anten_c.cgf
    [0.86834673684027941, -0.282372233900825, 0.0082978449383550815, 10.137968000000001]
    [0.28160180445516803, 0.86736056759020386, 0.047064398510099074, -6.4291949999999929]
    [-0.022435606440578192, -0.042196627843725701, 0.91189093440618574, -0.4230830000000001]
  #1 objects/spaceships/derelicts/habs/ext/addon/antenna/drlct_hab_antenna_c.cgf
    [-0.91107699641290651, -0.060867871497164085, -0.0079306313952929811, 10.179134999999974]
    [0.06094420417356633, -0.91106318176769796, -0.0088751840913750078, 0.92996800000000235]
    [-0.0073209748376801059, -0.0093844091135168138, 0.91306485108162083, 8.2315360000000002]
  #2 objects/buildingsets/human/colonialism/col_a/ext/addons/col_a_greenhouse_cover_b.cgf
    [-0.99905427219156562, 0.017670851689008144, -0.03977754307164464, 5.7251289999999244]
    [-0.017656845580961398, -0.99984583397485127, -0.00070342285609784224, -1.810134000000005]
    [-0.039783762219799561, -4.1167312247057945E-07, 0.9992102896687558, 7.6507629999999995]
  #3 objects/buildingsets/human/colonialism/col_a/int/garage/col_garage_sml_a_int_machinery_h.cgf
    [0.011382071170797727, -0.69276874767211394, -0.024472099590762967, 3.5513999999999442]
    [0.69319390537913628, 0.011265288748497564, 0.0035036792576434994, 0.024899000000004889]
    [-0.0031033779644707086, -0.024526077385719471, 0.692853385303836, 6.8486259999999994]
  #4 objects/buildingsets/human/colonialism/props/addons/addons_solar_1_small_d.cgf
    [-0.013978163775238429, -0.76757409048102299, -0.040753939812817989, 8.1316419999999425]
    [0.76814112108314347, -0.015439718466302469, 0.027332951640404324, 0.53050400000000764]
    [-0.02810847006096158, -0.040222975604441547, 0.76721462655173644, 7.068854]
  #5 objects/buildingsets/human/colonialism/col_a/ext/addons/col_a_greenhouse_cover_b.cgf
    [0.99474536504473465, -0.01216996719694762, -0.101674014243698, 6.3307669999999234]
    [0.017580297327686838, 0.99846886776086519, 0.052487215683356694, 2.0893719999999973]
    [0.10087936567937276, -0.053998764455738223, 0.99343421602508042, 7.6935059999999993]
  #6 objects/spaceships/derelicts/habs/ext/addon/roof/drlct_hab_roof_a.cgf
    [-0.87694351065500142, -0.015307918601360729, 1.754087131449642E-06, 12.681430999999975]
    [0.015307918601360729, -0.87694351065675558, -1.5308500710754476E-08, -0.25108699999999828]
    [1.7540871314780837E-06, 1.5308497451791903E-08, 0.87707710792827343, 8.1965070000000004]
  #7 objects/spaceships/derelicts/habs/ext/addon/tarp/drlct_hab_11_tarp_1_a.cgf
    [-6.4012100026111661E-07, -1.0000004267473106, 0, 1.8526139999999032]
    [1.0000004267473106, -6.4012100026111661E-07, 0, 0.10793200000000525]
    [0, 0, 1.0000004267475153, 7.9274749999999994]
  #8 objects/buildingsets/human/universal/prop/junk/scrap/scrap_pile_4_large_a.cgf
    [0.55919214817975305, -0.82903787076925506, 0, 11.692573999999922]
    [0.82903787076925506, 0.55919214817975305, 0, -7.4874250000000018]
    [0, 0, 0.9999998248777382, -0.3053050000000006]
  #9 objects/spaceships/derelicts/habs/ext/addon/cable/drlct_cable_support_a.cgf
    [0.2379951449970491, 0.17605879113930964, -0.040417310602528872, 14.106090999999992]
    [-0.0077443360079365742, 0.076735224742713617, 0.28865840801789266, -4.2367749999999944]
    [0.18047238623560263, -0.22888196373282224, 0.065686455682867378, -0.68034500000000087]
  #10 objects/spaceships/derelicts/habs/ext/addon/cable/drlct_cable_support_a.cgf
    [0.13214901229479903, -0.10900043984443121, -0.20030613399935021, 11.787564999999972]
    [0.20872287932750125, 0.15107006079443799, 0.055494153127498204, 7.4629039999999947]
    [0.091860779711923107, -0.18645038347995269, 0.16206435852904919, -0.32240000000000002]
  #11 objects/buildingsets/human/colonialism/col_a/ext/addons/col_a_ext_adn_floorplate_metal_4m_a.cgf
    [1, 0, 0, 13.267333000000008]
    [0, 1, 0, 1.2453339999999997]
    [0, 0, 1, -0.31062799999999946]
  #12 objects/spaceships/derelicts/habs/ext/addon/cable/drlct_cable_support_a.cgf
    [-0.14137076961332182, -0.12154765498355667, -0.20081834744389071, 11.500546999999983]
    [0.23459121278178136, -0.081440087230138805, -0.11585340167936468, 2.0533920000000023]
    [-0.0082948169159981697, -0.23169207013427434, 0.14607366721070716, -0.19949200000000111]
  #13 objects/buildingsets/human/colonialism/col_a/ext/tradingpost/col_a_trdpst_storage_ext_light_hanging_a.cgf
    [0.54821613367772537, -1.2174245536170787, 0.053468006494958462, 10.043896999999902]
    [1.2130354981232228, 0.55078367759385372, 0.10346265742757974, -5.9304180000000031]
    [-0.1163024151135016, 0.0060907667241814839, 1.3311494850287553, 6.5435780000000001]
  #14 objects/spaceships/derelicts/habs/ext/building/bsd/sm_bsd_04/drlct_habs_sm_bsd_04_tarp_a.cgf
    [-1.4405369892525188E-06, -0.95929861805254046, -0.44732856680665567, 17.266805999999974]
    [1.0584690289652798, -1.4443116553228315E-06, -3.1126474709259553E-07, 0.82942300000000557]
    [-3.2829115600825571E-07, -0.44732856680664346, 0.95929861805357164, 3.1788169999999996]
  #15 objects/buildingsets/human/shop/alpha/shippart/dumpersdepot/prop/prop_crate_dumper_cluster_03.cgf
    [0.10452504151184636, -0.99452560845059734, 0, 12.765958999999953]
    [0.99452560845059734, 0.10452504151184636, 0, -2.0465899999999948]
    [0, 0, 1.0000033350779807, -0.38123599999999946]
  #16 objects/buildingsets/human/shop/alpha/shippart/dumpersdepot/prop/prop_crate_dumper_cluster_02.cgf
    [0.99452410922702883, 0.10452681549253423, 0, 12.406885999999986]
    [-0.10452681549253423, 0.99452410922702883, -0, 4.0625]
    [-0, 0, 1.0000020294933534, -0.38123599999999946]
  #17 objects/spaceships/derelicts/metal_plate/derelicts_metal_plate_corner_04x02_a.cgf
    [0.92199305987472802, 0, 0.032195965936872295, 11.244932999999946]
    [0, 0.92255502962141611, 0, 0.22288199999999847]
    [-0.032195965936872295, 0, 0.92199305987472802, -0.0098269999999995861]
  #18 objects/buildingsets/human/colonialism/ruin/structure/col_a_ruin_struct_addon_bar_2m_c.cgf
    [-0.52976809962537152, 7.3633070570880855E-08, 0.28168286899543177, 0.92540499999995518]
    [0.28151127151298116, -0.020939781687492828, 0.52944537737164643, -2.2532410000000027]
    [0.0098307017372906945, 0.59963405807963843, 0.018488692773630619, 6.5759629999999998]
  #19 objects/buildingsets/human/colonialism/props/light/light_lamp_2_b.cgf
    [0.93838359186110831, 0.042128182816316112, 0.78756464383363534, 0.34409099999993487]
    [0.78781993934986572, 0.0074309130793545793, -0.93908526885046073, 2.2592190000000016]
    [-0.037048551482881671, 1.2250578007676876, -0.021387077631554681, 6.1995310000000003]
  #20 objects/buildingsets/human/colonialism/props/light/col_light_ceiling_a.cgf
    [0.17079134321241074, -0.015624113055321078, -0.87866054999991916, 13.29748399999994]
    [0.048971640615643262, 0.89387878709572666, -0.0063757624571585394, -0.80251499999999965]
    [0.87743390261052612, -0.046848255279491234, 0.17138595472836982, 8.068700999999999]
  #21 objects/buildingsets/human/universal/prop/junk/scrap/scrap_pile_3_medium_a.cgf
    [0.9455196276094151, 0.32556512456144832, 0, 11.690292999999997]
    [-0.32556512456144832, 0.9455196276094151, -0, 5.4892949999999985]
    [-0, 0, 1.0000000082626792, -0.43521400000000021]
  #22 objects/buildingsets/human/universal/prop/junk/scrap/scrap_pile_4_small_a.cgf
    [0.24192301323716989, 0.97029537296520874, 0, 11.360542000000009]
    [-0.97029537296520874, 0.24192301323716989, -0, -6.0489439999999917]
    [-0, 0, 0.99999992756571998, -0.38559200000000082]
  #23 objects/buildingsets/human/colonialism/props/light/light_lamp_2_b.cgf
    [-0.00012802519477164625, -0.4585904360076139, -1.1367898697337226, 11.141341000000011]
    [1.2257818627479833, -0.0069393466669900429, 0.0026613423750915925, 1.0079690000000028]
    [-0.0074310756254815525, -1.1367686966958142, 0.45858273151620782, 2.941446]
  #24 objects/buildingsets/human/colonialism/col_a/int/garage/col_garage_sml_a_int_floor_cables_a.cgf
    [0.30901751951916873, -0.9510559576615174, 0, 8.4775689999999031]
    [-0.9510559576615174, -0.30901751951916873, -0, -10.766998000000001]
    [0, 0, -0.99999963098655476, -0.18039399999999972]
  #25 objects/buildingsets/human/universal/prop/junk/scrap/scrap_pile_4_medium_a.cgf
    [-0.10452896986161286, -0.99452144831631539, 0, 9.6464559999999437]
    [0.99452144831631539, -0.10452896986161286, 0, -9.301873999999998]
    [0, 0, 0.99999960835067914, -0.38559200000000082]
  #26 objects/buildingsets/human/colonialism/props/light/light_lamp_2_b.cgf
    [-0.86641461605723102, 0.041321386639836581, 0.8661495027579017, 0.19860799999992196]
    [0.8668707243216961, 0.011070291583044485, 0.86660792807211429, -2.2348039999999969]
    [0.021390779218565949, 1.2250578340183071, -0.03704649664941409, 6.086957]
  #27 objects/buildingsets/human/shop/alpha/shippart/dumpersdepot/prop/prop_crate_dumper_pallet_a.cgf
    [0.99987602590831737, 0.0157610222503148, -0.00040283038901408198, 7.7630479999999125]
    [0.00014868674014323664, 0.016122675487697666, 0.99987032984696544, 7.1338740000000058]
    [0.015765468180505678, -0.99974611216730969, 0.016118328086559983, 0.86323799999999995]
  #28 objects/spaceships/derelicts/metal_plate/derelicts_metal_plate_02x005_a.cgf
    [-0.057564893326942979, 1.1722686275236796, 0.70452691891975738, 10.005268999999998]
    [-0.15827383951745114, -0.70612287325357215, 1.1619920443338172, 6.2160080000000022]
    [1.3584996526621647, -0.032594237135242246, 0.16523298982016224, -0.42810099999999984]
  #29 objects/spaceships/derelicts/metal_beam/derelicts_metal_beam_04x0016x0024_a.cgf
    [-6.14046582593652E-07, 5.4263630965748806E-06, 0.95925484512584669, 6.8872639999999592]
    [3.4735709006272746E-12, -0.95925484512604331, 5.4263630965782154E-06, 6.3262700000000081]
    [0.95925484514119486, 6.9471418000357679E-12, 6.1404658241410304E-07, -0.25431999999999988]
  #30 objects/spaceships/derelicts/misc/starfarer/ladder_derelict_1m.cgf
    [0.99862952963308282, -5.2354000393260834E-08, -0.052336041808511598, 7.3425139999999374]
    [-5.2353927519125966E-08, 0.9999999993616886, -1.9993139480352262E-06, 4.042435999999995]
    [0.052336041808511598, 1.9993139461269466E-06, 0.99862952963108287, 4.363232]
  #31 objects/spaceships/derelicts/metal_beam/derelicts_metal_beam_04x0016x0024_a.cgf
    [-1.1185460952637312E-07, -1.256665102582718, 0, 7.4476099999999406]
    [0.021930373573662728, -1.9520025144576988E-09, -1.2564737318241737, -10.951303999999993]
    [1.2564737318241685, -1.1183757572192762E-07, 0.021930373573662728, -0.50918300000000016]
  #32 objects/spaceships/derelicts/habs/ext/addon/beam/drlct_hab_beam_a.cgf
    [0.46479377583850612, -0.26834930986530847, 1.6738855555594263E-06, 11.389654999999948]
    [-1.1974662879709638E-06, 1.2736978491381141E-06, 0.53669787232962685, 0.030180000000001428]
    [-0.26834930986785727, -0.46479377583977499, 5.0432020429366686E-07, 3.682442]
  #33 objects/buildingsets/human/colonialism/col_a/ext/tradingpost/col_a_trdpst_storage_ext_light_hanging_a.cgf
    [-0.36428544144229702, 0.4842167548344074, -0.019505410771349568, 3.1395949999999857]
    [-0.48338907173692447, -0.36480428615230326, -0.028338096067940254, 8.0687369999999987]
    [-0.034370511154741143, -0.0014753647266709429, 0.60528233149532629, 3.3254929999999998]
  #34 objects/buildingsets/human/universal/prop/junk/scrap/scrap_pile_3_medium_a.cgf
    [-0.99684060946402842, -0.015408200250150847, -0.077918153736995704, 10.923348999999916]
    [0.050151869340999224, -0.88281293366230607, -0.46703957664581564, 6.0750110000000035]
    [-0.061590919122336434, -0.46947179203542205, 0.88079659806226662, -0.40102100000000007]
  #35 objects/spaceships/derelicts/habs/ext/addon/cable/derelict_hanging_cable_roll_a.cgf
    [-0.084887255912203197, -0.01649977443027982, 0.32273222596912043, 0.02544999999997799]
    [0.31680274441326622, 0.061580117014674043, 0.086475943315000456, -3.9543749999999989]
    [-0.063752281272565076, 0.32797839118415462, -5.7863086282495884E-07, 4.4974159999999994]
  #36 objects/buildingsets/human/colonialism/ruin/structure/col_a_ruin_struct_scaffold_2m_b.cgf
    [-1.1259280443191528, 0, 0, -0.10764300000005278]
    [0, -1.1259280443191528, 0, 4.1771339999999952]
    [0, 0, 1.1259280443191528, -0.44721000000000011]
  #37 objects/buildingsets/human/colonialism/col_a/ext/addons/foundations/col_a_ext_foundation_rebar_bent_2m_001.cgf
    [-1.823903929935399E-06, -0.89999997615814187, 1.8480716467225266E-12, 0.42355099999997492]
    [-1.8239039298854391E-06, 1.8483214468964502E-12, -0.89999997615814187, -1.3984710000000007]
    [0.89999997615629368, -1.8239039300852792E-06, -1.8239039297355589E-06, -0.17827699999999957]
  #38 objects/spaceships/derelicts/habs/ext/addon/cable/drlct_cable_support_a.cgf
    [-0.17376419245246719, -0.070231936434880154, 0.23269170850289927, 8.3689529999999195]
    [-0.16281184966440831, -0.17875264534279101, -0.1755327435889322, -10.215374999999995]
    [0.18047231840436195, -0.22888188562577569, 0.065686950014392356, -0.68034500000000087]
  #39 objects/spaceships/derelicts/metal_plate/derelicts_metal_plate_02x005_b.cgf
    [-0.19093524341729784, 1.3393374879730535, -0.20880847741608746, 11.022861999999918]
    [-0.37708564479285739, 0.15006466716219927, 1.3073519672491682, 6.3201640000000054]
    [1.3020108691642898, 0.23987047148230992, 0.34801150498011102, -0.40056799999999981]
  #40 objects/buildingsets/human/lowtech/prop/utility/relay/relay_electrical_3_a.cgf
    [-0.034900149693297002, 0.99939065556005324, 0, 10.749390999999946]
    [-0.99939065556005324, -0.034900149693297002, -0, -1.1925939999999997]
    [-0, 0, 0.99999985143467274, 6.3552169999999997]
  #41 objects/buildingsets/human/universal/prop/junk/scrap/scrap_pile_1_medium_a.cgf
    [0.052337496849839557, 0.99862954019939032, 0, 12.203329999999937]
    [-0.99862954019939032, 0.052337496849839557, -0, 7.0764520000000033]
    [-0, 0, 1.0000000860676725, -0.32023500000000027]
  #42 objects/buildingsets/human/lowtech/alpha/int/universal/prop/cable_hanging_n.cgf
    [-0.41065460702319512, -0.63244810762956871, -0.0071684716418072333, 0.23760599999991427]
    [0.63246442618339649, -0.4106873793913034, 0.0019565583270866943, 2.2880059999999958]
    [-0.0055448572938223825, -0.0049466820958933167, 0.75407160601173018, 6.1807649999999992]
  #43 objects/buildingsets/human/universal/prop/junk/scrap/scrap_pile_rusted_2_heaped_a.cgf
    [0.92050478747690434, 0.39073135982498064, 0, 6.693463999999949]
    [-0.39073135982498064, 0.92050478747690434, -0, -15.362014000000002]
    [-0, 0, 1.0000000296592892, -0.31624799999999986]
  #44 objects/buildingsets/human/lowtech/prop/storage/crate/crate_metal_4_0125x0125x0125_a_yellow.cgf
    [0.084561828269597974, 0.80456039806488877, -1.3221477237064028E-06, 5.3449549999999135]
    [-0.80456039805841684, 0.084561828274451911, 3.3676885406006102E-06, -10.777471000000006]
    [3.4874410219575452E-06, 9.6288931251852806E-07, 0.80899204997533058, -0.32126500000000036]
  #45 objects/buildingsets/human/colonialism/col_a/ext/tradingpost/col_a_trdpst_storage_ext_light_hanging_a.cgf
    [-3.839816939961409E-07, -0.5998582419609404, -8.4832738762452017E-07, 11.580985999999939]
    [0.5998582419609404, -3.8398289368608503E-07, 8.4832738762451996E-07, -2.4787780000000055]
    [-8.4832793065713862E-07, -8.483268445915539E-07, 0.59985824196046345, 3.8953419999999994]
  #46 objects/buildingsets/human/colonialism/props/light/col_light_ceiling_a.cgf
    [-3.0569112509440041E-06, -0.89033743668804677, -0.093578537129546641, 6.8761509999999362]
    [0.17081817746311886, 0.091858696206071927, -0.87397987618044815, 2.7912170000000032]
    [0.87879397131962955, -0.017858402839314339, 0.1698820979656038, 6.2333079999999992]
  #47 objects/buildingsets/human/colonialism/col_a/ext/tradingpost/col_a_trdpst_storage_ext_light_hanging_a.cgf
    [-3.839816939961409E-07, -0.5998582419609404, -8.4832738762452017E-07, 11.420510999999919]
    [0.5998582419609404, -3.8398289368608503E-07, 8.4832738762451996E-07, -2.1537869999999941]
    [-8.4832793065713862E-07, -8.483268445915539E-07, 0.59985824196046345, 3.6452999999999998]
  #48 objects/buildingsets/human/hightech/prop/storage/crate/crate_dry_1_01x005x005_a.cgf
    [-0.927179838133108, -0.37460324905619813, 0, 6.2319919999999911]
    [0.37460324905619813, -0.927179838133108, 0, -7.1487199999999973]
    [0, 0, 0.99999502320961409, 2.1206619999999994]
  #49 objects/buildingsets/human/colonialism/col_a/ext/tradingpost/col_a_trdpst_storage_ext_light_hanging_a.cgf
    [0.15279929451151061, 0.60446986845089368, 0.051767776993822831, 0.36927499999990232]
    [-0.55989433725276017, 0.16105875820260579, -0.22801262360155708, 2.1904180000000082]
    [-0.23362802852443756, 0.0093596765078764934, 0.58029448536634465, 6.1661129999999993]
  #50 objects/buildingsets/human/lowtech/prop/utilitarian/cable/cable_terminal_2_wall_a.cgf
    [-0.017187751252966729, -0.98476125803882464, 0, 4.2162309999999934]
    [0.98476125803882464, -0.017187751252966729, 0, 7.1016819999999967]
    [0, 0, 0.98491124175092171, -0.26991800000000055]
  #51 objects/buildingsets/human/colonialism/col_a/ext/addons/col_a_greenhouse_cover_b.cgf
    [0.99938622546064326, 0.034510310184888343, 0.0063795237375396559, 9.0713230000000067]
    [-0.0021281696121200648, -0.12185119172050041, 0.99254835924656226, 2.6914200000000079]
    [0.035030425722178835, -0.99195050937024254, -0.12170268569956155, 7.1332979999999999]
  #52 objects/spaceships/derelicts/habs/ext/addon/beam/drlct_hab_beam_a.cgf
    [-2.5927736546445892E-07, -0.046773947864190049, 0.53465606649962871, 7.680870999999911]
    [-2.2596362261396696E-08, 0.53465606649969166, 0.046773947864184588, -2.980684999999994]
    [-0.53669815692217249, 8.5977215726772878E-11, -2.6026013990293707E-07, 7.3820969999999999]
  #53 objects/spaceships/derelicts/metal_plate/derelicts_metal_plate_straight_02x04_a.cgf
    [0.92199305987472802, -0, -0.032195965936872295, 6.7609109999999646]
    [0, 0.92255502962141611, -0, 0.31889300000000276]
    [0.032195965936872295, 0, 0.92199305987472802, 7.3450819999999997]
  #54 objects/buildingsets/human/colonialism/col_a/int/hub/col_a_hub_int_light_a.cgf
    [-6.4012099981745409E-07, -1.0000004267469773, 1.4142137096799392E-06, 1.2590769999999338]
    [1.0000004267469773, -6.4012299977406415E-07, -1.4142137096799396E-06, 2.493820999999997]
    [1.4142146149485717E-06, 1.4142128044107276E-06, 1.0000004267461822, 1.609381]
  #55 objects/spaceships/derelicts/habs/ext/addon/cable/derelict_hanging_cable_roll_a.cgf
    [0.1811701754510705, 0.78528154353647561, -0.0072773183488248966, 10.031509999999912]
    [-0.78481203793051801, 0.18131363140132004, 0.027168486188316826, -5.9339839999999953]
    [0.0281091995746382, 0.00097923612477543941, 0.80545118315776065, 6.5146559999999996]
  #56 objects/buildingsets/human/colonialism/col_a/ext/tradingpost/col_a_trdpst_storage_ext_light_hanging_a.cgf
    [-3.3001027281301018E-07, 0.51554219073580554, 7.2908652292153665E-07, 12.052663999999936]
    [-0.51554219073580554, -3.3000924175143805E-07, -7.2908745633038198E-07, 2.1498509999999982]
    [-7.2908698962610861E-07, -7.2908698962610861E-07, 0.51554219073539564, 6.9494819999999997]
  #57 objects/spaceships/derelicts/metal_plate/derelicts_metal_plate_01x01_a.cgf
    [-0.70689814131646567, 0.70731426210591142, 0, 1.793062999999961]
    [-0.70731426210591142, -0.70689814131646567, 0, 7.3287320000000022]
    [0, 0, 0.99999922378725092, 0.99387299999999978]
  #58 objects/spaceships/derelicts/habs/ext/addon/tarp/drlct_hab_tarp_hook_single_1_a.cgf
    [0.27088988841344419, 1.2529306625850807, -0.79614552785029535, 8.5045989999999847]
    [-1.4765654284617331, 0.14395570197894025, -0.27585425453657869, -2.8998229999999978]
    [-0.1530930508988988, 0.82855644890883806, 1.2518470382377418, 7.2385029999999997]
  #59 objects/buildingsets/human/universal/prop/junk/scrap/scrap_pile_2_medium_a.cgf
    [0.97437016122011166, 0.22495065418664062, 0, 11.020509999999945]
    [-0.22495065418664062, 0.97437016122011166, -0, 8.1028600000000068]
    [-0, 0, 1.0000000039475521, -0.4452619999999996]
  #60 objects/buildingsets/human/colonialism/ruin/structure/col_a_ruin_struct_scaffold_2m_b.cgf
    [-1.0875634493196074, 0.29141120313391, 0, -0.36498900000003687]
    [-0.29141120313391, -1.0875634493196074, 0, -4.0410859999999929]
    [0, 0, 1.1259283927532493, 0.98541499999999971]
  #61 objects/spaceships/derelicts/habs/ext/addon/cable/drlct_cable_support_a.cgf
    [-0.0097452389979573624, 0.082491191351290419, 0.17427401393504133, 10.023077999999941]
    [-0.10476608340412087, -0.14875515312516871, 0.064553624635506623, -6.0527060000000006]
    [0.1618650559934014, -0.091314325463565077, 0.052274237250299817, 4.7826190000000004]
  #62 objects/buildingsets/human/colonialism/col_a/ext/addons/foundations/col_a_ext_foundation_rebar_bent_2m_001.cgf
    [1.8239002335922655E-06, 0.89999997615814209, 1.8480716467225266E-12, 0.42355099999997492]
    [-1.8239002336422256E-06, 1.8481216067573112E-12, 0.89999997615814209, -3.6560449999999918]
    [0.8999999761562939, -1.8239002336422256E-06, 1.8239002335922655E-06, -0.17827699999999957]
  #63 objects/buildingsets/human/colonialism/col_a/ext/tradingpost/col_a_trdpst_storage_int_light_ceiling_b.cgf
    [-6.4012099981745409E-07, 1.0000004267469773, -1.4142137096799392E-06, 0.4663229999999885]
    [-1.0000004267469773, -6.4012299977406415E-07, -1.4142137096799396E-06, 2.2981070000000017]
    [-1.4142146149485717E-06, 1.4142128044107276E-06, 1.0000004267461822, 3.3986139999999994]
  #64 objects/buildingsets/human/lowtech/prop/storage/tarp/tarp_bundle_1_b.cgf
    [0.2863569558394638, -0.64317231481153803, 0, 6.2191409999999223]
    [0.64317231481153803, 0.2863569558394638, 0, -7.1559319999999929]
    [0, 0, 0.70403901361904431, 2.6234229999999998]
  #65 objects/spaceships/derelicts/metal_plate/derelicts_metal_plate_01x01_b.cgf
    [-1.2774143751523361, -0.10245199004925905, 0.27004803972378505, 11.243659999999977]
    [0.28772776773763359, -0.34454970599106793, 1.2303284405571273, 6.3136829999999975]
    [-0.025200906658905443, 1.2593644943803843, 0.35857471253164791, 0.93318299999999965]
  #66 objects/buildingsets/human/shop/alpha/shippart/dumpersdepot/prop/prop_crate_dumper_cluster_01.cgf
    [-0.99452909917771459, -0.10452717098468804, 0, 7.1278800000000047]
    [0.10452717098468804, -0.99452909917771459, 0, -7.2836350000000039]
    [0, 0, 1.0000070292679442, -0.38123599999999946]
  #67 objects/spaceships/derelicts/habs/ext/addon/tarp/drlct_hab_tarp_hook_single_1_a.cgf
    [0.24181497038522151, 0.64038362177300123, -1.0925459489684235, 11.507367999999929]
    [0.22869195468023254, 1.0719166185970304, 0.67890873185198319, 2.2063190000000077]
    [1.2455712839925919, -0.32113220530682879, 0.087456256223576459, 3.674906]
  #68 objects/spaceships/derelicts/habs/ext/addon/cable/derelict_hanging_cable_a.cgf
    [0.054768093372931037, -0.37038695853895903, -0.02102359184668311, 0.46051799999997911]
    [0.34578609751248118, 0.058664601471651569, -0.13273459919268868, -1.2144469999999927]
    [0.1343892303607894, -1.1961992545903389E-07, 0.35009651424229143, 5.1397949999999994]
  #69 objects/spaceships/derelicts/habs/ext/addon/tarp/drlct_hab_tarp_sml_d_hook_a.cgf
    [-0.070675912030073951, -0.80773210393847505, 0.028310133063724475, 6.2087559999999939]
    [0.80822565545772396, -0.07070181484687206, 0.00049309789590196878, 8.1067940000000078]
    [0.00197616469292901, 0.028245381086598024, 0.8108181011352813, 2.9804339999999998]
  #70 objects/buildingsets/human/lowtech/alpha/int/universal/prop/cable_hanging_j.cgf
    [-0.54931095527924845, 0.81234002006685091, -0.5217368228807181, 0.71212099999991096]
    [-0.57615591858311666, -0.75749058606196273, -0.57280058977870063, 5.3081099999999992]
    [-0.77469347359683027, -0.012643178673517001, 0.7959512033668803, -0.12713600000000014]
  #71 objects/spaceships/derelicts/habs/ext/addon/tarp/drlct_hab_tarp_sml_f.cgf
    [0.79739497104935997, -0.010501855640593184, 0.00094927010737543796, 0.97864599999991242]
    [0.01043839980799117, 0.79632022363585953, 0.041413417854910442, 0.1630310000000037]
    [-0.0014932833224627485, -0.041397371862003832, 0.79638806975511622, 5.9922849999999999]
  #72 objects/buildingsets/human/colonialism/col_a/ext/tradingpost/col_a_trdpst_tarp_pole_b.cgf
    [0.87716837407367965, 0, 0, 0.93019799999990482]
    [0, -5.61493657003897E-07, -0.87716837407350001, 2.3360279999999989]
    [0, 0.87716837407350001, -5.61493657003897E-07, 5.3436259999999995]
  #73 objects/spaceships/derelicts/habs/ext/addon/tarp/drlct_hab_tarp_sml_e_hook_a.cgf
    [1.2029416708328446, 0.026389105090702691, 0.0030809610749414026, 3.7772840000000087]
    [-0.026190054824984144, 1.2012755857159614, -0.063447527972231979, -7.8367679999999922]
    [-0.0044674620197355111, 0.063364997514674337, 1.2015570978891583, 5.0408779999999993]
  #74 objects/spaceships/derelicts/misc/starfarer/ladder_derelict_2m.cgf
    [0.99862952963308282, -5.2354000393260834E-08, -0.052336041808511598, 7.290177999999969]
    [-5.2353927519125966E-08, 0.9999999993616886, -1.9993139480352262E-06, 4.0424340000000001]
    [0.052336041808511598, 1.9993139461269466E-06, 0.99862952963108287, 5.3618620000000004]
  #75 objects/buildingsets/human/lowtech/prop/machine/generator/generator_mobile_1_pirate_a.cgf
    [0.68183911587500523, -0.73138031311952012, 0.013342035626866701, 0.67319699999995919]
    [0.73110837123004646, 0.68195712176091317, 0.020366292436383611, 5.3322380000000038]
    [-0.023994204525769655, -0.0041320614042402466, 0.99970343426858932, -0.31528300000000087]
  #76 objects/spaceships/derelicts/habs/ext/addon/tarp/drlct_hab_tarp_hook_single_1_a.cgf
    [0.40193818847896851, 1.2675240299723105, 0.68342752239091309, 12.825493999999935]
    [-1.436519117511839, 0.30339868946035381, 0.28214661531397195, -2.5731299999999919]
    [0.10051452602303722, -0.73251397321339651, 1.2994478678969277, 7.2341789999999992]
  #77 objects/buildingsets/human/colonialism/col_a/ext/addons/col_a_ext_adn_floorplate_metal_1x4m_a.cgf
    [0.99987511355273817, 0.015478786321795689, -0.0031378562499374358, 6.5112009999999145]
    [0.00014782427233695221, 0.18949777386561045, 0.98188097726654455, 8.4199550000000016]
    [0.015792945128302979, -0.98175897375268451, 0.18947185017883858, 1.563707]
  #78 objects/buildingsets/human/colonialism/col_a/ext/addons/col_a_cables_hanging_a.cgf
    [0.028228322950710386, 0.80832816786771966, 0, 12.806245999999987]
    [-0.80832816786771966, 0.028228322950710386, -0, -1.5941870000000051]
    [-0, 0, 0.80882091045236593, 7.5919109999999996]
  #79 objects/spaceships/derelicts/habs/ext/addon/beam/drlct_hab_beam_a.cgf
    [0.046775143622787403, 2.9792704582596648E-17, 0.53465545606760867, 10.85028699999998]
    [-0.53465545606760778, 2.9685454659565488E-08, 0.046775143622787313, -2.703407999999996]
    [-2.9572498033349641E-08, -0.53669765302616523, 2.5871948908281431E-09, 7.3820959999999998]
  #80 objects/spaceships/derelicts/habs/ext/addon/tarp/drlct_hab_tarp_hook_single_1_a.cgf
    [1.050297529582696, 0.015213490552262614, 0.052836701015939291, 0.91905599999995502]
    [-0.03822408786281703, 0.92852521095288609, 0.49247123738194049, 1.9398879999999963]
    [-0.039523238431170934, -0.49371808782609955, 0.92780840225436523, 5.2593940000000003]
  #81 objects/buildingsets/human/colonialism/ruin/structure/col_a_ruin_struct_addon_bar_2m_c.cgf
    [1.7172577556928339, 0, 0, 0.68506800000000112]
    [0, -1.099252282414461E-06, -1.7172577556924822, -3.6410439999999937]
    [0, 1.7172577556924822, -1.099252282414461E-06, -0.062008999999999759]
  #82 objects/spaceships/derelicts/habs/ext/addon/beam/drlct_hab_beam_a.cgf
    [-2.2329219295062374E-06, 0.74999999101061443, 1.9516025930318451E-06, 7.2670989999999165]
    [-0.74076623316672974, -1.9001327875020647E-06, -0.11732593200601521, -14.909036999999998]
    [-0.11732593200015361, -2.2768812912341773E-06, 0.74076623316659607, -0.78844300000000089]
  #83 objects/buildingsets/human/colonialism/ruin/structure/col_a_ruin_struct_sheet_2m_a.cgf
    [-0.99979003455344173, 0.0074091706214237342, 0.01907835071376273, 7.6268440000000055]
    [-0.015734877229982239, -0.87436452226794836, -0.48501349291058576, -3.1173399999999987]
    [0.013087891878071342, -0.48521209677570076, 0.87429795876253913, 7.3862239999999995]
  #84 objects/spaceships/derelicts/metal_plate/derelicts_metal_plate_01x005_a.cgf
    [-0.015097216238693204, 1.368697794293777, 0.017992983331996094, 9.0298050000000103]
    [-0.87978264866277733, -0.023487728435260452, 1.0484827815547821, 6.2719660000000061]
    [1.0486371587282914, -5.4295994107627191E-07, 0.87991217449581571, 1.9321950000000001]
  #85 objects/buildingsets/human/colonialism/col_a/int/garage/col_garage_sml_a_int_cylinder_generator_b.cgf
    [0.86602438657477088, 0.50000190692846835, 0, 7.9597129999999652]
    [-0.50000190692846835, 0.86602438657477088, -0, -9.4990810000000039]
    [-0, 0, 1.0000000725371538, -0.31052299999999988]
  #86 objects/spaceships/derelicts/metal_plate/derelicts_metal_plate_01x01_a.cgf
    [-0.023490484303595304, 1.3686980452806949, 0, 7.5100769999999102]
    [-1.3686980452806949, -0.023490484303595304, -0, 6.734572]
    [-0, 0, 1.3688996099086348, 3.0245790000000001]
  #87 objects/spaceships/derelicts/habs/ext/addon/tarp/drlct_hab_tarp_hook_single_1_a.cgf
    [0.54950688513360912, -0.68331120149204616, -0.4807571152384541, 0.75886099999991075]
    [0.28988743121054256, -0.38373964901964791, 0.876760273816381, 2.3662290000000041]
    [-0.78358591051846826, -0.62115143276975437, -0.01278425403258124, 6.5331390000000003]
  #88 objects/buildingsets/human/colonialism/col_a/ext/tradingpost/col_a_trdpst_storage_int_light_ceiling_b.cgf
    [-6.4012099981745409E-07, 1.0000004267469773, -1.4142137096799392E-06, -1.3147780000000466]
    [-1.0000004267469773, -6.4012299977406415E-07, -1.4142137096799396E-06, -4.2843199999999939]
    [-1.4142146149485717E-06, 1.4142128044107276E-06, 1.0000004267461822, 4.4189030000000002]
  #89 objects/buildingsets/human/colonialism/ruin/structure/col_a_ruin_struct_addon_bar_2m_c.cgf
    [0.47918144287519304, -3.7581409592345603E-07, 0.36108891184768399, 0.68209300000000894]
    [0.36086893289883271, -0.020939836035302938, -0.47888954257815053, 2.4867140000000063]
    [0.012602203297182205, 0.59963453930049027, -0.016723074041069617, 6.4314479999999996]
  #90 objects/spaceships/derelicts/habs/ext/addon/cable/derelict_hanging_cable_roll_a.cgf
    [-3.1916062961088113E-07, -2.7803209038661492E-07, 0.33411660454599645, 0.25004300000000512]
    [-0.31591337113899587, 0.10877797281194089, -2.112536231643741E-07, 4.2089629999999971]
    [-0.10877797281167781, -0.31591337113894419, -3.6679320806824217E-07, 3.0356649999999998]
  #91 objects/spaceships/derelicts/metal_plate/derelicts_metal_plate_corner_02x02_a.cgf
    [-0.91119304472734197, -0, -0.14431877020222431, 1.2536239999999452]
    [0, -0.92255117592042901, 0, 1.9283810000000017]
    [-0.14431877020222431, 0, 0.91119304472734175, -0.0098269999999995861]
  #92 objects/buildingsets/human/lowtech/alpha/int/universal/prop/cable_hanging_n.cgf
    [0.5424907884429957, -0.0072397040464321459, -0.30070761620993169, 13.576026999999954]
    [0.011655006348381165, 0.62016187060090566, 0.0060954398239434198, -0.55247900000000527]
    [0.30056886829536866, -0.010980903648980564, 0.54250485202764387, 8.0192680000000003]
  #93 objects/buildingsets/human/colonialism/col_a/int/hub/col_a_hub_int_light_a.cgf
    [-4.0055916918632537E-07, -1.0000002101409646, 1.4145445575013996E-06, 1.007253999999989]
    [0.99254647408759578, -2.2518520295428085E-07, 0.12186844160965424, -0.34712700000000041]
    [-0.121868441609204, 1.452816429409496E-06, 0.99254647408661323, 1.5505899999999997]
  #94 objects/spaceships/derelicts/metal_plate/derelicts_metal_plate_straight_02x04_a.cgf
    [-0.45123493545806215, 0.10908437332301957, -0.32266081473968128, 1.8285409999999729]
    [-0.34023687430356325, -0.16913839312693096, 0.41863282501993726, 6.2599589999999949]
    [-0.015756625142844819, 0.52831351706799645, 0.20064626908304073, -0.32446799999999953]
  #95 objects/spaceships/derelicts/metal_beam/derelicts_metal_beam_04x0016x0024_a.cgf
    [-6.14046582593652E-07, 5.4263630965748806E-06, 0.95925484512584669, 4.1550079999999525]
    [3.4735709006272746E-12, -0.95925484512604331, 5.4263630965782154E-06, 6.3262560000000008]
    [0.95925484514119486, 6.9471418000357679E-12, 6.1404658241410304E-07, -0.28436600000000034]
  #96 objects/buildingsets/human/colonialism/col_a/int/garage/col_garage_sml_double_tanks_wall_a.cgf
    [-6.4012100026111661E-07, 1.0000004267473106, 0, 5.2101359999999204]
    [-1.0000004267473106, -6.4012100026111661E-07, -0, 6.8210550000000012]
    [-0, 0, 1.0000004267475153, 1.4152100000000001]
  #97 objects/spaceships/derelicts/habs/ext/addon/beam/drlct_hab_beam_a.cgf
    [-2.2042443995218795E-12, -0.53669798373955613, -2.1752991017156689E-06, 11.389655999999945]
    [-2.2041550213530561E-12, 2.1752991016858762E-06, -0.53669798373955613, 0.51147600000000182]
    [0.53669798374396449, -2.2042146067989385E-12, -2.2041848140759971E-12, 3.6824409999999999]
  #98 objects/spaceships/derelicts/habs/ext/addon/tarp/drlct_hab_tarp_sml_b.cgf
    [1.1935821560702415, 0.15208980820716456, -0.0020109201816180312, 7.71870100000001]
    [-0.14804264468344533, 1.1579663496113621, -0.29149789943089366, -8.1670950000000033]
    [-0.034910298131068628, 0.28940687665810588, 1.1673896725931556, 4.822927]
  #99 objects/buildingsets/human/colonialism/ruin/structure/col_a_ruin_struct_grate_4m_a.cgf
    [0.2807678049092695, 0.11648375212743355, -0.63949991938357631, 4.2762339999999313]
    [-0.64980914838066739, 0.068122845875704455, -0.27288554418554739, -10.033211999999992]
    [0.016633763316750701, 0.69508991147546173, 0.13391230174189631, 0.80335999999999963]
  #100 objects/buildingsets/human/colonialism/col_a/ext/addons/col_a_ext_adn_floorplate_metal_2x4m_a.cgf
    [0.35233810507716412, -0.10363367711670873, -0.78498627253896647, 2.6432909999999765]
    [0.79167924455357708, 0.060961674749647213, 0.34729407618258268, 6.6182349999999985]
    [0.013687981970637579, -0.85827108921115691, 0.11945251764020509, 1.3485610000000001]
  #101 objects/buildingsets/human/universal/prop/storage/storage_emergency_pack/storage_emergency_pack_a.cgf
    [0.99987744485962193, 0.0001461487610979051, -0.015654841006115968, 8.2119959999999992]
    [0.00014614886845832831, 0.99982571555614974, 0.018668618013521782, 6.6347059999999942]
    [0.015654841005113686, -0.018668618014362263, 0.99970316034307494, 1.2462239999999998]
  #102 objects/spaceships/derelicts/habs/ext/addon/plate/drlct_hab_plate_med_c.cgf
    [2.4218223383591941E-07, -0.99999992028737195, -1.4117949097960198E-06, 5.4983589999999367]
    [0.98480763522597381, -6.6529958457121161E-09, 0.17364838662489004, 5.1352140000000048]
    [-0.17364838662472129, -1.4324010748569876E-06, 0.98480763522496217, 4.2912439999999998]
  #103 objects/spaceships/derelicts/habs/ext/addon/beam/drlct_hab_beam_a.cgf
    [-0.74988549708364349, 0.012580064442877389, -0.0036090569671098746, 7.1864839999999504]
    [-0.012846744878430493, -0.74703793425942733, 0.065336268437967387, 7.5152110000000079]
    [-0.0024988916757859147, 0.065388139643077978, 0.74713967153697047, -1.1489659999999997]
  #104 objects/spaceships/derelicts/metal_beam/derelicts_metal_beam_04x0016x0024_a.cgf
    [-1.1185460952637312E-07, 1.256665102582718, 0, 4.3882219999999279]
    [-0.021930373573662728, -1.9520025144576988E-09, 1.2564737318241737, -10.788088999999999]
    [1.2564737318241685, 1.1183757572192762E-07, 0.021930373573662728, -0.49941199999999952]
  #105 objects/buildingsets/human/shop/alpha/shippart/dumpersdepot/prop/prop_crate_dumper_cluster_02.cgf
    [0.9986296343881228, 0.052334042015085687, 0, 8.2128930000000082]
    [-0.052334042015085687, 0.9986296343881228, -0, 8.112724]
    [-0, 0, 0.99999999931589634, -0.3424700000000005]
  #106 objects/spaceships/derelicts/metal_plate/derelicts_metal_plate_04x01_c.cgf
    [0.062997410786704622, 0.42840792451399645, -0.36348299887301844, 0.8315979999999854]
    [-0.068569248076519054, 0.36888932526468604, 0.42289577669436129, 5.8162099999999981]
    [0.55763025247410458, -0.0030380818481731691, 0.093065490952832897, -0.35806700000000014]
  #107 objects/spaceships/derelicts/habs/ext/addon/tarp/drlct_hab_tarp_hook_single_1_a.cgf
    [0.62974219946359222, 0.59796835462074571, -0.49584181895329676, 0.9859799999999268]
    [-0.50722655126674931, -0.16691460561479404, -0.84549467204619089, -2.1324269999999927]
    [-0.58834215235761878, 0.78394761409204772, 0.19819220583713362, 6.6554339999999996]
  #108 objects/buildingsets/human/colonialism/col_a/ext/tradingpost/col_a_trdpst_tarp_pole_b.cgf
    [0.87716795658283464, -1.6731399681776248E-06, 5.2753755462607772E-07, 6.5798629999999321]
    [1.6731400916644061E-06, 0.71853483631120219, -0.50312156887100135, -5.4545810000000046]
    [5.2753716297480771E-07, 0.50312156887100135, 0.71853483631295645, 1.6695019999999996]
  #109 objects/spaceships/derelicts/habs/ext/addon/cable/derelict_hanging_cable_roll_a.cgf
    [0.081764087249513798, -0.028154539190830323, 0.32273175089157646, -0.014345000000048458]
    [-0.30514880820724194, 0.10507134663577002, 0.086475684675996492, -3.9677169999999933]
    [-0.10877805826677736, -0.31591321769345854, -7.8214025621225059E-07, 4.4841040000000003]
  #110 objects/spaceships/derelicts/habs/ext/addon/plate/drlct_hab_plate_grp_d.cgf
    [1.0965007176347525E-06, 1.1500003420574494, 1.5795009426615576E-07, 6.0183999999999287]
    [-1.1288710779962698, 1.1064930819286066E-06, -0.21943307862715963, -9.5637749999999926]
    [-0.21943307862720979, 5.4176710003816515E-08, 1.128871077996801, 4.5988999999999995]
  #111 objects/buildingsets/human/lowtech/alpha/int/universal/prop/cable_hanging_i.cgf
    [-0.050312676299136536, -0.47869831055640583, -2.2388276892320035E-07, 0.23760599999991427]
    [0.47866359623191573, -0.050309025004969338, -0.0057966862402485508, 2.2880059999999958]
    [0.0057649086668239867, -0.00060613487046041017, 0.48130015204087667, 6.1807649999999992]
  #112 objects/buildingsets/human/universal/prop/storage/storage_emergency_pack/storage_emergency_pack_b.cgf
    [0.99987744485962193, 0.0001461487610979051, -0.015654841006115968, 8.2120149999999512]
    [0.00014614886845832831, 0.99982571555614974, 0.018668618013521782, 6.7656020000000012]
    [0.015654841005113686, -0.018668618014362263, 0.99970316034307494, -0.4680029999999995]
  #113 objects/spaceships/derelicts/habs/ext/addon/tarp/drlct_hab_tarp_sml_b_hook_a.cgf
    [1.1935821560702415, 0.15208980820716456, -0.0020109201816180312, 7.71870100000001]
    [-0.14804264468344533, 1.1579663496113621, -0.29149789943089366, -8.1670950000000033]
    [-0.034910298131068628, 0.28940687665810588, 1.1673896725931556, 4.822927]
  #114 objects/spaceships/derelicts/habs/ext/addon/tarp/drlct_hab_tarp_hook_single_1_a.cgf
    [1.0330224123875869, 0.054455679951428013, 0.18986015684164126, 0.91185799999993833]
    [0.074871957803008024, 0.82756060383470409, -0.64473656763476594, -1.8152099999999933]
    [-0.18277442427661908, 0.64678097578062876, 0.8089595069770692, 5.263738]
  #115 objects/buildingsets/human/universal/prop/junk/scrap/scrap_pile_rusted_2_heaped_a.cgf
    [-1, 0, 0, 7.0027809999999135]
    [0, -1, 0, -14.152778999999995]
    [0, 0, 1, -0.31624799999999986]
  #116 objects/spaceships/derelicts/habs/ext/addon/beam/drlct_hab_beam_a.cgf
    [2.1758462818649884E-06, -0.74999998153011693, 7.5017093459402238E-08, 3.817786999999953]
    [0.74817297069136879, 2.1757788861110048E-06, 0.052318048721581481, 7.5990139999999968]
    [-0.052318048721578685, -7.6947028711995662E-08, 0.74817297069452871, -1.2123469999999994]
  #117 objects/buildingsets/human/colonialism/col_a/ext/tradingpost/col_a_trdpst_tarp_pole_b.cgf
    [-0.87716752243492868, 1.6731405057188241E-06, 5.2753772411170086E-07, 4.1186619999999721]
    [-1.6731406292056452E-06, -0.71853448067760628, -0.50312131985463693, -5.454583999999997]
    [-5.2753733246030495E-07, -0.50312131985463693, 0.71853448067936077, 1.6695009999999995]
  #118 objects/spaceships/derelicts/habs/ext/addon/tarp/drlct_hab_tarp_sml_e.cgf
    [1.2029416708328446, 0.026389105090702691, 0.0030809610749414026, 3.7772840000000087]
    [-0.026190054824984144, 1.2012755857159614, -0.063447527972231979, -7.8367679999999922]
    [-0.0044674620197355111, 0.063364997514674337, 1.2015570978891583, 5.0408779999999993]
  #119 objects/spaceships/derelicts/habs/ext/addon/tarp/drlct_hab_tarp_sml_f.cgf
    [-0.080681841018976422, -0.92277242334176557, -0.055798825183270166, 10.556225999999924]
    [0.92444071152571572, -0.080875038286441367, 0.00078275032685464656, -2.6676360000000017]
    [-0.0056413691331234795, -0.055518434273772323, 0.92629255208717509, 8.1101360000000007]
  #120 objects/spaceships/derelicts/habs/ext/addon/beam/drlct_hab_beam_a.cgf
    [-0.013087544029924528, -0.74988556714438392, 2.3140458978123992E-06, 4.8203989999999521]
    [0.74065318179272643, -0.012926775831247541, -0.11732608572889373, -14.905796999999993]
    [0.11730826107789612, -0.0020450625170629014, 0.74076598006909444, -0.8120630000000002]
  #121 objects/buildingsets/human/colonialism/col_a/ext/addons/col_a_ext_adn_fluff_c.cgf
    [-1.0000078203043317, -0, 0, 8.0589339999999083]
    [0, -0.35836883119557694, -0.93358846474093549, -5.2548010000000005]
    [0, -0.93358846474093549, 0.35836883119557705, 2.0188309999999996]
  #122 objects/buildingsets/human/colonialism/ruin/structure/col_a_ruin_struct_sheet_4m_b.cgf
    [-0.03479140412869481, -0.89734092940896115, -0.05974041868024034, 5.2067349999999806]
    [0.81442562591488732, -0.0060797377438648898, -0.38298046903201827, -2.9849689999999924]
    [0.38144535790827588, -0.06886505800696309, 0.81225436024302122, 7.3885290000000001]
  #123 objects/spaceships/derelicts/metal_plate/derelicts_metal_plate_02x005_a.cgf
    [0.99847745284719225, 0.017427417075302463, -0.052336031989920345, 0.16109999999991942]
    [-0.017451289587807534, 0.999847714127307, 8.3975322350047485E-07, 1.9884789999999981]
    [0.052328076613697448, 0.00091249277595020534, 0.99862953026106149, 6.1940179999999998]
  #124 objects/spaceships/derelicts/habs/ext/addon/tarp/drlct_hab_tarp_hook_single_1_a.cgf
    [0.20970504916343849, -0.80394649161148601, -1.0364151797806238, 11.482600999999931]
    [0.25988929716481063, 1.0542356015906358, -0.76518458129837608, -0.56057300000000509]
    [1.2856686740654844, -0.081975172236313579, 0.32372631274316593, 3.6796499999999996]
  #125 objects/spaceships/derelicts/habs/ext/addon/tarp/drlct_hab_tarp_sml_d.cgf
    [-0.070675912030073951, -0.80773210393847505, 0.028310133063724475, 6.2087559999999939]
    [0.80822565545772396, -0.07070181484687206, 0.00049309789590196878, 8.1067940000000078]
    [0.00197616469292901, 0.028245381086598024, 0.8108181011352813, 2.9804339999999998]
  #126 objects/spaceships/derelicts/habs/ext/addon/plate/drlct_hab_plate_grp_e.cgf
    [5.29801955593891E-07, 1.1499996161155044, 3.1918901303041488E-17, 6.0184479999999212]
    [-1.1054499149336867, 5.0927801932224313E-07, -0.31698517731738401, -3.0541439999999938]
    [-0.31698517731735043, 1.4603428077672898E-07, 1.105449914933804, 6.5071469999999998]
  #127 objects/spaceships/derelicts/habs/ext/addon/engine/drlct_hab_engine_b.cgf
    [-1.0000000000013332, -0, 0, 11.957451999999989]
    [0, -0.9999999999993332, -1.9999999949531523E-06, 2.8641730000000081]
    [0, -1.9999999949531523E-06, 0.99999999999933342, 5.4631249999999998]
  #128 objects/buildingsets/human/colonialism/ruin/structure/col_a_ruin_struct_sheet_4m_a.cgf
    [0.026492346202113499, 0.89618745636762798, -0.078394304708392107, 5.1436899999999923]
    [-0.89093283701467985, 0.037003584423419979, 0.12193802949644846, -1.349345999999997]
    [0.12464471063934189, 0.074015175186063653, 0.88824823012516885, 7.4153129999999994]
  #129 objects/spaceships/derelicts/metal_plate/derelicts_metal_plate_02x005_a.cgf
    [0.99847745284719225, 0.017427417075302463, -0.052336031989920345, 0.091241999999965628]
    [-0.017451289587807534, 0.999847714127307, 8.3975322350047485E-07, -2.3486209999999943]
    [0.052328076613697448, 0.00091249277595020534, 0.99862953026106149, 6.0805189999999998]
  #130 objects/spaceships/derelicts/habs/ext/addon/tarp/drlct_hab_11_tarp_2_a.cgf
    [-1, 0, 0, 0.52483299999994415]
    [0, -1, 0, 0.094907000000006292]
    [0, 0, 1, 3.1069879999999994]
  #131 objects/buildingsets/human/colonialism/ruin/structure/col_a_ruin_struct_addon_bar_4m_d.cgf
    [-0.1990142472117046, 0.067033843692758194, 0.97770120502237667, 17.292176999999924]
    [0.94599307256714249, -0.24738200017241699, 0.20952113435485506, -1.6692719999999923]
    [0.25591070543728622, 0.96659632881888358, -0.014181010264484499, 1.635097]
  #132 objects/spaceships/derelicts/habs/ext/addon/cable/derelict_hanging_cable_roll_a.cgf
    [0.1811701754510705, 0.78528154353647561, -0.0072773183488248966, 14.467856999999981]
    [-0.78481203793051801, 0.18131363140132004, 0.027168486188316826, 3.7781109999999956]
    [0.0281091995746382, 0.00097923612477543941, 0.80545118315776065, 5.6358149999999991]
  #133 objects/buildingsets/human/colonialism/ruin/structure/col_a_ruin_struct_addon_bar_4m_e.cgf
    [-0.054361723287313576, 0.098945643330583893, -0.99360725792490467, 17.23197899999991]
    [-0.98648250332420084, 0.14873452017905159, 0.068783235139405347, 3.3899899999999974]
    [0.15458943680073689, 0.98391494676466917, 0.089522644379100028, 1.5645359999999995]
  #134 objects/buildingsets/human/colonialism/ruin/structure/col_a_structural_addon_bar_4m_e.cgf
    [6.3368221151226647E-06, 0.064273405213168433, 1.840591212188994, 14.339237999999909]
    [1.8417130832475073, -1.4675919412903873E-07, -6.3355596859464002E-06, 3.931904000000003]
    [-7.4433044583009128E-08, 1.8405912121998964, -0.064273405213292847, 2.274635]
  #135 objects/spaceships/derelicts/habs/ext/addon/cable/drlct_cable_support_a.cgf
    [0.079806808387314354, 0.16940881421944234, -0.18546851020420438, 18.439914999999928]
    [0.24155678938927327, 0.0016256087831689877, 0.1054263542649771, 3.975246999999996]
    [0.068907416963276569, -0.20190357188128363, -0.15477001268528282, -0.68894900000000092]
  #136 objects/spaceships/derelicts/habs/ext/addon/tarp/drlct_hab_tarp_roll_attach_1_a.cgf
    [-0.66616121651251448, 0.12167358460345441, 0.05038044849716259, 17.436640000000011]
    [-0.12868225430505004, -0.65663896139846467, -0.11567008674233124, -2.0111150000000038]
    [0.027991573875001459, -0.1230212597470617, 0.66722983941720482, 3.1898439999999999]
  #137 objects/spaceships/derelicts/habs/ext/addon/cable/derelict_hanging_cable_roll_a.cgf
    [-0.70480365070496842, -0.39081933532132246, -0.0072781739564692274, 14.467856999999981]
    [0.39039854501883697, -0.7045507517605627, 0.027168455329535626, 3.7781109999999956]
    [-0.019537162647529169, 0.02023353792142122, 0.80545006918061568, 5.5207350000000002]
  #138 objects/spaceships/derelicts/habs/ext/addon/tarp/drlct_hab_tarp_roll_attach_1_a.cgf
    [-0.69009927595436815, -0.047472207327416589, 0.082309053519194333, 17.408186999999998]
    [0.060987257596827417, -0.68403276364496013, 0.11681238848496434, 3.5684739999999948]
    [0.072862508676143162, 0.12292668231188372, 0.68179578103543448, 3.1357599999999994]
  #139 objects/buildingsets/human/colonialism/col_a/int/garage/col_garage_sml_a_int_hanging_cables_b.cgf
    [0.033564707331019239, -1.0120423034241146, 0.01072658323119737, 10.088634999999954]
    [1.0104833327402454, 0.034115453114193173, 0.056840506674382341, -2.4610859999999946]
    [-0.057167453695002375, 0.0088195818974635982, 1.0110021613721722, 8.8765040000000006]
  #140 objects/buildingsets/human/colonialism/props/addons/addons_solar_1_small_b.cgf
    [-0.013978163775238429, -0.76757409048102299, -0.040753939812817989, 8.1337689999999156]
    [0.76814112108314347, -0.015439718466302469, 0.027332951640404324, 0.5363490000000013]
    [-0.02810847006096158, -0.040222975604441547, 0.76721462655173644, 7.0096699999999998]
  #141 objects/buildingsets/human/colonialism/col_a/int/garage/col_garage_sml_a_int_b_wall_machinery_d.cgf
    [0.0099262949730132364, -0.21575704834256978, -0.7480568270553235, 10.123543999999924]
    [0.030232084408055193, 0.74766019972693931, -0.21524148894226899, -6.034120999999999]
    [0.77796281497634601, -0.026301588929999637, 0.017909122795501865, 10.811503]
