# IncludedObjects
# Cgfs: 82, Materials: 15, Palettes: 6, Placements: 174

[CGFs]
      0: data/objects/buildingsets/human/utilitarian/int/pipes/util_pipe_b_str_05m_a.cgf
      1: data/objects/buildingsets/human/utilitarian/ugf/int/common/ceiling/set_c/util_ugf_ceiling_set_c_ceiling_01x04x0025_a.cgf
      2: data/objects/buildingsets/human/utilitarian/int/pipes/util_pipe_a_doublebracket_mid_a_1m.cgf
      3: objects/buildingsets/human/lowtech/prop/utilitarian/cable/cable_small/cable_small_1_straight_1m_a.cgf
      4: data/objects/buildingsets/human/utilitarian/int/pipes/util_pipe_b_str_cap_a.cgf
      5: data/objects/buildingsets/human/common/hvac/set_a/common_hvac_set_a_hvac_corner_005m_a.cgf
      6: data/objects/buildingsets/human/lowtech/prop/utilitarian/cable/cable_small/cable_small_1_straight_50cm_a.cgf
      7: objects/buildingsets/human/common/cable/tray/set_a/common_cable_tray_set_a_cable_tray_t_junction_01m_a.cgf
      8: objects/buildingsets/human/lowtech/prop/light/light_wall_04_a.cgf
      9: data/objects/buildingsets/human/common/cable/tray/set_a/common_cable_tray_set_a_addon_bracket_a.cgf
     10: objects/buildingsets/human/common/hvac/set_a/common_hvac_set_a_addon_bracket_a.cgf
     11: data/objects/buildingsets/human/lowtech/prop/utilitarian/cable/cable_small/cable_small_1_corner_25cm_a.cgf
     12: data/objects/buildingsets/human/lowtech/prop/light/light_wall_03_a.cgf
     13: data/objects/buildingsets/human/common/cable/tray/set_a/common_cable_tray_set_a_cable_tray_straight_01m_a.cgf
     14: data/objects/buildingsets/human/lowtech/prop/utilitarian/cable/cable_bend_6_a.cgf
     15: objects/buildingsets/human/utilitarian/int/pipes/util_pipe_b_str_rib_a.cgf
     16: data/objects/buildingsets/human/common/cable/tray/set_a/common_cable_tray_set_a_cable_tray_straight_02m_a.cgf
     17: objects/buildingsets/human/common/hvac/set_a/common_hvac_set_a_addon_vent_a.cgf
     18: data/objects/buildingsets/human/common/cable/tray/set_a/common_cable_tray_set_a_cable_tray_corner_005_a.cgf
     19: data/objects/buildingsets/human/lowtech/prop/utilitarian/cable/cable_small/cable_small_1_bend_25cm_a.cgf
     20: data/objects/buildingsets/human/common/cable/tray/set_a/common_cable_tray_set_a_cable_tray_slope_02m_a.cgf
     21: objects/buildingsets/human/utilitarian/int/pipes/util_pipe_b_str_support_a.cgf
     22: data/objects/buildingsets/human/utilitarian/ugf/int/common/ceiling/set_c/util_ugf_ceiling_set_c_ceiling_03x08x0025_a.cgf
     23: data/objects/buildingsets/human/utilitarian/ugf/int/common/ceiling/set_c/util_ugf_ceiling_set_c_ceiling_01x02x0025_a.cgf
     24: data/objects/buildingsets/human/common/light/panel/set_b/common_light_panel_set_b_rectangle_00125x01m_a.cgf
     25: objects/buildingsets/human/lowtech/alpha/int/hangar/roomsm/addon/roomsm_addon_cable_straight_00125x01_a.cgf
     26: data/objects/buildingsets/human/utilitarian/ugf/int/common/ceiling/set_c/util_ugf_ceiling_set_c_ceiling_01x01x0025_a.cgf
     27: objects/buildingsets/human/utilitarian/ugf/int/common/addon/greeble/addon_greeble_f.cgf
     28: objects/buildingsets/human/lowtech/prop/utilitarian/cable/cable_small/cable_small_1_straight_1m_b.cgf
     29: objects/buildingsets/human/common/hvac/set_a/common_hvac_set_a_hvac_straight_02m_a.cgf
     30: objects/buildingsets/human/lowtech/prop/utilitarian/cable/cable_small/cable_small_1_bend_25cm_a.cgf
     31: data/objects/buildingsets/human/utilitarian/int/pipes/util_pipe_b_str_1m_a.cgf
     32: data/objects/buildingsets/human/lowtech/alpha/int/hangar/roomsm/ceiling/roomsm_ceiling_vent_04x04x0050_a.cgf
     33: objects/buildingsets/human/utilitarian/int/pipes/util_pipe_b_str_4m_a.cgf
     34: objects/buildingsets/human/lowtech/prop/light/light_wall_02_a.cgf
     35: objects/buildingsets/human/common/hvac/set_a/common_hvac_set_a_hvac_straight_005m_a.cgf
     36: objects/buildingsets/human/common/hvac/set_a/common_hvac_set_a_hvac_t_junction_005m_a.cgf
     37: objects/buildingsets/human/utilitarian/common/addon/unit/util_common_addon_unit_b.cgf
     38: data/objects/buildingsets/human/utilitarian/int/pipes/util_pipe_b_str_2m_a.cgf
     39: data/objects/buildingsets/human/utilitarian/ugf/int/common/addon/greeble/addon_greeble_fan_a.cgf
     40: data/objects/buildingsets/human/utilitarian/int/pipes/util_pipe_a_str_support_b.cgf
     41: data/objects/buildingsets/human/utilitarian/ugf/int/common/wall/set_f/util_ugf_wall_set_f_wall_transition_mid_4m_a.cgf
     42: data/objects/buildingsets/human/lowtech/prop/utilitarian/cable/cable_small/cable_small_1_straight_1m_a.cgf
     43: data/objects/buildingsets/human/utilitarian/ugf/int/common/ceiling/set_c/util_ugf_ceiling_set_c_ceiling_01x08x0025_a.cgf
     44: objects/buildingsets/human/lowtech/alpha/int/hangar/roomsm/addon/roomsm_addon_cable_junctionbox_a.cgf
     45: data/objects/buildingsets/human/lowtech/alpha/int/hangar/roomsm/addon/roomsm_addon_cable_pipe_straight_100_a.cgf
     46: objects/buildingsets/human/lowtech/prop/utilitarian/cable/cable_small/cable_small_1_straight_50cm_a.cgf
     47: data/objects/buildingsets/human/lowtech/alpha/int/hangar/roomsm/addon/roomsm_addon_cable_pipe_corner45_left_a.cgf
     48: data/objects/buildingsets/human/lowtech/prop/utilitarian/cable/cable_small/cable_small_1_straight_25cm_a.cgf
     49: data/objects/buildingsets/human/utilitarian/ugf/int/common/addon/greeble/addon_greeble_e.cgf
     50: data/objects/buildingsets/human/lowtech/prop/utilitarian/cable/cable_small/cable_small_1_straight_1m_b.cgf
     51: data/objects/buildingsets/human/utilitarian/int/pipes/util_pipe_b_cnr_05m_a.cgf
     52: data/objects/buildingsets/human/utilitarian/int/pipes/util_pipe_a_addon_cap_c.cgf
     53: data/objects/buildingsets/human/utilitarian/int/pipes/util_pipe_a_str_3m_a.cgf
     54: data/objects/buildingsets/human/utilitarian/ugf/int/common/addon/greeble/addon_greeble_d.cgf
     55: data/objects/buildingsets/human/utilitarian/int/pipes/util_pipe_a_str_cloth_2m_a.cgf
     56: data/objects/buildingsets/human/utilitarian/int/pipes/util_pipe_b_45_crnr_b.cgf
     57: data/objects/buildingsets/human/utilitarian/int/pipes/util_pipe_a_doublebracket_cap_b.cgf
     58: data/objects/buildingsets/human/utilitarian/int/pipes/util_pipe_a_str_cap_a.cgf
     59: data/objects/buildingsets/human/utilitarian/ugf/int/common/ceiling/set_c/util_ugf_ceiling_set_c_ceiling_02x06x0025_a.cgf
     60: data/objects/buildingsets/human/utilitarian/int/pipes/util_pipe_a_str_tsection_1m_a.cgf
     61: data/objects/buildingsets/human/utilitarian/int/pipes/util_pipe_a_str_cap_a_open.cgf
     62: data/objects/buildingsets/human/utilitarian/int/pipes/util_pipe_a_cnr_1m_d.cgf
     63: data/objects/buildingsets/human/utilitarian/int/pipes/util_pipe_a_doublebracket_cap_a.cgf
     64: data/objects/buildingsets/human/utilitarian/int/pipes/util_pipe_b_str_rib_a.cgf
     65: data/objects/buildingsets/human/utilitarian/int/pipes/util_pipe_a_str_8m_a.cgf
     66: data/objects/buildingsets/human/utilitarian/int/pipes/util_pipe_a_str_cloth_1m_b.cgf
     67: data/objects/buildingsets/human/utilitarian/int/pipes/util_pipe_b_str_cap_c.cgf
     68: data/objects/buildingsets/human/utilitarian/int/pipes/util_pipe_b_str_4m_a.cgf
     69: data/objects/buildingsets/human/lowtech/prop/utilitarian/cable/cable_straight_1_2m_b.cgf
     70: data/objects/buildingsets/human/common/cable/tray/set_a/common_cable_tray_set_a_cable_tray_corner_005m_b.cgf
     71: data/objects/buildingsets/human/utilitarian/int/pipes/util_pipe_a_str_addon_c.cgf
     72: data/objects/buildingsets/human/lowtech/prop/light/light_hung_5_box_b_damaged.cgf
     73: data/objects/buildingsets/human/common/hvac/set_a/common_hvac_set_a_hvac_straight_01m_a.cgf
     74: data/objects/buildingsets/human/utilitarian/ugf/int/common/ceiling/set_c/util_ugf_ceiling_set_c_ceiling_01x10x0025_a.cgf
     75: data/objects/buildingsets/human/lowtech/prop/utilitarian/cable/cable_small/cable_small_1_sbend_1m_a.cgf
     76: data/objects/buildingsets/human/utilitarian/ugf/int/common/ceiling/set_c/util_ugf_ceiling_set_c_ceiling_01x03x0025_a.cgf
     77: data/objects/buildingsets/human/lowtech/prop/utilitarian/cable/cable_small/cable_small_1_split_a.cgf
     78: data/objects/buildingsets/human/utilitarian/ugf/int/common/wall/set_f/util_ugf_wall_set_f_wall_transition_mid_2m_a.cgf
     79: data/objects/buildingsets/human/lowtech/alpha/int/hangar/roomsm/ceiling/roomsm_ceiling_04x04x0025_d.cgf
     80: data/objects/buildingsets/human/lowtech/prop/utilitarian/cable/cable_straight_3_cable_2m_a.cgf
     81: data/objects/buildingsets/human/lowtech/prop/utilitarian/cable/cable_split_4_a.cgf

[Materials]
      0: materials/pu/decal/concrete/decal_concrete_crack_e
      1: objects/buildingsets/human/utilitarian/ugf/util_ugf_a
      2: materials/pu/decal/debris/road/decal_debris_road_rocks_c
      3: materials/pu/decal/debris/road/decal_debris_road_rocks_b
      4: materials/pu/decal/concrete/decal_concrete_patch_a
      5: materials/decals/puddles/puddle_water_f
      6: materials/decals/debris/debris
      7: materials/pu/decal/concrete/decal_concrete_crack_b
      8: materials/pu/decal/concrete/decal_concrete_debris_a
      9: materials/pu/decal/concrete/decal_concrete_damage_b
     10: materials/pu/decal/concrete/decal_concrete_damage_d
     11: materials/decals/dust/dust_generic_terrain_01_red_b
     12: materials/decals/dirty_rust/dirty_rust_e
     13: materials/decals/leakings/window_leakings_c
     14: materials/decals/dirty_rust/dirty_rust_f

[Palettes]
      0: Libs/Foundry/Records/TintPalettes/Brand/Util/util_orange_b<333>
      1: Libs/Foundry/Records/TintPalettes/brand/util/util_yellow_a
      2: Libs/Foundry/Records/TintPalettes/Brand/Util/util_red_a<222>
      3: Libs/Foundry/Records/TintPalettes/default
      4: Libs/Foundry/Records/TintPalettes/generic/gen_darkgrey_red_white_a<222>
      5: Libs/Foundry/Records/TintPalettes/Brand/Greycat/greycat_interior

[Placements]
  #0 data/objects/buildingsets/human/utilitarian/int/pipes/util_pipe_b_str_05m_a.cgf
    [0.00000000000000000, -1.00000000000000000, 0.00000000000000000, -3.89179300000000694]
    [0.00000000000000000, 0.00000000000000000, -1.00000000000000000, 8.86672599999997146]
    [1.00000000000000000, 0.00000000000000000, 0.00000000000000000, -0.74250000000000005]
  #1 data/objects/buildingsets/human/utilitarian/ugf/int/common/ceiling/set_c/util_ugf_ceiling_set_c_ceiling_01x04x0025_a.cgf
    [1.00000042674751533, 0.00000000000000000, 0.00000000000000000, 4.19369999999980791]
    [0.00000000000000000, -0.00000064012100026, -1.00000042674731060, 1.45538399999998092]
    [0.00000000000000000, 1.00000042674731060, -0.00000064012100026, 0.00000000000000000]
  #2 data/objects/buildingsets/human/utilitarian/int/pipes/util_pipe_a_doublebracket_mid_a_1m.cgf
    [0.00000000000000000, 0.00000000000000000, -0.75000000000000000, -4.26680000000010295]
    [0.75000000000000000, 0.00000000000000000, 0.00000000000000000, 4.25000000000000000]
    [0.00000000000000000, -0.75000000000000000, 0.00000000000000000, 0.51770000000000005]
  #3 data/objects/buildingsets/human/utilitarian/ugf/int/common/ceiling/set_c/util_ugf_ceiling_set_c_ceiling_01x04x0025_a.cgf
    [1.00000042674751533, 0.00000000000000000, 0.00000000000000000, 4.19369999999980791]
    [0.00000000000000000, -0.00000064012100026, -1.00000042674731060, 3.66296699999998054]
    [0.00000000000000000, 1.00000042674731060, -0.00000064012100026, 0.00000000000000000]
  #4 data/objects/buildingsets/human/utilitarian/int/pipes/util_pipe_a_doublebracket_mid_a_1m.cgf
    [0.00000000000000000, 0.00000000000000000, -0.75000000000000000, -4.26680000000010295]
    [0.75000000000000000, 0.00000000000000000, 0.00000000000000000, 6.37500000000000000]
    [0.00000000000000000, -0.75000000000000000, 0.00000000000000000, 0.51770000000000005]
  #5 data/objects/buildingsets/human/utilitarian/ugf/int/common/ceiling/set_c/util_ugf_ceiling_set_c_ceiling_01x04x0025_a.cgf
    [1.00000042674751533, 0.00000000000000000, 0.00000000000000000, 4.19369999999980791]
    [0.00000000000000000, -0.00000064012100026, -1.00000042674731060, 1.69550000000003820]
    [0.00000000000000000, 1.00000042674731060, -0.00000064012100026, 0.00000000000000000]
  #6 objects/buildingsets/human/lowtech/prop/utilitarian/cable/cable_small/cable_small_1_straight_1m_a.cgf
    [-0.00000064012100026, 1.00000042674731060, 0.00000000000000000, 4.42587800000001153]
    [-1.00000042674731060, -0.00000064012100026, -0.00000000000000000, 6.47808499999996457]
    [-0.00000000000000000, 0.00000000000000000, 1.00000042674751533, 3.00174999999999992]
  #7 data/objects/buildingsets/human/utilitarian/int/pipes/util_pipe_b_str_cap_a.cgf
    [0.00000000000000000, 1.00000000000000000, 0.00000000000000000, 4.42358700000022509]
    [0.00000000000000000, 0.00000000000000000, 1.00000000000000000, 2.12742700000001150]
    [1.00000000000000000, 0.00000000000000000, 0.00000000000000000, 0.56177200000000005]
  #8 data/objects/buildingsets/human/common/hvac/set_a/common_hvac_set_a_hvac_corner_005m_a.cgf
    [-0.00000064012127343, 1.00000085349446177, 0.00000000000000000, 3.74166699999977936]
    [1.00000085349446177, 0.00000064012127299, 0.00000000000000000, 8.02500099999997474]
    [0.00000000000000000, 0.00000000000000000, -1.00000085349466694, 3.09879099999999985]
  #9 data/objects/buildingsets/human/lowtech/prop/utilitarian/cable/cable_small/cable_small_1_straight_50cm_a.cgf
    [-0.00000064012100026, 1.00000042674731060, 0.00000000000000000, 4.42587800000001153]
    [-1.00000042674731060, -0.00000064012100026, -0.00000000000000000, 7.47808499999996457]
    [-0.00000000000000000, 0.00000000000000000, 1.00000042674751533, 3.00174999999999992]
  #10 objects/buildingsets/human/common/cable/tray/set_a/common_cable_tray_set_a_cable_tray_t_junction_01m_a.cgf
    [-0.00000064012100026, 1.00000042674731060, 0.00000000000000000, 3.72227699999984907]
    [-1.00000042674731060, -0.00000064012100026, -0.00000000000000000, 6.00007100000004812]
    [-0.00000000000000000, 0.00000000000000000, 1.00000042674751533, 2.62766300000000008]
  #11 objects/buildingsets/human/lowtech/prop/light/light_wall_04_a.cgf
    [0.33000015393970755, -0.00000000000000000, 0.00000000000000000, 3.98330600000008417]
    [0.00000000000000000, -0.00000021123993833, 0.33000015393963994, 8.84653700000001209]
    [-0.00000000000000000, -0.33000015393963994, -0.00000021123993833, 1.69082099999999991]
  #12 data/objects/buildingsets/human/common/cable/tray/set_a/common_cable_tray_set_a_addon_bracket_a.cgf
    [-0.00000064012100026, 1.00000042674731060, 0.00000000000000000, 3.72227699999984907]
    [-1.00000042674731060, -0.00000064012100026, -0.00000000000000000, 4.99962800000002972]
    [-0.00000000000000000, 0.00000000000000000, 1.00000042674751533, 2.62766300000000008]
  #13 objects/buildingsets/human/common/hvac/set_a/common_hvac_set_a_addon_bracket_a.cgf
    [-0.00000064012100026, -1.00000042674731060, 0.00000000000000000, 3.74166699999977936]
    [1.00000042674731060, -0.00000064012100026, 0.00000000000000000, 8.02499999999997726]
    [0.00000000000000000, 0.00000000000000000, 1.00000042674751533, 3.12500000000000000]
  #14 data/objects/buildingsets/human/lowtech/prop/utilitarian/cable/cable_small/cable_small_1_corner_25cm_a.cgf
    [-0.00000064012100026, 1.00000042674731060, 0.00000000000000000, 4.42587800000001153]
    [-1.00000042674731060, -0.00000064012100026, -0.00000000000000000, 8.72808499999996457]
    [-0.00000000000000000, 0.00000000000000000, 1.00000042674751533, 0.50175000000000003]
  #15 data/objects/buildingsets/human/lowtech/prop/light/light_wall_03_a.cgf
    [-0.00000059267251878, 0.09240903341833996, 0.99572170779569302, 4.41209799999978713]
    [-1.00000057441627654, -0.00000005476791491, -0.00000059013658596, 5.21102699999994456]
    [-0.00000000000034978, -0.99572170779586788, 0.09240903341835612, 2.49786200000000003]
  #16 data/objects/buildingsets/human/common/cable/tray/set_a/common_cable_tray_set_a_cable_tray_straight_01m_a.cgf
    [-0.00000064012100026, -1.00000042674731060, 0.00000000000000000, 3.72227699999984907]
    [1.00000042674731060, -0.00000064012100026, 0.00000000000000000, 2.00007600000003549]
    [0.00000000000000000, 0.00000000000000000, 1.00000042674751533, 2.62766300000000008]
  #17 data/objects/buildingsets/human/lowtech/prop/utilitarian/cable/cable_bend_6_a.cgf
    [-1.00000085349466716, 0.00000000000000000, 0.00000000000000000, 0.62008000000014363]
    [0.00000000000000000, 0.00000064012127265, -1.00000085349446199, 6.12905399999999645]
    [-0.00000000000000000, -1.00000085349446199, -0.00000064012127299, 3.80683699999999980]
  #18 objects/buildingsets/human/utilitarian/int/pipes/util_pipe_b_str_rib_a.cgf
    [-0.00004995328530557, -0.00012400741171019, -0.99999996573162320, 1.29522300000007817]
    [0.99999997341855518, -0.00000199985254742, -0.00004995303769298, 3.42521199999998771]
    [-0.00000199365798249, -0.99999996697728888, 0.00012400751145440, 3.67858300000000016]
  #19 data/objects/buildingsets/human/common/cable/tray/set_a/common_cable_tray_set_a_cable_tray_straight_02m_a.cgf
    [-0.00000064012100026, -1.00000042674731060, 0.00000000000000000, 3.72227699999984907]
    [1.00000042674731060, -0.00000064012100026, 0.00000000000000000, 3.00007600000003549]
    [0.00000000000000000, 0.00000000000000000, 1.00000042674751533, 2.62766300000000008]
  #20 objects/buildingsets/human/common/hvac/set_a/common_hvac_set_a_addon_vent_a.cgf
    [-0.00000064012100026, 1.00000042674731060, 0.00000000000000000, 3.51438199999984136]
    [-1.00000042674731060, -0.00000064012100026, -0.00000000000000000, 5.75350400000002082]
    [-0.00000000000000000, 0.00000000000000000, 1.00000042674751533, 3.12474799999999986]
  #21 data/objects/buildingsets/human/common/cable/tray/set_a/common_cable_tray_set_a_cable_tray_straight_02m_a.cgf
    [-0.00000064012100026, 1.00000042674731060, 0.00000000000000000, 3.72227699999984907]
    [-1.00000042674731060, -0.00000064012100026, -0.00000000000000000, 8.00006900000005317]
    [-0.00000000000000000, 0.00000000000000000, 1.00000042674751533, 2.62766300000000008]
  #22 data/objects/buildingsets/human/common/cable/tray/set_a/common_cable_tray_set_a_cable_tray_corner_005_a.cgf
    [-0.00000064012100026, -1.00000042674731060, 0.00000000000000000, 3.72227699999984907]
    [1.00000042674731060, -0.00000064012100026, 0.00000000000000000, 8.00007600000003549]
    [0.00000000000000000, 0.00000000000000000, 1.00000042674751533, 2.62766300000000008]
  #23 data/objects/buildingsets/human/lowtech/prop/utilitarian/cable/cable_small/cable_small_1_bend_25cm_a.cgf
    [-0.00000064012100026, -1.00000042674731060, 0.00000000000000000, 4.42587800000001153]
    [1.00000042674731060, -0.00000064012100026, 0.00000000000000000, 4.47808499999996457]
    [0.00000000000000000, 0.00000000000000000, 1.00000042674751533, 3.00174999999999992]
  #24 objects/buildingsets/human/utilitarian/int/pipes/util_pipe_b_str_rib_a.cgf
    [-0.00000006120660761, -0.99999999655896032, 0.00012600422042490, 4.38815699999986464]
    [-0.00004595968211355, -0.00012600421747870, -0.99999999550281649, 1.11226299999998446]
    [1.00000000344134587, -0.00000006699772106, -0.00004595967403629, 2.03403299999999998]
  #25 data/objects/buildingsets/human/common/cable/tray/set_a/common_cable_tray_set_a_cable_tray_corner_005_a.cgf
    [1.00000000000000000, 0.00000000000000000, 0.00000000000000000, 3.22227699999984907]
    [0.00000000000000000, 1.00000000000000000, 0.00000000000000000, 1.50007600000003549]
    [0.00000000000000000, 0.00000000000000000, 1.00000000000000000, 2.62766300000000008]
  #26 data/objects/buildingsets/human/common/cable/tray/set_a/common_cable_tray_set_a_cable_tray_slope_02m_a.cgf
    [-1.00000000000000000, 0.00000000000000000, 0.00000000000000000, 3.22227699999984907]
    [0.00000000000000000, -1.00000000000000000, 0.00000000000000000, 8.50007600000003549]
    [0.00000000000000000, 0.00000000000000000, 1.00000000000000000, 2.62766300000000008]
  #27 objects/buildingsets/human/utilitarian/int/pipes/util_pipe_b_str_rib_a.cgf
    [-0.00004995328530557, -0.00012400741171019, -0.99999996573162320, 1.29528600000003280]
    [0.99999997341855518, -0.00000199985254742, -0.00004995303769298, 5.17518700000005083]
    [-0.00000199365798249, -0.99999996697728888, 0.00012400751145440, 3.67861299999999991]
  #28 objects/buildingsets/human/utilitarian/int/pipes/util_pipe_b_str_support_a.cgf
    [-0.00005442375641374, -0.00011879395080034, -1.00000042106768716, 4.38812700000016775]
    [-0.00000000327087888, 1.00000042254865917, -0.00011879395079826, 1.20298200000001998]
    [1.00000042812368561, -0.00000000319433141, -0.00005442375641823, 3.40905300000000011]
  #29 data/objects/buildingsets/human/common/hvac/set_a/common_hvac_set_a_hvac_corner_005m_a.cgf
    [0.00000222586390104, -1.00000085349492740, 0.00000000000000000, 3.74166699999977936]
    [-1.00000085349492740, -0.00000222586390137, -0.00000000000000000, 2.02500099999997474]
    [0.00000000000000000, 0.00000000000000000, -1.00000085349740497, 3.09879099999999985]
  #30 data/objects/buildingsets/human/lowtech/prop/utilitarian/cable/cable_small/cable_small_1_bend_25cm_a.cgf
    [-0.00000064012127343, -1.00000085349446177, 0.00000000000000000, 4.42587800000001153]
    [-1.00000085349446177, 0.00000064012127299, 0.00000000000000000, 7.97808499999996457]
    [-0.00000000000000000, 0.00000000000000000, -1.00000085349466694, 3.00174999999999992]
  #31 objects/buildingsets/human/utilitarian/int/pipes/util_pipe_b_str_support_a.cgf
    [-0.00000064756327551, 1.00000085210511891, -0.00011879400183329, 1.29522300000007817]
    [1.00000085771712199, 0.00000064117927317, -0.00005374018364531, 6.55020500000000538]
    [-0.00005374010709792, -0.00011879403646187, -1.00000085066132627, 3.67858300000000016]
  #32 data/objects/buildingsets/human/utilitarian/ugf/int/common/ceiling/set_c/util_ugf_ceiling_set_c_ceiling_03x08x0025_a.cgf
    [1.00000000000000000, 0.00000000000000000, 0.00000000000000000, 2.04333300000007512]
    [0.00000000000000000, 1.00000000000000000, 0.00000000000000000, 1.00000000000000000]
    [0.00000000000000000, 0.00000000000000000, 1.00000000000000000, 3.62500000000000000]
  #33 data/objects/buildingsets/human/utilitarian/int/pipes/util_pipe_b_str_05m_a.cgf
    [-0.00000064012100026, -1.00000042674731060, 0.00000000000000000, 4.42358700000022509]
    [1.00000042674731060, -0.00000064012100026, 0.00000000000000000, 2.65435100000001967]
    [0.00000000000000000, 0.00000000000000000, 1.00000042674751533, 0.31177199999999999]
  #34 data/objects/buildingsets/human/utilitarian/ugf/int/common/ceiling/set_c/util_ugf_ceiling_set_c_ceiling_01x02x0025_a.cgf
    [-0.32088509268133664, 0.00000000000000000, -0.18526296736852696, 4.55375899999989997]
    [0.00000000000000000, 0.37052612564204140, 0.00000000000000000, 8.33500200000003133]
    [0.18526296736852696, 0.00000000000000000, -0.32088509268133664, 2.56883300000000014]
  #35 data/objects/buildingsets/human/utilitarian/ugf/int/common/ceiling/set_c/util_ugf_ceiling_set_c_ceiling_01x02x0025_a.cgf
    [0.37052598595619202, 0.00000000000000000, 0.00000000000000000, 4.24491600000010294]
    [0.00000000000000000, 0.37052598595619202, 0.00000000000000000, 8.38699299999996128]
    [0.00000000000000000, 0.00000000000000000, 0.37052598595619202, 2.85900199999999982]
  #36 data/objects/buildingsets/human/common/light/panel/set_b/common_light_panel_set_b_rectangle_00125x01m_a.cgf
    [-0.00000064012100026, 1.00000042674731060, 0.00000000000000000, 0.96405400000003283]
    [-1.00000042674731060, -0.00000064012100026, -0.00000000000000000, 0.86532999999997173]
    [-0.00000000000000000, 0.00000000000000000, 1.00000042674751533, 3.50382699999999980]
  #37 objects/buildingsets/human/lowtech/alpha/int/hangar/roomsm/addon/roomsm_addon_cable_straight_00125x01_a.cgf
    [0.00000000000000000, 0.00000000000000000, -0.74290698766708374, 4.50264100000003964]
    [-0.74290698766708374, 0.00000000000000000, 0.00000000000000000, 5.20442600000001221]
    [0.00000000000000000, 0.74290698766708374, 0.00000000000000000, 1.61703400000000008]
  #38 data/objects/buildingsets/human/utilitarian/ugf/int/common/ceiling/set_c/util_ugf_ceiling_set_c_ceiling_01x01x0025_a.cgf
    [0.00000000000000000, 0.00000000000000000, 1.00000000000000000, 4.57547199999999066]
    [1.00000000000000000, 0.00000000000000000, 0.00000000000000000, 8.82380799999998544]
    [0.00000000000000000, 1.00000000000000000, 0.00000000000000000, 0.68628599999999995]
  #39 data/objects/buildingsets/human/common/cable/tray/set_a/common_cable_tray_set_a_addon_bracket_a.cgf
    [-0.00000064012100026, -1.00000042674731060, 0.00000000000000000, 3.72227699999984907]
    [1.00000042674731060, -0.00000064012100026, 0.00000000000000000, 1.99962800000002972]
    [0.00000000000000000, 0.00000000000000000, 1.00000042674751533, 2.62766300000000008]
  #40 objects/buildingsets/human/utilitarian/int/pipes/util_pipe_b_str_rib_a.cgf
    [-0.00004995328530557, -0.00012400741171019, -0.99999996573162320, 1.54520800000000236]
    [0.99999997341855518, -0.00000199985254742, -0.00004995303769298, 3.42520500000000538]
    [-0.00000199365798249, -0.99999996697728888, 0.00012400751145440, 3.67858300000000016]
  #41 data/objects/buildingsets/human/common/cable/tray/set_a/common_cable_tray_set_a_addon_bracket_a.cgf
    [-0.00000064012100026, 1.00000042674731060, 0.00000000000000000, 3.72227699999984907]
    [-1.00000042674731060, -0.00000064012100026, -0.00000000000000000, 7.49962800000002972]
    [-0.00000000000000000, 0.00000000000000000, 1.00000042674751533, 2.62766300000000008]
  #42 data/objects/buildingsets/human/common/cable/tray/set_a/common_cable_tray_set_a_addon_bracket_a.cgf
    [1.00000000000000000, 0.00000000000000000, 0.00000000000000000, 1.25000000000000000]
    [0.00000000000000000, 1.00000000000000000, 0.00000000000000000, 8.50000000000000000]
    [0.00000000000000000, 0.00000000000000000, 1.00000000000000000, 3.12500000000000000]
  #43 objects/buildingsets/human/utilitarian/ugf/int/common/addon/greeble/addon_greeble_f.cgf
    [-0.00000078096910879, -0.00000000000000000, -1.22003409087488612, 4.50069399999983943]
    [0.00000000000000000, -1.22003409087513592, 0.00000000000000000, 2.29393700000002809]
    [-1.22003409087488612, 0.00000000000000000, 0.00000078096910879, 1.86224300000000009]
  #44 objects/buildingsets/human/lowtech/prop/utilitarian/cable/cable_small/cable_small_1_straight_1m_b.cgf
    [-0.00000064012100026, 1.00000042674731060, 0.00000000000000000, 4.42587800000001153]
    [-1.00000042674731060, -0.00000064012100026, -0.00000000000000000, 5.47808499999996457]
    [-0.00000000000000000, 0.00000000000000000, 1.00000042674751533, 3.00174999999999992]
  #45 data/objects/buildingsets/human/utilitarian/ugf/int/common/ceiling/set_c/util_ugf_ceiling_set_c_ceiling_01x02x0025_a.cgf
    [-0.32088509268133664, 0.00000000000000000, -0.18526296736852696, 4.55375899999989997]
    [0.00000000000000000, 0.37052612564204140, 0.00000000000000000, 7.35872199999994336]
    [0.18526296736852696, 0.00000000000000000, -0.32088509268133664, 2.56883300000000014]
  #46 objects/buildingsets/human/common/hvac/set_a/common_hvac_set_a_hvac_straight_02m_a.cgf
    [-0.00000064012100026, 1.00000042674731060, 0.00000000000000000, 3.74166699999977936]
    [-1.00000042674731060, -0.00000064012100026, -0.00000000000000000, 4.52499999999997726]
    [-0.00000000000000000, 0.00000000000000000, 1.00000042674751533, 3.09879099999999985]
  #47 objects/buildingsets/human/lowtech/prop/utilitarian/cable/cable_small/cable_small_1_bend_25cm_a.cgf
    [1.00000000000000000, 0.00000000000000000, 0.00000000000000000, 4.17587800000001153]
    [0.00000000000000000, 1.00000000000000000, 0.00000000000000000, 8.97808499999996457]
    [0.00000000000000000, 0.00000000000000000, 1.00000000000000000, 0.50175000000000003]
  #48 data/objects/buildingsets/human/utilitarian/int/pipes/util_pipe_b_str_1m_a.cgf
    [-0.00000006120660761, -0.99999999655896032, 0.00012600422042490, 4.38812700000016775]
    [-0.00004595968211355, -0.00012600421747870, -0.99999999550281649, 1.30611299999998209]
    [1.00000000344134587, -0.00000006699772106, -0.00004595967403629, 2.28404700000000016]
  #49 data/objects/buildingsets/human/lowtech/alpha/int/hangar/roomsm/ceiling/roomsm_ceiling_vent_04x04x0050_a.cgf
    [-0.45304000377655035, 0.00000000000000000, 0.00000000000000000, 1.87500000000000000]
    [0.00000000000000000, -0.45304000377655035, 0.00000000000000000, 3.00000000000000000]
    [0.00000000000000000, 0.00000000000000000, 0.45304000377655035, 3.75000000000000000]
  #50 objects/buildingsets/human/utilitarian/int/pipes/util_pipe_b_str_4m_a.cgf
    [-0.00004995328530557, -0.00012400741171019, -0.99999996573162320, 1.29522300000007817]
    [0.99999997341855518, -0.00000199985254742, -0.00004995303769298, 3.42521199999998771]
    [-0.00000199365798249, -0.99999996697728888, 0.00012400751145440, 3.67858300000000016]
  #51 objects/buildingsets/human/utilitarian/int/pipes/util_pipe_b_str_rib_a.cgf
    [-0.00004995328530557, -0.00012400741171019, -0.99999996573162320, 1.54520800000000236]
    [0.99999997341855518, -0.00000199985254742, -0.00004995303769298, 6.05019900000002053]
    [-0.00000199365798249, -0.99999996697728888, 0.00012400751145440, 3.67858300000000016]
  #52 objects/buildingsets/human/lowtech/prop/light/light_wall_02_a.cgf
    [-0.00000032006063672, -0.50000042674723100, 0.00000000000000000, 4.50000000000000000]
    [-0.50000042674723100, 0.00000032006063649, 0.00000000000000000, 5.89793799999995372]
    [-0.00000000000000000, 0.00000000000000000, -0.50000042674733358, 0.59375000000000000]
  #53 objects/buildingsets/human/common/hvac/set_a/common_hvac_set_a_hvac_straight_005m_a.cgf
    [-0.00000064012100026, 1.00000042674731060, 0.00000000000000000, 3.74166699999977936]
    [-1.00000042674731060, -0.00000064012100026, -0.00000000000000000, 5.02499999999997726]
    [-0.00000000000000000, 0.00000000000000000, 1.00000042674751533, 3.09879099999999985]
  #54 objects/buildingsets/human/common/hvac/set_a/common_hvac_set_a_addon_bracket_a.cgf
    [-0.00000064012100026, -1.00000042674731060, 0.00000000000000000, 3.74166699999977936]
    [1.00000042674731060, -0.00000064012100026, 0.00000000000000000, 6.02499999999997726]
    [0.00000000000000000, 0.00000000000000000, 1.00000042674751533, 3.12500000000000000]
  #55 objects/buildingsets/human/common/hvac/set_a/common_hvac_set_a_hvac_t_junction_005m_a.cgf
    [-0.00000064012127343, -1.00000085349446177, 0.00000000000000000, 3.74166699999977936]
    [-1.00000085349446177, 0.00000064012127299, 0.00000000000000000, 6.02499999999997726]
    [-0.00000000000000000, 0.00000000000000000, -1.00000085349466694, 3.09879099999999985]
  #56 objects/buildingsets/human/utilitarian/common/addon/unit/util_common_addon_unit_b.cgf
    [-1.00000000000000000, 0.00000000000000000, 0.00000000000000000, 4.01181200000019089]
    [0.00000000000000000, -1.00000000000000000, 0.00000000000000000, 9.00000000000000000]
    [0.00000000000000000, 0.00000000000000000, 1.00000000000000000, 0.87500000000000000]
  #57 data/objects/buildingsets/human/utilitarian/int/pipes/util_pipe_b_str_2m_a.cgf
    [-0.00004995328530557, -0.00012400741171019, -0.99999996573162320, 1.54520800000000236]
    [0.99999997341855518, -0.00000199985254742, -0.00004995303769298, 3.42520500000000538]
    [-0.00000199365798249, -0.99999996697728888, 0.00012400751145440, 3.67858300000000016]
  #58 data/objects/buildingsets/human/utilitarian/ugf/int/common/addon/greeble/addon_greeble_fan_a.cgf
    [0.00000000000000000, 0.00000000000000000, 0.76503998041152954, -4.50000000000000000]
    [0.76503998041152954, 0.00000000000000000, 0.00000000000000000, 1.19395799999995234]
    [0.00000000000000000, 0.76503998041152954, 0.00000000000000000, 1.81417199999999990]
  #59 data/objects/buildingsets/human/utilitarian/int/pipes/util_pipe_a_str_support_b.cgf
    [-0.00000048009075020, 0.75000032006048289, 0.00000000000000000, -4.26679300000000694]
    [-0.75000032006048289, -0.00000048009075020, -0.00000000000000000, 1.58511599999997088]
    [-0.00000000000000000, 0.00000000000000000, 0.75000032006063655, 0.51773400000000003]
  #60 data/objects/buildingsets/human/utilitarian/int/pipes/util_pipe_a_str_support_b.cgf
    [-0.00000048009095474, 0.00000000000000000, 0.75000064012084633, -4.26679300000000694]
    [0.00000000000000000, -0.75000064012099998, 0.00000000000000000, 8.46011599999997088]
    [0.75000064012084633, 0.00000000000000000, 0.00000048009095474, 1.51773399999999992]
  #61 data/objects/buildingsets/human/utilitarian/ugf/int/common/wall/set_f/util_ugf_wall_set_f_wall_transition_mid_4m_a.cgf
    [0.00000000000000000, -1.00000000000000000, 0.00000000000000000, 4.24225599999999758]
    [0.00000000000000000, 0.00000000000000000, -1.00000000000000000, 1.07789800000000469]
    [1.00000000000000000, 0.00000000000000000, 0.00000000000000000, 0.25790000000000002]
  #62 data/objects/buildingsets/human/lowtech/prop/utilitarian/cable/cable_small/cable_small_1_straight_1m_a.cgf
    [0.00000202655586890, 0.99999999999794653, 0.00000202655792237, 4.42587800000001153]
    [0.00000000000410694, 0.00000202655792237, -1.00000000000000000, 8.47808499999996457]
    [-1.00000000000000000, 0.00000202655586890, 0.00000000000000000, 0.75175000000000003]
  #63 objects/buildingsets/human/common/hvac/set_a/common_hvac_set_a_addon_bracket_a.cgf
    [-0.00000064012100026, -1.00000042674731060, 0.00000000000000000, 3.74166699999977936]
    [1.00000042674731060, -0.00000064012100026, 0.00000000000000000, 3.27499999999997726]
    [0.00000000000000000, 0.00000000000000000, 1.00000042674751533, 3.12500000000000000]
  #64 data/objects/buildingsets/human/utilitarian/ugf/int/common/ceiling/set_c/util_ugf_ceiling_set_c_ceiling_01x02x0025_a.cgf
    [0.37052598595619202, 0.00000000000000000, 0.00000000000000000, 4.24491600000010294]
    [0.00000000000000000, 0.37052598595619202, 0.00000000000000000, 7.35872199999994336]
    [0.00000000000000000, 0.00000000000000000, 0.37052598595619202, 2.85900199999999982]
  #65 data/objects/buildingsets/human/utilitarian/ugf/int/common/ceiling/set_c/util_ugf_ceiling_set_c_ceiling_01x02x0025_a.cgf
    [-1.00000000000000000, 0.00000000000000000, 0.00000000000000000, -4.08708900000010544]
    [0.00000000000000000, -1.00000000000000000, 0.00000000000000000, 2.37500000000000000]
    [0.00000000000000000, 0.00000000000000000, 1.00000000000000000, 2.93917200000000012]
  #66 data/objects/buildingsets/human/common/light/panel/set_b/common_light_panel_set_b_rectangle_00125x01m_a.cgf
    [-0.00000064012100026, 1.00000042674731060, 0.00000000000000000, 0.96405400000003283]
    [-1.00000042674731060, -0.00000064012100026, -0.00000000000000000, 8.92782999999997173]
    [-0.00000000000000000, 0.00000000000000000, 1.00000042674751533, 3.50382699999999980]
  #67 data/objects/buildingsets/human/lowtech/prop/utilitarian/cable/cable_small/cable_small_1_straight_50cm_a.cgf
    [0.00000222586190104, 1.00000085349526069, 0.00000141421633975, -4.49459499999989021]
    [1.00000085349526069, -0.00000222586390097, 0.00000141421228664, 5.33781099999998787]
    [0.00000141421543448, 0.00000141421319191, -1.00000085349673773, 3.29713799999999990]
  #68 data/objects/buildingsets/human/utilitarian/ugf/int/common/ceiling/set_c/util_ugf_ceiling_set_c_ceiling_01x08x0025_a.cgf
    [-0.70710830535112190, -0.00000000000000000, -0.70710620864654994, -1.41969799999992574]
    [0.00000000000000000, -1.00000067290129024, 0.00000000000000000, 9.00000000000000000]
    [-0.70710620864654994, 0.00000000000000000, 0.70710830535112223, 4.27801100000000023]
  #69 objects/buildingsets/human/common/hvac/set_a/common_hvac_set_a_hvac_straight_02m_a.cgf
    [-0.00000064012100026, -1.00000042674731060, 0.00000000000000000, 3.74166699999977936]
    [1.00000042674731060, -0.00000064012100026, 0.00000000000000000, 6.02499999999997726]
    [0.00000000000000000, 0.00000000000000000, 1.00000042674751533, 3.09879099999999985]
  #70 objects/buildingsets/human/lowtech/alpha/int/hangar/roomsm/addon/roomsm_addon_cable_junctionbox_a.cgf
    [0.00000000000000000, 0.00000000000000000, -1.00000000000000000, 4.50264100000003964]
    [-1.00000000000000000, 0.00000000000000000, 0.00000000000000000, 5.15621399999997720]
    [0.00000000000000000, 1.00000000000000000, 0.00000000000000000, 1.45368000000000008]
  #71 data/objects/buildingsets/human/lowtech/alpha/int/hangar/roomsm/addon/roomsm_addon_cable_pipe_straight_100_a.cgf
    [0.00000000000000090, 2.01878309249877885, 0.00000409118086964, -4.50479199999995217]
    [-0.00000409117672414, 0.00000409118087009, -2.01878309249463328, 1.14070500000002539]
    [-2.01878309249877885, -0.00000000000829057, 0.00000409117672459, 3.24386000000000019]
  #72 objects/buildingsets/human/lowtech/prop/utilitarian/cable/cable_small/cable_small_1_straight_50cm_a.cgf
    [-0.00000064012100026, -0.00000000000000000, -1.00000042674731060, 3.92587800000001153]
    [0.00000000000000000, 1.00000042674751533, -0.00000000000000000, 8.97808499999996457]
    [1.00000042674731060, 0.00000000000000000, -0.00000064012100026, 1.25174999999999992]
  #73 data/objects/buildingsets/human/lowtech/prop/utilitarian/cable/cable_small/cable_small_1_straight_1m_a.cgf
    [0.00000222586190104, 1.00000085349526069, 0.00000141421633975, -4.49459499999989021]
    [1.00000085349526069, -0.00000222586390097, 0.00000141421228664, 2.33781099999998787]
    [0.00000141421543448, 0.00000141421319191, -1.00000085349673773, 3.29713799999999990]
  #74 data/objects/buildingsets/human/utilitarian/ugf/int/common/addon/greeble/addon_greeble_fan_a.cgf
    [0.00000000000000000, 0.00000000000000000, 0.76503998041152954, -4.50000000000000000]
    [0.76503998041152954, 0.00000000000000000, 0.00000000000000000, 1.19395799999995234]
    [0.00000000000000000, 0.76503998041152954, 0.00000000000000000, 0.93917200000000001]
  #75 data/objects/buildingsets/human/lowtech/alpha/int/hangar/roomsm/addon/roomsm_addon_cable_pipe_corner45_left_a.cgf
    [0.00000000000000090, 2.01878309249877885, 0.00000409118086964, -2.46103300000004310]
    [-0.00000409117672414, 0.00000409118087009, -2.01878309249463328, 1.14070500000002539]
    [-2.01878309249877885, -0.00000000000829057, 0.00000409117672459, 3.24386000000000019]
  #76 data/objects/buildingsets/human/lowtech/prop/utilitarian/cable/cable_small/cable_small_1_straight_1m_a.cgf
    [0.00000222586190104, 1.00000085349526069, 0.00000141421633975, -4.49459499999989021]
    [1.00000085349526069, -0.00000222586390097, 0.00000141421228664, 4.83781099999998787]
    [0.00000141421543448, 0.00000141421319191, -1.00000085349673773, 3.29713799999999990]
  #77 data/objects/buildingsets/human/utilitarian/ugf/int/common/ceiling/set_c/util_ugf_ceiling_set_c_ceiling_03x08x0025_a.cgf
    [-1.00000000000000000, 0.00000000000000000, 0.00000000000000000, -1.96208900000010544]
    [0.00000000000000000, -1.00000000000000000, 0.00000000000000000, 9.00000000000000000]
    [0.00000000000000000, 0.00000000000000000, 1.00000000000000000, 3.62500000000000000]
  #78 data/objects/buildingsets/human/utilitarian/ugf/int/common/ceiling/set_c/util_ugf_ceiling_set_c_ceiling_01x02x0025_a.cgf
    [-1.00000000000000000, 0.00000000000000000, 0.00000000000000000, -4.08708900000010544]
    [0.00000000000000000, -1.00000000000000000, 0.00000000000000000, 2.37500000000000000]
    [0.00000000000000000, 0.00000000000000000, 1.00000000000000000, 3.18604799999999999]
  #79 data/objects/buildingsets/human/lowtech/prop/utilitarian/cable/cable_small/cable_small_1_straight_25cm_a.cgf
    [0.00000222586190104, 1.00000085349526069, 0.00000141421633975, -4.49459499999989021]
    [1.00000085349526069, -0.00000222586390097, 0.00000141421228664, 1.33781099999998787]
    [0.00000141421543448, 0.00000141421319191, -1.00000085349673773, 3.29713799999999990]
  #80 data/objects/buildingsets/human/lowtech/prop/utilitarian/cable/cable_small/cable_small_1_straight_1m_a.cgf
    [0.00000222586190104, 1.00000085349526069, 0.00000141421633975, -4.49459499999989021]
    [1.00000085349526069, -0.00000222586390097, 0.00000141421228664, 7.33781099999998787]
    [0.00000141421543448, 0.00000141421319191, -1.00000085349673773, 3.29713799999999990]
  #81 data/objects/buildingsets/human/utilitarian/ugf/int/common/addon/greeble/addon_greeble_e.cgf
    [-0.00000047033679508, -0.73476264007383540, 0.00000000000000000, -1.07496100000003025]
    [-0.73476264007383540, 0.00000047033679508, 0.00000000000000000, 8.71209099999998671]
    [-0.00000000000000000, 0.00000000000000000, -0.73476264007398595, 3.83769600000000022]
  #82 data/objects/buildingsets/human/lowtech/prop/utilitarian/cable/cable_small/cable_small_1_straight_1m_b.cgf
    [0.00000222586190104, 1.00000085349526069, 0.00000141421633975, -4.49459499999989021]
    [1.00000085349526069, -0.00000222586390097, 0.00000141421228664, 6.33781099999998787]
    [0.00000141421543448, 0.00000141421319191, -1.00000085349673773, 3.29713799999999990]
  #83 data/objects/buildingsets/human/lowtech/prop/utilitarian/cable/cable_small/cable_small_1_straight_1m_a.cgf
    [0.00000222586190104, 1.00000085349526069, 0.00000141421633975, -4.49459499999989021]
    [1.00000085349526069, -0.00000222586390097, 0.00000141421228664, 8.33781099999998787]
    [0.00000141421543448, 0.00000141421319191, -1.00000085349673773, 3.29713799999999990]
  #84 data/objects/buildingsets/human/utilitarian/int/pipes/util_pipe_b_cnr_05m_a.cgf
    [0.00000000000000000, -1.00000000000000000, 0.00000000000000000, -4.39179300000000694]
    [0.00000000000000000, 0.00000000000000000, 1.00000000000000000, 8.86672599999997146]
    [-1.00000000000000000, 0.00000000000000000, 0.00000000000000000, 1.13250000000000006]
  #85 objects/buildingsets/human/lowtech/prop/light/light_wall_02_a.cgf
    [-0.00000032006063672, 0.50000042674723100, 0.00000000000000000, -4.09787099999994098]
    [0.50000042674723100, 0.00000032006063649, 0.00000000000000000, 7.50000000000000000]
    [0.00000000000000000, 0.00000000000000000, -0.50000042674733358, 0.98854200000000003]
  #86 data/objects/buildingsets/human/utilitarian/int/pipes/util_pipe_a_addon_cap_c.cgf
    [-0.75000064012099998, 0.00000000000000000, 0.00000000000000000, -4.26679300000000694]
    [0.00000000000000000, 0.00000048009095474, -0.75000064012084633, 8.99077599999998256]
    [-0.00000000000000000, -0.75000064012084633, -0.00000048009095474, 0.51773400000000003]
  #87 data/objects/buildingsets/human/utilitarian/ugf/int/common/ceiling/set_c/util_ugf_ceiling_set_c_ceiling_01x04x0025_a.cgf
    [-1.00000000000000000, 0.00000000000000000, 0.00000000000000000, -4.08708900000010544]
    [0.00000000000000000, -1.00000000000000000, 0.00000000000000000, 8.00000000000000000]
    [0.00000000000000000, 0.00000000000000000, 1.00000000000000000, 3.18508699999999978]
  #88 data/objects/buildingsets/human/utilitarian/int/pipes/util_pipe_a_str_3m_a.cgf
    [-0.00000048009074986, -0.00000000000000000, -0.75000032006048289, -4.26679300000000694]
    [0.00000000000000000, 0.75000032006063655, -0.00000000000000000, 8.46011599999997088]
    [0.75000032006048289, 0.00000000000000000, -0.00000048009074986, 1.01773399999999992]
  #89 data/objects/buildingsets/human/utilitarian/int/pipes/util_pipe_a_str_support_b.cgf
    [-0.00000048009095474, 0.00000000000000000, 0.75000064012084633, -4.26679300000000694]
    [0.00000000000000000, -0.75000064012099998, 0.00000000000000000, 8.46011599999997088]
    [0.75000064012084633, 0.00000000000000000, 0.00000048009095474, 3.01773399999999992]
  #90 data/objects/buildingsets/human/utilitarian/ugf/int/common/addon/greeble/addon_greeble_d.cgf
    [0.00000000000000000, 0.00000000000000000, 0.73476201295852661, -4.32404300000007424]
    [0.73476201295852661, 0.00000000000000000, 0.00000000000000000, 2.44572000000005119]
    [0.00000000000000000, 0.73476201295852661, 0.00000000000000000, 3.08531699999999987]
  #91 data/objects/buildingsets/human/common/light/panel/set_b/common_light_panel_set_b_rectangle_00125x01m_a.cgf
    [-0.00000064012100026, 1.00000042674731060, 0.00000000000000000, -1.03594599999996717]
    [-1.00000042674731060, -0.00000064012100026, -0.00000000000000000, 8.92782999999997173]
    [-0.00000000000000000, 0.00000000000000000, 1.00000042674751533, 3.50382699999999980]
  #92 data/objects/buildingsets/human/utilitarian/int/pipes/util_pipe_a_str_cloth_2m_a.cgf
    [0.00000000000000000, 0.00000000000000000, -0.75000000000000000, -4.26679300000000694]
    [0.75000000000000000, 0.00000000000000000, 0.00000000000000000, 1.74580900000000838]
    [0.00000000000000000, -0.75000000000000000, 0.00000000000000000, 0.51773400000000003]
  #93 data/objects/buildingsets/human/utilitarian/int/pipes/util_pipe_b_str_cap_a.cgf
    [0.00000000000000000, -1.00000000000000000, 0.00000000000000000, -4.39179300000000694]
    [0.00000000000000000, 0.00000000000000000, -1.00000000000000000, 8.16810499999996864]
    [1.00000000000000000, 0.00000000000000000, 0.00000000000000000, 1.03122200000000008]
  #94 data/objects/buildingsets/human/utilitarian/int/pipes/util_pipe_b_45_crnr_b.cgf
    [-0.00001001363045822, 0.99999999994986388, 0.00001001358032232, -2.14179300000000694]
    [0.00000000010027185, -0.00001001358032188, 1.00000000000000022, 8.86672599999997146]
    [0.99999999999999978, 0.00001001363045866, 0.00000000000000044, 3.29435600000000006]
  #95 data/objects/buildingsets/human/utilitarian/int/pipes/util_pipe_a_doublebracket_cap_b.cgf
    [0.00000000000000000, 0.00000000000000000, -0.75000000000000000, -4.26680000000010295]
    [-0.75000000000000000, 0.00000000000000000, 0.00000000000000000, 6.37500000000000000]
    [0.00000000000000000, 0.75000000000000000, 0.00000000000000000, 0.51770000000000005]
  #96 data/objects/buildingsets/human/utilitarian/int/pipes/util_pipe_a_str_cap_a.cgf
    [0.00000000000000000, 0.00000000000000000, -0.73663002252578724, -3.26679300000000694]
    [0.73663002252578724, 0.00000000000000000, 0.00000000000000000, 0.54764299999999366]
    [0.00000000000000000, -0.73663002252578724, 0.00000000000000000, 0.51773400000000003]
  #97 data/objects/buildingsets/human/utilitarian/ugf/int/common/ceiling/set_c/util_ugf_ceiling_set_c_ceiling_02x06x0025_a.cgf
    [-0.00000064012127299, 0.00000000000000000, 1.00000085349446199, -4.08708900000010544]
    [0.00000000000000000, -1.00000085349466716, 0.00000000000000000, 8.00000000000000000]
    [1.00000085349446199, 0.00000000000000000, 0.00000064012127265, 0.93917200000000001]
  #98 data/objects/buildingsets/human/utilitarian/int/pipes/util_pipe_a_str_tsection_1m_a.cgf
    [0.00000000000000000, 0.00000000000000000, -0.75000000000000000, -4.26679300000000694]
    [0.75000000000000000, 0.00000000000000000, 0.00000000000000000, 8.08511599999997088]
    [0.00000000000000000, -0.75000000000000000, 0.00000000000000000, 0.51773400000000003]
  #99 objects/buildingsets/human/lowtech/prop/light/light_wall_02_a.cgf
    [-0.00000032006063672, 0.50000042674723100, 0.00000000000000000, -4.09787099999994098]
    [0.50000042674723100, 0.00000032006063649, 0.00000000000000000, 2.50000000000000000]
    [0.00000000000000000, 0.00000000000000000, -0.50000042674733358, 0.98854200000000003]
  #100 data/objects/buildingsets/human/utilitarian/int/pipes/util_pipe_b_str_cap_a.cgf
    [0.70709926454594330, 0.70711411392306489, 0.00000719086954172, -1.73018000000001848]
    [-0.00000079494554400, -0.00000937438960268, 0.99999986999689794, 8.86672599999997146]
    [0.70711411395918111, -0.70709926452036664, -0.00000606650756810, 3.45596699999999979]
  #101 data/objects/buildingsets/human/utilitarian/int/pipes/util_pipe_a_str_cap_a_open.cgf
    [0.75000000000000000, 0.00000000000000000, 0.00000000000000000, -4.01679300000000694]
    [0.00000000000000000, -0.75000000000000000, 0.00000000000000000, 1.21011599999997088]
    [0.00000000000000000, 0.00000000000000000, -0.75000000000000000, 0.51773400000000003]
  #102 data/objects/buildingsets/human/common/light/panel/set_b/common_light_panel_set_b_rectangle_00125x01m_a.cgf
    [-0.00000064012100026, 1.00000042674731060, 0.00000000000000000, -1.03594599999996717]
    [-1.00000042674731060, -0.00000064012100026, -0.00000000000000000, 0.86532999999997173]
    [-0.00000000000000000, 0.00000000000000000, 1.00000042674751533, 3.50382699999999980]
  #103 data/objects/buildingsets/human/utilitarian/int/pipes/util_pipe_a_cnr_1m_d.cgf
    [-0.00000048009095474, -0.75000064012084633, 0.00000000000000000, -4.26679300000000694]
    [-0.75000064012084633, 0.00000048009095474, 0.00000000000000000, 1.58511599999997088]
    [-0.00000000000000000, 0.00000000000000000, -0.75000064012099998, 0.51773400000000003]
  #104 data/objects/buildingsets/human/utilitarian/int/pipes/util_pipe_b_str_2m_a.cgf
    [0.00000000000000000, -1.00000000000000000, 0.00000000000000000, -4.39179300000000694]
    [0.00000000000000000, 0.00000000000000000, -1.00000000000000000, 8.16810499999996864]
    [1.00000000000000000, 0.00000000000000000, 0.00000000000000000, 1.15622200000000008]
  #105 data/objects/buildingsets/human/utilitarian/int/pipes/util_pipe_b_str_cap_a.cgf
    [0.00000000000000000, -1.00000000000000000, 0.00000000000000000, -4.39179300000000694]
    [0.00000000000000000, 0.00000000000000000, -1.00000000000000000, 8.16810499999996864]
    [1.00000000000000000, 0.00000000000000000, 0.00000000000000000, 3.15622200000000008]
  #106 data/objects/buildingsets/human/utilitarian/int/pipes/util_pipe_b_str_05m_a.cgf
    [0.00000000000000000, 1.00000000000000000, 0.00000000000000000, -4.39179300000000694]
    [0.00000000000000000, 0.00000000000000000, -1.00000000000000000, 1.08511599999997088]
    [-1.00000000000000000, 0.00000000000000000, 0.00000000000000000, 0.53122199999999997]
  #107 data/objects/buildingsets/human/utilitarian/int/pipes/util_pipe_a_str_cap_a_open.cgf
    [-0.00000048009095474, 0.00000000000000000, 0.75000064012084633, -4.26679300000000694]
    [0.00000000000000000, -0.75000064012099998, 0.00000000000000000, 8.46011599999997088]
    [0.75000064012084633, 0.00000000000000000, 0.00000048009095474, 0.76773400000000003]
  #108 data/objects/buildingsets/human/utilitarian/int/pipes/util_pipe_b_cnr_05m_a.cgf
    [0.00000000000000000, 0.00000000000000000, -1.00000000000000000, -4.39179300000000694]
    [1.00000000000000000, 0.00000000000000000, 0.00000000000000000, 7.91810499999996864]
    [0.00000000000000000, -1.00000000000000000, 0.00000000000000000, 0.78122199999999997]
  #109 data/objects/buildingsets/human/utilitarian/int/pipes/util_pipe_b_str_2m_a.cgf
    [0.00000000000000000, 0.00000000000000000, -1.00000000000000000, -4.39179300000000694]
    [1.00000000000000000, 0.00000000000000000, 0.00000000000000000, 5.46011599999997088]
    [0.00000000000000000, -1.00000000000000000, 0.00000000000000000, 0.78122199999999997]
  #110 data/objects/buildingsets/human/utilitarian/int/pipes/util_pipe_a_doublebracket_cap_a.cgf
    [0.00000000000000000, 0.00000000000000000, -0.75000000000000000, -4.26680000000010295]
    [0.75000000000000000, 0.00000000000000000, 0.00000000000000000, 4.25000000000000000]
    [0.00000000000000000, -0.75000000000000000, 0.00000000000000000, 0.51770000000000005]
  #111 data/objects/buildingsets/human/utilitarian/int/pipes/util_pipe_b_str_rib_a.cgf
    [1.00000042673995893, 0.00000848528801149, 0.00000000004792216, -2.89179300000000694]
    [-0.00000000004249012, 0.00001065518570959, -1.00000042671919265, 8.86672599999997146]
    [-0.00000848528801152, 1.00000042668319256, 0.00001065518570956, 3.29435600000000006]
  #112 data/objects/buildingsets/human/utilitarian/int/pipes/util_pipe_b_cnr_05m_a.cgf
    [0.00000000000000000, 0.00000000000000000, -1.00000000000000000, -4.39179300000000694]
    [-1.00000000000000000, 0.00000000000000000, 0.00000000000000000, 1.33511599999997088]
    [0.00000000000000000, 1.00000000000000000, 0.00000000000000000, 0.78122199999999997]
  #113 data/objects/buildingsets/human/utilitarian/int/pipes/util_pipe_a_str_8m_a.cgf
    [0.00000000000000000, 0.00000000000000000, -0.75000000000000000, -4.26679300000000694]
    [0.75000000000000000, 0.00000000000000000, 0.00000000000000000, 1.58511599999997088]
    [0.00000000000000000, -0.75000000000000000, 0.00000000000000000, 0.51773400000000003]
  #114 data/objects/buildingsets/human/utilitarian/int/pipes/util_pipe_a_doublebracket_cap_b.cgf
    [0.00000000000000000, 0.75000000000000000, 0.00000000000000000, -4.26679300000000694]
    [0.00000000000000000, 0.00000000000000000, 0.75000000000000000, 8.46011599999997088]
    [0.75000000000000000, 0.00000000000000000, 0.00000000000000000, 1.26773399999999992]
  #115 data/objects/buildingsets/human/utilitarian/int/pipes/util_pipe_a_str_cloth_1m_b.cgf
    [0.00000166939721336, -0.75000032005888795, 0.00000000000000000, -4.26679300000000694]
    [0.75000032005888795, 0.00000166939721336, 0.00000000000000000, 3.23423000000002503]
    [0.00000000000000000, 0.00000000000000000, 0.75000032006074591, 0.51773400000000003]
  #116 data/objects/buildingsets/human/utilitarian/int/pipes/util_pipe_b_str_cap_c.cgf
    [-0.00000064012100026, 1.00000042674731060, 0.00000000000000000, -4.39179300000000694]
    [-1.00000042674731060, -0.00000064012100026, -0.00000000000000000, 7.91810499999996864]
    [-0.00000000000000000, 0.00000000000000000, 1.00000042674751533, 0.78122199999999997]
  #117 data/objects/buildingsets/human/utilitarian/int/pipes/util_pipe_b_str_cap_a.cgf
    [1.00000042673995893, 0.00000848528801149, 0.00000000004792216, -2.26679300000000694]
    [-0.00000000004249012, 0.00001065518570959, -1.00000042671919265, 8.86672599999997146]
    [-0.00000848528801152, 1.00000042668319256, 0.00001065518570956, 3.29435600000000006]
  #118 data/objects/buildingsets/human/utilitarian/int/pipes/util_pipe_a_addon_cap_c.cgf
    [0.75000032006063655, -0.00000000000000000, 0.00000000000000000, -3.26679300000000694]
    [0.00000000000000000, -0.00000048009074986, 0.75000032006048289, 0.50168599999994967]
    [-0.00000000000000000, -0.75000032006048289, -0.00000048009074986, 0.51773400000000003]
  #119 data/objects/buildingsets/human/utilitarian/int/pipes/util_pipe_a_cnr_1m_d.cgf
    [-0.00000048009095474, 0.75000064012084633, 0.00000000000000000, -3.26679300000000694]
    [0.75000064012084633, 0.00000048009095474, 0.00000000000000000, 0.83511599999997088]
    [0.00000000000000000, 0.00000000000000000, -0.75000064012099998, 0.51773400000000003]
  #120 data/objects/buildingsets/human/utilitarian/int/pipes/util_pipe_b_cnr_05m_a.cgf
    [0.00000000000000000, 1.00000000000000000, 0.00000000000000000, -3.89179300000000694]
    [0.00000000000000000, 0.00000000000000000, 1.00000000000000000, 8.86672599999997146]
    [1.00000000000000000, 0.00000000000000000, 0.00000000000000000, 0.63249999999999995]
  #121 data/objects/buildingsets/human/utilitarian/int/pipes/util_pipe_b_str_2m_a.cgf
    [0.00000000000000000, -1.00000000000000000, 0.00000000000000000, -4.39179300000000694]
    [0.00000000000000000, 0.00000000000000000, -1.00000000000000000, 8.86672599999997146]
    [1.00000000000000000, 0.00000000000000000, 0.00000000000000000, 1.25750000000000006]
  #122 data/objects/buildingsets/human/utilitarian/int/pipes/util_pipe_b_str_cap_a.cgf
    [0.00000000000000000, 0.00000000000000000, -1.00000000000000000, -4.39179300000000694]
    [1.00000000000000000, 0.00000000000000000, 0.00000000000000000, 1.33511599999997088]
    [0.00000000000000000, -1.00000000000000000, 0.00000000000000000, 0.78122199999999997]
  #123 data/objects/buildingsets/human/utilitarian/int/pipes/util_pipe_b_str_4m_a.cgf
    [0.00000000000000000, 0.00000000000000000, -1.00000000000000000, -4.39179300000000694]
    [1.00000000000000000, 0.00000000000000000, 0.00000000000000000, 1.46011599999997088]
    [0.00000000000000000, -1.00000000000000000, 0.00000000000000000, 0.78122199999999997]
  #124 data/objects/buildingsets/human/utilitarian/int/pipes/util_pipe_b_str_cap_a.cgf
    [0.00000000000000000, -1.00000000000000000, 0.00000000000000000, -4.39179300000000694]
    [0.00000000000000000, 0.00000000000000000, -1.00000000000000000, 8.86672599999997146]
    [1.00000000000000000, 0.00000000000000000, 0.00000000000000000, 1.13250000000000006]
  #125 data/objects/buildingsets/human/lowtech/prop/utilitarian/cable/cable_straight_1_2m_b.cgf
    [-0.99999882693775299, 0.00000000000000000, 0.00000000000000000, -0.56116999999994732]
    [0.00000000000000000, 0.00000350610344851, -0.99999882693160635, 8.60728099999994356]
    [-0.00000000000000000, -0.99999882693160635, -0.00000350610344895, 3.80683699999999980]
  #126 data/objects/buildingsets/human/utilitarian/int/pipes/util_pipe_b_cnr_05m_a.cgf
    [0.00001001353018648, -0.99999999994986433, -0.00001001358032238, -4.39179300000000694]
    [-0.00000000010027179, 0.00001001358032193, -0.99999999999999978, 8.86672599999997146]
    [1.00000000000000022, 0.00001001353018693, -0.00000000000000044, 3.04435600000000006]
  #127 data/objects/buildingsets/human/utilitarian/int/pipes/util_pipe_b_str_cap_a.cgf
    [0.00000000000000000, -1.00000000000000000, 0.00000000000000000, -3.89179300000000694]
    [0.00000000000000000, 0.00000000000000000, -1.00000000000000000, 8.86672599999997146]
    [1.00000000000000000, 0.00000000000000000, 0.00000000000000000, 0.25750000000000001]
  #128 data/objects/buildingsets/human/utilitarian/int/pipes/util_pipe_b_str_2m_a.cgf
    [1.00000042673995893, 0.00000848528801149, 0.00000000004792216, -4.14179300000000694]
    [-0.00000000004249012, 0.00001065518570959, -1.00000042671919265, 8.86672599999997146]
    [-0.00000848528801152, 1.00000042668319256, 0.00001065518570956, 3.29435600000000006]
  #129 data/objects/buildingsets/human/common/cable/tray/set_a/common_cable_tray_set_a_cable_tray_corner_005m_b.cgf
    [-1.00000000000000000, 0.00000000000000000, 0.00000000000000000, -0.77772299999992356]
    [0.00000000000000000, -1.00000000000000000, 0.00000000000000000, 8.50007600000003549]
    [0.00000000000000000, 0.00000000000000000, 1.00000000000000000, 3.12766300000000008]
  #130 data/objects/buildingsets/human/utilitarian/int/pipes/util_pipe_a_addon_cap_c.cgf
    [-0.00000048009095474, 0.75000064012084633, 0.00000000000000000, -4.26679300000000694]
    [0.75000064012084633, 0.00000048009095474, 0.00000000000000000, 8.46011599999997088]
    [0.00000000000000000, 0.00000000000000000, -0.75000064012099998, 3.39273399999999992]
  #131 data/objects/buildingsets/human/utilitarian/int/pipes/util_pipe_b_str_cap_a.cgf
    [1.00000042673995893, 0.00000848528801149, 0.00000000004792216, -4.14179300000000694]
    [-0.00000000004249012, 0.00001065518570959, -1.00000042671919265, 8.86672599999997146]
    [-0.00000848528801152, 1.00000042668319256, 0.00001065518570956, 3.29435600000000006]
  #132 data/objects/buildingsets/human/common/cable/tray/set_a/common_cable_tray_set_a_addon_bracket_a.cgf
    [1.00000000000000000, 0.00000000000000000, 0.00000000000000000, -0.75000000000000000]
    [0.00000000000000000, 1.00000000000000000, 0.00000000000000000, 8.50000000000000000]
    [0.00000000000000000, 0.00000000000000000, 1.00000000000000000, 3.12500000000000000]
  #133 data/objects/buildingsets/human/lowtech/prop/utilitarian/cable/cable_bend_6_a.cgf
    [0.00000000000000000, 0.00000000000000000, -1.00000000000000000, -0.36171399999989262]
    [1.00000000000000000, 0.00000000000000000, 0.00000000000000000, 4.12981300000001283]
    [0.00000000000000000, -1.00000000000000000, 0.00000000000000000, 3.80683699999999980]
  #134 data/objects/buildingsets/human/utilitarian/int/pipes/util_pipe_a_str_addon_c.cgf
    [0.00000166939721336, -0.75000032005888795, 0.00000000000000000, -4.26679300000000694]
    [0.75000032005888795, 0.00000166939721336, 0.00000000000000000, 7.49423600000000079]
    [0.00000000000000000, 0.00000000000000000, 0.75000032006074591, 0.51773400000000003]
  #135 objects/buildingsets/human/common/hvac/set_a/common_hvac_set_a_addon_bracket_a.cgf
    [-0.00000064012100026, -1.00000042674731060, 0.00000000000000000, 3.74166699999977936]
    [1.00000042674731060, -0.00000064012100026, 0.00000000000000000, 5.02499999999997726]
    [0.00000000000000000, 0.00000000000000000, 1.00000042674751533, 3.25000000000000000]
  #136 data/objects/buildingsets/human/utilitarian/int/pipes/util_pipe_b_str_cap_c.cgf
    [-0.00000064012100026, -1.00000042674731060, 0.00000000000000000, 4.42358700000022509]
    [1.00000042674731060, -0.00000064012100026, 0.00000000000000000, 2.34743300000002364]
    [0.00000000000000000, 0.00000000000000000, 1.00000042674751533, 0.31177199999999999]
  #137 data/objects/buildingsets/human/lowtech/prop/light/light_hung_5_box_b_damaged.cgf
    [0.00000021320132237, 0.92178152753149289, 0.22982698713763047, 3.70010499999989406]
    [-0.95000085711279914, 0.00000020686828002, 0.00000005157827655, 6.87874299999998584]
    [-0.00000000000001158, -0.22982698713763627, 0.92178152753151610, 2.67199700000000018]
  #138 objects/buildingsets/human/common/hvac/set_a/common_hvac_set_a_hvac_straight_005m_a.cgf
    [-0.00000064012100026, 1.00000042674731060, 0.00000000000000000, 3.74166699999977936]
    [-1.00000042674731060, -0.00000064012100026, -0.00000000000000000, 2.52500099999997474]
    [-0.00000000000000000, 0.00000000000000000, 1.00000042674751533, 3.09879099999999985]
  #139 data/objects/buildingsets/human/common/cable/tray/set_a/common_cable_tray_set_a_cable_tray_corner_005m_b.cgf
    [-1.00000000000000000, 0.00000000000000000, 0.00000000000000000, 3.22227699999984907]
    [0.00000000000000000, -1.00000000000000000, 0.00000000000000000, 1.50007600000003549]
    [0.00000000000000000, 0.00000000000000000, 1.00000000000000000, 2.62766300000000008]
  #140 data/objects/buildingsets/human/common/hvac/set_a/common_hvac_set_a_hvac_corner_005m_a.cgf
    [0.00000000000000000, 1.00000000000000000, 0.00000000000000000, 1.74166699999977936]
    [0.00000000000000000, 0.00000000000000000, -1.00000000000000000, 1.51918100000000322]
    [-1.00000000000000000, 0.00000000000000000, 0.00000000000000000, 3.59600799999999987]
  #141 data/objects/buildingsets/human/common/cable/tray/set_a/common_cable_tray_set_a_addon_bracket_a.cgf
    [-0.00000064012100026, -1.00000042674731060, 0.00000000000000000, 3.72227699999984907]
    [1.00000042674731060, -0.00000064012100026, 0.00000000000000000, 2.99962800000002972]
    [0.00000000000000000, 0.00000000000000000, 1.00000042674751533, 2.62766300000000008]
  #142 data/objects/buildingsets/human/common/hvac/set_a/common_hvac_set_a_hvac_straight_01m_a.cgf
    [-1.00000085349466716, 0.00000000000000000, 0.00000000000000000, 3.24166699999977936]
    [0.00000000000000000, 0.00000064012127265, -1.00000085349446199, 1.52499999999997726]
    [-0.00000000000000000, -1.00000085349446199, -0.00000064012127299, 3.09879099999999985]
  #143 data/objects/buildingsets/human/utilitarian/ugf/int/common/ceiling/set_c/util_ugf_ceiling_set_c_ceiling_01x04x0025_a.cgf
    [0.00000000000000000, 0.00000000000000000, -1.00000000000000000, 4.19369999999980791]
    [-1.00000000000000000, 0.00000000000000000, 0.00000000000000000, 3.67899399999998877]
    [0.00000000000000000, 1.00000000000000000, 0.00000000000000000, 0.42863600000000002]
  #144 objects/buildingsets/human/lowtech/prop/light/light_wall_04_a.cgf
    [0.00000000000000004, 0.00000000000000000, 0.33000001311302180, 4.23330600000008417]
    [-0.33000001311302180, 0.00000000000000000, 0.00000000000000000, 2.31250000000000000]
    [0.00000000000000004, -0.33000001311302180, 0.00000000000000004, 1.85655900000000007]
  #145 objects/buildingsets/human/lowtech/prop/utilitarian/cable/cable_small/cable_small_1_straight_1m_a.cgf
    [-0.00000064012100026, 1.00000042674731060, 0.00000000000000000, 4.42587800000001153]
    [-1.00000042674731060, -0.00000064012100026, -0.00000000000000000, 4.47808499999996457]
    [-0.00000000000000000, 0.00000000000000000, 1.00000042674751533, 3.00174999999999992]
  #146 data/objects/buildingsets/human/utilitarian/ugf/int/common/ceiling/set_c/util_ugf_ceiling_set_c_ceiling_01x10x0025_a.cgf
    [0.37052598595619202, 0.00000000000000000, 0.00000000000000000, 4.24491600000010294]
    [0.00000000000000000, 0.37052598595619202, 0.00000000000000000, 3.91318799999999101]
    [0.00000000000000000, 0.00000000000000000, 0.37052598595619202, 2.85900199999999982]
  #147 data/objects/buildingsets/human/lowtech/prop/utilitarian/cable/cable_small/cable_small_1_sbend_1m_a.cgf
    [0.00000399350322570, 1.00000002979426861, 0.00000402331352220, 4.42587800000001153]
    [0.00000000001618716, 0.00000402331352204, -1.00000002980224267, 8.47808499999996457]
    [-1.00000002980236236, 0.00000399350322581, -0.00000000000012024, 1.75174999999999992]
  #148 data/objects/buildingsets/human/utilitarian/int/pipes/util_pipe_b_cnr_05m_a.cgf
    [0.00000000000000000, 0.00000000000000000, 1.00000000000000000, 4.42358700000022509]
    [-1.00000000000000000, 0.00000000000000000, 0.00000000000000000, 2.37742700000001150]
    [0.00000000000000000, -1.00000000000000000, 0.00000000000000000, 0.31177199999999999]
  #149 objects/buildingsets/human/utilitarian/int/pipes/util_pipe_b_str_rib_a.cgf
    [-0.00000006120660761, -0.99999999655896032, 0.00012600422042490, 4.38812700000016775]
    [-0.00004595968211355, -0.00012600421747870, -0.99999999550281649, 1.30611299999998209]
    [1.00000000344134587, -0.00000006699772106, -0.00004595967403629, 2.90904600000000002]
  #150 data/objects/buildingsets/human/utilitarian/int/pipes/util_pipe_b_45_crnr_b.cgf
    [1.00000000000000000, 0.00000000000000000, 0.00000000000000000, 4.42358700000022509]
    [0.00000000000000000, 1.00000000000000000, 0.00000000000000000, 3.14940100000001166]
    [0.00000000000000000, 0.00000000000000000, 1.00000000000000000, 0.31177199999999999]
  #151 objects/buildingsets/human/utilitarian/int/pipes/util_pipe_b_str_4m_a.cgf
    [-0.00000006120660761, -0.99999999655896032, 0.00012600422042490, 4.38812700000016775]
    [-0.00004595968211355, -0.00012600421747870, -0.99999999550281649, 1.11220000000002983]
    [1.00000000344134587, -0.00000006699772106, -0.00004595967403629, 0.28405399999999997]
  #152 objects/buildingsets/human/utilitarian/int/pipes/util_pipe_b_str_rib_a.cgf
    [-0.00000006120660761, -0.99999999655896032, 0.00012600422042490, 4.38812700000016775]
    [-0.00004595968211355, -0.00012600421747870, -0.99999999550281649, 1.30611299999998209]
    [1.00000000344134587, -0.00000006699772106, -0.00004595967403629, 0.28404699999999999]
  #153 data/objects/buildingsets/human/utilitarian/int/pipes/util_pipe_b_str_2m_a.cgf
    [-0.00000006120660761, -0.99999999655896032, 0.00012600422042490, 4.38812700000016775]
    [-0.00004595968211355, -0.00012600421747870, -0.99999999550281649, 1.30611299999998209]
    [1.00000000344134587, -0.00000006699772106, -0.00004595967403629, 0.28404699999999999]
  #154 data/objects/buildingsets/human/utilitarian/ugf/int/common/ceiling/set_c/util_ugf_ceiling_set_c_ceiling_01x08x0025_a.cgf
    [0.70710739454380356, 0.00000000000000000, 0.70710630719099521, 1.50094200000012279]
    [0.00000000000000000, 1.00000009854390126, 0.00000000000000000, 1.00000000000000000]
    [-0.70710630719099521, 0.00000000000000000, 0.70710739454380356, 4.27801100000000023]
  #155 data/objects/buildingsets/human/utilitarian/ugf/int/common/ceiling/set_c/util_ugf_ceiling_set_c_ceiling_01x02x0025_a.cgf
    [-1.00000085349466716, 0.00000000000000000, 0.00000000000000000, 4.42958499999986088]
    [0.00000000000000000, 0.00000064012127265, 1.00000085349446199, 9.06039999999995871]
    [0.00000000000000000, 1.00000085349446199, -0.00000064012127299, 1.68982999999999994]
  #156 data/objects/buildingsets/human/utilitarian/ugf/int/common/ceiling/set_c/util_ugf_ceiling_set_c_ceiling_01x03x0025_a.cgf
    [0.00000000000000000, 0.00000000000000000, 1.00000000000000000, 3.68436900000006062]
    [1.00000000000000000, 0.00000000000000000, 0.00000000000000000, 8.82380799999998544]
    [0.00000000000000000, 1.00000000000000000, 0.00000000000000000, 0.27140199999999998]
  #157 data/objects/buildingsets/human/lowtech/prop/utilitarian/cable/cable_small/cable_small_1_split_a.cgf
    [-0.00000064012100026, -1.00000042674731060, 0.00000000000000000, 4.42587800000001153]
    [1.00000042674731060, -0.00000064012100026, 0.00000000000000000, 8.72808499999996457]
    [0.00000000000000000, 0.00000000000000000, 1.00000042674751533, 0.50175000000000003]
  #158 data/objects/buildingsets/human/utilitarian/ugf/int/common/ceiling/set_c/util_ugf_ceiling_set_c_ceiling_01x10x0025_a.cgf
    [-0.32088509268133664, 0.00000000000000000, -0.18526296736852696, 4.55375899999989997]
    [0.00000000000000000, 0.37052612564204140, 0.00000000000000000, 3.91318799999999101]
    [0.18526296736852696, 0.00000000000000000, -0.32088509268133664, 2.56883300000000014]
  #159 data/objects/buildingsets/human/utilitarian/ugf/int/common/wall/set_f/util_ugf_wall_set_f_wall_transition_mid_2m_a.cgf
    [-0.00000047033659436, -0.00000000000000000, -0.73476232651623952, 4.92595699999992576]
    [0.00000000000000000, 0.73476232651639006, -0.00000000000000000, 1.94572000000005119]
    [0.73476232651623952, 0.00000000000000000, -0.00000047033659436, 1.85435599999999989]
  #160 objects/buildingsets/human/utilitarian/int/pipes/util_pipe_b_str_rib_a.cgf
    [-0.00000006120660761, -0.99999999655896032, 0.00012600422042490, 4.38812700000016775]
    [-0.00004595968211355, -0.00012600421747870, -0.99999999550281649, 1.11220000000002983]
    [1.00000000344134587, -0.00000006699772106, -0.00004595967403629, 0.28405399999999997]
  #161 data/objects/buildingsets/human/utilitarian/int/pipes/util_pipe_b_str_1m_a.cgf
    [-0.00004995328530557, -0.00012400741171019, -0.99999996573162320, 1.54520800000000236]
    [0.99999997341855518, -0.00000199985254742, -0.00004995303769298, 5.42520100000001548]
    [-0.00000199365798249, -0.99999996697728888, 0.00012400751145440, 3.67858300000000016]
  #162 objects/buildingsets/human/utilitarian/int/pipes/util_pipe_b_str_support_a.cgf
    [-0.00000064756327551, 1.00000085210511891, -0.00011879400183329, 1.54520800000000236]
    [1.00000085771712199, 0.00000064117927317, -0.00005374018364531, 4.42520300000001043]
    [-0.00005374010709792, -0.00011879403646187, -1.00000085066132627, 3.67858300000000016]
  #163 objects/buildingsets/human/utilitarian/int/pipes/util_pipe_b_str_support_a.cgf
    [-0.00005442375641374, -0.00011879395080034, -1.00000042106768716, 4.38812700000016775]
    [-0.00000000327087888, 1.00000042254865917, -0.00011879395079826, 1.30611299999998209]
    [1.00000042812368561, -0.00000000319433141, -0.00005442375641823, 1.28404699999999994]
  #164 data/objects/buildingsets/human/lowtech/alpha/int/hangar/roomsm/ceiling/roomsm_ceiling_vent_04x04x0050_a.cgf
    [-0.00000029000042038, -0.45304019711015348, 0.00000000000000000, 1.75000000000000000]
    [0.45304019711015348, -0.00000029000042038, 0.00000000000000000, 6.62500000000000000]
    [0.00000000000000000, 0.00000000000000000, 0.45304019711024629, 3.75000000000000000]
  #165 data/objects/buildingsets/human/lowtech/alpha/int/hangar/roomsm/ceiling/roomsm_ceiling_04x04x0025_d.cgf
    [-0.00000055728292340, -0.87059034306428740, 0.00000000000000000, 1.75000000000000000]
    [0.87059034306428740, -0.00000055728292340, 0.00000000000000000, 3.12500000000000000]
    [0.00000000000000000, 0.00000000000000000, 0.87059034306446570, 3.75000000000000000]
  #166 data/objects/buildingsets/human/lowtech/alpha/int/hangar/roomsm/ceiling/roomsm_ceiling_vent_04x04x0050_a.cgf
    [0.45304000377655035, 0.00000000000000000, 0.00000000000000000, -1.75000000000000000]
    [0.00000000000000000, 0.45304000377655035, 0.00000000000000000, 1.12500000000000000]
    [0.00000000000000000, 0.00000000000000000, 0.45304000377655035, 3.75000000000000000]
  #167 data/objects/buildingsets/human/lowtech/alpha/int/hangar/roomsm/ceiling/roomsm_ceiling_04x04x0025_d.cgf
    [-0.00000055728292340, -0.87059034306428740, 0.00000000000000000, 1.75000000000000000]
    [0.87059034306428740, -0.00000055728292340, 0.00000000000000000, 0.37500000000000000]
    [0.00000000000000000, 0.00000000000000000, 0.87059034306446570, 3.75000000000000000]
  #168 data/objects/buildingsets/human/lowtech/prop/utilitarian/cable/cable_straight_3_cable_2m_a.cgf
    [-1.00000085349466716, 0.00000000000000000, 0.00000000000000000, 0.27549399999998059]
    [0.00000000000000000, 0.00000064012127265, -1.00000085349446199, 3.05083300000001145]
    [-0.00000000000000000, -1.00000085349446199, -0.00000064012127299, 3.75122100000000014]
  #169 data/objects/buildingsets/human/lowtech/prop/utilitarian/cable/cable_split_4_a.cgf
    [1.00000042674751533, -0.00000000000000000, 0.00000000000000000, 0.12639699999999721]
    [0.00000000000000000, -0.00000064012100026, 1.00000042674731060, 3.12647200000003522]
    [-0.00000000000000000, -1.00000042674731060, -0.00000064012100026, 3.80683699999999980]
  #170 data/objects/buildingsets/human/common/light/panel/set_b/common_light_panel_set_b_rectangle_00125x01m_a.cgf
    [-0.00000064012100026, 1.00000042674731060, 0.00000000000000000, -0.03594599999996717]
    [-1.00000042674731060, -0.00000064012100026, -0.00000000000000000, 8.92782999999997173]
    [-0.00000000000000000, 0.00000000000000000, 1.00000042674751533, 3.50382699999999980]
  #171 data/objects/buildingsets/human/lowtech/alpha/int/hangar/roomsm/ceiling/roomsm_ceiling_04x04x0025_d.cgf
    [-0.00000055728292340, -0.87059034306428740, 0.00000000000000000, 1.75000000000000000]
    [0.87059034306428740, -0.00000055728292340, 0.00000000000000000, 5.87500000000000000]
    [0.00000000000000000, 0.00000000000000000, 0.87059034306446570, 3.75000000000000000]
  #172 data/objects/buildingsets/human/common/light/panel/set_b/common_light_panel_set_b_rectangle_00125x01m_a.cgf
    [-0.00000064012100026, 1.00000042674731060, 0.00000000000000000, -0.03594599999996717]
    [-1.00000042674731060, -0.00000064012100026, -0.00000000000000000, 0.86532999999997173]
    [-0.00000000000000000, 0.00000000000000000, 1.00000042674751533, 3.50382699999999980]
  #173 data/objects/buildingsets/human/common/cable/tray/set_a/common_cable_tray_set_a_cable_tray_straight_02m_a.cgf
    [-1.00000000000000000, 0.00000000000000000, 0.00000000000000000, 1.22227699999984907]
    [0.00000000000000000, -1.00000000000000000, 0.00000000000000000, 8.50007600000003549]
    [0.00000000000000000, 0.00000000000000000, 1.00000000000000000, 3.12766300000000008]
