# IncludedObjects
# Cgfs: 30, Materials: 0, Palettes: 6, Placements: 62

[CGFs]
      0: objects/buildingsets/human/utilitarian/int/grating/util_grating_str_02m_a.cgf
      1: objects/buildingsets/human/utilitarian/int/room_c/room_c_sm/wall/addon/room_c_sm_wall_addon_pipe_grp_4m_a.cgf
      2: objects/buildingsets/human/lowtech/bravo/int/prop/light/light_fluorescent_f.cgf
      3: objects/buildingsets/human/lowtech/alpha/int/roomsm/ceiling/roomsm_ceiling_straight_04x01x0025_a.cgf
      4: objects/buildingsets/human/lowtech/alpha/int/roomsm/floor/roomsm_floor_straight_04x02x0025_g.cgf
      5: objects/buildingsets/human/lowtech/alpha/int/roomsm/floor/roomsm_floor_grate_01x02x0025_a.cgf
      6: objects/buildingsets/human/lowtech/alpha/int/roomsm/floor/roomsm_floor_straight_04x01x0025_a.cgf
      7: objects/buildingsets/human/lowtech/alpha/int/roomsm/floor/roomsm_floor_straight_02x01x0025_a.cgf
      8: objects/buildingsets/human/lowtech/alpha/int/roomsm/ceiling/roomsm_ceiling_straight_02x01x0025_a.cgf
      9: objects/buildingsets/human/lowtech/alpha/int/roomsm/ceiling/roomsm_ceiling_straight_04x01x0025_b.cgf
     10: data/objects/buildingsets/human/utilitarian/int/grating/util_grating_str_04m_a.cgf
     11: objects/buildingsets/human/lowtech/bravo/int/walkway/bracket/walkway_bracket_piece_arm_a.cgf
     12: objects/buildingsets/human/lowtech/alpha/int/universal/prop/grate_1x4_a.cgf
     13: objects/buildingsets/human/lowtech/alpha/ext/pipe/pipe_bracket_02x01x01_a.cgf
     14: objects/buildingsets/human/lowtech/alpha/ext/pipe/pipe_b_bracket_04x02x02_a.cgf
     15: objects/buildingsets/human/lowtech/alpha/ext/addon/uee_pipe_kit_med_8m_01.cgf
     16: data/objects/buildingsets/human/lowtech/alpha/ext/pipe/pipe_straight_04x02x02_a.cgf
     17: objects/buildingsets/human/colonialism/col_a/int/habitation/col_a_hab_a_int_hallway_ceiling_pipe_a.cgf
     18: objects/buildingsets/human/lowtech/bravo/int/roomsm_b/addon/roomsm_b_addon_tech_pipework_a.cgf
     19: objects/buildingsets/human/lowtech/alpha/ext/pipe/pipe_corner_02x02x02_a.cgf
     20: objects/buildingsets/human/lowtech/alpha/ext/pipe/pipe_b_straight_04x02x02_a.cgf
     21: objects/buildingsets/human/lowtech/alpha/ext/pipe/pipe_curved_04x08x02_a.cgf
     22: objects/buildingsets/human/lowtech/alpha/int/roomsm/addon/roomlg_addon_wall_component_a.cgf
     23: objects/buildingsets/human/lowtech/alpha/ext/addon/uee_pipe_kit_med_4m_02.cgf
     24: data/objects/buildingsets/human/lowtech/alpha/ext/pipe/pipe_straight_16x02x02_a.cgf
     25: objects/buildingsets/human/lowtech/alpha/ext/pipe/pipe_curved_04x04x02_a.cgf
     26: objects/buildingsets/human/lowtech/alpha/ext/pipe/pipe_bracket_04x02x02_c.cgf
     27: objects/buildingsets/human/lowtech/alpha/ext/pipe/pipe_a_bracket_02x01x01_c.cgf
     28: objects/buildingsets/human/lowtech/alpha/ext/pipe/pipe_junctiont_04x04x02_a.cgf
     29: objects/buildingsets/human/lowtech/alpha/ext/pipe/pipe_junctiont_08x08x02_a.cgf

[Palettes]
      0: Libs/Foundry/Records/TintPalettes/Brand/RestAndRelax/restandrelax_cargo_int<111>
      1: Libs/Foundry/Records/TintPalettes/Generic/gen_maroon
      2: Libs/Foundry/Records/TintPalettes/generic/gen_glossy_dark_a
      3: Libs/Foundry/Records/TintPalettes/default
      4: Libs/Foundry/Records/TintPalettes/Generic/gen_matte_dark_a
      5: Libs/Foundry/Records/TintPalettes/Brand/Pyrotechnic Amalgamated/pyro_station_int_default|wall_a_accent<213>

[Placements]
  #0 objects/buildingsets/human/utilitarian/int/grating/util_grating_str_02m_a.cgf
    [0.01363453320370507, 0.02725923521475791, 0.78058593606199067, -4.39067099999999755]
    [-0.00000045328922915, 0.78070485977275550, -0.02726338029202336, -1.13452400000005582]
    [-0.78106175779003684, 0.00047539526655325, 0.01362624288749275, 1.67392300000000205]
  #1 objects/buildingsets/human/utilitarian/int/room_c/room_c_sm/wall/addon/room_c_sm_wall_addon_pipe_grp_4m_a.cgf
    [-0.83328998088836670, 0.00000000000000000, 0.00000000000000000, -1.19881199999997534]
    [0.00000000000000000, -0.83328998088836670, 0.00000000000000000, -0.47798700000021199]
    [0.00000000000000000, 0.00000000000000000, 0.83328998088836670, -0.07589000000000112]
  #2 objects/buildingsets/human/utilitarian/int/grating/util_grating_str_02m_a.cgf
    [1.03910517859416696, 0.03604162577465642, 0.00944953892798016, -5.71627599999999347]
    [-0.03648197467073327, 1.03774991385470861, 0.05359147856064411, -1.57447499999989304]
    [-0.00757351296003160, -0.05388860975857165, 1.03834797847127325, 0.21680399999999622]
  #3 objects/buildingsets/human/utilitarian/int/grating/util_grating_str_02m_a.cgf
    [1.03977330525706435, 0.00000000000000000, 0.00000000000000000, -1.04038800000000720]
    [0.00000000000000000, 1.03977330525706435, 0.00000000000000000, -0.65198199999986173]
    [0.00000000000000000, 0.00000000000000000, 1.03977330525706435, 0.19709100000000035]
  #4 objects/buildingsets/human/lowtech/bravo/int/prop/light/light_fluorescent_f.cgf
    [0.00000069521443872, 0.35355331093562659, -0.35355341213019054, 5.20173499999998512]
    [0.00000025067424713, -0.35355341213073432, -0.35355331093567749, -0.48167700000021796]
    [-0.49999995890237975, 0.00000031433728826, -0.00000066884434898, 0.45299699999999632]
  #5 objects/buildingsets/human/lowtech/bravo/int/prop/light/light_fluorescent_f.cgf
    [-0.00000062869831893, 0.35355332202169221, 0.35355342321625921, -1.60640999999998257]
    [0.00000025067425496, 0.35355342321671729, -0.35355332202170436, -0.43092000000024200]
    [-0.49999997458044609, -0.00000026730329024, -0.00000062181034841, 0.45299699999999632]
  #6 objects/buildingsets/human/lowtech/alpha/int/roomsm/ceiling/roomsm_ceiling_straight_04x01x0025_a.cgf
    [-1.00000085349466716, 0.00000000000000000, 0.00000000000000000, 3.00000000000000000]
    [0.00000000000000000, 0.00000064012127265, -1.00000085349446199, -0.25000000000000000]
    [-0.00000000000000000, -1.00000085349446199, -0.00000064012127299, 5.00000000000000000]
  #7 objects/buildingsets/human/lowtech/alpha/int/roomsm/floor/roomsm_floor_straight_04x02x0025_g.cgf
    [-1.00000000000000000, 0.00000000000000000, 0.00000000000000000, 1.96136599999999817]
    [0.00000000000000000, -1.00000000000000000, 0.00000000000000000, 1.11265800000001036]
    [0.00000000000000000, 0.00000000000000000, 1.00000000000000000, -1.00000000000000000]
  #8 objects/buildingsets/human/lowtech/alpha/int/roomsm/floor/roomsm_floor_grate_01x02x0025_a.cgf
    [-0.99999692230385795, -0.00000000000000000, 0.00000000000000000, 5.18750000000000000]
    [0.00000000000000000, -0.74314260308696345, -0.66912847502876460, -0.18750000000000000]
    [0.00000000000000000, -0.66912847502876460, 0.74314260308696367, 0.12500000000000000]
  #9 objects/buildingsets/human/lowtech/alpha/int/roomsm/floor/roomsm_floor_straight_04x02x0025_g.cgf
    [-1.00000000000000000, 0.00000000000000000, 0.00000000000000000, 5.83636599999999817]
    [0.00000000000000000, 1.00000000000000000, 0.00000000000000000, -0.13734199999998964]
    [0.00000000000000000, 0.00000000000000000, -1.00000000000000000, 5.00000000000000000]
  #10 objects/buildingsets/human/lowtech/alpha/int/roomsm/floor/roomsm_floor_straight_04x01x0025_a.cgf
    [-1.00000000000000000, 0.00000000000000000, 0.00000000000000000, 2.00000000000000000]
    [0.00000000000000000, -1.00000000000000000, 0.00000000000000000, 0.00000000000000000]
    [0.00000000000000000, 0.00000000000000000, 1.00000000000000000, 0.00000000000000000]
  #11 objects/buildingsets/human/lowtech/alpha/int/roomsm/floor/roomsm_floor_straight_02x01x0025_a.cgf
    [0.00000000000000000, 0.00000000000000000, -1.00000000000000000, 5.25000000000000000]
    [-1.00000000000000000, 0.00000000000000000, 0.00000000000000000, 1.61576800000011644]
    [0.00000000000000000, 1.00000000000000000, 0.00000000000000000, 4.00000000000000000]
  #12 objects/buildingsets/human/lowtech/alpha/int/roomsm/floor/roomsm_floor_straight_02x01x0025_a.cgf
    [-1.00000085349466716, 0.00000000000000000, 0.00000000000000000, 5.00000000000000000]
    [0.00000000000000000, 0.00000064012127265, 1.00000085349446199, -0.23320000000012442]
    [0.00000000000000000, 1.00000085349446199, -0.00000064012127299, -1.00000000000000000]
  #13 objects/buildingsets/human/lowtech/alpha/int/roomsm/floor/roomsm_floor_straight_04x02x0025_g.cgf
    [-1.00000000000000000, 0.00000000000000000, 0.00000000000000000, 1.83636599999999817]
    [0.00000000000000000, 1.00000000000000000, 0.00000000000000000, -0.13734199999998964]
    [0.00000000000000000, 0.00000000000000000, -1.00000000000000000, 5.00000000000000000]
  #14 objects/buildingsets/human/lowtech/alpha/int/roomsm/ceiling/roomsm_ceiling_straight_02x01x0025_a.cgf
    [-1.00000000000000000, 0.00000000000000000, 0.00000000000000000, 5.00000000000000000]
    [0.00000000000000000, -1.00000000000000000, 0.00000000000000000, 0.00000000000000000]
    [0.00000000000000000, 0.00000000000000000, 1.00000000000000000, 4.00000000000000000]
  #15 objects/buildingsets/human/lowtech/alpha/int/roomsm/ceiling/roomsm_ceiling_straight_04x01x0025_b.cgf
    [-0.00000064012100026, 1.00000042674731060, 0.00000000000000000, -1.00000000000000000]
    [-1.00000042674731060, -0.00000064012100026, -0.00000000000000000, 0.00000000000000000]
    [-0.00000000000000000, 0.00000000000000000, 1.00000042674751533, 4.00000000000000000]
  #16 objects/buildingsets/human/lowtech/alpha/int/roomsm/floor/roomsm_floor_straight_02x01x0025_a.cgf
    [0.00000000000000000, 0.00000000000000000, 1.00000000000000000, -1.25000000000000000]
    [1.00000000000000000, 0.00000000000000000, 0.00000000000000000, -0.25923199999988356]
    [0.00000000000000000, 1.00000000000000000, 0.00000000000000000, 4.00000000000000000]
  #17 objects/buildingsets/human/lowtech/alpha/int/roomsm/ceiling/roomsm_ceiling_straight_02x01x0025_a.cgf
    [-1.00000085349466716, 0.00000000000000000, 0.00000000000000000, 5.00000000000000000]
    [0.00000000000000000, 0.00000064012127265, 1.00000085349446199, 1.25000000000000000]
    [0.00000000000000000, 1.00000085349446199, -0.00000064012127299, 4.00000000000000000]
  #18 objects/buildingsets/human/lowtech/alpha/int/roomsm/floor/roomsm_floor_straight_04x01x0025_a.cgf
    [-1.00000000000000000, 0.00000000000000000, 0.00000000000000000, 6.00000000000000000]
    [0.00000000000000000, -1.00000000000000000, 0.00000000000000000, 0.00000000000000000]
    [0.00000000000000000, 0.00000000000000000, 1.00000000000000000, 0.00000000000000000]
  #19 data/objects/buildingsets/human/utilitarian/int/grating/util_grating_str_04m_a.cgf
    [1.03977330525706435, 0.00000000000000000, 0.00000000000000000, 1.02211199999999280]
    [0.00000000000000000, 1.03977330525706435, 0.00000000000000000, -0.65198199999986173]
    [0.00000000000000000, 0.00000000000000000, 1.03977330525706435, 0.19709100000000035]
  #20 objects/buildingsets/human/lowtech/bravo/int/walkway/bracket/walkway_bracket_piece_arm_a.cgf
    [0.01848476686291859, -1.06135598512999718, -0.00129287858268683, -1.76494900000000143]
    [1.05877062471507566, 0.01852992555058758, -0.07403574414977393, -1.05701099999987491]
    [0.07404703199146236, -0.00000030936321871, 1.05893197249182780, 3.58834699999999884]
  #21 objects/buildingsets/human/lowtech/alpha/int/roomsm/floor/roomsm_floor_straight_04x02x0025_g.cgf
    [-1.00000000000000000, 0.00000000000000000, 0.00000000000000000, 5.96136599999999817]
    [0.00000000000000000, -1.00000000000000000, 0.00000000000000000, 1.11265800000001036]
    [0.00000000000000000, 0.00000000000000000, 1.00000000000000000, -1.00000000000000000]
  #22 objects/buildingsets/human/lowtech/alpha/int/roomsm/ceiling/roomsm_ceiling_straight_04x01x0025_a.cgf
    [-1.00000085349466716, 0.00000000000000000, 0.00000000000000000, 3.00000000000000000]
    [0.00000000000000000, 0.00000064012127265, 1.00000085349446199, 1.25000000000000000]
    [0.00000000000000000, 1.00000085349446199, -0.00000064012127299, 4.00000000000000000]
  #23 objects/buildingsets/human/lowtech/alpha/int/roomsm/ceiling/roomsm_ceiling_straight_02x01x0025_a.cgf
    [-1.00000085349466716, 0.00000000000000000, 0.00000000000000000, 5.00000000000000000]
    [0.00000000000000000, 0.00000064012127265, -1.00000085349446199, -0.25000000000000000]
    [-0.00000000000000000, -1.00000085349446199, -0.00000064012127299, 5.00000000000000000]
  #24 objects/buildingsets/human/lowtech/alpha/int/universal/prop/grate_1x4_a.cgf
    [-0.01745396026359163, -0.00000000000000000, -0.99984796222583483, -0.43750000000000000]
    [0.00000000000000000, 1.00000029414797553, -0.00000000000000000, 0.50000000000000000]
    [0.99984796222583483, 0.00000000000000000, -0.01745396026359163, 0.31250000000000000]
  #25 objects/buildingsets/human/lowtech/alpha/ext/pipe/pipe_bracket_02x01x01_a.cgf
    [-0.77807599306106567, 0.00000000000000000, 0.00000000000000000, 4.37500000000000000]
    [0.00000000000000000, -0.77807599306106567, 0.00000000000000000, 0.62500000000000000]
    [0.00000000000000000, 0.00000000000000000, 0.77807599306106567, 1.12500000000000000]
  #26 objects/buildingsets/human/lowtech/alpha/ext/pipe/pipe_b_bracket_04x02x02_a.cgf
    [0.00000000000000000, 0.00000000000000000, 0.34382200241088867, 4.15625000000000000]
    [-0.34382200241088867, 0.00000000000000000, 0.00000000000000000, 1.71875000000000000]
    [0.00000000000000000, -0.34382200241088867, 0.00000000000000000, 1.81250000000000000]
  #27 objects/buildingsets/human/lowtech/alpha/ext/addon/uee_pipe_kit_med_8m_01.cgf
    [-0.34382229586113400, 0.00000000000000000, 0.00000000000000000, 5.50000000000000000]
    [0.00000000000000000, 0.00000022008777786, 0.34382229586106355, 0.81250000000000000]
    [0.00000000000000000, 0.34382229586106355, -0.00000022008777786, 0.62500000000000000]
  #28 objects/buildingsets/human/lowtech/alpha/int/roomsm/floor/roomsm_floor_straight_04x01x0025_a.cgf
    [1.00000042674751533, 0.00000000000000000, 0.00000000000000000, 1.00000000000000000]
    [0.00000000000000000, -0.00000064012100026, -1.00000042674731060, 1.24076800000011644]
    [0.00000000000000000, 1.00000042674731060, -0.00000064012100026, -1.00000000000000000]
  #29 data/objects/buildingsets/human/lowtech/alpha/ext/pipe/pipe_straight_04x02x02_a.cgf
    [-0.30512499809265137, 0.00000000000000000, 0.00000000000000000, -0.81250000000000000]
    [0.00000000000000000, -0.30512499809265137, 0.00000000000000000, 0.62500000000000000]
    [0.00000000000000000, 0.00000000000000000, 0.30512499809265137, 1.12500000000000000]
  #30 data/objects/buildingsets/human/lowtech/alpha/ext/pipe/pipe_straight_04x02x02_a.cgf
    [-0.30512499809265137, 0.00000000000000000, 0.00000000000000000, 5.43750000000000000]
    [0.00000000000000000, -0.30512499809265137, 0.00000000000000000, 0.62500000000000000]
    [0.00000000000000000, 0.00000000000000000, 0.30512499809265137, 1.87500000000000000]
  #31 objects/buildingsets/human/lowtech/alpha/int/roomsm/floor/roomsm_floor_straight_02x01x0025_a.cgf
    [1.00000042674751533, 0.00000000000000000, 0.00000000000000000, -1.00000000000000000]
    [0.00000000000000000, -0.00000064012100026, -1.00000042674731060, 1.24076800000011644]
    [0.00000000000000000, 1.00000042674731060, -0.00000064012100026, -1.00000000000000000]
  #32 objects/buildingsets/human/lowtech/alpha/int/roomsm/floor/roomsm_floor_straight_02x01x0025_a.cgf
    [0.00000000000000000, 0.00000000000000000, -1.00000000000000000, 5.25000000000000000]
    [-1.00000000000000000, 0.00000000000000000, 0.00000000000000000, 1.61576800000011644]
    [0.00000000000000000, 1.00000000000000000, 0.00000000000000000, -1.00000000000000000]
  #33 objects/buildingsets/human/lowtech/alpha/ext/pipe/pipe_b_bracket_04x02x02_a.cgf
    [0.00000000000000000, 0.00000000000000000, 0.34382200241088867, 3.46875000000000000]
    [-0.34382200241088867, 0.00000000000000000, 0.00000000000000000, 1.71875000000000000]
    [0.00000000000000000, -0.34382200241088867, 0.00000000000000000, 1.81250000000000000]
  #34 objects/buildingsets/human/lowtech/alpha/int/roomsm/floor/roomsm_floor_straight_02x01x0025_a.cgf
    [0.00000000000000000, 0.00000000000000000, 1.00000000000000000, -1.25000000000000000]
    [1.00000000000000000, 0.00000000000000000, 0.00000000000000000, -0.25923199999988356]
    [0.00000000000000000, 1.00000000000000000, 0.00000000000000000, -1.00000000000000000]
  #35 objects/buildingsets/human/colonialism/col_a/int/habitation/col_a_hab_a_int_hallway_ceiling_pipe_a.cgf
    [-0.43131435967082227, 0.00000000000000000, 0.00000000000000000, 0.06250000000000000]
    [0.00000000000000000, 0.00000027609326133, 0.43131435967073389, -1.12500000000000000]
    [0.00000000000000000, 0.43131435967073389, -0.00000027609326133, 1.68750000000000000]
  #36 objects/buildingsets/human/lowtech/bravo/int/roomsm_b/addon/roomsm_b_addon_tech_pipework_a.cgf
    [0.00000000000000000, 0.00000000000000000, -0.64627498388290405, 0.62500000000000000]
    [-0.64627498388290405, 0.00000000000000000, 0.00000000000000000, 1.18750000000000000]
    [0.00000000000000000, 0.64627498388290405, 0.00000000000000000, 3.31250000000000000]
  #37 objects/buildingsets/human/lowtech/bravo/int/roomsm_b/addon/roomsm_b_addon_tech_pipework_a.cgf
    [0.00000000000000000, 0.00000000000000000, -0.64627498388290405, 2.87500000000000000]
    [-0.64627498388290405, 0.00000000000000000, 0.00000000000000000, 1.18750000000000000]
    [0.00000000000000000, 0.64627498388290405, 0.00000000000000000, 3.31250000000000000]
  #38 objects/buildingsets/human/lowtech/alpha/ext/pipe/pipe_corner_02x02x02_a.cgf
    [0.34382214913607395, -0.00000000000000000, 0.00000000000000000, 5.25000000000000000]
    [0.00000000000000000, -0.00000022008768394, 0.34382214913600351, 0.62500000000000000]
    [-0.00000000000000000, -0.34382214913600351, -0.00000022008768394, 3.87500000000000000]
  #39 data/objects/buildingsets/human/lowtech/alpha/ext/pipe/pipe_straight_04x02x02_a.cgf
    [-0.30512499809265137, 0.00000000000000000, 0.00000000000000000, 0.37500000000000000]
    [0.00000000000000000, -0.30512499809265137, 0.00000000000000000, 0.62500000000000000]
    [0.00000000000000000, 0.00000000000000000, 0.30512499809265137, 1.12500000000000000]
  #40 objects/buildingsets/human/lowtech/alpha/ext/addon/uee_pipe_kit_med_8m_01.cgf
    [-0.34382229586113400, 0.00000000000000000, 0.00000000000000000, 2.75000000000000000]
    [0.00000000000000000, 0.00000022008777786, 0.34382229586106355, 0.81250000000000000]
    [0.00000000000000000, 0.34382229586106355, -0.00000022008777786, 0.62500000000000000]
  #41 objects/buildingsets/human/lowtech/alpha/ext/pipe/pipe_b_bracket_04x02x02_a.cgf
    [-0.34382229586113400, 0.00000000000000000, 0.00000000000000000, -0.87500000000000000]
    [0.00000000000000000, 0.00000022008777786, -0.34382229586106355, 0.62500000000000000]
    [-0.00000000000000000, -0.34382229586106355, -0.00000022008777786, 1.81250000000000000]
  #42 objects/buildingsets/human/lowtech/alpha/ext/pipe/pipe_b_straight_04x02x02_a.cgf
    [-0.00000019531691898, 0.30512512830392369, 0.00000000000000000, 4.15625000000000000]
    [-0.30512512830392369, -0.00000019531691898, -0.00000000000000000, 2.28125000000000000]
    [-0.00000000000000000, 0.00000000000000000, 0.30512512830398619, 1.87500000000000000]
  #43 objects/buildingsets/human/lowtech/alpha/ext/pipe/pipe_curved_04x08x02_a.cgf
    [-0.34382229586113400, 0.00000000000000000, 0.00000000000000000, 1.06250000000000000]
    [0.00000000000000000, 0.00000022008777786, 0.34382229586106355, 0.62500000000000000]
    [0.00000000000000000, 0.34382229586106355, -0.00000022008777786, 3.18750000000000000]
  #44 objects/buildingsets/human/lowtech/alpha/ext/pipe/pipe_b_straight_04x02x02_a.cgf
    [-0.00000019531691898, 0.30512512830392369, 0.00000000000000000, 3.46875000000000000]
    [-0.30512512830392369, -0.00000019531691898, -0.00000000000000000, 2.28125000000000000]
    [-0.00000000000000000, 0.00000000000000000, 0.30512512830398619, 1.87500000000000000]
  #45 objects/buildingsets/human/lowtech/alpha/int/roomsm/addon/roomlg_addon_wall_component_a.cgf
    [-1.00000000000000000, 0.00000000000000000, 0.00000000000000000, 1.43750000000000000]
    [0.00000000000000000, -1.00000000000000000, 0.00000000000000000, 1.75000000000000000]
    [0.00000000000000000, 0.00000000000000000, 1.00000000000000000, 0.93750000000000000]
  #46 objects/buildingsets/human/lowtech/alpha/ext/addon/uee_pipe_kit_med_4m_02.cgf
    [-0.34382229586113400, 0.00000000000000000, 0.00000000000000000, 0.00000000000000000]
    [0.00000000000000000, 0.00000022008777786, 0.34382229586106355, 0.81250000000000000]
    [0.00000000000000000, 0.34382229586106355, -0.00000022008777786, 0.62500000000000000]
  #47 data/objects/buildingsets/human/lowtech/alpha/ext/pipe/pipe_straight_16x02x02_a.cgf
    [-0.30512499809265137, 0.00000000000000000, 0.00000000000000000, 5.25000000000000000]
    [0.00000000000000000, -0.30512499809265137, 0.00000000000000000, 0.62500000000000000]
    [0.00000000000000000, 0.00000000000000000, 0.30512499809265137, 1.12500000000000000]
  #48 data/objects/buildingsets/human/lowtech/alpha/ext/pipe/pipe_straight_16x02x02_a.cgf
    [-0.40524798631668091, 0.00000000000000000, 0.00000000000000000, 6.12500000000000000]
    [0.00000000000000000, -0.40524798631668091, 0.00000000000000000, 0.50000000000000000]
    [0.00000000000000000, 0.00000000000000000, 0.40524798631668091, -0.06250000000000000]
  #49 objects/buildingsets/human/lowtech/alpha/ext/pipe/pipe_curved_04x04x02_a.cgf
    [-0.34382229586113400, 0.00000000000000000, 0.00000000000000000, 3.81250000000000000]
    [0.00000000000000000, 0.00000022008777786, 0.34382229586106355, 0.62500000000000000]
    [0.00000000000000000, 0.34382229586106355, -0.00000022008777786, 2.50000000000000000]
  #50 objects/buildingsets/human/lowtech/alpha/ext/pipe/pipe_corner_02x02x02_a.cgf
    [-0.34382229586113400, 0.00000000000000000, 0.00000000000000000, 5.25000000000000000]
    [0.00000000000000000, 0.00000022008777786, 0.34382229586106355, 0.62500000000000000]
    [0.00000000000000000, 0.34382229586106355, -0.00000022008777786, 2.50000000000000000]
  #51 objects/buildingsets/human/lowtech/alpha/int/roomsm/floor/roomsm_floor_straight_04x02x0025_g.cgf
    [-0.00000064012100026, 0.00000000000000000, 1.00000042674731060, -1.43750000000000000]
    [0.00000000000000000, 1.00000042674751533, 0.00000000000000000, -0.25000000000000000]
    [-1.00000042674731060, 0.00000000000000000, -0.00000064012100026, 3.56250000000000000]
  #52 data/objects/buildingsets/human/lowtech/alpha/ext/pipe/pipe_straight_04x02x02_a.cgf
    [-0.30512499809265137, 0.00000000000000000, 0.00000000000000000, -0.31250000000000000]
    [0.00000000000000000, -0.30512499809265137, 0.00000000000000000, 0.62500000000000000]
    [0.00000000000000000, 0.00000000000000000, 0.30512499809265137, 1.87500000000000000]
  #53 objects/buildingsets/human/lowtech/alpha/ext/pipe/pipe_b_bracket_04x02x02_a.cgf
    [-0.34382229586113400, 0.00000000000000000, 0.00000000000000000, 4.87500000000000000]
    [0.00000000000000000, 0.00000022008777786, -0.34382229586106355, 0.62500000000000000]
    [-0.00000000000000000, -0.34382229586106355, -0.00000022008777786, 1.81250000000000000]
  #54 objects/buildingsets/human/lowtech/alpha/ext/pipe/pipe_bracket_02x01x01_a.cgf
    [-0.77807599306106567, 0.00000000000000000, 0.00000000000000000, -0.25000000000000000]
    [0.00000000000000000, -0.77807599306106567, 0.00000000000000000, 0.62500000000000000]
    [0.00000000000000000, 0.00000000000000000, 0.77807599306106567, 1.12500000000000000]
  #55 objects/buildingsets/human/lowtech/alpha/ext/pipe/pipe_bracket_04x02x02_c.cgf
    [-0.43813601136207575, 0.00000000000000000, 0.00000000000000000, -0.62500000000000000]
    [0.00000000000000000, -0.43813601136207575, 0.00000000000000000, 0.50000000000000000]
    [0.00000000000000000, 0.00000000000000000, 0.43813601136207575, -0.12500000000000000]
  #56 objects/buildingsets/human/lowtech/alpha/ext/pipe/pipe_a_bracket_02x01x01_c.cgf
    [-0.62170552625406961, 0.00000000000000000, 0.00000000000000000, 4.12500000000000000]
    [0.00000000000000000, 0.00000039796659323, -0.62170552625394226, 0.62500000000000000]
    [-0.00000000000000000, -0.62170552625394226, -0.00000039796659323, 2.50000000000000000]
  #57 objects/buildingsets/human/lowtech/alpha/ext/pipe/pipe_junctiont_04x04x02_a.cgf
    [-0.34382229586113400, 0.00000000000000000, 0.00000000000000000, 2.43750000000000000]
    [0.00000000000000000, 0.00000022008777786, -0.34382229586106355, 0.62500000000000000]
    [-0.00000000000000000, -0.34382229586106355, -0.00000022008777786, 3.18750000000000000]
  #58 objects/buildingsets/human/lowtech/alpha/ext/pipe/pipe_junctiont_08x08x02_a.cgf
    [-0.34382229586113400, 0.00000000000000000, 0.00000000000000000, 3.12500000000000000]
    [0.00000000000000000, 0.00000022008777786, 0.34382229586106355, 0.62500000000000000]
    [0.00000000000000000, 0.34382229586106355, -0.00000022008777786, 1.12500000000000000]
  #59 objects/buildingsets/human/lowtech/alpha/int/roomsm/floor/roomsm_floor_straight_04x02x0025_g.cgf
    [-0.00000064012127299, -0.00000000000000000, -1.00000085349446199, 5.46136599999999817]
    [0.00000000000000000, -1.00000085349466716, 0.00000000000000000, 1.80015800000001036]
    [-1.00000085349446199, 0.00000000000000000, 0.00000064012127265, 3.75000000000000000]
  #60 objects/buildingsets/human/lowtech/bravo/int/roomsm_b/addon/roomsm_b_addon_tech_pipework_a.cgf
    [0.00000000000000000, 0.00000000000000000, -0.64627498388290405, 5.12500000000000000]
    [-0.64627498388290405, 0.00000000000000000, 0.00000000000000000, 1.18750000000000000]
    [0.00000000000000000, 0.64627498388290405, 0.00000000000000000, 3.31250000000000000]
  #61 objects/buildingsets/human/lowtech/alpha/ext/pipe/pipe_a_bracket_02x01x01_c.cgf
    [-0.62170552625406961, 0.00000000000000000, 0.00000000000000000, 4.93750000000000000]
    [0.00000000000000000, 0.00000039796659323, -0.62170552625394226, 0.62500000000000000]
    [-0.00000000000000000, -0.62170552625394226, -0.00000039796659323, 1.12500000000000000]
