# IncludedObjects
# Cgfs: 17, Materials: 0, Palettes: 9, Placements: 32

[CGFs]
      0: objects/buildingsets/citysets/lorville/skyline/rooftop/lorv_skyl_rooftop_sml_banner_02a.cgf
      1: objects/buildingsets/citysets/lorville/skyline/rooftop/lorv_skyl_rooftop_med_vent_02a.cgf
      2: objects/buildingsets/citysets/lorville/skyline/rooftop/lorv_skyl_rooftop_med_antenna_02_a.cgf
      3: objects/buildingsets/citysets/lorville/skyline/building/lorv_skyl_bldg_uniq_med_01a.cgf
      4: objects/buildingsets/citysets/lorville/skyline/rooftop/lorv_skyl_rooftop_med_antenna_05_a.cgf
      5: objects/buildingsets/citysets/lorville/skyline/rooftop/lorv_skyl_rooftop_sml_container_02a.cgf
      6: objects/buildingsets/citysets/lorville/skyline/rooftop/lorv_skyl_rooftop_lge_addon_bldg_01a.cgf
      7: objects/buildingsets/citysets/lorville/skyline/rooftop/lorv_skyl_rooftop_sml_container_03a.cgf
      8: objects/buildingsets/citysets/lorville/skyline/rooftop/lorv_skyl_rooftop_sml_vent_01a.cgf
      9: objects/buildingsets/citysets/lorville/skyline/rooftop/lorv_skyl_rooftop_med_addon_bldg_01a.cgf
     10: objects/buildingsets/citysets/lorville/skyline/cityblock/lorv_skyl_ctybloc_comm_sml_02a.cgf
     11: objects/buildingsets/citysets/lorville/skyline/rooftop/lorv_skyl_rooftop_med_chimney_02a.cgf
     12: objects/buildingsets/citysets/lorville/skyline/rooftop/lorv_skyl_rooftop_med_antenna_01_a.cgf
     13: objects/buildingsets/citysets/lorville/skyline/building/lorv_skyl_bldg_slim_med_03a.cgf
     14: objects/buildingsets/citysets/lorville/skyline/building/lorv_skyl_bldg_bloc_sml_06a.cgf
     15: objects/buildingsets/citysets/lorville/skyline/building/lorv_skyl_bldg_bloc_sml_02a.cgf
     16: objects/buildingsets/citysets/lorville/skyline/building/lorv_skyl_bldg_wide_med_04a.cgf

[Palettes]
      0: Libs/Foundry/Records/TintPalettes/Brand/Lorville/Lorville_Skyl_Blue_Red|Banner
      1: Libs/Foundry/Records/TintPalettes/Brand/Lorville/Lorville_Skyl_Root|Building
      2: libs/foundry/records/tintpalettes/brand/lorville/lorville_skyl_root|building_g
      3: Libs/Foundry/Records/TintPalettes/Brand/Lorville/Lorville_Sky_Blue_Yellow
      4: Libs/Foundry/Records/TintPalettes/Brand/Lorville/Lorville_Skyl_Blue_Red|Rootop<132>
      5: Libs/Foundry/Records/TintPalettes/Brand/Lorville/Lorville_Skyl_Root|Platform
      6: Libs/Foundry/Records/TintPalettes/Brand/Lorville/Lorville_Skyl_Blue_Red|Building
      7: Libs/Foundry/Records/TintPalettes/brand/lorville/Lorville_Skyl_Root|Building_Alt
      8: Libs/Foundry/Records/TintPalettes/Brand/Lorville/Lorville_Skyl_Root|Building_h

[Placements]
  #0 objects/buildingsets/citysets/lorville/skyline/rooftop/lorv_skyl_rooftop_sml_banner_02a.cgf
    [1.00000000000000000, 0.00000000000000000, 0.00000000000000000, 145.20623999999952503]
    [0.00000000000000000, 1.00000000000000000, 0.00000000000000000, 202.93923499999982596]
    [0.00000000000000000, 0.00000000000000000, 1.00000000000000000, 441.03005499998107553]
  #1 objects/buildingsets/citysets/lorville/skyline/rooftop/lorv_skyl_rooftop_med_vent_02a.cgf
    [-0.00000054481337271, -0.85111034474576086, 0.00000000000000000, -182.77199800000016694]
    [0.85111034474576086, -0.00000054481337271, 0.00000000000000000, -202.58414799999991374]
    [0.00000000000000000, 0.00000000000000000, 0.85111034474593517, 436.49664899997878820]
  #2 objects/buildingsets/citysets/lorville/skyline/rooftop/lorv_skyl_rooftop_med_vent_02a.cgf
    [-0.00000064012100026, -1.00000042674731060, 0.00000000000000000, 24.06192200000077719]
    [1.00000042674731060, -0.00000064012100026, 0.00000000000000000, -63.58865899999909743]
    [0.00000000000000000, 0.00000000000000000, 1.00000042674751533, 334.87797100003808737]
  #3 objects/buildingsets/citysets/lorville/skyline/rooftop/lorv_skyl_rooftop_med_antenna_02_a.cgf
    [1.00000000000000000, 0.00000000000000000, 0.00000000000000000, -155.56497400000080233]
    [0.00000000000000000, 1.00000000000000000, 0.00000000000000000, -29.92644599999948696]
    [0.00000000000000000, 0.00000000000000000, 1.00000000000000000, 116.80481100000906736]
  #4 objects/buildingsets/citysets/lorville/skyline/building/lorv_skyl_bldg_uniq_med_01a.cgf
    [-0.00000064012100026, -1.00000042674731060, 0.00000000000000000, -106.66769299999941722]
    [1.00000042674731060, -0.00000064012100026, 0.00000000000000000, -188.60966100000041479]
    [0.00000000000000000, 0.00000000000000000, 1.00000042674751533, 33.55565200001001358]
  #5 objects/buildingsets/citysets/lorville/skyline/rooftop/lorv_skyl_rooftop_med_antenna_05_a.cgf
    [1.00000000000000000, 0.00000000000000000, 0.00000000000000000, 121.39128899999923306]
    [0.00000000000000000, 1.00000000000000000, 0.00000000000000000, 203.80906800000047951]
    [0.00000000000000000, 0.00000000000000000, 1.00000000000000000, 404.88760599994566292]
  #6 objects/buildingsets/citysets/lorville/skyline/rooftop/lorv_skyl_rooftop_sml_container_02a.cgf
    [-1.00000000000000000, 0.00000000000000000, 0.00000000000000000, -36.70652200000040466]
    [0.00000000000000000, -1.00000000000000000, 0.00000000000000000, 225.09193400000003749]
    [0.00000000000000000, 0.00000000000000000, 1.00000000000000000, 289.32606700004544109]
  #7 objects/buildingsets/citysets/lorville/skyline/rooftop/lorv_skyl_rooftop_lge_addon_bldg_01a.cgf
    [-1.00000000000000000, 0.00000000000000000, 0.00000000000000000, -88.35601800000040384]
    [0.00000000000000000, -1.00000000000000000, 0.00000000000000000, 208.53909399999974994]
    [0.00000000000000000, 0.00000000000000000, 1.00000000000000000, 291.66657400003168732]
  #8 objects/buildingsets/citysets/lorville/skyline/rooftop/lorv_skyl_rooftop_med_vent_02a.cgf
    [-0.00000064012100026, -1.00000042674731060, 0.00000000000000000, -168.00573799999983748]
    [1.00000042674731060, -0.00000064012100026, 0.00000000000000000, 181.75635999999940395]
    [0.00000000000000000, 0.00000000000000000, 1.00000042674751533, 289.45249699999112636]
  #9 objects/buildingsets/citysets/lorville/skyline/rooftop/lorv_skyl_rooftop_med_antenna_05_a.cgf
    [-0.70710511751652116, -0.70710763244986130, 0.00000000000000000, 130.49053500000081840]
    [0.70710763244986130, -0.70710511751652116, 0.00000000000000000, -82.92069099999935133]
    [0.00000000000000000, 0.00000000000000000, 0.99999942554328558, 285.04491099994629622]
  #10 objects/buildingsets/citysets/lorville/skyline/rooftop/lorv_skyl_rooftop_sml_container_03a.cgf
    [-0.80839300155639648, 0.00000000000000000, 0.00000000000000000, 31.19338000000061584]
    [0.00000000000000000, -0.80839300155639648, 0.00000000000000000, 73.63984899999923073]
    [0.00000000000000000, 0.00000000000000000, 0.80839300155639648, 335.04272899997886270]
  #11 objects/buildingsets/citysets/lorville/skyline/rooftop/lorv_skyl_rooftop_sml_banner_02a.cgf
    [-0.00000064012100026, -1.00000042674731060, 0.00000000000000000, -49.82453100000020640]
    [1.00000042674731060, -0.00000064012100026, 0.00000000000000000, 197.73688500000025670]
    [0.00000000000000000, 0.00000000000000000, 1.00000042674751533, 299.84535299998242408]
  #12 objects/buildingsets/citysets/lorville/skyline/rooftop/lorv_skyl_rooftop_med_vent_02a.cgf
    [-0.00000064012100026, 1.00000042674731060, 0.00000000000000000, 128.58303100000011909]
    [-1.00000042674731060, -0.00000064012100026, -0.00000000000000000, 184.52177200000005541]
    [-0.00000000000000000, 0.00000000000000000, 1.00000042674751533, 441.29452200001105666]
  #13 objects/buildingsets/citysets/lorville/skyline/rooftop/lorv_skyl_rooftop_med_vent_02a.cgf
    [-0.00000064012100026, -1.00000042674731060, 0.00000000000000000, 71.00641800000084913]
    [1.00000042674731060, -0.00000064012100026, 0.00000000000000000, 69.61227999999937310]
    [0.00000000000000000, 0.00000000000000000, 1.00000042674751533, 360.57720099994912744]
  #14 objects/buildingsets/citysets/lorville/skyline/rooftop/lorv_skyl_rooftop_med_vent_02a.cgf
    [-0.00000064012100026, -1.00000042674731060, 0.00000000000000000, -168.00573799999983748]
    [1.00000042674731060, -0.00000064012100026, 0.00000000000000000, 220.83869799999956740]
    [0.00000000000000000, 0.00000000000000000, 1.00000042674751533, 289.45249699999112636]
  #15 objects/buildingsets/citysets/lorville/skyline/rooftop/lorv_skyl_rooftop_sml_vent_01a.cgf
    [0.70710739454380356, -0.70710630719099521, 0.00000000000000000, 119.07792100000006030]
    [0.70710630719099521, 0.70710739454380356, 0.00000000000000000, 71.47135399999933725]
    [0.00000000000000000, 0.00000000000000000, 1.00000009854390126, 338.82654599996749312]
  #16 objects/buildingsets/citysets/lorville/skyline/rooftop/lorv_skyl_rooftop_sml_vent_01a.cgf
    [0.70710739454380356, -0.70710630719099521, 0.00000000000000000, 185.14225500000065949]
    [0.70710630719099521, 0.70710739454380356, 0.00000000000000000, 184.47585699999945064]
    [0.00000000000000000, 0.00000000000000000, 1.00000009854390126, 422.85761700000148267]
  #17 objects/buildingsets/citysets/lorville/skyline/rooftop/lorv_skyl_rooftop_sml_banner_02a.cgf
    [-0.00000064012100026, -1.00000042674731060, 0.00000000000000000, -112.04599100000086764]
    [1.00000042674731060, -0.00000064012100026, 0.00000000000000000, 197.73688500000025670]
    [0.00000000000000000, 0.00000000000000000, 1.00000042674751533, 299.84535299998242408]
  #18 objects/buildingsets/citysets/lorville/skyline/rooftop/lorv_skyl_rooftop_med_vent_02a.cgf
    [-1.00000000000000000, 0.00000000000000000, 0.00000000000000000, 47.72962899999947695]
    [0.00000000000000000, -1.00000000000000000, 0.00000000000000000, 178.09622800000033749]
    [0.00000000000000000, 0.00000000000000000, 1.00000000000000000, 289.58168499998282641]
  #19 objects/buildingsets/citysets/lorville/skyline/rooftop/lorv_skyl_rooftop_med_vent_02a.cgf
    [-1.00000000000000000, 0.00000000000000000, 0.00000000000000000, -76.36200699999972130]
    [0.00000000000000000, -1.00000000000000000, 0.00000000000000000, 217.28860999999960768]
    [0.00000000000000000, 0.00000000000000000, 1.00000000000000000, 300.45594100002199411]
  #20 objects/buildingsets/citysets/lorville/skyline/rooftop/lorv_skyl_rooftop_med_addon_bldg_01a.cgf
    [-1.11545002460479736, 0.00000000000000000, 0.00000000000000000, 65.81941600000027393]
    [0.00000000000000000, -1.11545002460479736, 0.00000000000000000, 59.01582500000040454]
    [0.00000000000000000, 0.00000000000000000, 1.11545002460479736, 338.43779700004961342]
  #21 objects/buildingsets/citysets/lorville/skyline/cityblock/lorv_skyl_ctybloc_comm_sml_02a.cgf
    [1.00000000000000000, 0.00000000000000000, 0.00000000000000000, 0.00000000000000000]
    [0.00000000000000000, 1.00000000000000000, 0.00000000000000000, 0.00000000000000000]
    [0.00000000000000000, 0.00000000000000000, 1.00000000000000000, 0.00000000000000000]
  #22 objects/buildingsets/citysets/lorville/skyline/rooftop/lorv_skyl_rooftop_med_chimney_02a.cgf
    [-0.80839300155639648, 0.00000000000000000, 0.00000000000000000, 24.06192200000077719]
    [0.00000000000000000, -0.80839300155639648, 0.00000000000000000, -78.12934300000051735]
    [0.00000000000000000, 0.00000000000000000, 0.80839300155639648, 338.82654599996749312]
  #23 objects/buildingsets/citysets/lorville/skyline/rooftop/lorv_skyl_rooftop_sml_container_03a.cgf
    [-0.80839300155639648, 0.00000000000000000, 0.00000000000000000, 31.19338000000061584]
    [0.00000000000000000, -0.80839300155639648, 0.00000000000000000, 62.68452500000057626]
    [0.00000000000000000, 0.00000000000000000, 0.80839300155639648, 335.04272899997886270]
  #24 objects/buildingsets/citysets/lorville/skyline/rooftop/lorv_skyl_rooftop_med_antenna_01_a.cgf
    [1.00000000000000000, 0.00000000000000000, 0.00000000000000000, 119.07792100000006030]
    [0.00000000000000000, 1.00000000000000000, 0.00000000000000000, -64.93542999999954191]
    [0.00000000000000000, 0.00000000000000000, 1.00000000000000000, 338.82654599996749312]
  #25 objects/buildingsets/citysets/lorville/skyline/building/lorv_skyl_bldg_slim_med_03a.cgf
    [-0.00000064012100026, 1.00000042674731060, 0.00000000000000000, 168.46917399999983900]
    [-1.00000042674731060, -0.00000064012100026, -0.00000000000000000, 189.30038000000058673]
    [-0.00000000000000000, 0.00000000000000000, 1.00000042674751533, 33.49842499999795109]
  #26 objects/buildingsets/citysets/lorville/skyline/rooftop/lorv_skyl_rooftop_sml_banner_02a.cgf
    [1.00000000000000000, 0.00000000000000000, 0.00000000000000000, 145.20623999999952503]
    [0.00000000000000000, 1.00000000000000000, 0.00000000000000000, 175.41583499999978812]
    [0.00000000000000000, 0.00000000000000000, 1.00000000000000000, 441.03005499998107553]
  #27 objects/buildingsets/citysets/lorville/skyline/building/lorv_skyl_bldg_bloc_sml_06a.cgf
    [-0.00000064012100026, -1.00000042674731060, 0.00000000000000000, -141.00000000000000000]
    [1.00000042674731060, -0.00000064012100026, 0.00000000000000000, -18.00000000000000000]
    [0.00000000000000000, 0.00000000000000000, 1.00000042674751533, 39.00000000000000000]
  #28 objects/buildingsets/citysets/lorville/skyline/rooftop/lorv_skyl_rooftop_med_antenna_01_a.cgf
    [-0.85110998153686523, 0.00000000000000000, 0.00000000000000000, -182.77199800000016694]
    [0.00000000000000000, -0.85110998153686523, 0.00000000000000000, -171.68640000000050350]
    [0.00000000000000000, 0.00000000000000000, 0.85110998153686523, 436.57440200005657971]
  #29 objects/buildingsets/citysets/lorville/skyline/building/lorv_skyl_bldg_bloc_sml_02a.cgf
    [-0.00000064012100026, -1.00000042674731060, 0.00000000000000000, 56.00000000000000000]
    [1.00000042674731060, -0.00000064012100026, 0.00000000000000000, 0.00000000000000000]
    [0.00000000000000000, 0.00000000000000000, 1.00000042674751533, 40.00000000000000000]
  #30 objects/buildingsets/citysets/lorville/skyline/building/lorv_skyl_bldg_wide_med_04a.cgf
    [-0.00000064012100026, -1.00000042674731060, 0.00000000000000000, -104.00000000000000000]
    [1.00000042674731060, -0.00000064012100026, 0.00000000000000000, 200.00000000000000000]
    [0.00000000000000000, 0.00000000000000000, 1.00000042674751533, 48.00000000000000000]
  #31 objects/buildingsets/citysets/lorville/skyline/rooftop/lorv_skyl_rooftop_med_antenna_01_a.cgf
    [-0.00000064012100026, 1.00000042674731060, 0.00000000000000000, -123.46747599999980594]
    [-1.00000042674731060, -0.00000064012100026, -0.00000000000000000, 217.64424700000017765]
    [-0.00000000000000000, 0.00000000000000000, 1.00000042674751533, 299.51765299995895475]
