# IncludedObjects
# Cgfs: 9, Materials: 0, Palettes: 2, Placements: 11

[CGFs]
      0: data/objects/spaceships/ships/rsi/modular/kit/addon/com/light/rsi_com_light_flush_pill_10_a.cgf
      1: data/objects/spaceships/ships/rsi/apollo/interior/triage/rsi_apollo_floor_light.cgf
      2: objects/spaceships/ships/rsi/apollo/interior/med_bays/rsi_apollo_med_bay_tier_2_left_wall_a.cgf
      3: objects/spaceships/ships/rsi/apollo/interior/med_bays/rsi_apollo_med_bay_tier_2_left_floor.cgf
      4: data/objects/spaceships/ships/rsi/apollo/interior/med_bays/rsi_apollo_med_bay_tier_2_left_door_frame.cgf
      5: data/objects/spaceships/ships/rsi/modular/kit/addon/com/light/rsi_com_light_bar_50_b.cgf
      6: objects/spaceships/ships/rsi/apollo/interior/med_bays/rsi_apollo_med_bay_tier_2_left_ceiling.cgf
      7: objects/spaceships/ships/rsi/apollo/interior/med_bays/rsi_apollo_med_bay_tier_2_left_wall_back.cgf
      8: objects/spaceships/ships/rsi/apollo/interior/med_bays/rsi_apollo_med_bay_tier_2_left_wall_glass.cgf

[Palettes]
      0: Libs/Foundry/Records/TintPalettes/Brand/RSI/rsi_interior/rsi_interior_default
      1: Libs/Foundry/Records/TintPalettes/Brand/RSI/rsi_interior/rsi_medical_b

[Placements]
  #0 data/objects/spaceships/ships/rsi/modular/kit/addon/com/light/rsi_com_light_flush_pill_10_a.cgf
    [0.00000074556860832, 0.53128573359426523, -0.84719157045391869, -1.97200700000000007]
    [-0.00000039611034383, -0.84719157045393079, -0.53128573359462139, -4.40424900000000008]
    [-0.99999904388395122, 0.00000073169200895, -0.00000042119206839, -2.57210299999999981]
  #1 data/objects/spaceships/ships/rsi/apollo/interior/triage/rsi_apollo_floor_light.cgf
    [1.00000000000000000, 0.00000000000000000, 0.00000000000000000, -5.46946499999999958]
    [0.00000000000000000, 1.00000000000000000, 0.00000000000000000, 9.17658999999999914]
    [0.00000000000000000, 0.00000000000000000, 1.00000000000000000, -2.47062999999999988]
  #2 objects/spaceships/ships/rsi/apollo/interior/med_bays/rsi_apollo_med_bay_tier_2_left_wall_a.cgf
    [1.00000000000000000, 0.00000000000000000, 0.00000000000000000, -9.30760500000000057]
    [0.00000000000000000, 1.00000000000000000, 0.00000000000000000, 1.36992200000000008]
    [0.00000000000000000, 0.00000000000000000, 1.00000000000000000, -0.86243499999999995]
  #3 objects/spaceships/ships/rsi/apollo/interior/med_bays/rsi_apollo_med_bay_tier_2_left_floor.cgf
    [1.00000000000000000, 0.00000000000000000, 0.00000000000000000, -5.27071799999999957]
    [0.00000000000000000, 1.00000000000000000, 0.00000000000000000, 1.36992200000000008]
    [0.00000000000000000, 0.00000000000000000, 1.00000000000000000, -2.86244100000000001]
  #4 data/objects/spaceships/ships/rsi/apollo/interior/triage/rsi_apollo_floor_light.cgf
    [-0.96592625136240207, -0.00000000000000000, -0.25881867510740947, -8.02928600000000081]
    [0.00000000000000000, -1.00000031482763907, 0.00000000000000000, 9.17420199999999930]
    [-0.25881867510740947, 0.00000000000000000, 0.96592625136240207, -2.48102100000000014]
  #5 data/objects/spaceships/ships/rsi/apollo/interior/med_bays/rsi_apollo_med_bay_tier_2_left_door_frame.cgf
    [1.00000000000000000, 0.00000000000000000, 0.00000000000000000, -7.44103799999999982]
    [0.00000000000000000, 1.00000000000000000, 0.00000000000000000, 9.11992200000000075]
    [0.00000000000000000, 0.00000000000000000, 1.00000000000000000, -0.86244299999999996]
  #6 data/objects/spaceships/ships/rsi/modular/kit/addon/com/light/rsi_com_light_bar_50_b.cgf
    [-0.00000064012127343, 1.00000085349446177, 0.00000000000000000, -7.04845599999999983]
    [1.00000085349446177, 0.00000064012127299, 0.00000000000000000, -5.69793500000000019]
    [0.00000000000000000, 0.00000000000000000, -1.00000085349466694, 0.21285299999999999]
  #7 data/objects/spaceships/ships/rsi/modular/kit/addon/com/light/rsi_com_light_bar_50_b.cgf
    [-1.00000000000000000, 0.00000000000000000, 0.00000000000000000, -2.93861999999999979]
    [0.00000000000000000, 1.00000000000000000, 0.00000000000000000, 1.33725099999999997]
    [0.00000000000000000, 0.00000000000000000, -1.00000000000000000, -0.04887200000000000]
  #8 objects/spaceships/ships/rsi/apollo/interior/med_bays/rsi_apollo_med_bay_tier_2_left_ceiling.cgf
    [1.00000000000000000, 0.00000000000000000, 0.00000000000000000, -7.05693600000000032]
    [0.00000000000000000, 1.00000000000000000, 0.00000000000000000, 1.36992200000000008]
    [0.00000000000000000, 0.00000000000000000, 1.00000000000000000, 0.82353299999999996]
  #9 objects/spaceships/ships/rsi/apollo/interior/med_bays/rsi_apollo_med_bay_tier_2_left_wall_back.cgf
    [1.00000000000000000, 0.00000000000000000, 0.00000000000000000, -7.44103500000000029]
    [0.00000000000000000, 1.00000000000000000, 0.00000000000000000, -6.25507800000000014]
    [0.00000000000000000, 0.00000000000000000, 1.00000000000000000, -0.86244399999999999]
  #10 objects/spaceships/ships/rsi/apollo/interior/med_bays/rsi_apollo_med_bay_tier_2_left_wall_glass.cgf
    [1.00000000000000000, 0.00000000000000000, 0.00000000000000000, -4.22879600000000000]
    [0.00000000000000000, 1.00000000000000000, 0.00000000000000000, 1.36992300000000000]
    [0.00000000000000000, 0.00000000000000000, 1.00000000000000000, -0.86243499999999995]
