# IncludedObjects
# Cgfs: 34, Materials: 1, Palettes: 1, Placements: 117

[CGFs]
      0: objects/buildingsets/human/station/utilitarian/util_001/001_armsml_spine_006_a.cgf
      1: objects/buildingsets/human/station/utilitarian/util_001/001_armsml_crane_002_a.cgf
      2: objects/buildingsets/human/station/utilitarian/addon/tanks/addon_tanks_rack_med_002_b.cgf
      3: objects/buildingsets/human/station/utilitarian/util_001/001_armsml_junction_001_a.cgf
      4: objects/buildingsets/human/station/utilitarian/util_001/001_armsml_crane_001_a.cgf
      5: objects/buildingsets/human/station/utilitarian/util_001/001_armsml_spine_005_a.cgf
      6: objects/buildingsets/human/station/utilitarian/addon/addon_platform_001_a.cgf
      7: objects/buildingsets/human/station/utilitarian/addon/tanks/addon_tanks_rack_med_002_a.cgf
      8: objects/buildingsets/human/station/utilitarian/util_001/001_armsml_spine_002_a.cgf
      9: objects/buildingsets/human/station/utilitarian/util_001/001_armsml_junction_003_a.cgf
     10: objects/buildingsets/human/station/utilitarian/addon/tanks/addon_tanks_rack_med_001_b.cgf
     11: objects/buildingsets/human/station/utilitarian/util_001/001_armsml_spine_001_a.cgf
     12: objects/buildingsets/human/station/utilitarian/addon/addon_light_tiny_005_a.cgf
     13: objects/buildingsets/human/station/utilitarian/addon/addon_container_med_001_b.cgf
     14: objects/buildingsets/human/station/utilitarian/addon/addon_tower_med_001_b.cgf
     15: objects/buildingsets/human/station/utilitarian/addon/addon_light_tiny_008_a.cgf
     16: objects/buildingsets/human/station/utilitarian/addon/addon_container_lge_001_a.cgf
     17: objects/buildingsets/human/station/utilitarian/addon/tanks/addon_tanks_rack_med_003_a.cgf
     18: objects/buildingsets/human/station/utilitarian/addon/addon_framework_railcap_001_a.cgf
     19: objects/buildingsets/human/station/utilitarian/addon/tanks/addon_tanks_rack_med_003_b.cgf
     20: objects/buildingsets/human/station/utilitarian/util_001/001_armsml_spine_004_a.cgf
     21: objects/buildingsets/human/station/utilitarian/addon/addon_framework_railcap_002_a.cgf
     22: objects/buildingsets/human/station/utilitarian/addon/addon_generator_001_a.cgf
     23: objects/buildingsets/human/station/utilitarian/addon/addon_tower_med_001_a.cgf
     24: objects/buildingsets/human/station/utilitarian/addon/addon_container_med_001_a.cgf
     25: objects/buildingsets/human/station/utilitarian/util_001/001_armsml_component_001_a.cgf
     26: objects/buildingsets/human/station/utilitarian/util_001/001_armsml_pipes_001_a.cgf
     27: objects/buildingsets/human/station/utilitarian/util_001/001_armsml_component_002_a.cgf
     28: objects/buildingsets/human/station/utilitarian/addon/tanks/addon_tanks_rack_med_001_a.cgf
     29: objects/buildingsets/human/station/utilitarian/addon/addon_light_sml_002_a.cgf
     30: objects/buildingsets/human/station/utilitarian/addon/addon_light_tiny_001_a.cgf
     31: objects/buildingsets/human/station/utilitarian/util_001/001_armsml_spine_007_a.cgf
     32: objects/buildingsets/human/station/utilitarian/util_001/001_armsml_spine_008_c.cgf
     33: objects/buildingsets/human/station/utilitarian/util_001/001_armsml_spine_008_a.cgf

[Materials]
      0: objects/buildingsets/human/station/utilitarian/station_util_rundown_a

[Palettes]
      0: Libs/Foundry/Records/TintPalettes/Brand/Station/Rund/Station_Rund_Default|ext_accent_b

[Placements]
  #0 objects/buildingsets/human/station/utilitarian/util_001/001_armsml_spine_006_a.cgf
    [-0.99984767895490023, 0, 0.0174533345954033, 1914.6223154386455]
    [0, -1.0000000000000002, 0, 0.010640999999964151]
    [0.0174533345954033, 0, 0.99984767895490001, 38.463203860233463]
  #1 objects/buildingsets/human/station/utilitarian/util_001/001_armsml_crane_002_a.cgf
    [-1.1498248069599091, 0, 0.02007133436859387, 2145.7074455488473]
    [0, -1.1499999761581423, 0, 0.10231799999996838]
    [0.02007133436859387, 0, 1.1498248069599086, 152.52845430255474]
  #2 objects/buildingsets/human/station/utilitarian/addon/tanks/addon_tanks_rack_med_002_b.cgf
    [0.99984767895490001, 0, 0.0174533345954033, 1089.067300251631]
    [0, 1, 0, 92.010640999999964]
    [-0.0174533345954033, 0, 0.99984767895490001, 13.868145422200087]
  #3 objects/buildingsets/human/station/utilitarian/util_001/001_armsml_junction_001_a.cgf
    [0.99984767895490001, 0, 0.0174533345954033, 970.9356322441563]
    [0, 1, 0, 0.010640999999964151]
    [-0.0174533345954033, 0, 0.99984767895490001, 121.94639954286788]
  #4 objects/buildingsets/human/station/utilitarian/addon/tanks/addon_tanks_rack_med_002_b.cgf
    [0.99984767895490001, 0, 0.0174533345954033, 1041.0746116617959]
    [0, 1, 0, -93.989359000000036]
    [-0.0174533345954033, 0, 0.99984767895490001, 14.705905482779471]
  #5 objects/buildingsets/human/station/utilitarian/util_001/001_armsml_crane_001_a.cgf
    [-1.1498248069599091, 0, 0.02007133436859387, 1841.9232360311371]
    [0, -1.1499999761581423, 0, 0.10231799999996838]
    [0.02007133436859387, 0, 1.1498248069599086, -4.343390127222861]
  #6 objects/buildingsets/human/station/utilitarian/util_001/001_armsml_crane_001_a.cgf
    [-1.1498248069599091, 0, 0.02007133436859387, 2142.8773873965624]
    [0, -1.1499999761581423, 0, 0.10231799999996838]
    [0.02007133436859387, 0, 1.1498248069599086, -9.5968438404392629]
  #7 objects/buildingsets/human/station/utilitarian/util_001/001_armsml_spine_005_a.cgf
    [-0.99984767895490023, 0, 0.0174533345954033, 2198.7710429423851]
    [0, -1.0000000000000002, 0, 0.010640999999964151]
    [0.0174533345954033, 0, 0.99984767895490001, 44.504781303642844]
  #8 objects/buildingsets/human/station/utilitarian/addon/addon_platform_001_a.cgf
    [0.99984767895490001, 0, 0.0174533345954033, 2679.0469955326453]
    [0, 1, 0, -4.9893590000000358]
    [-0.0174533345954033, 0, 0.99984767895490001, 56.124134276947245]
  #9 objects/buildingsets/human/station/utilitarian/addon/tanks/addon_tanks_rack_med_002_a.cgf
    [0.99984767895490001, 0, 0.0174533345954033, 993.08192307196089]
    [0, 1, 0, 92.010640999999964]
    [-0.0174533345954033, 0, 0.99984767895490001, 15.543665543358827]
  #10 objects/buildingsets/human/station/utilitarian/addon/tanks/addon_tanks_rack_med_002_b.cgf
    [0.99984767895490001, 0, 0.0174533345954033, 1089.067300251631]
    [0, 1, 0, -93.989359000000036]
    [-0.0174533345954033, 0, 0.99984767895490001, 13.868145422200087]
  #11 objects/buildingsets/human/station/utilitarian/addon/tanks/addon_tanks_rack_med_002_a.cgf
    [0.99984767895490001, 0, 0.0174533345954033, 1137.0599888414661]
    [0, 1, 0, 92.010640999999964]
    [-0.0174533345954033, 0, 0.99984767895490001, 13.030385361620745]
  #12 objects/buildingsets/human/station/utilitarian/addon/tanks/addon_tanks_rack_med_002_b.cgf
    [-0.99984767895490023, 0, 0.0174533345954033, 1178.0537436786178]
    [0, -1.0000000000000002, 0, -93.989359000000036]
    [0.0174533345954033, 0, 0.99984767895490001, 12.314798643209187]
  #13 objects/buildingsets/human/station/utilitarian/addon/tanks/addon_tanks_rack_med_002_a.cgf
    [-1.1998172624223329, 0, 0.020944002346723809, 1992.5755277279357]
    [0, -1.200000047683716, 0, 87.010640999999964]
    [0.020944002346723809, 0, 1.1998172624223327, 35.102148403882211]
  #14 objects/buildingsets/human/station/utilitarian/util_001/001_armsml_spine_006_a.cgf
    [-0.99984767895490023, 0, 0.0174533345954033, 2047.0734490947682]
    [0, -1.0000000000000002, 0, 0.010640999999964151]
    [0.0174533345954033, 0, 0.99984767895490001, 63.155251025422544]
  #15 objects/buildingsets/human/station/utilitarian/util_001/001_armsml_spine_006_a.cgf
    [-0.99984767895490023, 0, 0.0174533345954033, 1941.0895951255479]
    [0, -1.0000000000000002, 0, 0.010640999999964151]
    [0.0174533345954033, 0, 0.99984767895490001, 65.005304492535274]
  #16 objects/buildingsets/human/station/utilitarian/util_001/001_armsml_spine_002_a.cgf
    [-0.99984767895490023, 0, 0.0174533345954033, 2384.8598769631471]
    [0, -1.0000000000000002, 0, 0.010640999999964151]
    [0.0174533345954033, 0, 0.99984767895490001, 105.26616585660683]
  #17 objects/buildingsets/human/station/utilitarian/addon/tanks/addon_tanks_rack_med_002_a.cgf
    [0.99984767895490001, 0, 0.0174533345954033, 993.08192307196089]
    [0, 1, 0, -93.989359000000036]
    [-0.0174533345954033, 0, 0.99984767895490001, 15.543665543358827]
  #18 objects/buildingsets/human/station/utilitarian/util_001/001_armsml_junction_003_a.cgf
    [0.99984767895490001, 0, 0.0174533345954033, 970.9356322441563]
    [0, 1, 0, 0.010640999999964151]
    [-0.0174533345954033, 0, 0.99984767895490001, 121.94639954286788]
  #19 objects/buildingsets/human/station/utilitarian/addon/tanks/addon_tanks_rack_med_001_b.cgf
    [1.1498248069599086, 0, 0.02007133436859387, 2144.1619527878775]
    [0, 1.1499999761581421, 0, 124.30231600000002]
    [-0.02007133436859387, 0, 1.1498248069599086, 63.991943330946029]
  #20 objects/buildingsets/human/station/utilitarian/addon/tanks/addon_tanks_rack_med_001_b.cgf
    [-1.1498248069599091, 0, 0.02007133436859387, 2144.1619527878775]
    [0, -1.1499999761581423, 0, -128.447676]
    [0.02007133436859387, 0, 1.1498248069599086, 63.991943330946029]
  #21 objects/buildingsets/human/station/utilitarian/addon/tanks/addon_tanks_rack_med_002_b.cgf
    [-0.99984767895490023, 0, 0.0174533345954033, 1178.0537436786178]
    [0, -1.0000000000000002, 0, 94.010640999999964]
    [0.0174533345954033, 0, 0.99984767895490001, 12.314798643209187]
  #22 objects/buildingsets/human/station/utilitarian/addon/tanks/addon_tanks_rack_med_002_a.cgf
    [-1.1998172624223329, 0, 0.020944002346723809, 1992.5755277279357]
    [0, -1.200000047683716, 0, -87.989359000000036]
    [0.020944002346723809, 0, 1.1998172624223327, 35.102148403882211]
  #23 objects/buildingsets/human/station/utilitarian/addon/tanks/addon_tanks_rack_med_002_a.cgf
    [0.99984767895490001, 0, 0.0174533345954033, 1137.0599888414661]
    [0, 1, 0, -93.989359000000036]
    [-0.0174533345954033, 0, 0.99984767895490001, 13.030385361620745]
  #24 objects/buildingsets/human/station/utilitarian/addon/tanks/addon_tanks_rack_med_002_b.cgf
    [0.99984767895490001, 0, 0.0174533345954033, 1041.0746116617959]
    [0, 1, 0, 92.010640999999964]
    [-0.0174533345954033, 0, 0.99984767895490001, 14.705905482779471]
  #25 objects/buildingsets/human/station/utilitarian/addon/tanks/addon_tanks_rack_med_002_a.cgf
    [0.99984767895490001, 0, 0.0174533345954033, 1136.2222287808872]
    [0, 1, 0, -91.989359000000036]
    [-0.0174533345954033, 0, 0.99984767895490001, -34.962303228214481]
  #26 objects/buildingsets/human/station/utilitarian/addon/tanks/addon_tanks_rack_med_002_a.cgf
    [0.99984767895490001, 0, 0.0174533345954033, 1136.2222287808872]
    [0, 1, 0, 92.010640999999964]
    [-0.0174533345954033, 0, 0.99984767895490001, -34.962303228214481]
  #27 objects/buildingsets/human/station/utilitarian/addon/tanks/addon_tanks_rack_med_002_b.cgf
    [0.99984767895490001, 0, 0.0174533345954033, 1092.2289309068724]
    [0, 1, 0, 92.010640999999964]
    [-0.0174533345954033, 0, 0.99984767895490001, -34.194356506016746]
  #28 objects/buildingsets/human/station/utilitarian/addon/tanks/addon_tanks_rack_med_002_b.cgf
    [0.99984767895490001, 0, 0.0174533345954033, 1092.2289309068724]
    [0, 1, 0, -91.989359000000036]
    [-0.0174533345954033, 0, 0.99984767895490001, -34.194356506016746]
  #29 objects/buildingsets/human/station/utilitarian/util_001/001_armsml_spine_001_a.cgf
    [0.99984767895490001, 0, 0.0174533345954033, 885.08835853079734]
    [0, 1, 0, 0.010640999999964151]
    [-0.0174533345954033, 0, 0.99984767895490001, 131.44616774971178]
  #30 objects/buildingsets/human/station/utilitarian/addon/addon_light_tiny_005_a.cgf
    [0.052360003786209974, 2.9995430368646998, 0, 1485.8165879541602]
    [0, 3.3306690738754696E-16, 2.9999999999999996, 137.603522]
    [2.9995430368646998, -0.052360003786209641, 3.3306690738754696E-16, 70.004950170207707]
  #31 objects/buildingsets/human/station/utilitarian/addon/addon_container_med_001_b.cgf
    [0.99984767895490001, 0, 0.0174533345954033, 1711.1175891025264]
    [0, 1, 0, 0.20827399999996032]
    [-0.0174533345954033, 0, 0.99984767895490001, 58.454037965467052]
  #32 objects/buildingsets/human/station/utilitarian/addon/addon_tower_med_001_b.cgf
    [-6.40023496214637E-07, 0.99984810563720805, 0.017453342043570477, 847.94192200512452]
    [-1.0000004267473106, -6.4012100015009431E-07, 0, -223.98935900000004]
    [1.1172245993630284E-08, -0.017453342043566904, 0.99984810563741278, 66.084540984122881]
  #33 objects/buildingsets/human/station/utilitarian/addon/addon_light_tiny_005_a.cgf
    [0.052360003786209974, 2.9995430368646998, 0, 1527.6581316945526]
    [0, 3.3306690738754696E-16, 2.9999999999999996, 137.06476199999997]
    [2.9995430368646998, -0.052360003786209641, 3.3306690738754696E-16, 69.740782469018129]
  #34 objects/buildingsets/human/station/utilitarian/util_001/001_armsml_spine_006_a.cgf
    [-0.99984767895490023, 0, 0.0174533345954033, 1688.1281323499577]
    [0, -1.0000000000000002, 0, 0.010640999999964151]
    [0.0174533345954033, 0, 0.99984767895490001, 69.420998145172291]
  #35 objects/buildingsets/human/station/utilitarian/addon/addon_light_tiny_008_a.cgf
    [-0.034906669190806205, 1.9996953579098, 0, 1813.9564072876228]
    [0, 2.2204460492503131E-16, -1.9999999999999998, -294.37018399999999]
    [-1.9996953579098, -0.034906669190806427, 2.2204460492503131E-16, 17.416187734050808]
  #36 objects/buildingsets/human/station/utilitarian/addon/addon_container_lge_001_a.cgf
    [0.99984767895490001, 0, 0.0174533345954033, 1054.0327162121541]
    [0, 1, 0, -92.989353000000051]
    [-0.0174533345954033, 0, 0.99984767895490001, 69.488087827607444]
  #37 objects/buildingsets/human/station/utilitarian/addon/tanks/addon_tanks_rack_med_003_a.cgf
    [0.99984767895490001, 0, 0.0174533345954033, 1638.4374626973517]
    [0, 1, 0, 162.01064099999996]
    [-0.0174533345954033, 0, 0.99984767895490001, 30.282304382151082]
  #38 objects/buildingsets/human/station/utilitarian/addon/tanks/addon_tanks_rack_med_002_b.cgf
    [0.99984767895490001, 0, 0.0174533345954033, 869.46232430088537]
    [0, 1, 0, 93.010634999999979]
    [-0.0174533345954033, 0, 0.99984767895490001, 95.713451308813134]
  #39 objects/buildingsets/human/station/utilitarian/addon/tanks/addon_tanks_rack_med_002_a.cgf
    [-0.99984767895490023, 0, 0.0174533345954033, 910.4560771383434]
    [0, -1.0000000000000002, 0, 93.010634999999979]
    [0.0174533345954033, 0, 0.99984767895490001, 94.997864625308225]
  #40 objects/buildingsets/human/station/utilitarian/addon/addon_light_tiny_008_a.cgf
    [-0.034906669190806205, 1.9996953579098, 0, 2114.8195505176141]
    [0, 2.2204460492503131E-16, -1.9999999999999998, -294.37018399999999]
    [-1.9996953579098, -0.034906669190806427, 2.2204460492503131E-16, 12.164322658255955]
  #41 objects/buildingsets/human/station/utilitarian/addon/addon_light_tiny_005_a.cgf
    [0.052359992689678087, -2.9995424011786316, 0, 1528.7991797924626]
    [0, 3.3306683680146424E-16, -2.9999993642170879, -136.709676]
    [2.9995424011786316, 0.052359992689677753, 3.3306683680146424E-16, 68.254492981607754]
  #42 objects/buildingsets/human/station/utilitarian/addon/addon_container_med_001_b.cgf
    [0.99984767895490001, 0, 0.0174533345954033, 1582.193010020876]
    [0, 1, 0, 0.20827399999996032]
    [-0.0174533345954033, 0, 0.99984767895490001, 60.704544581270355]
  #43 objects/buildingsets/human/station/utilitarian/addon/addon_framework_railcap_001_a.cgf
    [-6.4002376939158105E-07, -0.99984853231935666, -0.017453349491731295, 1377.9310051896032]
    [-1.0000008534944618, 6.4012127293786685E-07, 0, -196.98935900000004]
    [1.1172250761352399E-08, 0.017453349491727721, -0.99984853231956172, 60.833664364378734]
  #44 objects/buildingsets/human/station/utilitarian/util_001/001_armsml_spine_006_a.cgf
    [-0.99984767895490023, 0, 0.0174533345954033, 1293.7169068076514]
    [0, -1.0000000000000002, 0, 0.010640999999964151]
    [0.0174533345954033, 0, 0.99984767895490001, 49.301724643978943]
  #45 objects/buildingsets/human/station/utilitarian/addon/tanks/addon_tanks_rack_med_003_b.cgf
    [0.99984767895490001, 0, 0.0174533345954033, 1603.44279393393]
    [0, 1, 0, -163.98935900000004]
    [-0.0174533345954033, 0, 0.99984767895490001, 30.893171092990201]
  #46 objects/buildingsets/human/station/utilitarian/util_001/001_armsml_spine_004_a.cgf
    [-0.99984767895490023, 0, 0.0174533345954033, 1436.6951248982034]
    [0, -1.0000000000000002, 0, 0.010640999999964151]
    [0.0174533345954033, 0, 0.99984767895490001, 46.805897796836277]
  #47 objects/buildingsets/human/station/utilitarian/util_001/001_armsml_crane_002_a.cgf
    [-1.1498248069599091, 0, 0.02007133436859387, 1844.753294183422]
    [0, -1.1499999761581423, 0, 0.10231799999996838]
    [0.02007133436859387, 0, 1.1498248069599086, 157.78190801577114]
  #48 objects/buildingsets/human/station/utilitarian/addon/addon_light_tiny_008_a.cgf
    [0.03490666919080665, 1.9996953579098, 0, 2114.958565484374]
    [0, 2.2204460492503131E-16, 1.9999999999999998, 295.094021]
    [1.9996953579098, -0.034906669190806427, 2.2204460492503131E-16, 11.49945210975055]
  #49 objects/buildingsets/human/station/utilitarian/addon/addon_framework_railcap_002_a.cgf
    [0.99984767895490001, 0, 0.0174533345954033, 1105.0648631149093]
    [0, 1, 0, 2.0106409999999642]
    [-0.0174533345954033, 0, 0.99984767895490001, 13.588892068673644]
  #50 objects/buildingsets/human/station/utilitarian/addon/tanks/addon_tanks_rack_med_002_a.cgf
    [-1.1998172624223329, 0, 0.020944002346723809, 1994.6001145410037]
    [0, -1.200000047683716, 0, -93.989359000000036]
    [0.020944002346723809, 0, 1.1998172624223327, 151.08447916265061]
  #51 objects/buildingsets/human/station/utilitarian/util_001/001_armsml_spine_002_a.cgf
    [-0.99984767895490023, 0, 0.0174533345954033, 2084.9055732766788]
    [0, -1.0000000000000002, 0, 0.010640999999964151]
    [0.0174533345954033, 0, 0.99984767895490001, 110.50216623522783]
  #52 objects/buildingsets/human/station/utilitarian/addon/tanks/addon_tanks_rack_med_003_b.cgf
    [0.99984767895490001, 0, 0.0174533345954033, 1679.4312175345035]
    [0, 1, 0, -163.98935900000004]
    [-0.0174533345954033, 0, 0.99984767895490001, 29.566717663739539]
  #53 objects/buildingsets/human/station/utilitarian/addon/tanks/addon_tanks_rack_med_003_a.cgf
    [0.99984767895490001, 0, 0.0174533345954033, 1641.4370057342167]
    [0, 1, 0, -163.98935900000004]
    [-0.0174533345954033, 0, 0.99984767895490001, 30.229944378364848]
  #54 objects/buildingsets/human/station/utilitarian/addon/addon_light_tiny_008_a.cgf
    [0.03490666919080665, 1.9996953579098, 0, 1814.0649871016778]
    [0, 2.2204460492503131E-16, 1.9999999999999998, 294.17515000000003]
    [1.9996953579098, -0.034906669190806427, 2.2204460492503131E-16, 16.3051264162047]
  #55 objects/buildingsets/human/station/utilitarian/util_001/001_armsml_spine_002_a.cgf
    [0.99984767895490001, 0, 0.0174533345954033, 1484.9969659037379]
    [0, 1, 0, 0.010640999999964151]
    [-0.0174533345954033, 0, 0.99984767895490001, 120.9741669924698]
  #56 objects/buildingsets/human/station/utilitarian/addon/tanks/addon_tanks_rack_med_001_b.cgf
    [1.1498248069599086, 0, 0.02007133436859387, 1843.2078014224533]
    [0, 1.1499999761581421, 0, 124.30231600000002]
    [-0.02007133436859387, 0, 1.1498248069599086, 69.245397044162431]
  #57 objects/buildingsets/human/station/utilitarian/util_001/001_armsml_spine_002_a.cgf
    [0.99984767895490001, 0, 0.0174533345954033, 885.08835853079734]
    [0, 1, 0, 0.010640999999964151]
    [-0.0174533345954033, 0, 0.99984767895490001, 131.44616774971178]
  #58 objects/buildingsets/human/station/utilitarian/addon/addon_generator_001_a.cgf
    [0.99984767895490001, 0, 0.0174533345954033, 1603.467685389088]
    [0, 1, 0, 0.010640999999964151]
    [-0.0174533345954033, 0, 0.99984767895490001, 146.91040852094937]
  #59 objects/buildingsets/human/station/utilitarian/addon/addon_light_tiny_005_a.cgf
    [0.052359992689678087, -2.9995424011786316, 0, 1507.782335552931]
    [0, 3.3306683680146424E-16, -2.9999993642170879, -136.70968400000004]
    [2.9995424011786316, 0.052359992689677753, 3.3306683680146424E-16, 68.621360877961209]
  #60 objects/buildingsets/human/station/utilitarian/addon/addon_light_tiny_008_a.cgf
    [-0.034906669190806205, 1.9996953579098, 0, 1872.5457745690637]
    [0, 2.2204460492503131E-16, -1.9999999999999998, -294.37017100000003]
    [-1.9996953579098, -0.034906669190806427, 2.2204460492503131E-16, 16.46914164810525]
  #61 objects/buildingsets/human/station/utilitarian/addon/addon_framework_railcap_001_a.cgf
    [-4.800176221609778E-07, -0.74988607922790596, 0.013090006532677858, 1993.9081640270683]
    [0.75000032006048289, -4.8009075011257076E-07, 0, 40.010640999999964]
    [8.3791844965237563E-09, 0.013090006532675176, 0.74988607922805972, 140.0948820595778]
  #62 objects/buildingsets/human/station/utilitarian/addon/addon_tower_med_001_a.cgf
    [-6.40023496214637E-07, 0.99984810563720805, 0.017453342043570477, 847.94192200512452]
    [-1.0000004267473106, -6.4012100015009431E-07, 0, 220.01064099999996]
    [1.1172245993630284E-08, -0.017453342043566904, 0.99984810563741278, 66.084540984122881]
  #63 objects/buildingsets/human/station/utilitarian/addon/addon_container_med_001_a.cgf
    [0.99984767895490001, 0, 0.0174533345954033, 1886.7658815299947]
    [0, 1, 0, 0.20827399999996032]
    [-0.0174533345954033, 0, 0.99984767895490001, 105.22833725677106]
  #64 objects/buildingsets/human/station/utilitarian/addon/addon_framework_railcap_001_a.cgf
    [-4.800176221609778E-07, 0.74988607922790596, 0.013090006532677858, 1991.8835772140021]
    [-0.75000032006048289, -4.8009075011257076E-07, 0, -40.989359000000036]
    [8.3791844965237563E-09, -0.013090006532675176, 0.74988607922805972, 24.112551300809386]
  #65 objects/buildingsets/human/station/utilitarian/addon/addon_container_med_001_a.cgf
    [0.99984767895490001, 0, 0.0174533345954033, 1959.9541678570065]
    [0, 1, 0, 0.20827399999996032]
    [-0.0174533345954033, 0, 0.99984767895490001, 52.458089587766423]
  #66 objects/buildingsets/human/station/utilitarian/util_001/001_armsml_spine_004_a.cgf
    [-0.99984767895490023, 0, 0.0174533345954033, 1183.7336621226129]
    [0, -1.0000000000000002, 0, 0.010640999999964151]
    [0.0174533345954033, 0, 0.99984767895490001, 51.221591449473294]
  #67 objects/buildingsets/human/station/utilitarian/addon/tanks/addon_tanks_rack_med_002_b.cgf
    [0.99984767895490001, 0, 0.0174533345954033, 869.46232430088537]
    [0, 1, 0, -94.989353000000051]
    [-0.0174533345954033, 0, 0.99984767895490001, 95.713451308813134]
  #68 objects/buildingsets/human/station/utilitarian/addon/addon_framework_railcap_001_a.cgf
    [-4.800176221609778E-07, -0.74988607922790596, 0.013090006532677858, 2078.8703252830769]
    [0.75000032006048289, -4.8009075011257076E-07, 0, 40.010640999999964]
    [8.3791844965237563E-09, 0.013090006532675176, 0.74988607922805972, 22.594111191009333]
  #69 objects/buildingsets/human/station/utilitarian/addon/tanks/addon_tanks_rack_med_002_a.cgf
    [-0.99984767895490023, 0, 0.0174533345954033, 910.4560771383434]
    [0, -1.0000000000000002, 0, -92.989353000000051]
    [0.0174533345954033, 0, 0.99984767895490001, 94.997864625308225]
  #70 objects/buildingsets/human/station/utilitarian/addon/addon_light_tiny_005_a.cgf
    [0.052359992689678087, -2.9995424011786316, 0, 1486.9739077086465]
    [0, 3.3306683680146424E-16, -2.9999993642170879, -136.17091700000003]
    [2.9995424011786316, 0.052359992689677753, 3.3306683680146424E-16, 69.450813674648657]
  #71 objects/buildingsets/human/station/utilitarian/util_001/001_armsml_component_001_a.cgf
    [0.99984767895490001, 0, 0.0174533345954033, 970.9356322441563]
    [0, 1, 0, 0.010640999999964151]
    [-0.0174533345954033, 0, 0.99984767895490001, 121.94639954286788]
  #72 objects/buildingsets/human/station/utilitarian/addon/tanks/addon_tanks_rack_med_002_a.cgf
    [-1.1998172624223329, 0, 0.020944002346723809, 1994.6001145410037]
    [0, -1.200000047683716, 0, 87.010640999999964]
    [0.020944002346723809, 0, 1.1998172624223327, 151.08447916265061]
  #73 objects/buildingsets/human/station/utilitarian/addon/tanks/addon_tanks_rack_med_003_b.cgf
    [0.99984767895490001, 0, 0.0174533345954033, 1676.4316744976384]
    [0, 1, 0, 162.01064099999996]
    [-0.0174533345954033, 0, 0.99984767895490001, 29.619077667525744]
  #74 objects/buildingsets/human/station/utilitarian/addon/addon_light_tiny_008_a.cgf
    [0.03490666919080665, 1.9996953579098, 0, 1872.6543543831187]
    [0, 2.2204460492503131E-16, 1.9999999999999998, 294.175163]
    [1.9996953579098, -0.034906669190806427, 2.2204460492503131E-16, 15.358080330259142]
  #75 objects/buildingsets/human/station/utilitarian/addon/addon_container_lge_001_a.cgf
    [0.99984767895490001, 0, 0.0174533345954033, 1054.0327162121541]
    [0, 1, 0, 91.010646999999949]
    [-0.0174533345954033, 0, 0.99984767895490001, 69.488087827607444]
  #76 objects/buildingsets/human/station/utilitarian/addon/addon_framework_railcap_001_a.cgf
    [-6.4002376939158105E-07, 0.99984853231935666, -0.017453349491731295, 1376.7566241646955]
    [1.0000008534944618, 6.4012127293786685E-07, 0, 200.01064099999996]
    [1.1172250761352399E-08, -0.017453349491727721, -0.99984853231956172, 50.852640909425176]
  #77 objects/buildingsets/human/station/utilitarian/addon/addon_container_lge_001_a.cgf
    [0.99984767895490001, 0, 0.0174533345954033, 1053.5963828472698]
    [0, 1, 0, -92.989353000000051]
    [-0.0174533345954033, 0, 0.99984767895490001, 44.491895853734945]
  #78 objects/buildingsets/human/station/utilitarian/addon/tanks/addon_tanks_rack_med_001_b.cgf
    [-1.1498248069599091, 0, 0.02007133436859387, 1843.2078014224533]
    [0, -1.1499999761581423, 0, -128.447676]
    [0.02007133436859387, 0, 1.1498248069599086, 69.245397044162431]
  #79 objects/buildingsets/human/station/utilitarian/util_001/001_armsml_pipes_001_a.cgf
    [0.99984767895490001, 0, 0.0174533345954033, 1143.909280703353]
    [0, 1, 0, 0.010640999999964151]
    [-0.0174533345954033, 0, 0.99984767895490001, 118.92697265786312]
  #80 objects/buildingsets/human/station/utilitarian/util_001/001_armsml_spine_002_a.cgf
    [0.99984767895490001, 0, 0.0174533345954033, 1185.0426622172677]
    [0, 1, 0, 0.010640999999964151]
    [-0.0174533345954033, 0, 0.99984767895490001, 126.21016737109079]
  #81 objects/buildingsets/human/station/utilitarian/util_001/001_armsml_component_002_a.cgf
    [0.99984767895490001, 0, 0.0174533345954033, 1382.872875973575]
    [0, 1, 0, 0.010640999999964151]
    [-0.0174533345954033, 0, 0.99984767895490001, 114.75562568956173]
  #82 objects/buildingsets/human/station/utilitarian/addon/tanks/addon_tanks_rack_med_001_a.cgf
    [0.99984767895490001, 0, 0.0174533345954033, 1175.5328787963911]
    [0, 1, 0, 0.010640999999964151]
    [-0.0174533345954033, 0, 0.99984767895490001, 154.38043572778201]
  #83 objects/buildingsets/human/station/utilitarian/addon/addon_framework_railcap_001_a.cgf
    [-4.800176221609778E-07, 0.74988607922790596, 0.013090006532677858, 1995.2170876200862]
    [-0.75000032006048289, -4.8009075011257076E-07, 0, -40.989359000000036]
    [8.3791844965237563E-09, -0.013090006532675176, 0.74988607922805972, 140.07203349783225]
  #84 objects/buildingsets/human/station/utilitarian/addon/addon_container_lge_001_a.cgf
    [0.99984767895490001, 0, 0.0174533345954033, 1053.5963828472698]
    [0, 1, 0, 91.010646999999949]
    [-0.0174533345954033, 0, 0.99984767895490001, 44.491895853734945]
  #85 objects/buildingsets/human/station/utilitarian/addon/addon_container_med_001_a.cgf
    [0.99984767895490001, 0, 0.0174533345954033, 1836.0245222494327]
    [0, 1, 0, 0.20827399999996032]
    [-0.0174533345954033, 0, 0.99984767895490001, 56.273663351028432]
  #86 objects/buildingsets/human/station/utilitarian/addon/tanks/addon_tanks_rack_med_003_b.cgf
    [0.99984767895490001, 0, 0.0174533345954033, 1600.4432508970667]
    [0, 1, 0, 162.01064099999996]
    [-0.0174533345954033, 0, 0.99984767895490001, 30.945531096776392]
  #87 objects/buildingsets/human/station/utilitarian/util_001/001_armsml_spine_005_a.cgf
    [0.99984767895490001, 0, 0.0174533345954033, 1698.8472034649353]
    [0, 1, 0, 0.010640999999964151]
    [-0.0174533345954033, 0, 0.99984767895490001, 53.231448601344511]
  #88 objects/buildingsets/human/station/utilitarian/addon/addon_light_tiny_005_a.cgf
    [0.052360003786209974, 2.9995430368646998, 0, 1506.8334321064265]
    [0, 3.3306690738754696E-16, 2.9999999999999996, 137.60352899999998]
    [2.9995430368646998, -0.052360003786209641, 3.3306690738754696E-16, 69.638077274615881]
  #89 objects/buildingsets/human/station/utilitarian/addon/addon_light_sml_002_a.cgf
    [2.9492770722240412E-06, 0.98162693774221677, 0.19081013726754306, 1228.0871540897456]
    [-0.99999997669198504, 2.6817546680116524E-06, 1.6602596981407158E-06, -0.14667400000001862]
    [1.1180496930442768E-06, -0.19081013727149052, 0.98162693774524312, 151.56889111925506]
  #90 objects/buildingsets/human/station/utilitarian/util_001/001_armsml_spine_006_a.cgf
    [-0.99984767895490023, 0, 0.0174533345954033, 2414.5461549160941]
    [0, -1.0000000000000002, 0, 0.010640999999964151]
    [0.0174533345954033, 0, 0.99984767895490001, 29.736536562531839]
  #91 objects/buildingsets/human/station/utilitarian/util_001/001_armsml_spine_006_a.cgf
    [-0.99984767895490023, 0, 0.0174533345954033, 2300.0349118703566]
    [0, -1.0000000000000002, 0, 0.010640999999964151]
    [0.0174533345954033, 0, 0.99984767895490001, 58.739557372785526]
  #92 objects/buildingsets/human/station/utilitarian/addon/tanks/addon_tanks_rack_med_002_b.cgf
    [0.68857008666880037, 0, 0.012019674964468771, 2734.6370388584251]
    [0, 0.68867498636245728, 0, 0.010640999999964151]
    [-0.012019674964468771, 0, 0.68857008666880037, 32.150250923641963]
  #93 objects/buildingsets/human/station/utilitarian/util_001/001_armsml_spine_005_a.cgf
    [-0.99984767895490023, 0, 0.0174533345954033, 2448.7329626811102]
    [0, -1.0000000000000002, 0, 0.010640999999964151]
    [0.0174533345954033, 0, 0.99984767895490001, 40.141447654792032]
  #94 objects/buildingsets/human/station/utilitarian/addon/addon_light_tiny_001_a.cgf
    [-1.280046992429274E-06, 1.9996962112744161, 0.034906684087140954, 2504.7716487873586]
    [-2.0000008534946212, -1.2802420003001886E-06, 0, 239.06998999999996]
    [2.2344491987260568E-08, -0.034906684087133807, 1.9996962112748256, 10.015813947882336]
  #95 objects/buildingsets/human/station/utilitarian/util_001/001_armsml_spine_005_a.cgf
    [-0.99984767895490023, 0, 0.0174533345954033, 2698.6977282558537]
    [0, -1.0000000000000002, 0, -0.27664600000002793]
    [0.0174533345954033, 0, 0.99984767895490001, 35.941143169385498]
  #96 objects/buildingsets/human/station/utilitarian/addon/addon_light_tiny_001_a.cgf
    [-1.280046992429274E-06, -1.9996962112744161, 0.034906684087140954, 2504.7109671664939]
    [2.0000008534946212, -1.2802420003001886E-06, 0, -253.37017400000002]
    [2.2344491987260568E-08, 0.034906684087133807, 1.9996962112748256, 10.016938215764739]
  #97 objects/buildingsets/human/station/utilitarian/addon/addon_light_tiny_001_a.cgf
    [-1.280046992429274E-06, -1.9996962112744161, 0.034906684087140954, 2526.9137097063267]
    [2.0000008534946212, -1.2802420003001886E-06, 0, -253.37017100000003]
    [2.2344491987260568E-08, 0.034906684087133807, 1.9996962112748256, 9.6293672860723944]
  #98 objects/buildingsets/human/station/utilitarian/util_001/001_armsml_spine_001_a.cgf
    [-0.99984767895490023, 0, 0.0174533345954033, 2984.7684843360871]
    [0, -1.0000000000000002, 0, 0.010640999999964151]
    [0.0174533345954033, 0, 0.99984767895490001, 94.794165099364861]
  #99 objects/buildingsets/human/station/utilitarian/util_001/001_armsml_spine_006_a.cgf
    [-0.99984767895490023, 0, 0.0174533345954033, 2164.584235177369]
    [0, -1.0000000000000002, 0, 0.010640999999964151]
    [0.0174533345954033, 0, 0.99984767895490001, 34.099870211382651]
  #100 objects/buildingsets/human/station/utilitarian/addon/addon_light_sml_002_a.cgf
    [-3.3219137753600652E-06, -1.9405922876032256, -0.48384224115332697, 2697.6513852450057]
    [2.0000004352572796, -3.2943998819815774E-06, -5.1823088627113809E-07, -194.44972000000001]
    [-2.941474164073794E-07, -0.48384224115351515, 1.9405922876059991, 195.90280287123707]
  #101 objects/buildingsets/human/station/utilitarian/addon/addon_light_tiny_001_a.cgf
    [-1.280046992429274E-06, 1.9996962112744161, 0.034906684087140954, 2526.9743913446441]
    [-2.0000008534946212, -1.2802420003001886E-06, 0, 239.06999299999995]
    [2.2344491987260568E-08, -0.034906684087133807, 1.9996962112748256, 9.6282440180376625]
  #102 objects/buildingsets/human/station/utilitarian/util_001/001_armsml_spine_006_a.cgf
    [-0.99984767895490023, 0, 0.0174533345954033, 2552.9963746459462]
    [0, -1.0000000000000002, 0, 0.010640999999964151]
    [0.0174533345954033, 0, 0.99984767895490001, 54.323863720148481]
  #103 objects/buildingsets/human/station/utilitarian/addon/addon_light_tiny_001_a.cgf
    [-1.280046992429274E-06, 1.9996962112744161, 0.034906684087140954, 2549.6189005838596]
    [-2.0000008534946212, -1.2802420003001886E-06, 0, 239.06999599999995]
    [2.2344491987260568E-08, -0.034906684087133807, 1.9996962112748256, 9.232961611707708]
  #104 objects/buildingsets/human/station/utilitarian/util_001/001_armsml_spine_007_a.cgf
    [0.96044970599963642, 0, 0.016765603835166287, 2353.5379931652492]
    [0, 0.96059602499008179, 0, 0.010640999999964151]
    [-0.016765603835166287, 0, 0.96044970599963642, 29.801342293896525]
  #105 objects/buildingsets/human/station/utilitarian/util_001/001_armsml_spine_002_a.cgf
    [-0.99984767895490023, 0, 0.0174533345954033, 2684.8141806496174]
    [0, -1.0000000000000002, 0, 0.010640999999964151]
    [0.0174533345954033, 0, 0.99984767895490001, 100.03016547798582]
  #106 objects/buildingsets/human/station/utilitarian/addon/addon_light_tiny_008_a.cgf
    [-0.034906669190806205, 1.9996953579098, 0, 2173.408917799055]
    [0, 2.2204460492503131E-16, -1.9999999999999998, -294.37017100000003]
    [-1.9996953579098, -0.034906669190806427, 2.2204460492503131E-16, 11.217276572310439]
  #107 objects/buildingsets/human/station/utilitarian/util_001/001_armsml_spine_007_a.cgf
    [-0.96044970599963664, 0, 0.016765603835166287, 2738.4793495628865]
    [0, -0.96059602499008201, 0, 0.010640999999964151]
    [0.016765603835166287, 0, 0.96044970599963642, 23.081808474666261]
  #108 objects/buildingsets/human/station/utilitarian/addon/addon_light_sml_002_a.cgf
    [-3.3219137753600652E-06, -1.9405922876032256, -0.48384224115332697, 2697.5857847576222]
    [2.0000004352572796, -3.2943998819815774E-06, -5.1823088627113809E-07, 185.16661199999999]
    [-2.941474164073794E-07, -0.48384224115351515, 1.9405922876059991, 192.1447533884683]
  #109 objects/buildingsets/human/station/utilitarian/util_001/001_armsml_spine_008_c.cgf
    [0.96044970599963642, 0, 0.016765603835166287, 2446.5238273080549]
    [0, 0.96059602499008179, 0, 0.010640999999964151]
    [-0.016765603835166287, 0, 0.96044970599963642, 28.17818217652399]
  #110 objects/buildingsets/human/station/utilitarian/util_001/001_armsml_spine_006_a.cgf
    [-0.99984767895490023, 0, 0.0174533345954033, 2805.9578374215353]
    [0, -1.0000000000000002, 0, 0.010640999999964151]
    [0.0174533345954033, 0, 0.99984767895490001, 49.908170067511435]
  #111 objects/buildingsets/human/station/utilitarian/util_001/001_armsml_spine_006_a.cgf
    [-0.99984767895490023, 0, 0.0174533345954033, 2664.5080746548188]
    [0, -1.0000000000000002, 0, 0.010640999999964151]
    [0.0174533345954033, 0, 0.99984767895490001, 25.373202913680984]
  #112 objects/buildingsets/human/station/utilitarian/util_001/001_armsml_spine_008_c.cgf
    [0.96044970599963642, 0, 0.016765603835166287, 2617.4977804093428]
    [0, 0.96059602499008179, 0, 0.010640999999964151]
    [-0.016765603835166287, 0, 0.96044970599963642, 25.19366196071006]
  #113 objects/buildingsets/human/station/utilitarian/util_001/001_armsml_spine_008_a.cgf
    [0.96044970599963642, 0, 0.016765603835166287, 2738.4793495628865]
    [0, 0.96059602499008179, 0, 0.010640999999964151]
    [-0.016765603835166287, 0, 0.96044970599963642, 23.081808474666261]
  #114 objects/buildingsets/human/station/utilitarian/addon/addon_light_tiny_001_a.cgf
    [-1.280046992429274E-06, -1.9996962112744161, 0.034906684087140954, 2549.5582189629949]
    [2.0000008534946212, -1.2802420003001886E-06, 0, -253.37016800000004]
    [2.2344491987260568E-08, 0.034906684087133807, 1.9996962112748256, 9.2340858795900829]
  #115 objects/buildingsets/human/station/utilitarian/util_001/001_armsml_spine_002_a.cgf
    [-0.99984767895490023, 0, 0.0174533345954033, 2984.7684843360871]
    [0, -1.0000000000000002, 0, 0.010640999999964151]
    [0.0174533345954033, 0, 0.99984767895490001, 94.794165099364861]
  #116 objects/buildingsets/human/station/utilitarian/addon/addon_light_tiny_008_a.cgf
    [0.03490666919080665, 1.9996953579098, 0, 2173.5479327658149]
    [0, 2.2204460492503131E-16, 1.9999999999999998, 295.09403399999997]
    [1.9996953579098, -0.034906669190806427, 2.2204460492503131E-16, 10.552406023804991]
