# IncludedObjects
# Cgfs: 62, Materials: 3, Palettes: 4, Placements: 103

[CGFs]
      0: Data/ObjectContainers/PU/loc/mod/ugf/util/rm/sub/bulk/road/sub_ind_bulk_road_003_occu_001//Brush/designer_340.cgf
      1: Data/ObjectContainers/PU/loc/mod/ugf/util/rm/sub/bulk/road/sub_ind_bulk_road_003_occu_001//Brush/designer_308.cgf
      2: Data/ObjectContainers/PU/loc/mod/ugf/util/rm/sub/bulk/road/sub_ind_bulk_road_003_occu_001//Brush/designer_300.cgf
      3: Data/ObjectContainers/PU/loc/mod/ugf/util/rm/sub/bulk/road/sub_ind_bulk_road_003_occu_001//Brush/designer_311.cgf
      4: Data/ObjectContainers/PU/loc/mod/ugf/util/rm/sub/bulk/road/sub_ind_bulk_road_003_occu_001//Brush/designer_298.cgf
      5: Data/ObjectContainers/PU/loc/mod/ugf/util/rm/sub/bulk/road/sub_ind_bulk_road_003_occu_001//Brush/designer_306.cgf
      6: Data/ObjectContainers/PU/loc/mod/ugf/util/rm/sub/bulk/road/sub_ind_bulk_road_003_occu_001//Brush/designer_304.cgf
      7: Data/ObjectContainers/PU/loc/mod/ugf/util/rm/sub/bulk/road/sub_ind_bulk_road_003_occu_001//Brush/designer_313.cgf
      8: Data/ObjectContainers/PU/loc/mod/ugf/util/rm/sub/bulk/road/sub_ind_bulk_road_003_occu_001//Brush/designer_314.cgf
      9: Data/ObjectContainers/PU/loc/mod/ugf/util/rm/sub/bulk/road/sub_ind_bulk_road_003_occu_001//Brush/designer_315.cgf
     10: Data/ObjectContainers/PU/loc/mod/ugf/util/rm/sub/bulk/road/sub_ind_bulk_road_003_occu_001//Brush/designer_316.cgf
     11: Data/ObjectContainers/PU/loc/mod/ugf/util/rm/sub/bulk/road/sub_ind_bulk_road_003_occu_001//Brush/designer_317.cgf
     12: Data/ObjectContainers/PU/loc/mod/ugf/util/rm/sub/bulk/road/sub_ind_bulk_road_003_occu_001//Brush/designer_319.cgf
     13: Data/ObjectContainers/PU/loc/mod/ugf/util/rm/sub/bulk/road/sub_ind_bulk_road_003_occu_001//Brush/designer_318.cgf
     14: Data/ObjectContainers/PU/loc/mod/ugf/util/rm/sub/bulk/road/sub_ind_bulk_road_003_occu_001//Brush/designer_320.cgf
     15: Data/ObjectContainers/PU/loc/mod/ugf/util/rm/sub/bulk/road/sub_ind_bulk_road_003_occu_001//Brush/designer_321.cgf
     16: Data/ObjectContainers/PU/loc/mod/ugf/util/rm/sub/bulk/road/sub_ind_bulk_road_003_occu_001//Brush/designer_322.cgf
     17: Data/ObjectContainers/PU/loc/mod/ugf/util/rm/sub/bulk/road/sub_ind_bulk_road_003_occu_001//Brush/designer_326.cgf
     18: Data/ObjectContainers/PU/loc/mod/ugf/util/rm/sub/bulk/road/sub_ind_bulk_road_003_occu_001//Brush/designer_328.cgf
     19: Data/ObjectContainers/PU/loc/mod/ugf/util/rm/sub/bulk/road/sub_ind_bulk_road_003_occu_001//Brush/designer_327.cgf
     20: Data/ObjectContainers/PU/loc/mod/ugf/util/rm/sub/bulk/road/sub_ind_bulk_road_003_occu_001//Brush/designer_329.cgf
     21: Data/ObjectContainers/PU/loc/mod/ugf/util/rm/sub/bulk/road/sub_ind_bulk_road_003_occu_001//Brush/designer_331.cgf
     22: Data/ObjectContainers/PU/loc/mod/ugf/util/rm/sub/bulk/road/sub_ind_bulk_road_003_occu_001//Brush/designer_332.cgf
     23: Data/ObjectContainers/PU/loc/mod/ugf/util/rm/sub/bulk/road/sub_ind_bulk_road_003_occu_001//Brush/designer_333.cgf
     24: Data/ObjectContainers/PU/loc/mod/ugf/util/rm/sub/bulk/road/sub_ind_bulk_road_003_occu_001//Brush/designer_334.cgf
     25: Data/ObjectContainers/PU/loc/mod/ugf/util/rm/sub/bulk/road/sub_ind_bulk_road_003_occu_001//Brush/designer_336.cgf
     26: objects/buildingsets/human/template/int/railing/open/railing_open_straight_04x0025x01125_a.cgf
     27: Data/ObjectContainers/PU/loc/mod/ugf/util/rm/sub/bulk/road/sub_ind_bulk_road_003_occu_001//Brush/designer_341.cgf
     28: Data/ObjectContainers/PU/loc/mod/ugf/util/rm/sub/bulk/road/sub_ind_bulk_road_003_occu_001//Brush/designer_342.cgf
     29: objects/buildingsets/human/template/int/railing/open/railing_open_straight_01x0025x01125_a.cgf
     30: Data/ObjectContainers/PU/loc/mod/ugf/util/rm/sub/bulk/road/sub_ind_bulk_road_003_occu_001//Brush/designer_343.cgf
     31: Data/ObjectContainers/PU/loc/mod/ugf/util/rm/sub/bulk/road/sub_ind_bulk_road_003_occu_001//Brush/designer_344.cgf
     32: Data/ObjectContainers/PU/loc/mod/ugf/util/rm/sub/bulk/road/sub_ind_bulk_road_003_occu_001//Brush/designer_346.cgf
     33: Data/ObjectContainers/PU/loc/mod/ugf/util/rm/sub/bulk/road/sub_ind_bulk_road_003_occu_001//Brush/designer_347.cgf
     34: objects/buildingsets/human/lowtech/prop/light/light_landing_1_b.cgf
     35: objects/buildingsets/human/lowtech/prop/light/light_landing_3_a.cgf
     36: objects/buildingsets/reference/scale_ref/scale_ref_crouch_cover_a.cgf
     37: Data/ObjectContainers/PU/loc/mod/ugf/util/rm/sub/bulk/road/sub_ind_bulk_road_003_occu_001//Brush/designer_293.cgf
     38: Data/ObjectContainers/PU/loc/mod/ugf/util/rm/sub/bulk/road/sub_ind_bulk_road_003_occu_001//Brush/designer_292.cgf
     39: Data/ObjectContainers/PU/loc/mod/ugf/util/rm/sub/bulk/road/sub_ind_bulk_road_003_occu_001//Brush/designer_296.cgf
     40: Data/ObjectContainers/PU/loc/mod/ugf/util/rm/sub/bulk/road/sub_ind_bulk_road_003_occu_001//Brush/designer_290.cgf
     41: Data/ObjectContainers/PU/loc/mod/ugf/util/rm/sub/bulk/road/sub_ind_bulk_road_003_occu_001//Brush/designer_287.cgf
     42: Data/ObjectContainers/PU/loc/mod/ugf/util/rm/sub/bulk/road/sub_ind_bulk_road_003_occu_001//Brush/designer_302.cgf
     43: Data/ObjectContainers/PU/loc/mod/ugf/util/rm/sub/bulk/road/sub_ind_bulk_road_003_occu_001//Brush/designer_301.cgf
     44: Data/ObjectContainers/PU/loc/mod/ugf/util/rm/sub/bulk/road/sub_ind_bulk_road_003_occu_001//Brush/designer_310.cgf
     45: Data/ObjectContainers/PU/loc/mod/ugf/util/rm/sub/bulk/road/sub_ind_bulk_road_003_occu_001//Brush/designer_312.cgf
     46: Data/ObjectContainers/PU/loc/mod/ugf/util/rm/sub/bulk/road/sub_ind_bulk_road_003_occu_001//Brush/designer_305.cgf
     47: Data/ObjectContainers/PU/loc/mod/ugf/util/rm/sub/bulk/road/sub_ind_bulk_road_003_occu_001//Brush/designer_323.cgf
     48: Data/ObjectContainers/PU/loc/mod/ugf/util/rm/sub/bulk/road/sub_ind_bulk_road_003_occu_001//Brush/designer_324.cgf
     49: Data/ObjectContainers/PU/loc/mod/ugf/util/rm/sub/bulk/road/sub_ind_bulk_road_003_occu_001//Brush/designer_325.cgf
     50: Data/ObjectContainers/PU/loc/mod/ugf/util/rm/sub/bulk/road/sub_ind_bulk_road_003_occu_001//Brush/designer_330.cgf
     51: objects/buildingsets/human/template/int/railing/open/railing_open_straight_02x0025x01125_a.cgf
     52: Data/ObjectContainers/PU/loc/mod/ugf/util/rm/sub/bulk/road/sub_ind_bulk_road_003_occu_001//Brush/designer_337.cgf
     53: Data/ObjectContainers/PU/loc/mod/ugf/util/rm/sub/bulk/road/sub_ind_bulk_road_003_occu_001//Brush/designer_345.cgf
     54: objects/buildingsets/human/lowtech/prop/light/light_landing_1_a.cgf
     55: objects/buildingsets/human/lowtech/prop/light/light_hung_5_box_b.cgf
     56: objects/buildingsets/human/lowtech/alpha/int/stairs/util_stairs_a_rail_straight_02x01_a.cgf
     57: objects/buildingsets/human/lowtech/alpha/int/stairs/util_stairs_platform_02x04_a.cgf
     58: objects/buildingsets/reference/scale_ref/scale_ref_railing_lean_a.cgf
     59: objects/buildingsets/human/lowtech/prop/light/light_hazard_1_a.cgf
     60: objects/buildingsets/human/lowtech/alpha/int/stairs/util_stairs_a_rail_straight_08x01_a.cgf
     61: objects/buildingsets/human/lowtech/alpha/int/stairs/util_stairs_a_rail_addon_light_a.cgf

[Materials]
      0: materials/dev/orange_wall_a
      1: Default
      2: objects/buildingsets/human/lowtech/prop/light/light_landing_1_a

[Palettes]
      0: Libs/Foundry/Records/TintPalettes/default
      1: Libs/Foundry/Records/TintPalettes/Generic/gen_grey_darkgrey_orange_a<232>
      2: Libs/Foundry/Records/TintPalettes/generic/gen_midgrey_darkgrey_yellow<132>
      3: Libs/Foundry/Records/TintPalettes/Generic/gen_grey_darkgrey_orange_a<321>

[Placements]
  #0 Data/ObjectContainers/PU/loc/mod/ugf/util/rm/sub/bulk/road/sub_ind_bulk_road_003_occu_001//Brush/designer_340.cgf
    [0.00000000000000000, 1.00000000000000000, 0.00000000000000000, -13.00000000000000000]
    [0.00000000000000000, 0.00000000000000000, 1.00000000000000000, 4.25000000000000000]
    [1.00000000000000000, 0.00000000000000000, 0.00000000000000000, 0.00000000000000000]
  #1 Data/ObjectContainers/PU/loc/mod/ugf/util/rm/sub/bulk/road/sub_ind_bulk_road_003_occu_001//Brush/designer_308.cgf
    [-0.00000064012100026, 0.00000000000000000, 1.00000042674731060, -13.75000000000000000]
    [0.00000000000000000, 1.00000042674751533, 0.00000000000000000, 10.00000000000000000]
    [-1.00000042674731060, 0.00000000000000000, -0.00000064012100026, 0.75000000000000000]
  #2 Data/ObjectContainers/PU/loc/mod/ugf/util/rm/sub/bulk/road/sub_ind_bulk_road_003_occu_001//Brush/designer_300.cgf
    [1.00000000000000000, 0.00000000000000000, 0.00000000000000000, 13.00000000000000000]
    [0.00000000000000000, 1.00000000000000000, 0.00000000000000000, 3.00000000000000000]
    [0.00000000000000000, 0.00000000000000000, 1.00000000000000000, 1.50000000000000000]
  #3 Data/ObjectContainers/PU/loc/mod/ugf/util/rm/sub/bulk/road/sub_ind_bulk_road_003_occu_001//Brush/designer_311.cgf
    [1.00000000000000000, 0.00000000000000000, 0.00000000000000000, 14.25000000000000000]
    [0.00000000000000000, 1.00000000000000000, 0.00000000000000000, 3.00000000000000000]
    [0.00000000000000000, 0.00000000000000000, 1.00000000000000000, 1.50000000000000000]
  #4 Data/ObjectContainers/PU/loc/mod/ugf/util/rm/sub/bulk/road/sub_ind_bulk_road_003_occu_001//Brush/designer_298.cgf
    [-1.00000000000000000, 0.00000000000000000, 0.00000000000000000, -2.50000000000000000]
    [0.00000000000000000, -1.00000000000000000, 0.00000000000000000, 2.00000000000000000]
    [0.00000000000000000, 0.00000000000000000, 1.00000000000000000, -3.00000000000000000]
  #5 Data/ObjectContainers/PU/loc/mod/ugf/util/rm/sub/bulk/road/sub_ind_bulk_road_003_occu_001//Brush/designer_306.cgf
    [0.70710739454380356, 0.00000000000000000, 0.70710630719099521, 8.25000000000000000]
    [0.00000000000000000, 1.00000009854390126, 0.00000000000000000, 3.00000000000000000]
    [-0.70710630719099521, 0.00000000000000000, 0.70710739454380356, -3.00000000000000000]
  #6 Data/ObjectContainers/PU/loc/mod/ugf/util/rm/sub/bulk/road/sub_ind_bulk_road_003_occu_001//Brush/designer_304.cgf
    [-1.00000000000000000, 0.00000000000000000, 0.00000000000000000, -2.50000000000000000]
    [0.00000000000000000, -1.00000000000000000, 0.00000000000000000, 5.50000000000000000]
    [0.00000000000000000, 0.00000000000000000, 1.00000000000000000, -3.00000000000000000]
  #7 Data/ObjectContainers/PU/loc/mod/ugf/util/rm/sub/bulk/road/sub_ind_bulk_road_003_occu_001//Brush/designer_313.cgf
    [1.00000000000000000, 0.00000000000000000, 0.00000000000000000, -1.00000000000000000]
    [0.00000000000000000, 1.00000000000000000, 0.00000000000000000, 4.00000000000000000]
    [0.00000000000000000, 0.00000000000000000, 1.00000000000000000, -3.50000000000000000]
  #8 Data/ObjectContainers/PU/loc/mod/ugf/util/rm/sub/bulk/road/sub_ind_bulk_road_003_occu_001//Brush/designer_314.cgf
    [0.70710739454380356, 0.00000000000000000, 0.70710630719099521, 5.50000000000000000]
    [0.00000000000000000, 1.00000009854390126, 0.00000000000000000, 3.00000000000000000]
    [-0.70710630719099521, 0.00000000000000000, 0.70710739454380356, -3.00000000000000000]
  #9 Data/ObjectContainers/PU/loc/mod/ugf/util/rm/sub/bulk/road/sub_ind_bulk_road_003_occu_001//Brush/designer_315.cgf
    [-1.00000000000000000, 0.00000000000000000, 0.00000000000000000, -2.50000000000000000]
    [0.00000000000000000, -1.00000000000000000, 0.00000000000000000, 9.00000000000000000]
    [0.00000000000000000, 0.00000000000000000, 1.00000000000000000, -3.00000000000000000]
  #10 Data/ObjectContainers/PU/loc/mod/ugf/util/rm/sub/bulk/road/sub_ind_bulk_road_003_occu_001//Brush/designer_316.cgf
    [-0.70710830535112190, -0.00000000000000000, -0.70710620864654994, -8.50000000000000000]
    [0.00000000000000000, -1.00000067290129024, 0.00000000000000000, 2.00000000000000000]
    [-0.70710620864654994, 0.00000000000000000, 0.70710830535112223, -3.00000000000000000]
  #11 Data/ObjectContainers/PU/loc/mod/ugf/util/rm/sub/bulk/road/sub_ind_bulk_road_003_occu_001//Brush/designer_317.cgf
    [-0.00000064012100026, 0.00000000000000000, 1.00000042674731060, 13.50000000000000000]
    [0.00000000000000000, 1.00000042674751533, 0.00000000000000000, 10.00000000000000000]
    [-1.00000042674731060, 0.00000000000000000, -0.00000064012100026, -1.00000000000000000]
  #12 Data/ObjectContainers/PU/loc/mod/ugf/util/rm/sub/bulk/road/sub_ind_bulk_road_003_occu_001//Brush/designer_319.cgf
    [1.00000000000000000, 0.00000000000000000, 0.00000000000000000, 6.75000000000000000]
    [0.00000000000000000, 1.00000000000000000, 0.00000000000000000, 6.00000000000000000]
    [0.00000000000000000, 0.00000000000000000, 1.00000000000000000, -3.00000000000000000]
  #13 Data/ObjectContainers/PU/loc/mod/ugf/util/rm/sub/bulk/road/sub_ind_bulk_road_003_occu_001//Brush/designer_318.cgf
    [-0.70710830535112190, -0.00000000000000000, -0.70710620864654994, -5.50000000000000000]
    [0.00000000000000000, -1.00000067290129024, 0.00000000000000000, 2.00000000000000000]
    [-0.70710620864654994, 0.00000000000000000, 0.70710830535112223, -3.00000000000000000]
  #14 Data/ObjectContainers/PU/loc/mod/ugf/util/rm/sub/bulk/road/sub_ind_bulk_road_003_occu_001//Brush/designer_320.cgf
    [0.70710739454380356, 0.00000000000000000, 0.70710630719099521, 5.50000000000000000]
    [0.00000000000000000, 1.00000009854390126, 0.00000000000000000, 6.50000000000000000]
    [-0.70710630719099521, 0.00000000000000000, 0.70710739454380356, -3.00000000000000000]
  #15 Data/ObjectContainers/PU/loc/mod/ugf/util/rm/sub/bulk/road/sub_ind_bulk_road_003_occu_001//Brush/designer_321.cgf
    [0.70710739454380356, 0.00000000000000000, 0.70710630719099521, 5.50000000000000000]
    [0.00000000000000000, 1.00000009854390126, 0.00000000000000000, 10.00000000000000000]
    [-0.70710630719099521, 0.00000000000000000, 0.70710739454380356, -3.00000000000000000]
  #16 Data/ObjectContainers/PU/loc/mod/ugf/util/rm/sub/bulk/road/sub_ind_bulk_road_003_occu_001//Brush/designer_322.cgf
    [1.00000042674751533, -0.00000000000000000, 0.00000000000000000, 3.00000000000000000]
    [0.00000000000000000, -0.00000064012100026, 1.00000042674731060, 3.75000000000000000]
    [-0.00000000000000000, -1.00000042674731060, -0.00000064012100026, -4.50000000000000000]
  #17 Data/ObjectContainers/PU/loc/mod/ugf/util/rm/sub/bulk/road/sub_ind_bulk_road_003_occu_001//Brush/designer_326.cgf
    [-0.70710830535112190, -0.00000000000000000, -0.70710620864654994, -8.50000000000000000]
    [0.00000000000000000, -1.00000067290129024, 0.00000000000000000, 9.00000000000000000]
    [-0.70710620864654994, 0.00000000000000000, 0.70710830535112223, -3.00000000000000000]
  #18 Data/ObjectContainers/PU/loc/mod/ugf/util/rm/sub/bulk/road/sub_ind_bulk_road_003_occu_001//Brush/designer_328.cgf
    [0.70710739454380356, 0.00000000000000000, 0.70710630719099521, 8.25000000000000000]
    [0.00000000000000000, 1.00000009854390126, 0.00000000000000000, 10.00000000000000000]
    [-0.70710630719099521, 0.00000000000000000, 0.70710739454380356, -3.00000000000000000]
  #19 Data/ObjectContainers/PU/loc/mod/ugf/util/rm/sub/bulk/road/sub_ind_bulk_road_003_occu_001//Brush/designer_327.cgf
    [0.49999927378767206, 0.61237258283891760, -0.61237233119355283, 13.00000000000000000]
    [0.86602543393583853, -0.35355351299142951, 0.35355224117532391, 3.00000000000000000]
    [-0.00000068985544322, -0.70710611597626905, -0.70710696981497223, -3.00000000000000000]
  #20 Data/ObjectContainers/PU/loc/mod/ugf/util/rm/sub/bulk/road/sub_ind_bulk_road_003_occu_001//Brush/designer_329.cgf
    [1.00000042674751533, -0.00000000000000000, 0.00000000000000000, -5.50000000000000000]
    [0.00000000000000000, -0.00000064012100026, 1.00000042674731060, 3.75000000000000000]
    [-0.00000000000000000, -1.00000042674731060, -0.00000064012100026, -4.75000000000000000]
  #21 Data/ObjectContainers/PU/loc/mod/ugf/util/rm/sub/bulk/road/sub_ind_bulk_road_003_occu_001//Brush/designer_331.cgf
    [1.00000042674751533, -0.00000000000000000, 0.00000000000000000, -6.50000000000000000]
    [0.00000000000000000, -0.00000064012100026, 1.00000042674731060, 3.75000000000000000]
    [-0.00000000000000000, -1.00000042674731060, -0.00000064012100026, -5.75000000000000000]
  #22 Data/ObjectContainers/PU/loc/mod/ugf/util/rm/sub/bulk/road/sub_ind_bulk_road_003_occu_001//Brush/designer_332.cgf
    [1.00000042674751533, 0.00000000000000000, 0.00000000000000000, 14.25000000000000000]
    [0.00000000000000000, -0.00000064012100026, -1.00000042674731060, 9.17677700000001551]
    [0.00000000000000000, 1.00000042674731060, -0.00000064012100026, -1.78032999999999997]
  #23 Data/ObjectContainers/PU/loc/mod/ugf/util/rm/sub/bulk/road/sub_ind_bulk_road_003_occu_001//Brush/designer_333.cgf
    [1.00000042674751533, -0.00000000000000000, 0.00000000000000000, 6.50000000000000000]
    [0.00000000000000000, -0.00000064012100026, 1.00000042674731060, 3.75000000000000000]
    [-0.00000000000000000, -1.00000042674731060, -0.00000064012100026, -5.75000000000000000]
  #24 Data/ObjectContainers/PU/loc/mod/ugf/util/rm/sub/bulk/road/sub_ind_bulk_road_003_occu_001//Brush/designer_334.cgf
    [0.00000000000000000, 0.00000000000000000, -1.00000000000000000, 11.75000000000000000]
    [1.00000000000000000, 0.00000000000000000, 0.00000000000000000, 3.75000000000000000]
    [0.00000000000000000, -1.00000000000000000, 0.00000000000000000, -4.50000000000000000]
  #25 Data/ObjectContainers/PU/loc/mod/ugf/util/rm/sub/bulk/road/sub_ind_bulk_road_003_occu_001//Brush/designer_336.cgf
    [1.00000042674751533, -0.00000000000000000, 0.00000000000000000, -8.25000000000000000]
    [0.00000000000000000, -0.00000064012100026, 1.00000042674731060, 3.75000000000000000]
    [-0.00000000000000000, -1.00000042674731060, -0.00000064012100026, -4.75000000000000000]
  #26 objects/buildingsets/human/template/int/railing/open/railing_open_straight_04x0025x01125_a.cgf
    [-0.00000064012100026, 1.00000042674731060, 0.00000000000000000, -8.50000000000000000]
    [-1.00000042674731060, -0.00000064012100026, -0.00000000000000000, 6.00000000000000000]
    [-0.00000000000000000, 0.00000000000000000, 1.00000042674751533, -3.00000000000000000]
  #27 Data/ObjectContainers/PU/loc/mod/ugf/util/rm/sub/bulk/road/sub_ind_bulk_road_003_occu_001//Brush/designer_341.cgf
    [-0.70710830535112190, -0.00000000000000000, -0.70710620864654994, -8.50000000000000000]
    [0.00000000000000000, -1.00000067290129024, 0.00000000000000000, 5.50000000000000000]
    [-0.70710620864654994, 0.00000000000000000, 0.70710830535112223, -3.00000000000000000]
  #28 Data/ObjectContainers/PU/loc/mod/ugf/util/rm/sub/bulk/road/sub_ind_bulk_road_003_occu_001//Brush/designer_342.cgf
    [1.00000000000000000, 0.00000000000000000, 0.00000000000000000, -6.75000000000000000]
    [0.00000000000000000, 1.00000000000000000, 0.00000000000000000, 6.00000000000000000]
    [0.00000000000000000, 0.00000000000000000, 1.00000000000000000, -3.00000000000000000]
  #29 objects/buildingsets/human/template/int/railing/open/railing_open_straight_01x0025x01125_a.cgf
    [-0.00000064012100026, -1.00000042674731060, 0.00000000000000000, 8.50000000000000000]
    [1.00000042674731060, -0.00000064012100026, 0.00000000000000000, 2.25000000000000000]
    [0.00000000000000000, 0.00000000000000000, 1.00000042674751533, -3.00000000000000000]
  #30 Data/ObjectContainers/PU/loc/mod/ugf/util/rm/sub/bulk/road/sub_ind_bulk_road_003_occu_001//Brush/designer_343.cgf
    [-0.70710830535112190, -0.00000000000000000, -0.70710620864654994, -5.50000000000000000]
    [0.00000000000000000, -1.00000067290129024, 0.00000000000000000, 5.50000000000000000]
    [-0.70710620864654994, 0.00000000000000000, 0.70710830535112223, -3.00000000000000000]
  #31 objects/buildingsets/human/template/int/railing/open/railing_open_straight_04x0025x01125_a.cgf
    [1.00000000000000000, 0.00000000000000000, 0.00000000000000000, 8.50000000000000000]
    [0.00000000000000000, 1.00000000000000000, 0.00000000000000000, 7.25000000000000000]
    [0.00000000000000000, 0.00000000000000000, 1.00000000000000000, -3.00000000000000000]
  #32 Data/ObjectContainers/PU/loc/mod/ugf/util/rm/sub/bulk/road/sub_ind_bulk_road_003_occu_001//Brush/designer_344.cgf
    [-0.70710830535112190, -0.00000000000000000, -0.70710620864654994, -5.50000000000000000]
    [0.00000000000000000, -1.00000067290129024, 0.00000000000000000, 9.00000000000000000]
    [-0.70710620864654994, 0.00000000000000000, 0.70710830535112223, -3.00000000000000000]
  #33 Data/ObjectContainers/PU/loc/mod/ugf/util/rm/sub/bulk/road/sub_ind_bulk_road_003_occu_001//Brush/designer_346.cgf
    [0.70710739454380356, 0.00000000000000000, 0.70710630719099521, 8.25000000000000000]
    [0.00000000000000000, 1.00000009854390126, 0.00000000000000000, 6.50000000000000000]
    [-0.70710630719099521, 0.00000000000000000, 0.70710739454380356, -3.00000000000000000]
  #34 Data/ObjectContainers/PU/loc/mod/ugf/util/rm/sub/bulk/road/sub_ind_bulk_road_003_occu_001//Brush/designer_347.cgf
    [1.00000000000000000, 0.00000000000000000, 0.00000000000000000, 10.00000000000000000]
    [0.00000000000000000, 1.00000000000000000, 0.00000000000000000, 6.00000000000000000]
    [0.00000000000000000, 0.00000000000000000, 1.00000000000000000, -2.75000000000000000]
  #35 objects/buildingsets/human/template/int/railing/open/railing_open_straight_04x0025x01125_a.cgf
    [-0.00000064012100026, 1.00000042674731060, 0.00000000000000000, -8.50000000000000000]
    [-1.00000042674731060, -0.00000064012100026, -0.00000000000000000, 10.00000000000000000]
    [-0.00000000000000000, 0.00000000000000000, 1.00000042674751533, -3.00000000000000000]
  #36 objects/buildingsets/human/lowtech/prop/light/light_landing_1_b.cgf
    [1.00000042674484879, -0.00000282842922990, -0.00000000000000000, 1.50000000000000000]
    [-0.00000000000181054, -0.00000064012300048, 1.00000042674864398, 4.65625000000000000]
    [-0.00000282842922990, -1.00000042674464407, -0.00000064012300049, -0.37500000000000000]
  #37 objects/buildingsets/human/lowtech/prop/light/light_landing_1_b.cgf
    [1.00000042674484879, -0.00000282842922990, -0.00000000000000000, -0.50000000000000000]
    [-0.00000000000181054, -0.00000064012300048, 1.00000042674864398, 4.65625000000000000]
    [-0.00000282842922990, -1.00000042674464407, -0.00000064012300049, -0.37500000000000000]
  #38 objects/buildingsets/human/template/int/railing/open/railing_open_straight_01x0025x01125_a.cgf
    [1.00000000000000000, 0.00000000000000000, 0.00000000000000000, 12.50000000000000000]
    [0.00000000000000000, 1.00000000000000000, 0.00000000000000000, 7.25000000000000000]
    [0.00000000000000000, 0.00000000000000000, 1.00000000000000000, -3.00000000000000000]
  #39 objects/buildingsets/human/lowtech/prop/light/light_landing_1_b.cgf
    [-1.00000085349333356, 0.00000282842681585, -0.00000000000000000, -0.50000000000000000]
    [0.00000000000181054, 0.00000064012327272, -1.00000085349712853, 7.34375000000000000]
    [-0.00000282842681585, -1.00000085349312862, -0.00000064012327295, -0.37500000000000000]
  #40 objects/buildingsets/human/template/int/railing/open/railing_open_straight_04x0025x01125_a.cgf
    [-0.00000064012100026, -1.00000042674731060, 0.00000000000000000, 8.50000000000000000]
    [1.00000042674731060, -0.00000064012100026, 0.00000000000000000, 3.25000000000000000]
    [0.00000000000000000, 0.00000000000000000, 1.00000042674751533, -3.00000000000000000]
  #41 objects/buildingsets/human/lowtech/prop/light/light_landing_3_a.cgf
    [-0.00000064012100026, 1.00000042674731060, 0.00000000000000000, 8.25000000000000000]
    [-1.00000042674731060, -0.00000064012100026, -0.00000000000000000, 4.00000000000000000]
    [-0.00000000000000000, 0.00000000000000000, 1.00000042674751533, -2.75000000000000000]
  #42 objects/buildingsets/human/lowtech/prop/light/light_landing_3_a.cgf
    [-0.00000064012100026, -1.00000042674731060, 0.00000000000000000, -8.25000000000000000]
    [1.00000042674731060, -0.00000064012100026, 0.00000000000000000, 7.75000000000000000]
    [0.00000000000000000, 0.00000000000000000, 1.00000042674751533, -2.75000000000000000]
  #43 objects/buildingsets/reference/scale_ref/scale_ref_crouch_cover_a.cgf
    [-0.00000064012100026, -1.00000042674731060, 0.00000000000000000, 2.43750000000000000]
    [1.00000042674731060, -0.00000064012100026, 0.00000000000000000, 6.18750000000000000]
    [0.00000000000000000, 0.00000000000000000, 1.00000042674751533, -1.75000000000000000]
  #44 objects/buildingsets/human/lowtech/prop/light/light_landing_1_b.cgf
    [-1.00000085349333356, 0.00000282842681585, -0.00000000000000000, 1.50000000000000000]
    [0.00000000000181054, 0.00000064012327272, -1.00000085349712853, 7.34375000000000000]
    [-0.00000282842681585, -1.00000085349312862, -0.00000064012327295, -0.37500000000000000]
  #45 objects/buildingsets/human/lowtech/prop/light/light_landing_3_a.cgf
    [-0.00000064012100026, 1.00000042674731060, 0.00000000000000000, 8.25000000000000000]
    [-1.00000042674731060, -0.00000064012100026, -0.00000000000000000, 7.75000000000000000]
    [-0.00000000000000000, 0.00000000000000000, 1.00000042674751533, -2.75000000000000000]
  #46 objects/buildingsets/human/lowtech/prop/light/light_landing_3_a.cgf
    [-0.00000064012100026, -1.00000042674731060, 0.00000000000000000, -8.25000000000000000]
    [1.00000042674731060, -0.00000064012100026, 0.00000000000000000, 4.00000000000000000]
    [0.00000000000000000, 0.00000000000000000, 1.00000042674751533, -2.75000000000000000]
  #47 objects/buildingsets/reference/scale_ref/scale_ref_crouch_cover_a.cgf
    [-0.00000064012100026, 1.00000042674731060, 0.00000000000000000, -1.81250000000000000]
    [-1.00000042674731060, -0.00000064012100026, -0.00000000000000000, 5.93750000000000000]
    [-0.00000000000000000, 0.00000000000000000, 1.00000042674751533, -1.75000000000000000]
  #48 objects/buildingsets/reference/scale_ref/scale_ref_crouch_cover_a.cgf
    [-1.00000000000000000, 0.00000000000000000, 0.00000000000000000, -7.06250000000000000]
    [0.00000000000000000, -1.00000000000000000, 0.00000000000000000, 4.62500000000000000]
    [0.00000000000000000, 0.00000000000000000, 1.00000000000000000, -2.75000000000000000]
  #49 objects/buildingsets/reference/scale_ref/scale_ref_crouch_cover_a.cgf
    [1.00000000000000000, 0.00000000000000000, 0.00000000000000000, 7.12500000000000000]
    [0.00000000000000000, 1.00000000000000000, 0.00000000000000000, 8.75000000000000000]
    [0.00000000000000000, 0.00000000000000000, 1.00000000000000000, -2.75000000000000000]
  #50 Data/ObjectContainers/PU/loc/mod/ugf/util/rm/sub/bulk/road/sub_ind_bulk_road_003_occu_001//Brush/designer_293.cgf
    [-0.00000064012100026, -1.00000042674731060, 0.00000000000000000, 12.00000000000000000]
    [1.00000042674731060, -0.00000064012100026, 0.00000000000000000, 2.00000000000000000]
    [0.00000000000000000, 0.00000000000000000, 1.00000042674751533, 1.00000000000000000]
  #51 Data/ObjectContainers/PU/loc/mod/ugf/util/rm/sub/bulk/road/sub_ind_bulk_road_003_occu_001//Brush/designer_292.cgf
    [1.00000000000000000, 0.00000000000000000, 0.00000000000000000, -11.00000000000000000]
    [0.00000000000000000, 1.00000000000000000, 0.00000000000000000, 3.25000000000000000]
    [0.00000000000000000, 0.00000000000000000, 1.00000000000000000, 1.25000000000000000]
  #52 Data/ObjectContainers/PU/loc/mod/ugf/util/rm/sub/bulk/road/sub_ind_bulk_road_003_occu_001//Brush/designer_296.cgf
    [1.00000000000000000, 0.00000000000000000, 0.00000000000000000, 11.00000000000000000]
    [0.00000000000000000, 1.00000000000000000, 0.00000000000000000, 8.75000000000000000]
    [0.00000000000000000, 0.00000000000000000, 1.00000000000000000, 1.25000000000000000]
  #53 Data/ObjectContainers/PU/loc/mod/ugf/util/rm/sub/bulk/road/sub_ind_bulk_road_003_occu_001//Brush/designer_290.cgf
    [0.00000000000000000, -1.00000000000000000, 0.00000000000000000, 15.00000000000000000]
    [0.00000000000000000, 0.00000000000000000, 1.00000000000000000, 8.00000000000000000]
    [-1.00000000000000000, 0.00000000000000000, 0.00000000000000000, 8.25000000000000000]
  #54 Data/ObjectContainers/PU/loc/mod/ugf/util/rm/sub/bulk/road/sub_ind_bulk_road_003_occu_001//Brush/designer_287.cgf
    [0.00000000000000000, -1.00000000000000000, 0.00000000000000000, -11.50000000000000000]
    [0.00000000000000000, 0.00000000000000000, 1.00000000000000000, 4.00000000000000000]
    [-1.00000000000000000, 0.00000000000000000, 0.00000000000000000, 7.50000000000000000]
  #55 Data/ObjectContainers/PU/loc/mod/ugf/util/rm/sub/bulk/road/sub_ind_bulk_road_003_occu_001//Brush/designer_302.cgf
    [-0.00000064012127299, 0.00000000000000000, 1.00000085349446199, -12.25000000000000000]
    [0.00000000000000000, -1.00000085349466716, 0.00000000000000000, 7.50000000000000000]
    [1.00000085349446199, 0.00000000000000000, 0.00000064012127265, 1.00000000000000000]
  #56 Data/ObjectContainers/PU/loc/mod/ugf/util/rm/sub/bulk/road/sub_ind_bulk_road_003_occu_001//Brush/designer_301.cgf
    [0.00000000000000000, -1.00000000000000000, 0.00000000000000000, 15.00000000000000000]
    [0.00000000000000000, 0.00000000000000000, 1.00000000000000000, 8.00000000000000000]
    [-1.00000000000000000, 0.00000000000000000, 0.00000000000000000, 5.25000000000000000]
  #57 Data/ObjectContainers/PU/loc/mod/ugf/util/rm/sub/bulk/road/sub_ind_bulk_road_003_occu_001//Brush/designer_310.cgf
    [0.00000222586390082, 0.00000000000000000, -1.00000085349492740, -0.25000000000000000]
    [0.00000000000000000, -1.00000085349740453, -0.00000000000000000, 9.50000000000000000]
    [-1.00000085349492740, 0.00000000000000000, -0.00000222586390093, 7.50000000000000000]
  #58 Data/ObjectContainers/PU/loc/mod/ugf/util/rm/sub/bulk/road/sub_ind_bulk_road_003_occu_001//Brush/designer_312.cgf
    [0.00000000000000000, 0.00000000000000000, 1.00000000000000000, 14.00000000000000000]
    [-1.00000000000000000, 0.00000000000000000, 0.00000000000000000, 9.25000000000000000]
    [0.00000000000000000, -1.00000000000000000, 0.00000000000000000, 7.50000000000000000]
  #59 Data/ObjectContainers/PU/loc/mod/ugf/util/rm/sub/bulk/road/sub_ind_bulk_road_003_occu_001//Brush/designer_305.cgf
    [0.70710739454380356, -0.00000000000000000, -0.70710630719099521, 7.25000000000000000]
    [0.00000000000000000, 1.00000009854390126, -0.00000000000000000, 3.00000000000000000]
    [0.70710630719099521, 0.00000000000000000, 0.70710739454380356, 5.75000000000000000]
  #60 Data/ObjectContainers/PU/loc/mod/ugf/util/rm/sub/bulk/road/sub_ind_bulk_road_003_occu_001//Brush/designer_323.cgf
    [0.00000222586390082, 0.00000000000000000, -1.00000085349492740, -7.25000000000000000]
    [0.00000000000000000, -1.00000085349740453, -0.00000000000000000, 9.50000000000000000]
    [-1.00000085349492740, 0.00000000000000000, -0.00000222586390093, 7.50000000000000000]
  #61 Data/ObjectContainers/PU/loc/mod/ugf/util/rm/sub/bulk/road/sub_ind_bulk_road_003_occu_001//Brush/designer_324.cgf
    [-0.00000064012100026, -0.00000000000000000, -1.00000042674731060, 13.00000000000000000]
    [0.00000000000000000, 1.00000042674751533, -0.00000000000000000, 3.00000000000000000]
    [1.00000042674731060, 0.00000000000000000, -0.00000064012100026, 5.75000000000000000]
  #62 Data/ObjectContainers/PU/loc/mod/ugf/util/rm/sub/bulk/road/sub_ind_bulk_road_003_occu_001//Brush/designer_325.cgf
    [1.00000042674751533, -0.00000000000000000, 0.00000000000000000, 14.25000000000000000]
    [0.00000000000000000, -0.00000064012100026, 1.00000042674731060, 3.00000000000000000]
    [-0.00000000000000000, -1.00000042674731060, -0.00000064012100026, 7.50000000000000000]
  #63 Data/ObjectContainers/PU/loc/mod/ugf/util/rm/sub/bulk/road/sub_ind_bulk_road_003_occu_001//Brush/designer_330.cgf
    [-0.00000064012100026, 0.00000000000000000, 1.00000042674731060, -0.50000000000000000]
    [0.00000000000000000, 1.00000042674751533, 0.00000000000000000, 3.00000000000000000]
    [-1.00000042674731060, 0.00000000000000000, -0.00000064012100026, 7.50000000000000000]
  #64 objects/buildingsets/human/template/int/railing/open/railing_open_straight_02x0025x01125_a.cgf
    [-0.00000064012100026, 1.00000042674731060, 0.00000000000000000, -10.00000000000000000]
    [-1.00000042674731060, -0.00000064012100026, -0.00000000000000000, 10.00000000000000000]
    [-0.00000000000000000, 0.00000000000000000, 1.00000042674751533, 1.00000000000000000]
  #65 objects/buildingsets/human/template/int/railing/open/railing_open_straight_02x0025x01125_a.cgf
    [-0.00000064012100026, -1.00000042674731060, 0.00000000000000000, 12.00000000000000000]
    [1.00000042674731060, -0.00000064012100026, 0.00000000000000000, 4.00000000000000000]
    [0.00000000000000000, 0.00000000000000000, 1.00000042674751533, 1.00000000000000000]
  #66 Data/ObjectContainers/PU/loc/mod/ugf/util/rm/sub/bulk/road/sub_ind_bulk_road_003_occu_001//Brush/designer_337.cgf
    [-0.00000064012100026, 0.00000000000000000, 1.00000042674731060, -9.25000000000000000]
    [0.00000000000000000, 1.00000042674751533, 0.00000000000000000, 3.00000000000000000]
    [-1.00000042674731060, 0.00000000000000000, -0.00000064012100026, 7.50000000000000000]
  #67 objects/buildingsets/human/template/int/railing/open/railing_open_straight_02x0025x01125_a.cgf
    [-0.00000064012100026, -1.00000042674731060, 0.00000000000000000, 12.00000000000000000]
    [1.00000042674731060, -0.00000064012100026, 0.00000000000000000, 8.00000000000000000]
    [0.00000000000000000, 0.00000000000000000, 1.00000042674751533, 1.00000000000000000]
  #68 objects/buildingsets/human/template/int/railing/open/railing_open_straight_02x0025x01125_a.cgf
    [-0.00000064012100026, 1.00000042674731060, 0.00000000000000000, -12.00000000000000000]
    [-1.00000042674731060, -0.00000064012100026, -0.00000000000000000, 4.00000000000000000]
    [-0.00000000000000000, 0.00000000000000000, 1.00000042674751533, 1.00000000000000000]
  #69 objects/buildingsets/human/template/int/railing/open/railing_open_straight_02x0025x01125_a.cgf
    [-0.00000064012100026, -1.00000042674731060, 0.00000000000000000, 12.00000000000000000]
    [1.00000042674731060, -0.00000064012100026, 0.00000000000000000, 2.00000000000000000]
    [0.00000000000000000, 0.00000000000000000, 1.00000042674751533, 1.00000000000000000]
  #70 Data/ObjectContainers/PU/loc/mod/ugf/util/rm/sub/bulk/road/sub_ind_bulk_road_003_occu_001//Brush/designer_345.cgf
    [1.00000000000000000, 0.00000000000000000, 0.00000000000000000, 11.00000000000000000]
    [0.00000000000000000, 1.00000000000000000, 0.00000000000000000, 3.25000000000000000]
    [0.00000000000000000, 0.00000000000000000, 1.00000000000000000, 1.25000000000000000]
  #71 objects/buildingsets/human/template/int/railing/open/railing_open_straight_02x0025x01125_a.cgf
    [-0.00000064012100026, -1.00000042674731060, 0.00000000000000000, 12.00000000000000000]
    [1.00000042674731060, -0.00000064012100026, 0.00000000000000000, 6.00000000000000000]
    [0.00000000000000000, 0.00000000000000000, 1.00000042674751533, 1.00000000000000000]
  #72 objects/buildingsets/human/template/int/railing/open/railing_open_straight_02x0025x01125_a.cgf
    [-0.00000064012100026, 1.00000042674731060, 0.00000000000000000, -12.00000000000000000]
    [-1.00000042674731060, -0.00000064012100026, -0.00000000000000000, 6.00000000000000000]
    [-0.00000000000000000, 0.00000000000000000, 1.00000042674751533, 1.00000000000000000]
  #73 objects/buildingsets/human/lowtech/prop/light/light_landing_1_a.cgf
    [-0.00000350610905807, -1.00000042674396106, 0.00000000000000000, 4.37500000000000000]
    [1.00000042674396106, -0.00000350610905807, 0.00000000000000000, 8.50000000000000000]
    [0.00000000000000000, 0.00000000000000000, 1.00000042675010747, 0.25000000000000000]
  #74 objects/buildingsets/human/lowtech/prop/light/light_landing_1_a.cgf
    [0.00000222586295115, 1.00000042674518408, 0.00000000000000000, -4.37500000000000000]
    [-1.00000042674518408, 0.00000222586295115, -0.00000000000000000, 3.50000000000000000]
    [-0.00000000000000000, 0.00000000000000000, 1.00000042674766121, 0.25000000000000000]
  #75 objects/buildingsets/human/lowtech/prop/light/light_hung_5_box_b.cgf
    [-1.00000023433032759, -0.00000274441674343, -0.00000068425826933, -0.25000000000000000]
    [0.00000068425995448, -0.46947119947716293, 0.88294805143321753, 9.75000000000000000]
    [-0.00000274441632328, 0.88294805142921762, 0.46947119947716293, 4.75000000000000000]
  #76 objects/buildingsets/human/lowtech/alpha/int/stairs/util_stairs_a_rail_straight_02x01_a.cgf
    [1.00000000000000000, 0.00000000000000000, 0.00000000000000000, -10.00000000000000000]
    [0.00000000000000000, 1.00000000000000000, 0.00000000000000000, 3.50000000000000000]
    [0.00000000000000000, 0.00000000000000000, 1.00000000000000000, 1.25000000000000000]
  #77 objects/buildingsets/human/lowtech/alpha/int/stairs/util_stairs_platform_02x04_a.cgf
    [-1.00000000000000000, 0.00000000000000000, 0.00000000000000000, -6.50000000000000000]
    [0.00000000000000000, -1.00000000000000000, 0.00000000000000000, 3.75000000000000000]
    [0.00000000000000000, 0.00000000000000000, 1.00000000000000000, 8.25000000000000000]
  #78 objects/buildingsets/human/lowtech/alpha/int/stairs/util_stairs_a_rail_straight_02x01_a.cgf
    [-1.00000000000000000, 0.00000000000000000, 0.00000000000000000, 10.00000000000000000]
    [0.00000000000000000, -1.00000000000000000, 0.00000000000000000, 3.50000000000000000]
    [0.00000000000000000, 0.00000000000000000, 1.00000000000000000, 1.25000000000000000]
  #79 objects/buildingsets/human/lowtech/alpha/int/stairs/util_stairs_a_rail_straight_02x01_a.cgf
    [-1.00000000000000000, 0.00000000000000000, 0.00000000000000000, 10.00000000000000000]
    [0.00000000000000000, -1.00000000000000000, 0.00000000000000000, 9.50000000000000000]
    [0.00000000000000000, 0.00000000000000000, 1.00000000000000000, 1.25000000000000000]
  #80 objects/buildingsets/human/lowtech/alpha/int/stairs/util_stairs_platform_02x04_a.cgf
    [-0.00000064012100026, -1.00000042674731060, 0.00000000000000000, -10.25000000000000000]
    [1.00000042674731060, -0.00000064012100026, 0.00000000000000000, 6.00000000000000000]
    [0.00000000000000000, 0.00000000000000000, 1.00000042674751533, 8.25000000000000000]
  #81 objects/buildingsets/human/template/int/railing/open/railing_open_straight_02x0025x01125_a.cgf
    [-0.00000064012100026, 1.00000042674731060, 0.00000000000000000, -12.00000000000000000]
    [-1.00000042674731060, -0.00000064012100026, -0.00000000000000000, 8.00000000000000000]
    [-0.00000000000000000, 0.00000000000000000, 1.00000042674751533, 1.00000000000000000]
  #82 objects/buildingsets/human/lowtech/alpha/int/stairs/util_stairs_platform_02x04_a.cgf
    [-0.00000064012100026, -1.00000042674731060, 0.00000000000000000, -10.25000000000000000]
    [1.00000042674731060, -0.00000064012100026, 0.00000000000000000, 2.00000000000000000]
    [0.00000000000000000, 0.00000000000000000, 1.00000042674751533, 8.25000000000000000]
  #83 objects/buildingsets/human/lowtech/prop/light/light_landing_1_a.cgf
    [0.00000222586295115, 1.00000042674518408, 0.00000000000000000, -4.37500000000000000]
    [-1.00000042674518408, 0.00000222586295115, -0.00000000000000000, 8.50000000000000000]
    [-0.00000000000000000, 0.00000000000000000, 1.00000042674766121, 0.25000000000000000]
  #84 objects/buildingsets/human/lowtech/prop/light/light_landing_1_a.cgf
    [-0.00000350610905807, -1.00000042674396106, 0.00000000000000000, 4.37500000000000000]
    [1.00000042674396106, -0.00000350610905807, 0.00000000000000000, 3.50000000000000000]
    [0.00000000000000000, 0.00000000000000000, 1.00000042675010747, 0.25000000000000000]
  #85 objects/buildingsets/human/lowtech/alpha/int/stairs/util_stairs_a_rail_straight_02x01_a.cgf
    [1.00000000000000000, 0.00000000000000000, 0.00000000000000000, -10.00000000000000000]
    [0.00000000000000000, 1.00000000000000000, 0.00000000000000000, 1.50000000000000000]
    [0.00000000000000000, 0.00000000000000000, 1.00000000000000000, 1.25000000000000000]
  #86 objects/buildingsets/human/lowtech/alpha/int/stairs/util_stairs_a_rail_straight_02x01_a.cgf
    [-1.00000000000000000, 0.00000000000000000, 0.00000000000000000, 10.00000000000000000]
    [0.00000000000000000, -1.00000000000000000, 0.00000000000000000, 7.50000000000000000]
    [0.00000000000000000, 0.00000000000000000, 1.00000000000000000, 1.25000000000000000]
  #87 objects/buildingsets/reference/scale_ref/scale_ref_railing_lean_a.cgf
    [-0.00000064012100026, -1.00000042674731060, 0.00000000000000000, -7.43750000000000000]
    [1.00000042674731060, -0.00000064012100026, 0.00000000000000000, 4.06250000000000000]
    [0.00000000000000000, 0.00000000000000000, 1.00000042674751533, 1.18750000000000000]
  #88 objects/buildingsets/human/lowtech/alpha/int/stairs/util_stairs_a_rail_straight_02x01_a.cgf
    [1.00000000000000000, 0.00000000000000000, 0.00000000000000000, -10.00000000000000000]
    [0.00000000000000000, 1.00000000000000000, 0.00000000000000000, 7.50000000000000000]
    [0.00000000000000000, 0.00000000000000000, 1.00000000000000000, 1.25000000000000000]
  #89 objects/buildingsets/human/lowtech/alpha/int/stairs/util_stairs_platform_02x04_a.cgf
    [-1.00000000000000000, 0.00000000000000000, 0.00000000000000000, -6.50000000000000000]
    [0.00000000000000000, -1.00000000000000000, 0.00000000000000000, 10.75000000000000000]
    [0.00000000000000000, 0.00000000000000000, 1.00000000000000000, 8.25000000000000000]
  #90 objects/buildingsets/human/lowtech/alpha/int/stairs/util_stairs_a_rail_straight_02x01_a.cgf
    [-1.00000000000000000, 0.00000000000000000, 0.00000000000000000, 10.00000000000000000]
    [0.00000000000000000, -1.00000000000000000, 0.00000000000000000, 5.50000000000000000]
    [0.00000000000000000, 0.00000000000000000, 1.00000000000000000, 1.25000000000000000]
  #91 objects/buildingsets/human/lowtech/prop/light/light_hazard_1_a.cgf
    [-0.37447100877761841, 0.00000000000000000, 0.00000000000000000, -9.91276900000002570]
    [0.00000000000000000, -0.37447100877761841, 0.00000000000000000, 7.75000000000000000]
    [0.00000000000000000, 0.00000000000000000, 0.37447100877761841, 2.36568099999999992]
  #92 objects/buildingsets/human/lowtech/alpha/int/stairs/util_stairs_platform_02x04_a.cgf
    [-1.00000000000000000, 0.00000000000000000, 0.00000000000000000, 1.50000000000000000]
    [0.00000000000000000, -1.00000000000000000, 0.00000000000000000, 3.75000000000000000]
    [0.00000000000000000, 0.00000000000000000, 1.00000000000000000, 8.25000000000000000]
  #93 objects/buildingsets/human/lowtech/prop/light/light_hazard_1_a.cgf
    [-0.37447100877761841, 0.00000000000000000, 0.00000000000000000, -9.91276900000002570]
    [0.00000000000000000, -0.37447100877761841, 0.00000000000000000, 4.25000000000000000]
    [0.00000000000000000, 0.00000000000000000, 0.37447100877761841, 2.36568099999999992]
  #94 objects/buildingsets/human/template/int/railing/open/railing_open_straight_02x0025x01125_a.cgf
    [-1.00000000000000000, 0.00000000000000000, 0.00000000000000000, -10.00000000000000000]
    [0.00000000000000000, -1.00000000000000000, 0.00000000000000000, 8.00000000000000000]
    [0.00000000000000000, 0.00000000000000000, 1.00000000000000000, 1.00000000000000000]
  #95 objects/buildingsets/human/lowtech/alpha/int/stairs/util_stairs_platform_02x04_a.cgf
    [-1.00000000000000000, 0.00000000000000000, 0.00000000000000000, -2.50000000000000000]
    [0.00000000000000000, -1.00000000000000000, 0.00000000000000000, 10.75000000000000000]
    [0.00000000000000000, 0.00000000000000000, 1.00000000000000000, 8.25000000000000000]
  #96 objects/buildingsets/human/lowtech/alpha/int/stairs/util_stairs_a_rail_straight_08x01_a.cgf
    [-1.00000000000000000, 0.00000000000000000, 0.00000000000000000, -7.00000000000000000]
    [0.00000000000000000, -1.00000000000000000, 0.00000000000000000, 9.75000000000000000]
    [0.00000000000000000, 0.00000000000000000, 1.00000000000000000, 1.25000000000000000]
  #97 objects/buildingsets/human/lowtech/alpha/int/stairs/util_stairs_a_rail_straight_02x01_a.cgf
    [1.00000000000000000, 0.00000000000000000, 0.00000000000000000, -10.00000000000000000]
    [0.00000000000000000, 1.00000000000000000, 0.00000000000000000, 5.50000000000000000]
    [0.00000000000000000, 0.00000000000000000, 1.00000000000000000, 1.25000000000000000]
  #98 objects/buildingsets/human/lowtech/alpha/int/stairs/util_stairs_a_rail_addon_light_a.cgf
    [-1.00000000000000000, 0.00000000000000000, 0.00000000000000000, -10.00000000000000000]
    [0.00000000000000000, -1.00000000000000000, 0.00000000000000000, 7.75000000000000000]
    [0.00000000000000000, 0.00000000000000000, 1.00000000000000000, 1.25000000000000000]
  #99 objects/buildingsets/human/lowtech/alpha/int/stairs/util_stairs_platform_02x04_a.cgf
    [-1.00000000000000000, 0.00000000000000000, 0.00000000000000000, -2.50000000000000000]
    [0.00000000000000000, -1.00000000000000000, 0.00000000000000000, 3.75000000000000000]
    [0.00000000000000000, 0.00000000000000000, 1.00000000000000000, 8.25000000000000000]
  #100 objects/buildingsets/human/lowtech/alpha/int/stairs/util_stairs_a_rail_addon_light_a.cgf
    [-1.00000000000000000, 0.00000000000000000, 0.00000000000000000, -10.00000000000000000]
    [0.00000000000000000, -1.00000000000000000, 0.00000000000000000, 4.25000000000000000]
    [0.00000000000000000, 0.00000000000000000, 1.00000000000000000, 1.25000000000000000]
  #101 objects/buildingsets/human/lowtech/alpha/int/stairs/util_stairs_a_rail_straight_08x01_a.cgf
    [1.00000000000000000, 0.00000000000000000, 0.00000000000000000, 7.00000000000000000]
    [0.00000000000000000, 1.00000000000000000, 0.00000000000000000, 2.25000000000000000]
    [0.00000000000000000, 0.00000000000000000, 1.00000000000000000, 1.25000000000000000]
  #102 objects/buildingsets/human/lowtech/alpha/int/stairs/util_stairs_platform_02x04_a.cgf
    [-1.00000000000000000, 0.00000000000000000, 0.00000000000000000, 1.50000000000000000]
    [0.00000000000000000, -1.00000000000000000, 0.00000000000000000, 10.75000000000000000]
    [0.00000000000000000, 0.00000000000000000, 1.00000000000000000, 8.25000000000000000]
