# IncludedObjects
# Cgfs: 48, Materials: 11, Palettes: 1, Placements: 259

[CGFs]
      0: objects/buildingsets/human/hightech/prop/storage/crate/crate_dry_1_01x005x005_a.cgf
      1: objects/buildingsets/human/universal/prop/food/mre/food_ration_pack_b.cgf
      2: objects/buildingsets/human/lowtech/alpha/ext/prop/shipping_container_yellow.cgf
      3: objects/buildingsets/human/hightech/prop/storage/crate/crate_dry_1_0125x0125x0125_a.cgf
      4: objects/buildingsets/human/hightech/prop/storage/crate/crate_dry_1_015x0075x0075_a.cgf
      5: objects/buildingsets/human/hightech/prop/storage/pallet/pallet_shipping_1_025x0125x00125_a.cgf
      6: objects/buildingsets/human/universal/prop/food/jar/jar_glass_1_berries_d.cgf
      7: objects/buildingsets/human/universal/prop/dressing/stationery/stationery_postnote_3_c.cgf
      8: objects/buildingsets/human/lowtech/prop/maintenance/trolley/trolley_mobile_1_a.cgf
      9: objects/buildingsets/human/lowtech/bravo/int/cable/cable_straight_08x01x02_e.cgf
     10: objects/buildingsets/human/hightech/prop/machine/generator/generator_mobile_1_a.cgf
     11: objects/buildingsets/human/lowtech/prop/light/light_hazard_2_d.cgf
     12: objects/buildingsets/human/lowtech/prop/storage/container/container_dry_2_025x05x025_a.cgf
     13: objects/buildingsets/human/hightech/delta/ext/outpost/base/base_floor_14x14x02_a.cgf
     14: objects/planet/manmade/mining/mining_structure_set_01/mining_structure_tower_01.cgf
     15: objects/buildingsets/human/lowtech/alpha/ext/prop/shipping_container_1_025x05x025_a.cgf
     16: objects/buildingsets/human/hightech/prop/light/flood_light/flood_light_frame_a.cgf
     17: objects/buildingsets/human/hightech/prop/storage/pallet/pallet_01_018_0016_a.cgf
     18: objects/buildingsets/human/hightech/prop/storage/crate/crate_dry_1_0125x00625x00625_a.cgf
     19: objects/buildingsets/human/hightech/prop/storage/crate/crate_dry_1_stack_02.cgf
     20: objects/buildingsets/human/hightech/prop/storage/crate/crate_01x005x005_a.cgf
     21: objects/buildingsets/human/hightech/prop/furniture/locker/locker_personal_1_closed_a.cgf
     22: objects/buildingsets/human/hightech/prop/storage/crate/crate_016x008x008_open_c.cgf
     23: objects/buildingsets/human/universal/prop/dressing/stationery/stationery_postnote_1_a.cgf
     24: objects/buildingsets/human/hightech/prop/tech/datapad/datapad_tablet_2_noscreen_a.cgf
     25: objects/buildingsets/human/universal/prop/tech/laptop/laptop_cased_1_open_a.cgf
     26: objects/buildingsets/human/lowtech/prop/utilitarian/structure/structure_post_8_a.cgf
     27: objects/buildingsets/human/lowtech/prop/light/light_hazard_2_b.cgf
     28: objects/buildingsets/human/hightech/prop/storage/crate/crate_dry_1_0125x0125x0125_stack_a.cgf
     29: objects/buildingsets/human/universal/prop/toolbox/box_toolbox_1_a_075x0375x0375.cgf
     30: objects/planet/manmade/mining/mining_structure_set_01/mining_structure_tank_01.cgf
     31: objects/buildingsets/human/lowtech/bravo/int/prop/light/light_cold_ceiling_b.cgf
     32: objects/buildingsets/human/lowtech/prop/light/light_landing_2_a.cgf
     33: objects/buildingsets/human/universal/prop/dressing/stationery/stationery_postnote_3_a.cgf
     34: objects/buildingsets/human/lowtech/prop/storage/container/container_dry_3_025x05x025_a.cgf
     35: objects/buildingsets/human/lowtech/bravo/int/prop/light/light_cold_floor_b.cgf
     36: objects/buildingsets/human/hightech/prop/storage/crate/crate_dry_1_stack_03.cgf
     37: objects/buildingsets/human/universal/prop/dressing/stationery/stationery_pen_1_b.cgf
     38: objects/buildingsets/human/hightech/prop/storage/crate/crate_dry_1_stack_01.cgf
     39: objects/buildingsets/human/lowtech/prop/storage/crate/crate_weapon_4_015x0075x0075_a.cgf
     40: objects/buildingsets/human/lowtech/prop/storage/drum/drum_dry_1_a.cgf
     41: objects/buildingsets/human/lowtech/prop/utilitarian/structure/structure_post_3_a.cgf
     42: objects/buildingsets/human/lowtech/prop/storage/container/container_dry_3_025x025x025_a.cgf
     43: objects/buildingsets/human/lowtech/bravo/int/cable/cable_curved_02x01x02_a.cgf
     44: objects/buildingsets/human/lowtech/bravo/ext/hero/storage_tower_a.cgf
     45: objects/buildingsets/human/lowtech/prop/utilitarian/machine/machine_forklift_1_a.cgf
     46: objects/buildingsets/human/lowtech/prop/utilitarian/machine/machine_sledge_1_a.cgf
     47: objects/buildingsets/human/lowtech/prop/utilitarian/storage/storage_container_1_025x075x025_a.cgf

[Materials]
      0: objects/buildingsets/human/lowtech/alpha/ext/prop/shipping_container_grey_a
      1: materials/decals/tracks/tyre_track_a
      2: objects/buildingsets/human/lowtech/alpha/ext/prop/shipping_container_red_a
      3: materials/decals/frost/frost_square_a
      4: materials/decals/dust/dust_generic_terrain_01_yellow
      5: objects/buildingsets/human/lowtech/alpha/ext/prop/shipping_container_white_a
      6: materials/decals/frost/frost_streak_b
      7: objects/buildingsets/human/lowtech/alpha/ext/prop/shipping_container_orange_a
      8: objects/buildingsets/human/hightech/prop/hightech_prop_main_a
      9: materials/decals/dust/dust_generic_terrain_01_green
     10: objects/buildingsets/human/lowtech/bravo/ext/lowtech_bravo_ext_hurston_a

[Palettes]
      0: Libs/Foundry/Records/TintPalettes/default

[Placements]
  #0 objects/buildingsets/human/hightech/prop/storage/crate/crate_dry_1_01x005x005_a.cgf
    [0.00000058184969904, -0.97500000857653391, -0.00000020784330049, 11.44466059625847265]
    [0.97500000857652180, 0.00000058184975413, -0.00000025822516596, -3.38702452203142457]
    [0.00000025822528999, -0.00000020784314639, 0.97500000857667313, 0.80267761339200661]
  #1 objects/buildingsets/human/universal/prop/food/mre/food_ration_pack_b.cgf
    [-0.99999996050130890, -0.00000007242625211, -0.00000023705883357, 13.17893538193311542]
    [0.00000014913730549, -0.93969259301410479, -0.34202010414168149, -6.81152976953308098]
    [-0.00000019799120354, -0.34202010414170636, 0.93969259301408703, 0.37312768193078227]
  #2 objects/buildingsets/human/lowtech/alpha/ext/prop/shipping_container_yellow.cgf
    [-0.99999998269481205, -0.00000035919760545, -0.00000005135931347, 66.14706333511276171]
    [0.00000035919760843, -0.99999998269481172, -0.00000005797554249, -38.15512142240186222]
    [-0.00000005135929265, -0.00000005797556094, 0.99999998269487445, 4.70258462443598546]
  #3 objects/buildingsets/human/hightech/prop/storage/crate/crate_dry_1_0125x0125x0125_a.cgf
    [-1.00000000716221904, -0.00000063532914592, 0.00000025326831006, 10.77776942358468659]
    [0.00000063532909182, -1.00000000716222814, -0.00000021363266333, -6.87343465886078775]
    [0.00000025326844578, -0.00000021363250242, 1.00000000716239690, 0.19535036361776292]
  #4 objects/buildingsets/human/hightech/prop/storage/crate/crate_dry_1_015x0075x0075_a.cgf
    [0.99999999244096849, 0.00000008950949368, -0.00000029033463815, 8.40276940920739435]
    [-0.00000008950948372, 0.99999999244101012, 0.00000003430324554, -5.90550755488220602]
    [0.00000029033464122, -0.00000003430321956, 0.99999999244097193, 1.07035031824489124]
  #5 objects/buildingsets/human/universal/prop/food/mre/food_ration_pack_b.cgf
    [-0.99999996050130890, -0.00000007242625211, -0.00000023705883357, 12.92893561872188002]
    [0.00000014913730549, -0.93969259301410479, -0.34202010414168149, -7.06152976790326647]
    [-0.00000019799120354, -0.34202010414170636, 0.93969259301408703, 0.37312767314142548]
  #6 objects/buildingsets/human/universal/prop/food/mre/food_ration_pack_b.cgf
    [-0.99999996050130890, -0.00000007242625211, -0.00000023705883357, 12.92893561793607660]
    [0.00000014913730549, -0.93969259301410479, -0.34202010414168149, -7.18652976781595498]
    [-0.00000019799120354, -0.34202010414170636, 0.93969259301408703, 0.37312767168623395]
  #7 objects/buildingsets/human/hightech/prop/storage/pallet/pallet_shipping_1_025x0125x00125_a.cgf
    [0.00000095844897725, 1.39999991896549081, -0.00000032113992303, 9.15276941945194267]
    [1.39999991896546305, -0.00000095844907586, -0.00000042536165488, -7.49843464806326665]
    [-0.00000042536187474, -0.00000032113963182, -1.39999991896575482, 0.19535031780833378]
  #8 objects/buildingsets/human/universal/prop/food/jar/jar_glass_1_berries_d.cgf
    [-0.50000016258892743, 0.00000036176237598, -0.86602532444084479, 8.93927700998028740]
    [0.00000018862467631, 1.00000001258091187, 0.00000030882470081, -4.66719216163619421]
    [0.86602532444089986, -0.00000000894134577, -0.50000016258896296, 1.65443831303855404]
  #9 objects/buildingsets/human/universal/prop/food/jar/jar_glass_1_berries_d.cgf
    [-0.50000016258892743, 0.00000036176237598, -0.86602532444084479, 8.93927700782660395]
    [0.00000018862467631, 1.00000001258091187, 0.00000030882470081, -4.54219210345763713]
    [0.86602532444089986, -0.00000000894134577, -0.50000016258896296, 1.77943831452284940]
  #10 objects/buildingsets/human/universal/prop/dressing/stationery/stationery_postnote_3_c.cgf
    [0.00000050904763195, -1.00000000219969598, -0.00000025083865419, 8.45219832964357920]
    [0.98480783298426322, 0.00000054487165877, -0.17364773678990744, -4.57934475364163518]
    [0.17364773679001613, -0.00000015863290186, 0.98480783298438179, 2.25388376470073126]
  #11 objects/buildingsets/human/hightech/prop/storage/crate/crate_dry_1_0125x0125x0125_a.cgf
    [0.99999999958910146, 0.00000005224204841, -0.00000003698659826, 63.89706339946133085]
    [-0.00000005224204770, 0.99999999958910191, 0.00000001933607814, -37.40512137892073952]
    [0.00000003698659927, -0.00000001933607621, 0.99999999958910257, 2.20258457958698273]
  #12 objects/buildingsets/human/hightech/prop/storage/pallet/pallet_shipping_1_025x0125x00125_a.cgf
    [1.39999996735359677, -0.00000089346865351, -0.00000047528894368, 11.77776944759534672]
    [-0.00000089346852549, -1.39999996735362653, 0.00000037709395699, -3.24843466540914960]
    [-0.00000047528918434, -0.00000037709365367, -1.39999996735383103, 0.19535042883944698]
  #13 objects/buildingsets/human/universal/prop/food/jar/jar_glass_1_berries_d.cgf
    [-0.50000016258892743, 0.00000036176237598, -0.86602532444084479, 8.93927699810592458]
    [0.00000018862467631, 1.00000001258091187, 0.00000030882470081, -4.66719216736964881]
    [0.86602532444089986, -0.00000000894134577, -0.50000016258896296, 2.15443831303855404]
  #14 objects/buildingsets/human/lowtech/prop/maintenance/trolley/trolley_mobile_1_a.cgf
    [-0.98480894163999511, -0.17364186283524138, -0.00021789244145164, -68.97081932338187471]
    [0.17356385095733046, -0.98432730445432093, -0.03123368192589900, -0.21384480581036769]
    [0.00520899672397762, -0.03079702448117127, 0.99951218360574834, -0.78442130461917259]
  #15 objects/buildingsets/human/lowtech/bravo/int/cable/cable_straight_08x01x02_e.cgf
    [-0.15333606241729686, 0.06444983724485753, -0.00909437277197017, -69.99630920655908994]
    [-0.06505551235204934, -0.15249427030849744, 0.01617760830087699, -1.77891496583470143]
    [-0.00206626465307145, 0.01844324203700706, 0.16554157951461360, -0.24941738275811076]
  #16 objects/buildingsets/human/hightech/prop/machine/generator/generator_mobile_1_a.cgf
    [-0.98480894163999511, -0.17364186283524138, -0.00021789244145164, -68.81434233125764877]
    [0.17356385095733046, -0.98432730445432093, -0.03123368192589900, 0.40506443066988140]
    [0.00520899672397762, -0.03079702448117127, 0.99951218360574834, -0.19282743593794294]
  #17 objects/buildingsets/human/lowtech/prop/light/light_hazard_2_d.cgf
    [-0.99999995801522235, 0.00000058957921841, 0.00000039787032713, 17.10985658620484173]
    [-0.00000058957937637, -0.99999995801522268, -0.00000039701977491, 36.10380481701577082]
    [0.00000039787009305, -0.00000039702000948, 0.99999995801531683, 32.69751671396079473]
  #18 objects/buildingsets/human/lowtech/prop/storage/container/container_dry_2_025x05x025_a.cgf
    [-0.99999998269481205, -0.00000035919760545, -0.00000005135931347, 56.14706334334914573]
    [0.00000035919760843, -0.99999998269481172, -0.00000005797554249, -36.90512135621975176]
    [-0.00000005135929265, -0.00000005797556094, 0.99999998269487445, 4.70258440109319054]
  #19 objects/buildingsets/human/hightech/delta/ext/outpost/base/base_floor_14x14x02_a.cgf
    [-0.99999998140864510, -0.00000000075060434, -0.00000002395113333, 68.14706348834442906]
    [0.00000000075060434, -0.99999998140864554, -0.00000000000000010, -31.15512138418853283]
    [-0.00000002395113333, -0.00000000000000012, 0.99999998140864477, 0.20258475208538584]
  #20 objects/planet/manmade/mining/mining_structure_set_01/mining_structure_tower_01.cgf
    [-0.00000038585082642, -0.99999996063949159, 0.00000032173493941, 17.12502124503953382]
    [0.99999996063948426, -0.00000038585093700, -0.00000034352004436, 37.50004590160096996]
    [0.00000034352016850, 0.00000032173480686, 0.99999996063950680, -2.74069031001999974]
  #21 objects/buildingsets/human/hightech/prop/machine/generator/generator_mobile_1_a.cgf
    [-0.98480894163999511, -0.17364186283524138, -0.00021789244145164, -69.03626994899241254]
    [0.17356385095733046, -0.98432730445432093, -0.03123368192589900, -0.85298074080492370]
    [0.00520899672397762, -0.03079702448117127, 0.99951218360574834, -0.23218899843050167]
  #22 objects/buildingsets/human/hightech/prop/storage/crate/crate_dry_1_0125x0125x0125_a.cgf
    [0.99999999958910146, 0.00000005224204841, -0.00000003698659826, 62.39706339946133085]
    [-0.00000005224204770, 0.99999999958910191, 0.00000001933607814, -37.40512136902543716]
    [0.00000003698659927, -0.00000001933607621, 0.99999999958910257, 2.20258454393479042]
  #23 objects/buildingsets/human/lowtech/alpha/ext/prop/shipping_container_1_025x05x025_a.cgf
    [-0.99999998269481205, -0.00000035919760545, -0.00000005135931347, 63.14706337795360014]
    [0.00000035919760843, -0.99999998269481172, -0.00000005797554249, -40.65512137394398451]
    [-0.00000005135929265, -0.00000005797556094, 0.99999998269487445, 2.20258452452253550]
  #24 objects/buildingsets/human/hightech/prop/light/flood_light/flood_light_frame_a.cgf
    [-0.00000038938974035, -1.00000000630788022, 0.00000029284431938, 25.12761757272528484]
    [1.00000000630779073, -0.00000038938989090, -0.00000051439105545, -4.08239753887755796]
    [0.00000051439116948, 0.00000029284411908, 1.00000000630782337, 0.36876471375580877]
  #25 objects/buildingsets/human/hightech/prop/storage/pallet/pallet_01_018_0016_a.cgf
    [0.99999997664991269, 0.00000041850370646, 0.00000060871334611, 8.65276941648335196]
    [-0.00000052679305200, -0.17364848671657929, 0.98480767480820153, -4.12642442592186853]
    [0.00000051784782554, -0.98480767480825349, -0.17364848671631145, 1.25910168443806469]
  #26 objects/buildingsets/human/hightech/prop/storage/crate/crate_dry_1_0125x00625x00625_a.cgf
    [0.00000068816065650, -1.00000001861797538, -0.00000024610987035, 9.15276942239142954]
    [1.00000001861796783, 0.00000068816072423, -0.00000027502565638, -6.66293731902260333]
    [0.00000027502582575, -0.00000024610968109, 1.00000001861817389, 0.19535031865234487]
  #27 objects/buildingsets/human/hightech/prop/storage/crate/crate_dry_1_0125x00625x00625_a.cgf
    [0.00000068816065650, -1.00000001861797538, -0.00000024610987035, 8.55172001148457639]
    [1.00000001861796783, 0.00000068816072423, -0.00000027502565638, -6.64681831331108697]
    [0.00000027502582575, -0.00000024610968109, 1.00000001861817389, 0.82035028983955272]
  #28 objects/buildingsets/human/hightech/prop/storage/crate/crate_dry_1_0125x00625x00625_a.cgf
    [-0.97500003082502151, -0.00000061944593258, 0.00000024693660840, 11.79860284386086278]
    [0.00000061944587983, -0.97500003082503051, -0.00000020829185176, -3.67164015211164951]
    [0.00000024693674073, -0.00000020829169487, 0.97500003082519504, 0.19535046411328949]
  #29 objects/buildingsets/human/hightech/prop/storage/crate/crate_dry_1_0125x0125x0125_a.cgf
    [0.00000068816065650, -1.00000001861797538, -0.00000024610987035, 8.87567884495365433]
    [1.00000001861796783, 0.00000068816072423, -0.00000027502565638, -7.87343466322636232]
    [0.00000027502582575, -0.00000024610968109, 1.00000001861817389, 0.19535029557300732]
  #30 objects/buildingsets/human/hightech/prop/storage/crate/crate_dry_1_0125x00625x00625_a.cgf
    [0.00000068816065650, -1.00000001861797538, -0.00000024610987035, 9.77776942582568154]
    [1.00000001861796783, 0.00000068816072423, -0.00000027502565638, -6.64943511525052600]
    [0.00000027502582575, -0.00000024610968109, 1.00000001861817389, 0.19535034362343140]
  #31 objects/buildingsets/human/lowtech/alpha/ext/prop/shipping_container_yellow.cgf
    [0.99999996306346539, 0.00000016956426366, -0.00000000675550708, 59.14706333511276171]
    [-0.00000016956426373, 0.99999996306346539, -0.00000000987252775, -38.15512137606856413]
    [0.00000000675550540, 0.00000000987252889, 0.99999996306347971, 4.70258445804938674]
  #32 objects/buildingsets/human/lowtech/alpha/ext/prop/shipping_container_yellow.cgf
    [0.99999996306346539, 0.00000016956426366, -0.00000000675550708, 66.14706339451367967]
    [-0.00000016956426373, 0.99999996306346539, -0.00000000987252775, -38.15512139385100454]
    [0.00000000675550540, 0.00000000987252889, 0.99999996306347971, 2.20258462446508929]
  #33 objects/buildingsets/human/universal/prop/food/jar/jar_glass_1_berries_d.cgf
    [0.99997771434837968, 0.00667099034645505, -0.00000012759551023, 11.61784310304210521]
    [-0.00667099034644709, 0.99997771434838600, 0.00000006274004190, -6.78646041359752417]
    [0.00000012801120929, -0.00000006188745741, 0.99999996565280358, 1.28030631528235972]
  #34 objects/buildingsets/human/hightech/prop/storage/crate/crate_dry_1_stack_02.cgf
    [0.00000068816065650, -1.00000001861797538, -0.00000024610987035, 9.15276942271157168]
    [1.00000001861796783, 0.00000068816072423, -0.00000027502565638, -6.99843464809237048]
    [0.00000027502582575, -0.00000024610968109, 1.00000001861817389, 0.19535032357089221]
  #35 objects/buildingsets/human/hightech/prop/storage/crate/crate_dry_1_0125x0125x0125_a.cgf
    [0.00000058483348524, -0.98000000372983986, 0.00000023218095853, 10.58545002999017015]
    [0.98000000372984553, 0.00000058483343617, -0.00000020700016608, -3.36978104306035675]
    [0.00000020700002752, 0.00000023218108206, 0.98000000372999241, 0.18286819438799284]
  #36 objects/buildingsets/human/hightech/prop/storage/crate/crate_dry_1_01x005x005_a.cgf
    [0.00000059676890750, -0.99999998434325776, -0.00000021317261075, 12.66874575777910650]
    [0.99999998434324533, 0.00000059676896401, -0.00000026484631751, -3.25879813617211767]
    [0.00000026484644472, -0.00000021317245270, 0.99999998434340054, 0.16598246624926105]
  #37 objects/buildingsets/human/hightech/prop/storage/crate/crate_dry_1_015x0075x0075_a.cgf
    [-0.00000004205556797, -1.00000002775624131, -0.00000021885366666, 9.02776944538345560]
    [-0.00000017197575297, 0.00000021885367404, -1.00000002775622754, -3.12343464870355092]
    [1.00000002775625063, -0.00000004205553045, -0.00000017197576207, 0.32035036492743529]
  #38 objects/buildingsets/human/hightech/prop/storage/crate/crate_01x005x005_a.cgf
    [0.08715563504553013, 0.99619468230246111, 0.00000004745097158, 11.08143693942110986]
    [-0.99619468230246222, 0.08715563504553013, 0.00000000302623308, -6.83864916604943573]
    [-0.00000000112090229, -0.00000004753416002, 0.99999997488394521, 1.44535037124296650]
  #39 objects/buildingsets/human/universal/prop/food/mre/food_ration_pack_b.cgf
    [-0.99999996050130890, -0.00000007242625211, -0.00000023705883357, 13.17893537945928983]
    [0.00000014913730549, -0.93969259301410479, -0.34202010414168149, -7.18652976950397715]
    [-0.00000019799120354, -0.34202010414170636, 0.93969259301408703, 0.37312767759431154]
  #40 objects/buildingsets/human/hightech/prop/storage/pallet/pallet_shipping_1_025x0125x00125_a.cgf
    [-0.00000073852817989, -1.39999996066646348, 0.00000029857226885, 9.15276944261859171]
    [-1.39999996066643151, 0.00000073852827013, 0.00000042276234436, -3.99843464812147431]
    [-0.00000042276250186, -0.00000029857204584, -1.39999996066659449, 0.19535035791341215]
  #41 objects/buildingsets/human/hightech/prop/furniture/locker/locker_personal_1_closed_a.cgf
    [1.75000002902647744, -0.00000072491111224, -0.00000125393165360, 9.15276945926598273]
    [-0.00000125393187969, -0.00000054580641175, -1.75000002902654272, -5.74843463450088166]
    [0.00000072491072115, 1.75000002902684182, -0.00000054580693117, -0.99214966205181554]
  #42 objects/buildingsets/human/universal/prop/food/mre/food_ration_pack_b.cgf
    [-0.99999996050130890, -0.00000007242625211, -0.00000023705883357, 12.92893562119570561]
    [0.00000014913730549, -0.93969259301410479, -0.34202010414168149, -6.68652988708345219]
    [-0.00000019799120354, -0.34202010414170636, 0.93969259301408703, 0.37312767741968855]
  #43 objects/buildingsets/human/universal/prop/food/jar/jar_glass_1_berries_d.cgf
    [-0.50000016258892743, 0.00000036176237598, -0.86602532444084479, 8.93927700919448398]
    [0.00000018862467631, 1.00000001258091187, 0.00000030882470081, -4.79219216160709038]
    [0.86602532444089986, -0.00000000894134577, -0.50000016258896296, 1.65443831161246635]
  #44 objects/buildingsets/human/universal/prop/food/jar/jar_glass_1_berries_d.cgf
    [-0.50000016258892743, 0.00000036176237598, -0.86602532444084479, 8.93927700704080053]
    [0.00000018862467631, 1.00000001258091187, 0.00000030882470081, -4.66719216303317808]
    [0.86602532444089986, -0.00000000894134577, -0.50000016258896296, 1.77943831303855404]
  #45 objects/buildingsets/human/hightech/prop/storage/pallet/pallet_01_018_0016_a.cgf
    [0.00000052789593357, -0.99999999167317066, -0.00000021891233069, 9.15276944590732455]
    [0.99999999167315778, 0.00000052789599296, -0.00000027127396258, -3.49843464812147431]
    [0.00000027127407815, -0.00000021891218749, 0.99999999167327269, 0.19535036361776292]
  #46 objects/buildingsets/human/universal/prop/food/jar/jar_glass_1_berries_d.cgf
    [-0.50000016258892743, 0.00000036176237598, -0.86602532444084479, 8.93927701082429849]
    [0.00000018862467631, 1.00000001258091187, 0.00000030882470081, -4.54219210200244561]
    [0.86602532444089986, -0.00000000894134577, -0.50000016258896296, 1.65443831446464173]
  #47 objects/buildingsets/human/hightech/prop/storage/crate/crate_016x008x008_open_c.cgf
    [0.00000052067912920, 0.00000006547096660, -1.00000006130324293, 9.15276940228068270]
    [-0.00000000203372504, -1.00000006130337882, -0.00000006547096766, -4.24843466666061431]
    [-1.00000006130324515, 0.00000000203375913, -0.00000052067912943, 1.82035035503213294]
  #48 objects/buildingsets/human/hightech/prop/storage/crate/crate_dry_1_015x0075x0075_a.cgf
    [-0.00000004205556797, -1.00000002775624131, -0.00000021885366666, 9.90276944707147777]
    [-0.00000017197575297, 0.00000021885367404, -1.00000002775622754, -2.87343465449521318]
    [1.00000002775625063, -0.00000004205553045, -0.00000017197576207, 0.32035038861795329]
  #49 objects/buildingsets/human/universal/prop/food/mre/food_ration_pack_b.cgf
    [-0.99999996050130890, -0.00000007242625211, -0.00000023705883357, 12.92893562288372777]
    [0.00000014913730549, -0.93969259301410479, -0.34202010414168149, -6.43652988711255603]
    [-0.00000019799120354, -0.34202010414170636, 0.93969259301408703, 0.37312768027186394]
  #50 objects/buildingsets/human/hightech/prop/storage/crate/crate_016x008x008_open_c.cgf
    [-0.00000022678980820, 1.00000005699807715, -0.00000008112340575, 12.56243906170129776]
    [-1.00000005699807537, -0.00000022678981631, -0.00000010020508678, -6.81170118640875444]
    [-0.00000010020510518, 0.00000008112338302, 1.00000005699809780, 0.19535040674963966]
  #51 objects/buildingsets/human/universal/prop/food/mre/food_ration_pack_b.cgf
    [-0.99999996050130890, -0.00000007242625211, -0.00000023705883357, 12.92893562035169452]
    [0.00000014913730549, -0.93969259301410479, -0.34202010414168149, -6.81152976790326647]
    [-0.00000019799120354, -0.34202010414170636, 0.93969259301408703, 0.37312767599360086]
  #52 objects/buildingsets/human/hightech/prop/storage/crate/crate_dry_1_01x005x005_a.cgf
    [0.00000068787672120, -1.00000001962143159, -0.00000036960137717, 10.55473519023507833]
    [1.00000001962149221, 0.00000068787667535, 0.00000012405143886, -6.85200394116691314]
    [-0.00000012405118462, -0.00000036960146250, 1.00000001962166007, 1.47446210146881640]
  #53 objects/buildingsets/human/hightech/prop/storage/crate/crate_dry_1_015x0075x0075_a.cgf
    [-0.00000004902720964, -0.99999997076302172, 0.00000000876602476, 9.07689866024884395]
    [0.00000023016061356, -0.00000000876603620, -0.99999997076299640, -8.53777705100947060]
    [0.99999997076299529, -0.00000004902720753, 0.00000023016061378, 0.19535030412953347]
  #54 objects/buildingsets/human/universal/prop/food/mre/food_ration_pack_b.cgf
    [-0.99999996050130890, -0.00000007242625211, -0.00000023705883357, 12.92893562203971669]
    [0.00000014913730549, -0.93969259301410479, -0.34202010414168149, -6.56152982750791125]
    [-0.00000019799120354, -0.34202010414170636, 0.93969259301408703, 0.37312767893308774]
  #55 objects/buildingsets/human/universal/prop/dressing/stationery/stationery_postnote_1_a.cgf
    [0.67022449563351316, 0.68210802752927113, -0.29245118367623879, 11.90844720578752458]
    [-0.74129618144019782, 0.59629000227081141, -0.30808786924311088, -7.31520225611166097]
    [-0.03576349305768909, 0.42328099717883144, 0.90529227357373909, 1.62893173765041865]
  #56 objects/buildingsets/human/hightech/prop/storage/crate/crate_dry_1_015x0075x0075_a.cgf
    [0.99999999244096849, 0.00000008950949368, -0.00000029033463815, 9.90276941453339532]
    [-0.00000008950948372, 0.99999999244101012, 0.00000003430324554, -3.74843466735910624]
    [0.00000029033464122, -0.00000003430321956, 0.99999999244097193, 1.44535037857713178]
  #57 objects/buildingsets/human/hightech/prop/tech/datapad/datapad_tablet_2_noscreen_a.cgf
    [0.70710711373739643, -0.70710645246711445, -0.00000003654226383, 11.77985437255119905]
    [0.70710645246711268, 0.70710711373739732, -0.00000004997438996, -6.50133134354837239]
    [0.00000006117650814, 0.00000000949797608, 1.00000000270932810, 1.20509789692005143]
  #58 objects/buildingsets/human/hightech/prop/storage/crate/crate_dry_1_015x0075x0075_a.cgf
    [-0.00000010578377380, -0.96592593429709972, 0.25881874953388945, 9.93916241577244364]
    [-0.00000000650312450, -0.25881874953389045, -0.96592593429710527, -8.30942498682998121]
    [1.00000002782900510, -0.00000010386241806, 0.00000002109728667, 0.19535032732528634]
  #59 objects/buildingsets/human/hightech/prop/storage/crate/crate_dry_1_01x005x005_a.cgf
    [-0.00000041396631351, 0.99999996045666073, -0.00000022210461787, 8.53844875950017013]
    [-0.99999996045666872, -0.00000041396627277, 0.00000018310933407, -6.54871511046076193]
    [0.00000018310924213, 0.00000022210469367, 0.99999996045672956, 1.47446146106813103]
  #60 objects/buildingsets/human/universal/prop/food/mre/food_ration_pack_b.cgf
    [-0.99999996050130890, -0.00000007242625211, -0.00000023705883357, 13.17893538030330092]
    [0.00000014913730549, -0.93969259301410479, -0.34202010414168149, -7.06152976956218481]
    [-0.00000019799120354, -0.34202010414170636, 0.93969259301408703, 0.37312767907860689]
  #61 objects/buildingsets/human/hightech/prop/furniture/locker/locker_personal_1_closed_a.cgf
    [0.00000134579324273, 0.00000067029870413, 1.74999992584534447, 10.02776944931247272]
    [1.74999992584535535, -0.00000064082467241, -0.00000134579299773, -7.24843464026344009]
    [0.00000064082415667, 1.74999992584574482, -0.00000067029919733, -0.99214965850114822]
  #62 objects/buildingsets/human/hightech/prop/storage/crate/crate_dry_1_015x0075x0075_a.cgf
    [-0.00000018582809274, 0.99999999366935244, -0.00000004179478132, 9.15276942410855554]
    [-0.99999999366934400, -0.00000018582808707, 0.00000013632322261, -3.65550755980075337]
    [0.00000013632321485, 0.00000004179480666, 0.99999999366936010, 1.07035036175511777]
  #63 objects/buildingsets/human/hightech/prop/storage/crate/crate_dry_1_015x0075x0075_a.cgf
    [-0.00000018582809274, 0.99999999366935244, -0.00000004179478132, 9.15276944189099595]
    [-0.99999999366934400, -0.00000018582808707, 0.00000013632322261, -3.65550755124422722]
    [0.00000013632321485, 0.00000004179480666, 0.99999999366936010, 0.32035036181332543]
  #64 objects/buildingsets/human/universal/prop/food/jar/jar_glass_1_berries_d.cgf
    [-0.50000016258892743, 0.00000036176237598, -0.86602532444084479, 8.93927700619678944]
    [0.00000018862467631, 1.00000001258091187, 0.00000030882470081, -4.79219216309138574]
    [0.86602532444089986, -0.00000000894134577, -0.50000016258896296, 1.77943831164157018]
  #65 objects/buildingsets/human/universal/prop/food/jar/jar_glass_1_berries_d.cgf
    [-0.50000016258892743, 0.00000036176237598, -0.86602532444084479, 8.93927700410131365]
    [0.00000018862467631, 1.00000001258091187, 0.00000030882470081, -4.66719216448836960]
    [0.86602532444089986, -0.00000000894134577, -0.50000016258896296, 1.90443831306765787]
  #66 objects/buildingsets/human/hightech/prop/storage/pallet/pallet_01_018_0016_a.cgf
    [0.00000052789593357, -0.99999999167317066, -0.00000021891233069, 9.15276943927165121]
    [0.99999999167315778, 0.00000052789599296, -0.00000027127396258, -4.49843464812147431]
    [0.00000027127407815, -0.00000021891218749, 0.99999999167327269, 0.19535035223816521]
  #67 objects/buildingsets/human/hightech/prop/furniture/locker/locker_personal_1_closed_a.cgf
    [0.00000134579324273, 0.00000067029870413, 1.74999992584534447, 10.02776947576785460]
    [1.74999992584535535, -0.00000064082467241, -0.00000134579299773, -3.24843464029254392]
    [0.00000064082415667, 1.74999992584574482, -0.00000067029919733, -0.99214961263351142]
  #68 objects/buildingsets/human/universal/prop/tech/laptop/laptop_cased_1_open_a.cgf
    [0.64278768810328246, 0.76604437953731108, 0.00000001938778490, 12.05103797980700620]
    [-0.76604437953731108, 0.64278768810328135, 0.00000004092441880, -6.94224490324268118]
    [0.00000001888769155, -0.00000004115761613, 1.00000000169893233, 1.19535039309994318]
  #69 objects/buildingsets/human/universal/prop/food/jar/jar_glass_1_berries_d.cgf
    [-0.50000016258892743, 0.00000036176237598, -0.86602532444084479, 8.93927699892083183]
    [0.00000018862467631, 1.00000001258091187, 0.00000030882470081, -4.54219210776500404]
    [0.86602532444089986, -0.00000000894134577, -0.50000016258896296, 2.15443831446464173]
  #70 objects/buildingsets/human/universal/prop/food/jar/jar_glass_1_berries_d.cgf
    [-0.50000016258892743, 0.00000036176237598, -0.86602532444084479, 8.93927700023050420]
    [0.00000018862467631, 1.00000001258091187, 0.00000030882470081, -4.79219216594356112]
    [0.86602532444089986, -0.00000000894134577, -0.50000016258896296, 2.02943831164157018]
  #71 objects/buildingsets/human/universal/prop/food/mre/food_ration_pack_b.cgf
    [-0.99999996050130890, -0.00000007242625211, -0.00000023705883357, 13.17893538446514867]
    [0.00000014913730549, -0.93969259301410479, -0.34202010414168149, -6.43652988874237053]
    [-0.00000019799120354, -0.34202010414170636, 0.93969259301408703, 0.37312768626725301]
  #72 objects/buildingsets/human/universal/prop/food/jar/jar_glass_1_berries_d.cgf
    [-0.50000016258892743, 0.00000036176237598, -0.86602532444084479, 8.93927700188942254]
    [0.00000018862467631, 1.00000001258091187, 0.00000030882470081, -4.54219210628070869]
    [0.86602532444089986, -0.00000000894134577, -0.50000016258896296, 2.02943831449374557]
  #73 objects/buildingsets/human/universal/prop/food/mre/food_ration_pack_b.cgf
    [-0.99999996050130890, -0.00000007242625211, -0.00000023705883357, 12.92893561956589110]
    [0.00000014913730549, -0.93969259301410479, -0.34202010414168149, -6.93652976787416264]
    [-0.00000019799120354, -0.34202010414170636, 0.93969259301408703, 0.37312767456751317]
  #74 objects/buildingsets/human/hightech/prop/storage/pallet/pallet_shipping_1_025x0125x00125_a.cgf
    [1.39999996735359677, -0.00000089346865351, -0.00000047528894368, 11.77776942113996483]
    [-0.00000089346852549, -1.39999996735362653, 0.00000037709395699, -7.24843466546735726]
    [-0.00000047528918434, -0.00000037709365367, -1.39999996735383103, 0.19535038317553699]
  #75 objects/buildingsets/human/lowtech/prop/utilitarian/structure/structure_post_8_a.cgf
    [0.68199838405403623, 0.73135160815690314, 0.00000072327913379, 42.95579967953381129]
    [-0.73135160815683964, 0.68199838405437130, -0.00000039856529151, -107.50277757694129832]
    [-0.00000078476775605, -0.00000025715086240, 0.99999848530177582, 2.74061973494826816]
  #76 objects/buildingsets/human/lowtech/prop/light/light_hazard_2_b.cgf
    [0.68199838405403623, 0.73135160815690314, 0.00000072327913379, 43.06681077496614307]
    [-0.73135160815683964, 0.68199838405437130, -0.00000039856529151, -107.62182160752126947]
    [-0.00000078476775605, -0.00000025715086240, 0.99999848530177582, 10.69828465289901942]
  #77 objects/buildingsets/human/lowtech/alpha/ext/prop/shipping_container_yellow.cgf
    [-0.99999998269481205, -0.00000035919760545, -0.00000005135931347, 59.14706339451367967]
    [0.00000035919760843, -0.99999998269481172, -0.00000005797554249, -38.15512134748860262]
    [-0.00000005135929265, -0.00000005797556094, 0.99999998269487445, 2.20258445807849057]
  #78 objects/buildingsets/human/hightech/prop/storage/crate/crate_dry_1_0125x0125x0125_stack_a.cgf
    [-1.00000000716221904, -0.00000063532914592, 0.00000025326831006, 10.77776942358468659]
    [0.00000063532909182, -1.00000000716222814, -0.00000021363266333, -6.87343465886078775]
    [0.00000025326844578, -0.00000021363250242, 1.00000000716239690, 0.19535036361776292]
  #79 objects/buildingsets/human/hightech/prop/storage/crate/crate_dry_1_01x005x005_a.cgf
    [0.62671842305341952, -0.74689296007216610, -0.00000035929528180, 9.34939791649230756]
    [0.74689296007220141, 0.62671842305347769, -0.00000005921759701, -6.67784131490043364]
    [0.00000027631401849, -0.00000023717163934, 0.97500003876919084, 0.82035034781438299]
  #80 objects/buildingsets/human/hightech/prop/storage/crate/crate_dry_1_0125x00625x00625_a.cgf
    [0.00000068816065650, -1.00000001861797538, -0.00000024610987035, 8.55172005359781906]
    [1.00000001861796783, 0.00000068816072423, -0.00000027502565638, -6.64681832460337318]
    [0.00000027502582575, -0.00000024610968109, 1.00000001861817389, 0.19535030709812418]
  #81 objects/buildingsets/human/universal/prop/toolbox/box_toolbox_1_a_075x0375x0375.cgf
    [0.65605931007719165, -0.75470936108041509, 0.00000049716543713, 9.90276941776392050]
    [0.75470936108054187, 0.65605931007722318, -0.00000011921536408, -7.74843465306912549]
    [-0.00000023619705793, 0.00000045342775029, 1.00000001902067703, 0.19535033282591030]
  #82 objects/buildingsets/human/universal/prop/food/jar/jar_glass_1_berries_d.cgf
    [-0.50000016258892743, 0.00000036176237598, -0.86602532444084479, 8.93927700110361911]
    [0.00000018862467631, 1.00000001258091187, 0.00000030882470081, -4.66719216591445729]
    [0.86602532444089986, -0.00000000894134577, -0.50000016258896296, 2.02943831303855404]
  #83 objects/buildingsets/human/hightech/prop/storage/crate/crate_dry_1_015x0075x0075_a.cgf
    [0.99999999244096849, 0.00000008950949368, -0.00000029033463815, 8.40276942701893859]
    [-0.00000008950948372, 0.99999999244101012, 0.00000003430324554, -5.90550754629657604]
    [0.00000029033464122, -0.00000003430321956, 0.99999999244097193, 0.32035031824489124]
  #84 objects/buildingsets/human/lowtech/alpha/ext/prop/shipping_container_yellow.cgf
    [0.99999996306346539, 0.00000016956426366, -0.00000000675550708, 56.14706339451367967]
    [-0.00000016956426373, 0.99999996306346539, -0.00000000987252775, -38.15512132763979025]
    [0.00000000675550540, 0.00000000987252889, 0.99999996306347971, 2.20258438680320978]
  #85 objects/buildingsets/human/lowtech/alpha/ext/prop/shipping_container_1_025x05x025_a.cgf
    [-0.00000043388812204, 0.99999997427150988, -0.00000010684108290, 40.98893711389973760]
    [-0.99999997427151521, -0.00000043388812515, -0.00000002931046919, -19.92875685580656864]
    [-0.00000002931051555, 0.00000010684107018, 0.99999997427160370, 1.42557540483539924]
  #86 objects/buildingsets/human/hightech/delta/ext/outpost/base/base_floor_14x14x02_a.cgf
    [0.99999999221326352, 0.00000000000000006, 0.00000000000000033, 37.48893705051159486]
    [-0.00000000000000006, 0.99999999221326352, -0.00000000000000000, -30.67875684128375724]
    [-0.00000000000000033, -0.00000000000000000, 0.99999999221326352, -0.57442456207354553]
  #87 objects/planet/manmade/mining/mining_structure_set_01/mining_structure_tank_01.cgf
    [-0.99254608927445520, 0.12187023420234611, 0.00000046351069820, -11.87497908092336729]
    [-0.12187023420217702, -0.99254608927451249, 0.00000037713208922, 23.49995856525492854]
    [0.00000050601688326, 0.00000031783280812, 1.00000004665920250, -2.24570357601623982]
  #88 objects/buildingsets/human/universal/prop/tech/laptop/laptop_cased_1_open_a.cgf
    [-0.66912709390749137, -0.74314277397381201, -0.00003557377387008, -12.67024854072951712]
    [0.74277917395074611, -0.66880120350801753, 0.03124580783632917, 1.51239921274827793]
    [-0.02324397814559264, 0.02088107403380889, 0.99950785379767393, 0.37327645687037148]
  #89 objects/buildingsets/human/lowtech/bravo/int/prop/light/light_cold_ceiling_b.cgf
    [-0.12187034452214973, -0.70183582283764079, -0.70183629397684422, -8.65793938157730736]
    [0.99254607236202119, -0.08617550010422352, -0.08617519397018908, 23.92791520251194015]
    [-0.00000025545647732, -0.70710702697603400, 0.70710659665734699, 6.12563347004470415]
  #90 objects/buildingsets/human/lowtech/prop/maintenance/trolley/trolley_mobile_1_a.cgf
    [-0.99862557847838607, -0.05233713439725701, -0.00003589629566808, -11.55075675674015656]
    [0.05231045952424924, -0.99813803551565783, 0.03124581248834965, 3.12464887037640437]
    [-0.00167115224395237, 0.03120111114653904, 0.99950783930400011, -0.22053977422183380]
  #91 objects/buildingsets/human/hightech/prop/machine/generator/generator_mobile_1_a.cgf
    [-0.99862557847838607, -0.05233713439725701, -0.00003589629566808, -11.53987035670434125]
    [0.05231045952424924, -0.99813803551565783, 0.03124581248834965, 2.51792153506539762]
    [-0.00167115224395237, 0.03120111114653904, 0.99950783930400011, 0.37064554431708530]
  #92 objects/buildingsets/human/lowtech/bravo/int/cable/cable_straight_08x01x02_e.cgf
    [-0.14426092213748606, 0.08247728187804083, -0.01159730669951997, -12.37990184113732539]
    [-0.08324814201964002, -0.14206276429857095, 0.02522163862156594, 1.48269475155393593]
    [0.00259738309657596, 0.02763841852366410, 0.16424854528180990, 0.41489490147796459]
  #93 objects/buildingsets/human/hightech/prop/machine/generator/generator_mobile_1_a.cgf
    [-0.99862557847838607, -0.05233713439725701, -0.00003589629566808, -11.47297978322603740]
    [0.05231045952424924, -0.99813803551565783, 0.03124581248834965, 3.79362031328491867]
    [-0.00167115224395237, 0.03120111114653904, 0.99950783930400011, 0.33076742273988202]
  #94 objects/buildingsets/human/lowtech/prop/light/light_landing_2_a.cgf
    [0.99951277900861291, 0.00000003758501429, -0.03121326351500560, 6.23886191970086657]
    [0.00000157985022518, 1.00000003026782225, 0.00005179418370133, 15.69177111246972345]
    [0.03121326347504640, -0.00005181825913120, 0.99951277766664115, -0.06071320938644931]
  #95 objects/buildingsets/human/universal/prop/dressing/stationery/stationery_postnote_3_a.cgf
    [0.00000057819826257, -0.99999998746017815, 0.00000003661505346, 8.45219833037117496]
    [0.98480766251819074, 0.00000057577224010, 0.17364861866947820, -4.47876644550706260]
    [-0.17364861866947015, -0.00000006434454525, 0.98480766251835816, 2.25106828086427413]
  #96 objects/buildingsets/human/lowtech/alpha/ext/prop/shipping_container_1_025x05x025_a.cgf
    [0.99999997175127653, 0.00000027200597312, 0.00000001457780578, 39.48893707772367634]
    [-0.00000027200597277, 0.99999997175127631, -0.00000002360146332, -26.17875683950842358]
    [-0.00000001457781220, 0.00000002360145936, 0.99999997175131317, 3.92557542398571968]
  #97 objects/buildingsets/human/lowtech/prop/light/light_hazard_2_b.cgf
    [0.73135401638567676, -0.68199801691046469, 0.00000019959165338, 71.77800446539185941]
    [0.68199801691048845, 0.73135401638567654, -0.00000008889890001, 20.19967963043018244]
    [-0.00000008534328415, 0.00000020113768014, 0.99999999617662971, 8.83585834898985922]
  #98 objects/buildingsets/human/lowtech/prop/utilitarian/structure/structure_post_8_a.cgf
    [0.73135401638567676, -0.68199801691046469, 0.00000019959165338, 71.65895978259504773]
    [0.68199801691048845, 0.73135401638567654, -0.00000008889890001, 20.08867094875313342]
    [-0.00000008534328415, 0.00000020113768014, 0.99999999617662971, 0.87817579810507596]
  #99 objects/buildingsets/human/universal/prop/food/mre/food_ration_pack_b.cgf
    [0.70710699787266507, 0.00000007446638006, -0.70710652546222375, 11.65276939814793877]
    [0.70710652546222752, -0.00000005862978002, 0.70710699787266318, -6.87343467687605880]
    [0.00000001119819900, -0.99999997239587401, -0.00000009411319372, 1.26659247849602252]
  #100 objects/buildingsets/human/hightech/prop/storage/crate/crate_dry_1_0125x0125x0125_a.cgf
    [0.00000036650197851, -1.00000001505173675, -0.00000003676506973, 48.98893711878918111]
    [1.00000001505173675, 0.00000036650197995, -0.00000003927580246, -19.17875689521315508]
    [0.00000003927581594, -0.00000003676505534, 1.00000001505180292, 3.92557540113921277]
  #101 objects/buildingsets/human/lowtech/alpha/ext/prop/shipping_container_yellow.cgf
    [-0.00000043388812204, 0.99999997427150988, -0.00000010684108290, 45.73893707181559876]
    [-0.99999997427151521, -0.00000043388812515, -0.00000002931046919, -27.17875687615014613]
    [-0.00000002931051555, 0.00000010684107018, 0.99999997427160370, 3.92557542579015717]
  #102 objects/buildingsets/human/hightech/prop/storage/crate/crate_dry_1_0125x0125x0125_a.cgf
    [-0.99999996210225417, -0.00000040209879197, -0.00000003140552991, 48.98893710118136369]
    [0.00000040209879283, -0.99999996210225428, -0.00000002766234116, -22.17875689521315508]
    [-0.00000003140551879, -0.00000002766235379, 0.99999996210233433, 3.92557541024871171]
  #103 objects/buildingsets/human/lowtech/alpha/ext/prop/shipping_container_1_025x05x025_a.cgf
    [-0.99999996962124582, -0.00000006941731490, -0.00000001114702724, 39.48893707722891122]
    [0.00000006941731445, -0.99999996962124515, 0.00000003998124216, -26.17875684704631567]
    [-0.00000001114703002, 0.00000003998124138, 0.99999996962124726, 1.42557542392751202]
  #104 objects/buildingsets/human/lowtech/alpha/ext/prop/shipping_container_1_025x05x025_a.cgf
    [-0.99999996210225417, -0.00000040209879197, -0.00000003140552991, 46.48893710807897151]
    [0.00000040209879283, -0.99999996210225428, -0.00000002766234116, -20.92875688805361278]
    [-0.00000003140551879, -0.00000002766235379, 0.99999996210233433, 1.42557540684356354]
  #105 objects/buildingsets/human/lowtech/alpha/ext/prop/shipping_container_1_025x05x025_a.cgf
    [0.00000036650197851, -1.00000001505173675, -0.00000003676506973, 47.98893707137904130]
    [1.00000001505173675, 0.00000036650197995, -0.00000003927580246, -27.17875689690117724]
    [0.00000003927581594, -0.00000003676505534, 1.00000001505180292, 1.42557542544091120]
  #106 objects/buildingsets/human/lowtech/alpha/ext/prop/shipping_container_1_025x05x025_a.cgf
    [0.99999997175127653, 0.00000027200597312, 0.00000001457780578, 49.48893710802076384]
    [-0.00000027200597277, 0.99999997175127631, -0.00000002360146332, -20.92875690566143021]
    [-0.00000001457781220, 0.00000002360145936, 0.99999997175131317, 1.42557540637790225]
  #107 objects/buildingsets/human/lowtech/prop/storage/container/container_dry_3_025x05x025_a.cgf
    [-0.99999996210225417, -0.00000040209879197, -0.00000003140552991, 46.48893710851552896]
    [0.00000040209879283, -0.99999996210225428, -0.00000002766234116, -20.92875688051572070]
    [-0.00000003140551879, -0.00000002766235379, 0.99999996210233433, 3.92557540690177120]
  #108 objects/buildingsets/human/hightech/prop/storage/crate/crate_dry_1_0125x0125x0125_a.cgf
    [1.00000000506475262, 0.00000034255017154, -0.00000009404156460, 48.98893710851552896]
    [-0.00000034255017894, 1.00000000506475395, -0.00000007862070045, -20.92875689521315508]
    [0.00000009404153767, 0.00000007862073266, 1.00000000506480813, 3.92557540637790225]
  #109 objects/buildingsets/human/lowtech/alpha/ext/prop/shipping_container_1_025x05x025_a.cgf
    [0.99999997175127653, 0.00000027200597312, 0.00000001457780578, 42.48893707725801505]
    [-0.00000027200597277, 0.99999997175127631, -0.00000002360146332, -26.17875686462502927]
    [-0.00000001457781220, 0.00000002360145936, 0.99999997175131317, 1.42557542346185073]
  #110 objects/planet/manmade/mining/mining_structure_set_01/mining_structure_tower_01.cgf
    [-0.00000038585082642, -0.99999996063949159, 0.00000032173493941, -15.87496539138373919]
    [0.99999996063948426, -0.00000038585093700, -0.00000034352004436, 37.49991889554075897]
    [0.00000034352016850, 0.00000032173480686, 0.99999996063950680, -3.80312302612583153]
  #111 objects/buildingsets/human/lowtech/prop/light/light_hazard_2_d.cgf
    [-0.99999995801522235, 0.00000058957921841, 0.00000039787032713, -15.89013005016022362]
    [-0.00000058957937637, -0.99999995801522268, -0.00000039701977491, 36.10367781095555983]
    [0.00000039787009305, -0.00000039702000948, 0.99999995801531683, 31.63508399794227444]
  #112 objects/buildingsets/human/lowtech/prop/light/light_landing_2_a.cgf
    [0.99951293509611949, -0.00386899295875595, -0.03096745484801246, 7.81175535792135634]
    [0.00000401530023813, 0.99230148565344556, -0.12384595812775008, 40.21446685487171635]
    [0.03120820965957448, 0.12378550906381634, 0.99181815631011416, 0.49960600229678676]
  #113 objects/buildingsets/human/universal/prop/tech/laptop/laptop_cased_1_open_a.cgf
    [-0.06875583034160115, -0.99715199127646781, -0.03099306948580757, 68.50099442421924323]
    [0.99707567489809346, -0.06972299520185830, 0.03128627071629299, 19.89261936329421587]
    [-0.03335809630792032, -0.02875132174695244, 0.99902984298631126, 1.43318597236066125]
  #114 objects/buildingsets/human/lowtech/bravo/int/cable/cable_straight_08x01x02_e.cgf
    [-0.16485565676277325, -0.02382362957604782, -0.00186524380206136, 68.70915550921927206]
    [0.02317195979266658, -0.16254683439772760, 0.02810727546291073, 19.69081366088357754]
    [-0.00583992636810705, 0.02755709216162256, 0.16417957838572400, 1.48666300269542262]
  #115 objects/buildingsets/human/hightech/prop/machine/generator/generator_mobile_1_a.cgf
    [-0.75371059616835423, -0.65647517524627319, -0.03099310221234493, 70.84806428966112435]
    [0.65573732253069361, -0.75434052265971685, 0.03128626838675341, 20.95369056507479399]
    [-0.04391801383996074, 0.00325745831375357, 0.99902977328081266, 1.50154795110574923]
  #116 objects/buildingsets/human/lowtech/prop/maintenance/trolley/trolley_mobile_1_a.cgf
    [-0.75371059616835423, -0.65647517524627319, -0.03099310221234493, 70.40320173738291487]
    [0.65573732253069361, -0.75434052265971685, 0.03128626838675341, 20.47059428514330648]
    [-0.04391801383996074, 0.00325745831375357, 0.99902977328081266, 0.93038021872052923]
  #117 objects/buildingsets/human/hightech/prop/machine/generator/generator_mobile_1_a.cgf
    [-0.75371059616835423, -0.65647517524627319, -0.03099310221234493, 70.00903825208661146]
    [0.65573732253069361, -0.75434052265971685, 0.03128626838675341, 19.98958513417164795]
    [-0.04391801383996074, 0.00325745831375357, 0.99902977328081266, 1.50571117270737886]
  #118 objects/buildingsets/human/lowtech/alpha/ext/prop/shipping_container_yellow.cgf
    [0.00000020265118971, 1.00000001475769262, 0.00000020150480164, 61.14703774574445561]
    [-1.00000001475752143, 0.00000020265131450, -0.00000061894695660, -18.75697237555868924]
    [-0.00000061894699743, -0.00000020150467620, 1.00000001475752165, 2.07901061591110192]
  #119 objects/buildingsets/human/hightech/prop/storage/crate/crate_dry_1_0125x0125x0125_a.cgf
    [0.00000033280233638, 0.99999998638231957, 0.00000028713861788, 61.89704005894600414]
    [-0.99999998638222165, 0.00000033280248792, -0.00000052753907535, -26.50696676739607938]
    [-0.00000052753917091, -0.00000028713844231, 0.99999998638223564, 2.07900668802903965]
  #120 objects/buildingsets/human/lowtech/alpha/ext/prop/shipping_container_yellow.cgf
    [-0.00000009014069458, -1.00000000497333774, 0.00000025156878559, 61.14704242817242630]
    [1.00000000497324248, -0.00000009014082148, -0.00000050400154698, -28.75696669000899419]
    [0.00000050400156966, 0.00000025156874016, 1.00000000497321473, 4.57900431143934838]
  #121 objects/buildingsets/human/lowtech/alpha/ext/prop/shipping_container_yellow.cgf
    [-0.00000009014069458, -1.00000000497333774, 0.00000025156878559, 61.14703870197990909]
    [1.00000000497324248, -0.00000009014082148, -0.00000050400154698, -21.75697031125309877]
    [0.00000050400156966, 0.00000025156874016, 1.00000000497321473, 2.07900908554438502]
  #122 objects/buildingsets/human/lowtech/alpha/ext/prop/shipping_container_yellow.cgf
    [0.00000020265118971, 1.00000001475769262, 0.00000020150480164, 61.14704019698547199]
    [-1.00000001475752143, 0.00000020265131450, -0.00000061894695660, -21.75697150663472712]
    [-0.00000061894699743, -0.00000020150467620, 1.00000001475752165, 4.57900788239203393]
  #123 objects/buildingsets/human/lowtech/alpha/ext/prop/shipping_container_yellow.cgf
    [0.00000020265118971, 1.00000001475769262, 0.00000020150480164, 61.14704093316686340]
    [-1.00000001475752143, 0.00000020265131450, -0.00000061894695660, -28.75696549465646967]
    [-0.00000061894699743, -0.00000020150467620, 1.00000001475752165, 2.07900551462080330]
  #124 objects/buildingsets/human/hightech/prop/storage/crate/crate_dry_1_0125x0125x0125_a.cgf
    [0.00000033280233638, 0.99999998638231957, 0.00000028713861788, 61.89703982693026774]
    [-0.99999998638222165, 0.00000033280248792, -0.00000052753907535, -25.00696864261408336]
    [-0.00000052753917091, -0.00000028713844231, 0.99999998638223564, 2.07900713951676153]
  #125 objects/buildingsets/human/lowtech/alpha/ext/prop/shipping_container_1_025x05x025_a.cgf
    [-0.00000009014069458, -1.00000000497333774, 0.00000025156878559, 58.64704050007276237]
    [1.00000000497324248, -0.00000009014082148, -0.00000050400154698, -25.75696847718791105]
    [0.00000050400156966, 0.00000025156874016, 1.00000000497321473, 2.07900695985881612]
  #126 objects/buildingsets/human/lowtech/prop/storage/container/container_dry_2_025x05x025_a.cgf
    [-0.00000009014069458, -1.00000000497333774, 0.00000025156878559, 62.39703897919389419]
    [1.00000000497324248, -0.00000009014082148, -0.00000050400154698, -18.75697311176918447]
    [0.00000050400156966, 0.00000025156874016, 1.00000000497321473, 4.57900945522123948]
  #127 objects/buildingsets/human/hightech/delta/ext/outpost/base/base_floor_14x14x02_a.cgf
    [-0.00000038938974035, -1.00000000630788022, 0.00000029284431938, 68.14703890972305089]
    [1.00000000630779073, -0.00000038938989090, -0.00000051439105545, -30.75696059106849134]
    [0.00000051439116948, 0.00000029284411908, 1.00000000630782337, 0.07900569523917511]
  #128 objects/buildingsets/human/hightech/prop/light/flood_light/flood_light_frame_a.cgf
    [0.99999999221326352, 0.00000000000000006, 0.00000000000000033, 70.56787595961941406]
    [-0.00000000000000006, 0.99999999221326352, -0.00000000000000000, -30.60946597615838982]
    [-0.00000000000000033, -0.00000000000000000, 0.99999999221326352, 1.36034771060803905]
  #129 objects/buildingsets/human/universal/prop/tech/laptop/laptop_cased_1_open_a.cgf
    [-0.06400869130017017, -0.99748139840164163, -0.03055717239888643, 43.07542656362056732]
    [0.98055722054601757, -0.06855535522262814, 0.18386868686548644, -106.62160503427730873]
    [-0.18550045330774412, -0.01819386207694823, 0.98247572932343552, 3.12050954249571078]
  #130 objects/buildingsets/human/lowtech/bravo/int/cable/cable_straight_08x01x02_e.cgf
    [-0.16474491933473012, -0.02459079460682143, -0.00168411978152444, 43.28263801755383611]
    [0.02279013288970663, -0.15630413754944120, 0.05289667582405356, -106.81384483657893725]
    [-0.00938899790728019, 0.05208398305593211, 0.15794789429671602, 3.20431672138511203]
  #131 objects/buildingsets/human/hightech/prop/machine/generator/generator_mobile_1_a.cgf
    [-0.75058680227597463, -0.66006492800372518, -0.03055716102605405, 45.42755035209120251]
    [0.64488275296482966, -0.74183457912443795, 0.18386867369179224, -105.57374114787671715]
    [-0.14403362176602244, 0.11830361387596469, 0.98247573393252652, 3.02682236139662564]
  #132 objects/buildingsets/human/lowtech/prop/maintenance/trolley/trolley_mobile_1_a.cgf
    [-0.75058680227597463, -0.66006492800372518, -0.03055716102605405, 44.98022489299182780]
    [0.64488275296482966, -0.74183457912443795, 0.18386867369179224, -106.13639229495311156]
    [-0.14403362176602244, 0.11830361387596469, 0.98247573393252652, 2.53606692224275321]
  #133 objects/buildingsets/human/hightech/prop/machine/generator/generator_mobile_1_a.cgf
    [-0.75058680227597463, -0.66006492800372518, -0.03055716102605405, 44.58393646468175575]
    [0.64488275296482966, -0.74183457912443795, 0.18386867369179224, -106.52186304607312195]
    [-0.14403362176602244, 0.11830361387596469, 0.98247573393252652, 3.17802341823698953]
  #134 objects/buildingsets/human/lowtech/prop/light/light_hazard_2_b.cgf
    [0.00000076080945529, -0.99999997982147992, 0.00000004928513937, -67.49932318279752508]
    [0.99999997982145061, 0.00000076080946751, 0.00000024689856516, -0.08712627994827926]
    [-0.00000024689860265, 0.00000004928495153, 0.99999997982173860, 7.05618331389268860]
  #135 objects/buildingsets/human/lowtech/prop/utilitarian/structure/structure_post_8_a.cgf
    [0.00000076080945529, -0.99999997982147992, 0.00000004928513937, -67.49932380390237086]
    [0.99999997982145061, 0.00000076080946751, 0.00000024689856516, -0.24989901794469915]
    [-0.00000024689860265, 0.00000004928495153, 0.99999997982173860, -0.90149908879538998]
  #136 objects/buildingsets/human/hightech/prop/light/flood_light/flood_light_frame_a.cgf
    [0.84804845730327205, -0.52991868403768128, -0.00000019354603500, 35.56762747198808938]
    [0.52991868403761622, 0.84804845730327960, -0.00000030591594718, -30.60942353887367062]
    [0.00000032624699294, 0.00000015686788709, 0.99999999881329693, 0.92878273947280832]
  #137 objects/buildingsets/human/lowtech/prop/light/light_landing_2_a.cgf
    [0.99805390801591087, -0.00194380311701161, -0.06232629883059513, 6.27863773089484312]
    [0.00000002886533643, 0.99951401258965511, -0.03117190785365572, 0.14208065276034176]
    [0.06235660266946488, 0.03111124344477302, 0.99756889177497587, 0.22094091156031936]
  #138 objects/buildingsets/human/lowtech/bravo/int/prop/light/light_cold_floor_b.cgf
    [0.99805038838709603, 0.00000011157505551, -0.06241310716004576, -11.44568897478166036]
    [-0.00000084201132123, 0.99999998678397828, -0.00001167694904657, -4.15910018800059333]
    [0.06241310715446572, 0.00001170673622784, 0.99805038831879356, -0.04709734930656850]
  #139 objects/buildingsets/human/lowtech/prop/light/light_landing_2_a.cgf
    [0.99951154566781009, 0.00000013590269909, -0.03125263078043725, -6.12284532678313553]
    [-0.00000006403105809, 1.00000002842433666, 0.00000230069979133, 0.23560696677304804]
    [0.03125263078066715, -0.00000229757480022, 0.99951154566517142, -0.09156686853384599]
  #140 objects/buildingsets/human/lowtech/alpha/ext/prop/shipping_container_yellow.cgf
    [0.00000058365215401, -0.99999992574034957, -0.00000030530118809, 44.48899271470145322]
    [0.99999992574021346, 0.00000058365196949, 0.00000060446899601, -43.07691109136794694]
    [-0.00000060446881783, -0.00000030530154089, 0.99999992574033703, 1.83040546957636252]
  #141 objects/buildingsets/human/hightech/prop/storage/crate/crate_dry_1_0125x0125x0125_a.cgf
    [0.00000057929096877, -0.99999992950232319, -0.00000035787014895, 43.73899548288318329]
    [0.99999992950216665, 0.00000057929073107, 0.00000066409911522, -35.32690668644499965]
    [-0.00000066409890791, -0.00000035787053366, 0.99999992950227024, 1.83040520924259908]
  #142 objects/buildingsets/human/lowtech/alpha/ext/prop/shipping_container_yellow.cgf
    [-0.00000079907018920, 1.00000016265013203, -0.00000031072551631, 44.48899546600296162]
    [-1.00000016264990510, -0.00000079906995872, 0.00000074176905527, -33.07690309669123963]
    [0.00000074176880698, 0.00000031072610903, 1.00000016265017599, 4.33040432972484268]
  #143 objects/buildingsets/human/lowtech/alpha/ext/prop/shipping_container_yellow.cgf
    [-0.00000079907018920, 1.00000016265013203, -0.00000031072551631, 44.48899381241062656]
    [-1.00000016264990510, -0.00000079906995872, 0.00000074176905527, -40.07690950538381003]
    [0.00000074176880698, 0.00000031072610903, 1.00000016265017599, 1.83040545837138779]
  #144 objects/buildingsets/human/universal/prop/food/jar/jar_glass_1_berries_d.cgf
    [-0.50000016258892743, 0.00000036176237598, -0.86602532444084479, 8.93927699732012115]
    [0.00000018862467631, 1.00000001258091187, 0.00000030882470081, -4.79219216739875264]
    [0.86602532444089986, -0.00000000894134577, -0.50000016258896296, 2.15443831164157018]
  #145 objects/buildingsets/human/universal/prop/food/mre/food_ration_pack_b.cgf
    [-0.99999996050130890, -0.00000007242625211, -0.00000023705883357, 13.17893538280623034]
    [0.00000014913730549, -0.93969259301410479, -0.34202010414168149, -6.68652988871326670]
    [-0.00000019799120354, -0.34202010414170636, 0.93969259301408703, 0.37312768335686997]
  #146 objects/buildingsets/human/lowtech/alpha/ext/prop/shipping_container_yellow.cgf
    [0.00000058365215401, -0.99999992574034957, -0.00000030530118809, 44.48899290469125845]
    [0.99999992574021346, 0.00000058365196949, 0.00000060446899601, -40.07690679730148986]
    [-0.00000060446881783, -0.00000030530154089, 0.99999992574033703, 4.33040435577277094]
  #147 objects/buildingsets/human/lowtech/alpha/ext/prop/shipping_container_yellow.cgf
    [0.00000058365215401, -0.99999992574034957, -0.00000030530118809, 44.48899637354770675]
    [0.99999992574021346, 0.00000058365196949, 0.00000060446899601, -33.07690580471535213]
    [-0.00000060446881783, -0.00000030530154089, 0.99999992574033703, 1.83040543229435571]
  #148 objects/buildingsets/human/hightech/prop/storage/crate/crate_dry_1_0125x0125x0125_a.cgf
    [0.00000057929096877, -0.99999992950232319, -0.00000035787014895, 43.73899493404314853]
    [0.99999992950216665, 0.00000057929073107, 0.00000066409911522, -36.82690747943706810]
    [-0.00000066409890791, -0.00000035787053366, 0.99999992950227024, 1.83040521483053453]
  #149 objects/buildingsets/human/lowtech/alpha/ext/prop/shipping_container_1_025x05x025_a.cgf
    [-0.00000079907018920, 1.00000016265013203, -0.00000031072551631, 46.98899550072383136]
    [-1.00000016264990510, -0.00000079906995872, 0.00000074176905527, -36.07690841669682413]
    [0.00000074176880698, 0.00000031072610903, 1.00000016265017599, 1.83040621460531838]
  #150 objects/buildingsets/human/lowtech/prop/storage/container/container_dry_2_025x05x025_a.cgf
    [-0.00000079907018920, 1.00000016265013203, -0.00000031072551631, 43.23899169472861104]
    [-1.00000016264990510, -0.00000079906995872, 0.00000074176905527, -43.07690787033061497]
    [0.00000074176880698, 0.00000031072610903, 1.00000016265017599, 4.33040398135199212]
  #151 objects/buildingsets/human/hightech/delta/ext/outpost/base/base_floor_14x14x02_a.cgf
    [-0.00000033732820629, 0.99999995370253658, -0.00000023015503862, 37.48899720213375986]
    [-0.99999995370235584, -0.00000033732805819, 0.00000064367305256, -31.07690404113964178]
    [0.00000064367297492, 0.00000023015525575, 0.99999995370238615, -0.16959585231961682]
  #152 objects/buildingsets/human/hightech/prop/storage/pallet/pallet_01_018_0016_a.cgf
    [0.00000052789593357, -0.99999999167317066, -0.00000021891233069, 9.15276943269418553]
    [0.99999999167315778, 0.00000052789599296, -0.00000027127396258, -5.49843464809237048]
    [0.00000027127407815, -0.00000021891218749, 0.99999999167327269, 0.19535034071304835]
  #153 objects/buildingsets/human/universal/prop/food/jar/jar_glass_1_berries_d.cgf
    [-0.50000016258892743, 0.00000036176237598, -0.86602532444084479, 8.93927700488711707]
    [0.00000018862467631, 1.00000001258091187, 0.00000030882470081, -4.54219210488372482]
    [0.86602532444089986, -0.00000000894134577, -0.50000016258896296, 1.90443831443553790]
  #154 objects/buildingsets/human/hightech/prop/storage/crate/crate_dry_1_stack_03.cgf
    [-1.00000000716221904, -0.00000063532914592, 0.00000025326831006, 11.67360281996661797]
    [0.00000063532909182, -1.00000000716222814, -0.00000021363266333, -3.35260117246070877]
    [0.00000025326844578, -0.00000021363250242, 1.00000000716239690, 0.19535045663360506]
  #155 objects/buildingsets/human/hightech/prop/furniture/locker/locker_personal_1_closed_a.cgf
    [-1.74999999314508847, 0.00000041385290539, 0.00000131915886766, 9.15276945926598273]
    [0.00000131915900434, 0.00000057795216503, 1.74999999314504118, -5.74843463450088166]
    [0.00000041385246973, 1.74999999314548971, -0.00000057795247783, -0.99214966205181554]
  #156 objects/buildingsets/human/hightech/prop/storage/crate/crate_dry_1_0125x00625x00625_a.cgf
    [0.97500003082495523, 0.00000071978995520, 0.00000024693662864, 11.79860285270842724]
    [-0.00000071978990245, 0.97500003082496411, -0.00000020829185086, -3.06551038139150478]
    [-0.00000024693678241, 0.00000020829166856, 0.97500003082519848, 0.19535046702367254]
  #157 objects/buildingsets/human/universal/prop/tech/laptop/laptop_cased_1_open_a.cgf
    [-0.57358181130284436, -0.81914824233037831, -0.00021787859305463, -70.28070933540584520]
    [0.81875250841238223, -0.57329640393287928, -0.03123376134156735, -1.71153352916007861]
    [0.02546017188593450, -0.01809350618763452, 0.99951207562633182, -0.28805354589712806]
  #158 objects/buildingsets/human/universal/prop/dressing/stationery/stationery_pen_1_b.cgf
    [0.22927102092396390, 0.97336269815675025, -0.00000009148954766, 11.93890221376204863]
    [-0.97336269815674958, 0.22927102092395224, -0.00000012205748761, -6.62416841124650091]
    [-0.00000009783029647, 0.00000011703674938, 1.00000007159924253, 1.20406220894074067]
  #159 objects/buildingsets/human/universal/prop/food/mre/food_ration_pack_b.cgf
    [-0.99999996050130890, -0.00000007242625211, -0.00000023705883357, 13.17893538117641583]
    [0.00000014913730549, -0.93969259301410479, -0.34202010414168149, -6.93652976956218481]
    [-0.00000019799120354, -0.34202010414170636, 0.93969259301408703, 0.37312768047559075]
  #160 objects/buildingsets/human/hightech/prop/storage/crate/crate_dry_1_01x005x005_a.cgf
    [0.24587717174098314, 0.91762979744935136, -0.00000027803502002, 11.78424253527191468]
    [-0.91762979744936424, 0.24587717174103671, 0.00000016532466718, -7.69836021473747678]
    [0.00000023165189655, 0.00000022577226748, 0.95000001513171295, 0.69535036740126088]
  #161 objects/buildingsets/human/hightech/prop/storage/crate/crate_dry_1_01x005x005_a.cgf
    [0.99999999579898746, 0.00000064960054608, -0.00000031608049254, 11.92870774050243199]
    [-0.00000064960048999, 0.99999999579902166, 0.00000017747436243, -7.50421982843545265]
    [0.00000031608060783, -0.00000017747415710, 0.99999999579918264, 0.19535038960748352]
  #162 objects/buildingsets/human/hightech/prop/storage/crate/crate_dry_1_01x005x005_a.cgf
    [0.99999999579898746, 0.00000064960054608, -0.00000031608049254, 11.92768129540490918]
    [-0.00000064960048999, 0.99999999579902166, 0.00000017747436243, -7.00468467042082921]
    [0.00000031608060783, -0.00000017747415710, 0.99999999579918264, 0.19535039679612964]
  #163 objects/buildingsets/human/hightech/prop/storage/crate/crate_dry_1_01x005x005_a.cgf
    [0.72774173503757433, 0.61064883338025033, -0.00000027732844613, 11.92749406644725241]
    [-0.61064883338023013, 0.72774173503762540, 0.00000016522061661, -6.80513977300142869]
    [0.00000031864763812, 0.00000005169721375, 0.95000001611796425, 0.69535040060873143]
  #164 objects/buildingsets/human/hightech/prop/storage/crate/crate_dry_1_01x005x005_a.cgf
    [0.99999999579898746, 0.00000064960054608, -0.00000031608049254, 11.92899869798566215]
    [-0.00000064960048999, 0.99999999579902166, 0.00000017747436243, -6.51718461603741162]
    [0.00000031608060783, -0.00000017747415710, 0.99999999579918264, 0.19535040447954088]
  #165 objects/buildingsets/human/hightech/prop/storage/crate/crate_dry_1_01x005x005_a.cgf
    [0.99999999579898746, 0.00000064960054608, -0.00000031608049254, 11.92137645406182855]
    [-0.00000064960048999, 0.99999999579902166, 0.00000017747436243, -7.96764955556136556]
    [0.00000031608060783, -0.00000017747415710, 0.99999999579918264, 0.19535038058529608]
  #166 objects/buildingsets/human/hightech/prop/storage/crate/crate_dry_1_stack_01.cgf
    [0.00000068816065650, -1.00000001861797538, -0.00000024610987035, 11.90276942111086100]
    [1.00000001861796783, 0.00000068816072423, -0.00000027502565638, -7.24843466628226452]
    [0.00000027502582575, -0.00000024610968109, 1.00000001861817389, 0.19535038605681621]
  #167 objects/buildingsets/human/hightech/prop/storage/crate/crate_dry_1_0125x00625x00625_a.cgf
    [0.97500001624978949, 0.00000000000000011, 0.00000000000000000, 11.79860684982850216]
    [-0.00000000000000011, 0.97500001624978949, -0.00000000000000000, -3.06550965210772119]
    [-0.00000000000000000, 0.00000000000000000, 0.97500001624978949, 0.25782803510082886]
  #168 objects/buildingsets/human/lowtech/prop/storage/crate/crate_weapon_4_015x0075x0075_a.cgf
    [-0.89836095250179981, 0.43815994006673781, 0.03103932160328690, -61.69638980343006551]
    [-0.43837078193175893, -0.89879420943116728, 0.00001365144261023, 3.77957355752005242]
    [0.02790394440608385, -0.01359446793869992, 0.99951815084712980, -0.65428450197214261]
  #169 objects/buildingsets/human/lowtech/prop/storage/drum/drum_dry_1_a.cgf
    [-0.87652904246803265, -0.48036207246731844, -0.03083077642911198, 8.72955105674918741]
    [0.47900938884404942, -0.86416558820579226, -0.15417282928724094, 40.90028668948798440]
    [0.04741585008801803, -0.14990508739227373, 0.98756347728365845, 0.52630890568252653]
  #170 objects/buildingsets/human/lowtech/prop/utilitarian/structure/structure_post_3_a.cgf
    [-0.70710766801003666, 0.70710592541241368, -0.00000000251078432, -61.69109753699740395]
    [-0.70710592541241302, -0.70710766801003599, 0.00000004289896282, 45.66596670521539636]
    [0.00000002855871534, 0.00000003210957533, 1.00000002195596793, -1.34821949270553887]
  #171 objects/buildingsets/human/lowtech/prop/storage/drum/drum_dry_1_a.cgf
    [-0.99805117545308031, -0.00000008116111122, -0.06240065414514257, -7.50218758266419172]
    [0.00000178796541230, -0.99999999485636371, -0.00002729650664651, -9.05270801635924727]
    [-0.06240065411958007, -0.00002735488088610, 0.99805117507980590, 0.10159553165431134]
  #172 objects/buildingsets/human/lowtech/prop/storage/container/container_dry_3_025x025x025_a.cgf
    [-0.71966705855012281, 0.69362170491301611, 0.03111681390129960, -32.71398192283231765]
    [-0.69431896964320428, -0.71898896968612691, -0.03124148938950212, -7.37919918278930709]
    [0.00070287083216224, -0.04408846492265048, 0.99902738402375635, -0.48976905582821928]
  #173 objects/buildingsets/human/lowtech/prop/storage/container/container_dry_3_025x05x025_a.cgf
    [-0.95614622959459594, 0.28625950818077228, -0.06196504994923076, 44.12675019266316667]
    [-0.29109832337755720, -0.95214945233448800, 0.09312879443534065, -10.38795720151392743]
    [-0.03234098894411618, 0.10708267928244584, 0.99372387816680730, 1.31728163515799679]
  #174 objects/buildingsets/human/lowtech/prop/storage/crate/crate_weapon_4_015x0075x0075_a.cgf
    [-0.89959365580384676, 0.43231165847633263, -0.06195109753558568, 48.44283266182173975]
    [-0.43645964576524821, -0.89492130294936145, 0.09283799464035283, -101.91056095753447153]
    [-0.01530640907904053, 0.11055562209047037, 0.99375209301326461, 2.36272850580280647]
  #175 objects/buildingsets/human/lowtech/prop/storage/drum/drum_dry_1_a.cgf
    [0.94859616058953145, -0.29177912768047731, -0.12259806093662604, -9.57148104163934477]
    [0.27240821863609255, 0.94993025454544677, -0.15305650492329528, 49.14311417329008691]
    [0.16111829913114073, 0.11179209242984781, 0.98058321499801626, 1.27509937371360138]
  #176 objects/buildingsets/human/hightech/prop/storage/crate/crate_dry_1_01x005x005_a.cgf
    [-0.00000034032481124, -0.97500002782625339, 0.00000003787270416, 11.44466355239273980]
    [0.97500002782610895, -0.00000034032483191, -0.00000053180455067, -3.38702391722472385]
    [0.00000053180456389, 0.00000003787251853, 0.97500002782616735, 0.86516588382073678]
  #177 objects/buildingsets/human/lowtech/prop/storage/drum/drum_dry_1_a.cgf
    [0.48286860232973489, -0.87513684865357855, -0.03119943496873116, -8.50984754168894142]
    [0.87292535281626782, 0.48386728156241948, -0.06223968166326533, 33.36654756800271571]
    [0.06956462480513127, 0.00281881032245952, 0.99757346246461609, -0.83361847850028425]
  #178 objects/buildingsets/human/lowtech/prop/utilitarian/structure/structure_post_3_a.cgf
    [-0.70710550843187148, -0.70710800556872666, -0.00000011825671112, 86.68366666432120837]
    [0.70710800556869335, -0.70710550843187692, 0.00000023107784852, -14.63038311671698466]
    [-0.00000024701697689, 0.00000007977615515, 0.99999996579701123, 1.77384148840792477]
  #179 objects/buildingsets/human/lowtech/prop/storage/drum/drum_dry_1_a.cgf
    [-0.87607031985375206, -0.48118972392004566, -0.03096476121065188, 8.39406373340170830]
    [0.48107359909288083, -0.86788935827163094, -0.12384597783705642, 40.38449564905022271]
    [0.03271939942762692, -0.12339401753871525, 0.99181900037682647, 0.46388507375377230]
  #180 objects/buildingsets/human/lowtech/prop/storage/crate/crate_weapon_4_015x0075x0075_a.cgf
    [-0.89834885667086495, 0.43815395834832621, 0.03147216062301743, 73.86602892042719759]
    [-0.43836883655404857, -0.89879520084321296, 0.00008044809811950, 24.68943362461868674]
    [0.02832227478218641, -0.01372414359221833, 0.99950465382921616, 0.93587344582192600]
  #181 objects/buildingsets/human/lowtech/prop/storage/container/container_dry_3_025x05x025_a.cgf
    [-0.00000044985139820, -0.99805768062242528, 0.06229594713545376, -26.37846921535674483]
    [0.99999995943317499, -0.00000022813911723, 0.00000356612896904, 0.76349051485885866]
    [-0.00000354499040905, 0.06229594713666026, 0.99805768061615563, -0.39533544343430549]
  #182 objects/buildingsets/human/lowtech/prop/storage/drum/drum_dry_1_a.cgf
    [0.57358120111406374, -0.81914872799180205, 0.00003614531774462, 10.89057282995781861]
    [0.81283971670824329, 0.56915806221290199, -0.12389806014720614, 42.41656918628723361]
    [0.10147036423869854, 0.07109497729087864, 0.99229496800789974, 0.74478927260497585]
  #183 objects/buildingsets/human/lowtech/bravo/int/cable/cable_curved_02x01x02_a.cgf
    [-1.23836985560355006, 1.23840041013839963, -0.00038143790008778, -68.95225077139912173]
    [-1.23597207396213982, -1.23597522691770201, -0.10924235179108217, 0.15095709924935363]
    [-0.07751615129477191, -0.07697586120443349, 1.74793065757016275, -0.88414153680787422]
  #184 objects/buildingsets/human/lowtech/prop/storage/container/container_dry_3_025x025x025_a.cgf
    [-0.89617498310926702, 0.43926538774786750, 0.06258100508541856, 72.70455366355599836]
    [-0.43815559566029622, -0.89835721226162779, 0.03120987969807389, 10.79933657075162046]
    [0.06992951495868244, 0.00054929583362340, 0.99755181551306416, 1.06589307371177711]
  #185 objects/planet/manmade/mining/mining_structure_set_01/mining_structure_tank_01.cgf
    [0.99999999221326352, 0.00000000000000006, 0.00000000000000033, 21.12502614961704239]
    [-0.00000000000000006, 0.99999999221326352, -0.00000000000000000, 23.50002877946826629]
    [-0.00000000000000033, -0.00000000000000000, 0.99999999221326352, -0.86457046621944755]
  #186 objects/buildingsets/human/lowtech/prop/utilitarian/structure/structure_post_3_a.cgf
    [0.70710759541919421, -0.70710596885686783, -0.00000006109308594, 61.94599274298525415]
    [0.70710596885681054, 0.70710759541916712, -0.00000035086311255, -107.12472747903666459]
    [0.00000029129678584, 0.00000020489868584, 1.00000000134620048, 3.63672928520827554]
  #187 objects/buildingsets/human/lowtech/prop/utilitarian/structure/structure_post_3_a.cgf
    [0.99999999221326352, 0.00000000000000006, 0.00000000000000033, -4.33327635607565753]
    [-0.00000000000000006, 0.99999999221326352, -0.00000000000000000, -132.02635131133138202]
    [-0.00000000000000033, -0.00000000000000000, 0.99999999221326352, 6.10206985863624141]
  #188 objects/buildingsets/human/lowtech/prop/storage/drum/drum_dry_1_a.cgf
    [0.96126225737724635, -0.27563550275903353, -0.00002809883395943, -9.35102827151422389]
    [0.27510087905412806, 0.95939143314121722, 0.06235096621269229, -9.11882011368288659]
    [-0.01715918163595417, -0.05994335878798500, 0.99805431457990723, 0.07029392171534710]
  #189 objects/buildingsets/human/lowtech/prop/light/light_landing_2_a.cgf
    [-0.93347381215282588, -0.35728280736925028, -0.03123558379329705, -5.54804290624451824]
    [0.35819299905139573, -0.93312731068053811, -0.03116442851013970, 16.81504585797665641]
    [-0.01801226157726183, -0.04027954483536261, 0.99902609616186622, -0.39868507179198787]
  #190 objects/buildingsets/human/lowtech/prop/utilitarian/structure/structure_post_3_a.cgf
    [-0.70710766801003666, 0.70710592541241368, -0.00000000251078432, -31.54006549430778250]
    [-0.70710592541241302, -0.70710766801003599, 0.00000004289896282, 70.96281026449287310]
    [0.00000002855871534, 0.00000003210957533, 1.00000002195596793, 2.65155630590743385]
  #191 objects/buildingsets/human/lowtech/prop/light/light_landing_2_a.cgf
    [-0.93451277798792454, -0.35457600912805393, -0.03101510054553894, -7.27379433694295585]
    [0.35560600850825524, -0.92639450421476532, -0.12384588893960656, 40.33656139302183874]
    [0.01518056072265901, -0.12676470820081159, 0.99181675437786621, 0.19288194685941562]
  #192 objects/buildingsets/human/lowtech/prop/utilitarian/structure/structure_post_3_a.cgf
    [-0.70710766801003666, 0.70710592541241368, -0.00000000251078432, -83.12667387456167489]
    [-0.70710592541241302, -0.70710766801003599, 0.00000004289896282, 2.15362166496925056]
    [0.00000002855871534, 0.00000003210957533, 1.00000002195596793, -0.78735254149069078]
  #193 objects/buildingsets/human/lowtech/prop/light/light_landing_2_a.cgf
    [-0.93347448082992623, -0.35728438075306374, -0.03119602689879482, 6.82637044633156620]
    [0.35819227176667107, -0.93312884724574474, -0.03112519991148294, 29.06153164026909508]
    [-0.01798936549747736, -0.04022875703769978, 0.99902850661093290, 0.10039148939540610]
  #194 objects/buildingsets/human/lowtech/prop/storage/container/container_dry_3_025x025x025_a.cgf
    [-0.89184834599336915, 0.43498313230692603, -0.12408202544283209, -15.44526710506761447]
    [-0.43836891333241651, -0.89879521705390431, -0.00001747655356849, -6.06025084733846597]
    [-0.11153192481660426, 0.05437811223395760, 0.99227203797004293, -0.48841310365241952]
  #195 objects/buildingsets/human/hightech/prop/storage/crate/crate_dry_1_01x005x005_a.cgf
    [0.62671839572654620, -0.74689294573531106, 0.00000000271869087, 9.34939878128352575]
    [0.74689294573531084, 0.62671839572654586, -0.00000003058475422, -6.67784365743864328]
    [0.00000002168172653, 0.00000002174215273, 0.97500001022114091, 0.88285472645657137]
  #196 objects/buildingsets/human/lowtech/bravo/int/cable/cable_curved_02x01x02_a.cgf
    [0.22837627580648812, 1.87502629196779003, -0.05856845234769419, 70.75392784678842872]
    [-1.87478655066261379, 0.23019390136366857, 0.05912478128228275, 20.48832313899765722]
    [0.06579702603813525, 0.05095836277412030, 1.88795751518937616, 0.79938371491152793]
  #197 objects/buildingsets/human/lowtech/prop/storage/crate/crate_weapon_4_015x0075x0075_a.cgf
    [-0.89836105784446352, 0.43815987973980880, 0.03103751433796040, -62.30646772586624138]
    [-0.43837063095360901, -0.89879429650065701, 0.00001601655723333, 4.50753349455771968]
    [0.02790335870854091, -0.01359154610747788, 0.99951821904780547, -0.62316496449057013]
  #198 objects/buildingsets/human/lowtech/prop/storage/drum/drum_dry_1_a.cgf
    [0.94859585333423468, -0.29177937054984127, -0.12259995253089379, -10.15517054387601092]
    [0.27240844213096316, 0.94993039457952855, -0.15305531193560878, 49.51148881495464593]
    [0.16111980044308866, 0.11179036978856101, 0.98058317624241331, 1.24377295037265867]
  #199 objects/buildingsets/human/lowtech/prop/storage/drum/drum_dry_1_a.cgf
    [-0.82042256854807527, -0.57091325594894871, -0.03106084532442356, 11.30087464905227534]
    [0.57107870592484522, -0.81559185980224336, -0.09316084358270316, 41.82052028313046321]
    [0.02785378914441963, -0.09416945003347350, 0.99516641524129534, 0.68235492234816775]
  #200 objects/buildingsets/human/lowtech/prop/utilitarian/structure/structure_post_3_a.cgf
    [-0.00000053315810920, 1.00000084165089298, 0.00000028166661828, 31.57007202148088254]
    [-1.00000084165092851, -0.00000053315808333, -0.00000009193947893, -58.16629801053204574]
    [-0.00000009193932876, -0.00000028166666730, 1.00000084165103087, 1.00106957851676270]
  #201 objects/buildingsets/human/lowtech/prop/storage/drum/drum_dry_1_a.cgf
    [0.96106093908680634, -0.27456425884006574, -0.03124727973034074, -9.22824931787909009]
    [0.27550227943617006, 0.96079418423645169, 0.03119427710719755, -8.44328810981824063]
    [0.02145737049163445, -0.03858829701310396, 0.99902481347890859, -0.03364550374681130]
  #202 objects/buildingsets/human/lowtech/prop/storage/container/container_dry_3_025x05x025_a.cgf
    [-0.99951294695801374, 0.00481548285083493, -0.03083476173969371, 7.68689245503628626]
    [-0.00000360443292831, -0.98804185456515403, -0.15418623854865485, 36.58726209835731424]
    [-0.03120851476181505, -0.15411102262877874, 0.98756059249749140, -0.11520780224236660]
  #203 objects/buildingsets/human/lowtech/prop/storage/drum/drum_dry_1_a.cgf
    [0.48457326827822272, -0.87419189067148917, -0.03126237343051671, -9.18674239236861467]
    [0.87461904247190125, 0.48481087038977483, -0.00002314268141550, -7.89810924470657483]
    [0.01517656923801716, -0.02733145210661980, 0.99951123731054037, -0.06488006541621871]
  #204 objects/buildingsets/human/lowtech/prop/storage/drum/drum_dry_1_a.cgf
    [0.48542694849868417, -0.87371856814520921, -0.03125054159124438, -10.24655243346933275]
    [0.87419335497051798, 0.48457497342693107, 0.03119500366859881, -8.33555225381860510]
    [-0.01211242324436538, -0.04246191006984195, 0.99902468958308288, -0.06492425213218667]
  #205 objects/buildingsets/human/lowtech/prop/utilitarian/structure/structure_post_3_a.cgf
    [0.70710597806069186, 0.70710761738718320, 0.00000032928463575, -62.02112503704847768]
    [-0.70710761738725425, 0.70710597806066822, 0.00000020351118203, -99.90264453564304858]
    [-0.00000008893482531, -0.00000037674363883, 1.00000002338805216, 4.73285774339456111]
  #206 objects/buildingsets/human/hightech/prop/storage/crate/crate_dry_1_01x005x005_a.cgf
    [0.99999999221326352, 0.00000000000000006, 0.00000000000000033, 11.92137992026982829]
    [-0.00000000000000006, 0.99999999221326352, -0.00000000000000000, -7.96765375023824163]
    [-0.00000000000000033, -0.00000000000000000, 0.99999999221326352, 0.25773708667838946]
  #207 objects/buildingsets/human/lowtech/prop/storage/container/container_dry_3_025x05x025_a.cgf
    [-0.99805441276385831, 0.00194350568331015, -0.06231858083443091, 8.68689242820255458]
    [-0.00000384733685168, -0.99951596654805741, -0.03110990468756045, 19.58726365439360961]
    [-0.06234887903368078, -0.03104913799334915, 0.99757133172624834, -0.11370828634244390]
  #208 objects/buildingsets/human/lowtech/prop/utilitarian/structure/structure_post_3_a.cgf
    [-0.00000032581873799, -0.99999998840935544, -0.00000002552653487, 11.42219428037060425]
    [0.99999998840922821, -0.00000032581872511, -0.00000050503519866, 48.44892491193604656]
    [0.00000050503519034, -0.00000002552669942, 0.99999998840928062, 1.71972966421162710]
  #209 objects/buildingsets/human/lowtech/bravo/ext/hero/storage_tower_a.cgf
    [-0.00000032581873799, -0.99999998840935544, -0.00000002552653487, -10.24401831725845113]
    [0.99999998840922821, -0.00000032581872511, -0.00000050503519866, -78.58946311994805001]
    [0.00000050503519034, -0.00000002552669942, 0.99999998840928062, 0.72074488288490102]
  #210 objects/buildingsets/human/hightech/prop/storage/crate/crate_dry_1_01x005x005_a.cgf
    [0.72774124144777408, 0.61064933661364629, 0.00000038219359386, 11.92749336094129831]
    [-0.61064933661374388, 0.72774124144776453, 0.00000020134763057, -6.80514073246740736]
    [-0.00000016335289445, -0.00000039991079431, 0.94999996147925880, 0.66401426144875586]
  #211 objects/planet/manmade/mining/mining_structure_set_01/mining_structure_tank_01.cgf
    [0.99999999221326352, 0.00000000000000006, 0.00000000000000033, 21.12502191826933995]
    [-0.00000000000000006, 0.99999999221326352, -0.00000000000000000, 15.50001586359576322]
    [-0.00000000000000033, -0.00000000000000000, 0.99999999221326352, -0.92657194394269027]
  #212 objects/buildingsets/human/lowtech/prop/storage/crate/crate_weapon_4_015x0075x0075_a.cgf
    [-0.98977790855315440, 0.13910317277014464, -0.03146417748016812, -72.33868672302924097]
    [-0.13917251897841607, -0.99026814811021380, 0.00001409435173958, 3.91164254082832485]
    [-0.03115601226772521, 0.00439289912559186, 0.99950487779496378, -0.71906413530814461]
  #213 objects/buildingsets/human/lowtech/prop/storage/crate/crate_weapon_4_015x0075x0075_a.cgf
    [-0.98676479284460694, 0.13283532725358843, -0.09300530354302027, 48.16643813590053469]
    [-0.13887591265872487, -0.98838076234941696, 0.06178119901838146, -102.97384445872739889]
    [-0.08371792840785959, 0.07387970967982137, 0.99374698188828647, 2.42492322553880513]
  #214 objects/buildingsets/human/hightech/prop/storage/crate/crate_dry_1_0125x00625x00625_a.cgf
    [-0.00000032581873799, -0.99999998840935544, -0.00000002552653487, 9.15277061695815064]
    [0.99999998840922821, -0.00000032581872511, -0.00000050503519866, -6.66293964587384835]
    [0.00000050503519034, -0.00000002552669942, 0.99999998840928062, 0.25786086267908104]
  #215 objects/buildingsets/human/lowtech/prop/light/light_landing_2_a.cgf
    [-0.92499107372054201, -0.35919015711133545, -0.12399158608995126, -5.66969627494108863]
    [0.35818499236456186, -0.93313300602165561, 0.03108493473109418, 28.27776440535672009]
    [-0.12686604601534007, -0.01565863840733894, 0.99179624029389757, -0.58701310213655233]
  #216 objects/planet/manmade/mining/mining_structure_set_01/mining_structure_tank_01.cgf
    [-0.99756415310246893, 0.06975559252964961, 0.00000003595544505, -11.87497412358061410]
    [-0.06975559252965208, -0.99756415310246682, -0.00000007252507926, 31.49993196051218547]
    [0.00000003080883195, -0.00000007485650956, 1.00000004112210039, -1.92728447404806502]
  #217 objects/planet/manmade/mining/mining_structure_set_01/mining_structure_tank_01.cgf
    [0.99999999221326352, 0.00000000000000006, 0.00000000000000033, 21.12501560401869938]
    [-0.00000000000000006, 0.99999999221326352, -0.00000000000000000, 31.50002284717629664]
    [-0.00000000000000033, -0.00000000000000000, 0.99999999221326352, -1.02152344197384082]
  #218 objects/buildingsets/human/lowtech/prop/utilitarian/machine/machine_forklift_1_a.cgf
    [0.38874335831439866, 0.92081756871825526, -0.03120518028556155, -10.33301339013269171]
    [-0.91871615834804121, 0.38996855106614059, 0.06233222553384398, -5.42710760087356903]
    [0.06956564185767340, 0.00443746431944055, 0.99756758525613343, -0.02340121340239421]
  #219 objects/buildingsets/human/lowtech/prop/storage/container/container_dry_3_025x05x025_a.cgf
    [0.99951516035642485, -0.00000000678208355, 0.03113701262889298, -31.13206125446595252]
    [0.00000109139294072, 1.00000003406220039, -0.00003481649698684, -11.40135680400999263]
    [-0.03113701260976634, 0.00003483359807699, 0.99951515975003669, -0.64597837245673873]
  #220 objects/buildingsets/human/lowtech/prop/storage/container/container_dry_3_025x05x025_a.cgf
    [0.98480821056698098, -0.17364569304733191, 0.00002584920965952, 7.68689395231194794]
    [0.17356220977392883, 0.98433010908889373, -0.03115180029542981, 25.58726894774008542]
    [0.00538393169166919, 0.03068303455278537, 0.99951468406040977, -0.05161515573854558]
  #221 objects/buildingsets/human/lowtech/prop/utilitarian/structure/structure_post_3_a.cgf
    [-0.00000053315810920, 1.00000084165089298, 0.00000028166661828, -96.66505750970100053]
    [-1.00000084165092851, -0.00000053315808333, -0.00000009193947893, -54.58406534546520561]
    [-0.00000009193932876, -0.00000028166666730, 1.00000084165103087, 1.86025975958909839]
  #222 objects/buildingsets/human/lowtech/prop/storage/drum/drum_dry_1_a.cgf
    [-0.00097642138315028, 0.99951223162894975, -0.03124153309571158, -7.49763057846575975]
    [-0.99951419718245038, -0.00000140336339396, 0.03119387108910303, -8.53481584216933697]
    [0.03117858554802533, 0.03125678785349648, 0.99902582398108020, 0.10161017897189595]
  #223 objects/buildingsets/human/lowtech/prop/storage/crate/crate_weapon_4_015x0075x0075_a.cgf
    [-0.98805342409030139, 0.14083208648193524, 0.06258396193520982, 73.58963746557128616]
    [-0.13909947865170813, -0.98978518976216190, 0.03125077434618490, 23.62618080136599019]
    [0.06634579047073047, 0.02217203814623023, 0.99755031679719630, 0.96727063404978253]
  #224 objects/buildingsets/human/lowtech/bravo/ext/hero/storage_tower_a.cgf
    [-0.00000053315810920, 1.00000084165089298, 0.00000028166661828, -3.17705477622803301]
    [-1.00000084165092851, -0.00000053315808333, -0.00000009193947893, -78.62809511082014069]
    [-0.00000009193932876, -0.00000028166666730, 1.00000084165103087, 0.34588637074921280]
  #225 objects/planet/manmade/mining/mining_structure_set_01/mining_structure_tank_01.cgf
    [0.99999999221326352, 0.00000000000000006, 0.00000000000000033, -19.87497084727510810]
    [-0.00000000000000006, 0.99999999221326352, -0.00000000000000000, 15.49997748094028793]
    [-0.00000000000000033, -0.00000000000000000, 0.99999999221326352, -1.70773835777072236]
  #226 objects/buildingsets/human/lowtech/prop/storage/container/container_dry_3_025x025x025_a.cgf
    [-0.89835051313735093, 0.43815466112727536, -0.03141515942055120, -57.00698239984922111]
    [-0.43837140795875490, -0.89879395429077136, 0.00001333174751822, 3.63192420697305351]
    [-0.02822991309294248, 0.01378348380922084, 0.99950645387809423, -0.74318381512421183]
  #227 objects/planet/manmade/mining/mining_structure_set_01/mining_structure_tank_01.cgf
    [-0.00000053315810920, 1.00000084165089298, 0.00000028166661828, -11.87498256092658266]
    [-1.00000084165092851, -0.00000053315808333, -0.00000009193947893, 15.49997745404834859]
    [-0.00000009193932876, -0.00000028166666730, 1.00000084165103087, -1.70733297956758179]
  #228 objects/buildingsets/human/lowtech/prop/storage/drum/drum_dry_1_a.cgf
    [-0.27563605883369036, -0.96126107165968599, -0.00002727722365139, -9.05625630522263236]
    [0.96079550257575297, -0.27550167630236505, -0.03112738579671093, 33.26964279008097947]
    [0.02991405794239217, -0.00860604601448399, 0.99951446746465833, -0.83362347056390718]
  #229 objects/buildingsets/human/hightech/prop/storage/crate/crate_dry_1_0125x00625x00625_a.cgf
    [-0.00000032581873799, -0.99999998840935544, -0.00000002552653487, 9.77777016308391467]
    [0.99999998840922821, -0.00000032581872511, -0.00000050503519866, -6.64943697166745551]
    [0.00000050503519034, -0.00000002552669942, 0.99999998840928062, 0.22659222461516038]
  #230 objects/buildingsets/human/lowtech/prop/storage/drum/drum_dry_1_a.cgf
    [0.96126199864572393, -0.27563635852646523, -0.00002920914213203, -9.68556435246136971]
    [0.27550299181517307, 0.96079358491380451, 0.03120611678252056, -9.51019620386068709]
    [-0.00857347629569072, -0.03000530089876662, 0.99951298663772126, 0.07027212562388740]
  #231 objects/buildingsets/human/lowtech/bravo/int/cable/cable_curved_02x01x02_a.cgf
    [0.65235360913193596, 1.56204412099311440, -0.15813629175023608, 45.85799871938070282]
    [-1.56204184450876538, 0.66298505056482449, 0.10502501024204303, -105.42222281184513122]
    [0.15815877687097024, 0.10499114650072013, 1.68953153699487735, 2.40111407494987361]
  #232 objects/buildingsets/human/lowtech/prop/storage/drum/drum_dry_1_a.cgf
    [0.96106088182341798, -0.27456413685989717, -0.03124987569173356, -10.05294243423850276]
    [0.27550220713231366, 0.96079427375034354, 0.03119192115513915, -9.21206520899431780]
    [0.02146051829739652, -0.03858674423301772, 0.99902479842868641, 0.03901946774567477]
  #233 objects/buildingsets/human/lowtech/prop/storage/drum/drum_dry_1_a.cgf
    [0.48457322977316619, -0.87419182214383806, -0.03126392690705782, -9.69504241269896738]
    [0.87461900179641661, 0.48481088184683935, -0.00002410686858100, -8.22379425336839631]
    [0.01517816607675188, -0.02733234313661207, 0.99951115868449436, -0.06490375459543429]
  #234 objects/buildingsets/human/lowtech/prop/utilitarian/machine/machine_sledge_1_a.cgf
    [-0.40673765293866709, 0.91354501766268859, 0.00003407871329752, 10.12500548901152797]
    [-0.91309793259192351, -0.40653976361646593, 0.03126667348406574, 9.50000502547482029]
    [0.02857736786402212, 0.01268621606635467, 0.99951108685377632, 0.04296731034992263]
  #235 objects/planet/manmade/mining/mining_structure_set_01/mining_structure_tank_01.cgf
    [-0.00000053315810920, 1.00000084165089298, 0.00000028166661828, 13.12500061074388213]
    [-1.00000084165092851, -0.00000053315808333, -0.00000009193947893, 31.50000094139249995]
    [-0.00000009193932876, -0.00000028166666730, 1.00000084165103087, -1.23983544349903241]
  #236 objects/buildingsets/human/hightech/prop/storage/crate/crate_dry_1_0125x0125x0125_a.cgf
    [-0.00000035261300012, -0.98000002272791320, 0.00000002500071024, 10.58545177799533121]
    [0.98000002272777176, -0.00000035261301351, -0.00000052693452689, -3.36978056127554737]
    [0.00000052693453588, 0.00000002500052065, 0.98000002272783449, 0.21413633969496004]
  #237 objects/buildingsets/human/lowtech/prop/storage/container/container_dry_3_025x05x025_a.cgf
    [0.95443092518950379, -0.29179796525978730, 0.06257431201815998, 61.13433216349221766]
    [0.29238085459261620, 0.95630193789225559, -0.00016572144770568, -52.44603243860183284]
    [-0.05979157902237968, 0.01845370060867998, 0.99804028777612275, 2.46645117146545090]
  #238 objects/buildingsets/human/lowtech/prop/storage/drum/drum_dry_1_a.cgf
    [0.48286852992651824, -0.87513686253248557, -0.03120121678553781, -9.05883529401035048]
    [0.87292547674010756, 0.48386733794775638, -0.06223803186882833, 33.86358243861468509]
    [0.06956404351499883, 0.00281644983033015, 0.99757354252490760, -0.83368724660249427]
  #239 objects/buildingsets/human/lowtech/prop/storage/container/container_dry_3_025x05x025_a.cgf
    [-0.00194282857434279, 0.99951548536837687, 0.03109181560250703, -26.37845607215422206]
    [-0.99805470585363387, -0.00000023459546928, -0.06235771960930549, -3.48710506199859083]
    [-0.06232744669933556, -0.03115245705036035, 0.99757029570811595, -0.55160384814371355]
  #240 objects/planet/manmade/mining/mining_structure_set_01/mining_structure_tank_01.cgf
    [0.99999999221326352, 0.00000000000000006, 0.00000000000000033, -19.87496680056210607]
    [-0.00000000000000006, 0.99999999221326352, -0.00000000000000000, 23.49996105773607269]
    [-0.00000000000000033, -0.00000000000000000, 0.99999999221326352, -1.77073687815573066]
  #241 objects/buildingsets/human/lowtech/prop/utilitarian/structure/structure_post_8_a.cgf
    [-0.00000053315810920, 1.00000084165089298, 0.00000028166661828, 7.43698994902661070]
    [-1.00000084165092851, -0.00000053315808333, -0.00000009193947893, -2.87078775450936519]
    [-0.00000009193932876, -0.00000028166666730, 1.00000084165103087, 0.06733707094099373]
  #242 objects/buildingsets/human/lowtech/prop/utilitarian/machine/machine_forklift_1_a.cgf
    [0.92202608079075177, 0.37566277528390529, 0.09351651777314331, 69.10677714453777298]
    [-0.37443086523572960, 0.92673446113056479, -0.03105992917955648, 11.56877907467423938]
    [-0.09833304118780974, -0.00637740604087625, 0.99513310425878243, 1.50022067537065595]
  #243 objects/buildingsets/human/lowtech/prop/utilitarian/structure/structure_post_3_a.cgf
    [-0.70710550843187148, -0.70710800556872666, -0.00000011825671112, 42.60256584378657863]
    [0.70710800556869335, -0.70710550843187692, 0.00000023107784852, 68.68995862107840367]
    [-0.00000024701697689, 0.00000007977615515, 0.99999996579701123, 4.61950020218500867]
  #244 objects/planet/manmade/mining/mining_structure_set_01/mining_structure_tank_01.cgf
    [-0.00000053315810920, 1.00000084165089298, 0.00000028166661828, 13.12501107613206841]
    [-1.00000084165092851, -0.00000053315808333, -0.00000009193947893, 23.50001948422868736]
    [-0.00000009193932876, -0.00000028166666730, 1.00000084165103087, -0.98913246835581958]
  #245 objects/buildingsets/human/lowtech/prop/storage/drum/drum_dry_1_a.cgf
    [0.57358023366062461, -0.81914934503317871, 0.00003574193640376, 10.69794518779963255]
    [0.81558541094962933, 0.57108064857042462, -0.09320550126712492, 41.81934928669943474]
    [0.07632881626159284, 0.05348998553043406, 0.99564685930705699, 0.68237629032228142]
  #246 objects/buildingsets/human/lowtech/prop/storage/crate/crate_weapon_4_015x0075x0075_a.cgf
    [-0.89879721214173780, 0.43836471292622908, -0.00022776411210721, -71.83495706223766319]
    [-0.43815699274496350, -0.89835507692697225, 0.03125231891187879, 4.95126365646137856]
    [0.01349530007357934, 0.02818929211215830, 0.99951155203693598, -0.68771289134747349]
  #247 objects/buildingsets/human/lowtech/prop/utilitarian/structure/structure_post_3_a.cgf
    [-0.70710766801003666, 0.70710592541241368, -0.00000000251078432, -9.58060698991175741]
    [-0.70710592541241302, -0.70710766801003599, 0.00000004289896282, 49.51141263512545265]
    [0.00000002855871534, 0.00000003210957533, 1.00000002195596793, 1.18837604988948442]
  #248 objects/buildingsets/human/lowtech/prop/utilitarian/structure/structure_post_3_a.cgf
    [-0.00000032581873799, -0.99999998840935544, -0.00000002552653487, 42.58105785425868817]
    [0.99999998840922821, -0.00000032581872511, -0.00000050503519866, -53.74774136670748703]
    [0.00000050503519034, -0.00000002552669942, 0.99999998840928062, 1.81305475215776823]
  #249 objects/buildingsets/human/lowtech/prop/storage/drum/drum_dry_1_a.cgf
    [-0.89283395948316002, 0.44615287149303268, -0.06160589104693519, 8.14437911674031056]
    [-0.43315219479482364, -0.88807538475671677, -0.15395270992476581, 40.85331552918069065]
    [-0.12339710976190853, -0.11076947236162785, 0.98615588374996554, 0.49508083652472124]
  #250 objects/buildingsets/human/lowtech/prop/utilitarian/storage/storage_container_1_025x075x025_a.cgf
    [0.09277676070120769, -0.99374750016361990, -0.06211519998405433, -3.18119188185664825]
    [0.99188540729871855, 0.08679636134129501, 0.09289590907288917, -83.60112578945700079]
    [-0.08692370757369922, -0.07022974478936671, 0.99373636920723341, 1.21563781090662815]
  #251 objects/buildingsets/human/lowtech/prop/utilitarian/structure/structure_post_3_a.cgf
    [0.70710759541919421, -0.70710596885686783, -0.00000006109308594, 89.35613174727768637]
    [0.70710596885681054, 0.70710759541916712, -0.00000035086311255, -65.21905790249002166]
    [0.00000029129678584, 0.00000020489868584, 1.00000000134620048, 2.01663875815575011]
  #252 objects/planet/manmade/mining/mining_structure_set_01/mining_structure_tank_01.cgf
    [0.99999999221326352, 0.00000000000000006, 0.00000000000000033, -19.87495480448706076]
    [-0.00000000000000006, 0.99999999221326352, -0.00000000000000000, 31.49992882428341545]
    [-0.00000000000000033, -0.00000000000000000, 0.99999999221326352, -1.95893985169823281]
  #253 objects/buildingsets/human/lowtech/prop/storage/drum/drum_dry_1_a.cgf
    [0.96106084462546082, -0.27456421435544032, -0.03124909088491161, -9.80137539768475108]
    [0.27550228464831733, 0.96079416512088123, 0.03119333231933030, -8.75636114872759208]
    [0.02145937182937083, -0.03858788699846686, 0.99902473988167095, -0.03367149506811984]
  #254 objects/buildingsets/human/hightech/prop/storage/crate/crate_dry_1_0125x0125x0125_a.cgf
    [-0.00000032581873799, -0.99999998840935544, -0.00000002552653487, 8.87567937752464786]
    [0.99999998840922821, -0.00000032581872511, -0.00000050503519866, -7.87343765623518266]
    [0.00000050503519034, -0.00000002552669942, 0.99999998840928062, 0.25784077181015164]
  #255 objects/buildingsets/human/lowtech/prop/utilitarian/structure/structure_post_3_a.cgf
    [-0.70710550843187148, -0.70710800556872666, -0.00000011825671112, 68.06077958270907402]
    [0.70710800556869335, -0.70710550843187692, 0.00000023107784852, 36.57765168973128311]
    [-0.00000024701697689, 0.00000007977615515, 0.99999996579701123, 1.93289912134059705]
  #256 objects/planet/manmade/mining/mining_structure_set_01/mining_structure_tank_01.cgf
    [-0.00000053315810920, 1.00000084165089298, 0.00000028166661828, 13.12500580871710554]
    [-1.00000084165092851, -0.00000053315808333, -0.00000009193947893, 15.50000666160485707]
    [-0.00000009193932876, -0.00000028166666730, 1.00000084165103087, -1.11363394628278911]
  #257 objects/buildingsets/human/lowtech/prop/storage/container/container_dry_3_025x025x025_a.cgf
    [-0.43836629620327550, -0.89879647440571619, -0.00017516083982123, -55.36851175749325193]
    [0.89835535021928059, -0.43815723702169102, 0.03124168866041508, 1.59015054401243106]
    [-0.02815666560263783, 0.01353794570144773, 0.99951191535707506, -0.68037270935019478]
  #258 objects/buildingsets/human/lowtech/prop/storage/container/container_dry_3_025x05x025_a.cgf
    [-1.00000007024692539, -0.00000323521959709, 0.00003416564313775, 10.23217783839209005]
    [0.00000003636162260, -0.99564601560713439, -0.09321562785955148, 38.79025429286411963]
    [0.00003431845705579, -0.09321562780341645, 0.99564601502093686, 0.32195395746384747]
