# IncludedObjects
# Cgfs: 52, Materials: 2, Palettes: 9, Placements: 102

[CGFs]
      0: objects/buildingsets/human/lowtech/prop/utility/waste/waste_trashcan_3_a.cgf
      1: objects/buildingsets/human/lowtech/prop/kiosk/beam/kiosk_beam_001x001x01_a.cgf
      2: objects/buildingsets/human/lowtech/charlie/int/prop/uee_lawless_prop_cablesfloor_messy_05.cgf
      3: objects/buildingsets/human/lowtech/prop/kiosk/panel/kiosk_panel_02x001x02_a.cgf
      4: objects/buildingsets/human/universal/prop/salvage/salvage_shelf_1_a.cgf
      5: objects/buildingsets/human/universal/prop/crates/crate_basket_1_a.cgf
      6: objects/buildingsets/human/universal/prop/dressing/cup/cup_disposable_stack.cgf
      7: objects/buildingsets/human/universal/prop/dressing/literature/literature_newspaper_1_folded_a.cgf
      8: objects/buildingsets/human/colonialism/props/dressing/rug/rug_heavy_1_b.cgf
      9: objects/buildingsets/human/lowtech/bravo/levski/prop/sign/levski_prop_sign_d.cgf
     10: objects/buildingsets/human/universal/prop/storage/box_cardboard/box_cardboard_005x005x004_red.cgf
     11: objects/buildingsets/human/lowtech/prop/storage/canister/canister_liquid_5_a.cgf
     12: objects/buildingsets/human/utilitarian/prop/texture/decal/improvised_sign_nyx_market_017.cgf
     13: objects/buildingsets/human/universal/prop/dressing/cup/cup_disposable_1_d.cgf
     14: objects/buildingsets/human/universal/prop/dressing/can/can_drink_2_e_opened.cgf
     15: objects/buildingsets/human/universal/prop/dressing/utensil/utensil_tray_1_food_a.cgf
     16: objects/buildingsets/human/lowtech/prop/food/food_carafi_tray_1_a.cgf
     17: objects/buildingsets/human/lowtech/prop/kiosk/shelf/kiosk_shelf_02x003x004_a.cgf
     18: objects/planets/flora/bush/corylus_02/corylus_02_g.cgf
     19: objects/buildingsets/human/universal/prop/utility/waste/trash_bag_standing_1_b.cgf
     20: objects/buildingsets/human/colonialism/props/dressing/rug/rug_heavy_1_c.cgf
     21: objects/buildingsets/human/universal/prop/dressing/cup/cup_coffee_1_lid_a.cgf
     22: objects/buildingsets/human/universal/prop/storage/box_cardboard/box_cardboard_open_005x005x004_red.cgf
     23: objects/buildingsets/human/universal/prop/dressing/can/can_drink_2_shop_1x5_j.cgf
     24: objects/buildingsets/human/universal/prop/dressing/can/can_drink_2_shop_1x5_e.cgf
     25: objects/buildingsets/human/universal/prop/dressing/can/can_drink_2_shop_1x5_f.cgf
     26: objects/buildingsets/human/universal/prop/dressing/bottle/bottle_alcohol_02_dolan_a.cgf
     27: objects/buildingsets/human/universal/prop/dressing/linen/linen_towel_1_g.cgf
     28: objects/buildingsets/human/lowtech/prop/storage/canister/canister_liquid_2_a.cgf
     29: objects/buildingsets/human/colonialism/props/dressing/basket/basket_woven_1_small_a.cgf
     30: objects/buildingsets/human/universal/prop/dressing/can/can_drink_2_e.cgf
     31: objects/buildingsets/human/lowtech/prop/drink/bottle/bottle_alcohol_rust_1_tray_a.cgf
     32: objects/buildingsets/human/lowtech/prop/appliance/machine/machine_coffee_1_a/machine_coffee_1_a.cgf
     33: objects/buildingsets/human/lowtech/prop/kiosk/beam/kiosk_beam_001x001x02_a.cgf
     34: objects/buildingsets/human/lowtech/prop/utilitarian/improvised/improvised_plastic_crate_a.cgf
     35: objects/buildingsets/human/universal/prop/storage/box_cardboard/box_cardboard_005x005x004_a.cgf
     36: objects/buildingsets/human/colonialism/props/dressing/sacks/sack_opened_1_a.cgf
     37: objects/buildingsets/human/colonialism/props/furniture/furniture_pot_1_c.cgf
     38: objects/buildingsets/human/universal/prop/dressing/linen/linen_towel_1_f.cgf
     39: objects/buildingsets/human/universal/prop/dressing/can/can_drink_2_shop_3x5_f.cgf
     40: objects/buildingsets/human/lowtech/prop/kiosk/beam/kiosk_beam_001x001x005_a.cgf
     41: objects/buildingsets/human/universal/prop/dressing/can/can_drink_2_shop_3x5_e.cgf
     42: objects/buildingsets/human/universal/prop/dressing/food/food_biscuit_1_jar_a.cgf
     43: objects/buildingsets/human/lowtech/delta/int/common/prop/panel/lt_delta_panel_01x02m_a.cgf
     44: objects/buildingsets/human/lowtech/prop/furniture/stool/stool_bar/stool_bar_1_b.cgf
     45: objects/buildingsets/human/universal/prop/dressing/food/food_biscuit_1_jar_b.cgf
     46: objects/buildingsets/human/lowtech/prop/tech/fan/prop_fan_1_bar_a.cgf
     47: objects/buildingsets/human/lowtech/delta/int/common/prop/panel/lt_delta_panel_01x04m_a.cgf
     48: objects/buildingsets/human/colonialism/props/furniture/furniture_pot_1_a.cgf
     49: objects/buildingsets/human/lowtech/prop/tech/laptop/laptop_rugged_1_pirate_a.cgf
     50: data/objects/props/flair/rooster/rooster_wooden_1_a.cgf
     51: objects/buildingsets/human/universal/prop/dressing/literature/literature_book_5_open_a.cgf

[Materials]
      0: materials/pu/decal/graffiti/graffiti_buff_004_c
      1: objects/buildingsets/human/colonialism/props/dressing/basket/basket_woven_1_coffee

[Palettes]
      0: Libs/Foundry/Records/TintPalettes/default
      1: Libs/Foundry/Records/TintPalettes/Generic/gen_grey_darkgrey_red_a<332>
      2: Libs/Foundry/Records/TintPalettes/Generic/gen_grey_orange_rust<222>
      3: Libs/Foundry/Records/TintPalettes/default<222>
      4: Libs/Foundry/Records/TintPalettes/Generic/gen_darkgrey_white_orange_a
      5: Libs/Foundry/Records/TintPalettes/Generic/gen_red_orange_lightorange<122>
      6: Libs/Foundry/Records/TintPalettes/Generic/gen_lightblue_green_gold
      7: Libs/Foundry/Records/TintPalettes/Generic/gen_green_orange_grey
      8: Libs/Foundry/Records/TintPalettes/Generic/gen_grey_darkgrey_lightteal_a

[Placements]
  #0 objects/buildingsets/human/lowtech/prop/utility/waste/waste_trashcan_3_a.cgf
    [0.84804847189489962, 0.52991873273447354, 0.00000000000000000, -3.36324600000000373]
    [-0.52991873273447354, 0.84804847189489962, -0.00000000000000000, -0.19631300000000351]
    [-0.00000000000000000, 0.00000000000000000, 1.00000003699309170, 0.00000399999998990]
  #1 objects/buildingsets/human/lowtech/prop/kiosk/beam/kiosk_beam_001x001x01_a.cgf
    [-0.77266282004285236, -0.77266052895723625, 0.00000000000000000, 1.14356800000000192]
    [0.77266052895723625, -0.77266282004285236, 0.00000000000000000, 0.38762200000000746]
    [0.00000000000000000, 0.00000000000000000, 1.09270861920506968, -0.01049499999999171]
  #2 objects/buildingsets/human/lowtech/prop/kiosk/beam/kiosk_beam_001x001x01_a.cgf
    [-0.77266282004285236, -0.77266052895723625, 0.00000000000000000, 2.82294600000000173]
    [0.77266052895723625, -0.77266282004285236, 0.00000000000000000, 1.44828299999998933]
    [0.00000000000000000, 0.00000000000000000, 1.09270861920506968, -0.01049499999999171]
  #3 objects/buildingsets/human/lowtech/charlie/int/prop/uee_lawless_prop_cablesfloor_messy_05.cgf
    [0.68199849162770687, 0.73135353138431269, 0.00000000000000000, 0.55769700000000455]
    [-0.73135353138431269, 0.68199849162770687, -0.00000000000000000, -0.45002599999999404]
    [-0.00000000000000000, 0.00000000000000000, 0.99999996522538559, 0.00499999999999545]
  #4 objects/buildingsets/human/lowtech/prop/kiosk/beam/kiosk_beam_001x001x01_a.cgf
    [-0.77266282004285236, -0.77266052895723625, 0.00000000000000000, 1.45292700000000252]
    [0.77266052895723625, -0.77266282004285236, 0.00000000000000000, 0.07826300000000685]
    [0.00000000000000000, 0.00000000000000000, 1.09270861920506968, -0.01049499999999171]
  #5 objects/buildingsets/human/lowtech/prop/kiosk/beam/kiosk_beam_001x001x01_a.cgf
    [-0.77266282004285236, -0.77266052895723625, 0.00000000000000000, 2.51358700000000113]
    [0.77266052895723625, -0.77266282004285236, 0.00000000000000000, 1.75764199999998993]
    [0.00000000000000000, 0.00000000000000000, 1.09270861920506968, -0.01049499999999171]
  #6 objects/buildingsets/human/lowtech/prop/kiosk/panel/kiosk_panel_02x001x02_a.cgf
    [-0.00000004243790981, 0.09970080391530069, 0.62949138649099523, -2.35719199999999773]
    [0.00000089599619416, -0.62949138649036518, 0.09970080391526132, -0.23745700000000625]
    [0.63733794486670081, 0.00000089160387334, -0.00000009824810015, 0.46878300000003037]
  #7 objects/buildingsets/human/universal/prop/salvage/salvage_shelf_1_a.cgf
    [-0.98768647913348595, 0.15643413746267407, 0.00000000000000000, -2.02112900000000195]
    [-0.15643413746267407, -0.98768647913348595, 0.00000000000000000, -0.36515400000000398]
    [0.00000000000000000, 0.00000000000000000, 0.99999811021161056, -0.75000000000000000]
  #8 objects/buildingsets/human/universal/prop/salvage/salvage_shelf_1_a.cgf
    [-0.98768647913348595, 0.15643413746267407, 0.00000000000000000, -1.37295800000001122]
    [-0.15643413746267407, -0.98768647913348595, 0.00000000000000000, -0.26249500000000126]
    [0.00000000000000000, 0.00000000000000000, 0.99999811021161056, -0.75000000000000000]
  #9 objects/buildingsets/human/universal/prop/salvage/salvage_shelf_1_a.cgf
    [-0.97453080980740425, 0.22263654099877139, -0.02683935368004289, -2.66929899999999520]
    [-0.22260521921171184, -0.97489848854786920, -0.00418723829282307, -0.46781400000000417]
    [-0.02709790902571217, 0.00189398968253330, 0.99962982933046329, -0.75000000000000000]
  #10 objects/buildingsets/human/universal/prop/crates/crate_basket_1_a.cgf
    [-1.54560763466393913, 0.10807781392659790, 0.00000000000000000, -0.22949199999999337]
    [-0.10807781392659790, -1.54560763466393913, 0.00000000000000000, 0.32162399999999991]
    [0.00000000000000000, 0.00000000000000000, 1.54938173933818191, 2.26422800000000279]
  #11 objects/buildingsets/human/universal/prop/dressing/cup/cup_disposable_stack.cgf
    [0.25882002723089614, 0.96592581878434502, 0.00000000000000000, -1.01333999999999946]
    [-0.96592581878434502, 0.25882002723089614, -0.00000000000000000, 0.04578700000000424]
    [-0.00000000000000000, 0.00000000000000000, 1.00000024694497425, 0.71335299999998369]
  #12 objects/buildingsets/human/universal/prop/dressing/literature/literature_newspaper_1_folded_a.cgf
    [0.98768868662692233, -0.15643223734168182, 0.00000000000000000, -0.42944900000000530]
    [0.15643223734168182, 0.98768868662692233, 0.00000000000000000, -0.08232099999999321]
    [0.00000000000000000, 0.00000000000000000, 0.99999999328526956, 1.01639000000000124]
  #13 objects/buildingsets/human/colonialism/props/dressing/rug/rug_heavy_1_b.cgf
    [0.16871256128246931, 0.73077779350895045, 0.00000000000000000, -0.64736300000001279]
    [-0.73077779350895045, 0.16871256128246931, -0.00000000000000000, -1.28776500000000738]
    [-0.00000000000000000, 0.00000000000000000, 0.75000007454686368, 0.00592600000004495]
  #14 objects/buildingsets/human/lowtech/bravo/levski/prop/sign/levski_prop_sign_d.cgf
    [0.52722698450088501, 0.00000000000000000, 0.00000000000000000, -0.00156999999998675]
    [0.00000000000000000, -0.52722698450088501, 0.00000000000000000, 0.50334800000000257]
    [0.00000000000000000, 0.00000000000000000, -0.52722698450088501, 2.46299899999996796]
  #15 objects/buildingsets/human/universal/prop/storage/box_cardboard/box_cardboard_005x005x004_red.cgf
    [0.09140207676233357, 0.74440978299472405, 0.00000000000000000, -1.22324199999999905]
    [-0.74440978299472405, 0.09140207676233357, -0.00000000000000000, -0.20777499999999804]
    [-0.00000000000000000, 0.00000000000000000, 0.75000017643645900, 0.00544300000001385]
  #16 objects/buildingsets/human/lowtech/prop/storage/canister/canister_liquid_5_a.cgf
    [0.13917308061571812, 0.99026845337171410, 0.00000000000000000, 0.72427000000000419]
    [-0.99026845337171410, 0.13917308061571812, -0.00000000000000000, -0.21332599999999502]
    [-0.00000000000000000, 0.00000000000000000, 1.00000037805556641, 0.96875000000000000]
  #17 objects/buildingsets/human/utilitarian/prop/texture/decal/improvised_sign_nyx_market_017.cgf
    [0.76714234233977607, 0.05364446342140789, 0.00000000000000000, -0.00382200000001376]
    [-0.00000000197898316, 0.00000002830043746, 0.76901567075471744, 0.51175199999998711]
    [0.05364446342140784, -0.76714234233977541, 0.00000002836954590, 2.47802599999999984]
  #18 objects/buildingsets/human/universal/prop/dressing/cup/cup_disposable_1_d.cgf
    [0.25882002723089614, 0.96592581878434502, 0.00000000000000000, -0.67342199999998797]
    [-0.96592581878434502, 0.25882002723089614, -0.00000000000000000, 0.01728000000001373]
    [-0.00000000000000000, 0.00000000000000000, 1.00000024694497425, 1.01015700000004927]
  #19 objects/buildingsets/human/universal/prop/dressing/can/can_drink_2_e_opened.cgf
    [0.94431266290842353, 0.29632710026835213, 0.14305072274391975, -3.36889099999999075]
    [-0.01546299720308524, 0.47422262857417269, -0.88026896981883052, -0.00472600000000511]
    [-0.32868549610304559, 0.82903728091983764, 0.45239661410839777, 0.76347499999997126]
  #20 objects/buildingsets/human/universal/prop/dressing/utensil/utensil_tray_1_food_a.cgf
    [-0.06054484360107212, -0.37316935776153481, -0.81906878263807847, -1.04308199999999829]
    [0.02916873567860116, -0.82130204776098870, 0.37203071049790642, 0.13504799999999761]
    [-0.89959892458989310, -0.00151496617414345, 0.06718778241062567, 0.29979700000001230]
  #21 objects/buildingsets/human/lowtech/prop/food/food_carafi_tray_1_a.cgf
    [-0.89100485355240122, -0.45399072578491806, 0.00000000000000000, 0.11275500000000704]
    [0.45399072578491806, -0.89100485355240122, 0.00000000000000000, 0.02568000000000836]
    [0.00000000000000000, 0.00000000000000000, 0.99999861407536605, 0.99677299999996194]
  #22 objects/buildingsets/human/lowtech/prop/kiosk/shelf/kiosk_shelf_02x003x004_a.cgf
    [-1.00000000000000000, 0.00000000000000000, 0.00000000000000000, 0.00586099999999590]
    [0.00000000000000000, -1.00000000000000000, 0.00000000000000000, 0.49274100000000942]
    [0.00000000000000000, 0.00000000000000000, 1.00000000000000000, 2.26425300000005336]
  #23 objects/planets/flora/bush/corylus_02/corylus_02_g.cgf
    [0.64828178099799116, -0.49656939072746720, 0.00000000000000000, -1.76544100000000981]
    [0.49656939072746720, 0.64828178099799116, 0.00000000000000000, -0.22513999999999612]
    [0.00000000000000000, 0.00000000000000000, 0.81660910317077373, 1.32907999999997628]
  #24 objects/buildingsets/human/universal/prop/utility/waste/trash_bag_standing_1_b.cgf
    [-0.70477021684139496, -0.25651341944551637, 0.00000000000000000, -3.32168599999999969]
    [0.25651341944551637, -0.70477021684139496, 0.00000000000000000, -0.19366599999999323]
    [0.00000000000000000, 0.00000000000000000, 0.75000012860152110, 0.34742700000003879]
  #25 objects/buildingsets/human/colonialism/props/dressing/rug/rug_heavy_1_c.cgf
    [-0.31696262238784734, -0.67973107491525375, 0.00000000000000000, 0.97512000000000398]
    [0.67973107491525375, -0.31696262238784734, 0.00000000000000000, 1.23960000000001003]
    [0.00000000000000000, 0.00000000000000000, 0.74999975879757941, 0.00592600000004495]
  #26 objects/buildingsets/human/universal/prop/dressing/cup/cup_coffee_1_lid_a.cgf
    [0.06975465533055651, -0.99756409184201988, 0.00000000000000000, -0.60060500000000161]
    [0.99756409184201988, 0.06975465533055651, 0.00000000000000000, 0.04558100000001275]
    [0.00000000000000000, 0.00000000000000000, 0.99999991463643567, 1.01616000000001350]
  #27 objects/buildingsets/human/universal/prop/crates/crate_basket_1_a.cgf
    [0.55127983259162361, -1.92252146941933177, 0.00000000000000000, -1.25836499999999774]
    [1.92252146941933177, 0.55127983259162361, 0.00000000000000000, 0.29309999999999548]
    [0.00000000000000000, 0.00000000000000000, 1.99999956355008091, 0.00055299999996805]
  #28 objects/buildingsets/human/universal/prop/storage/box_cardboard/box_cardboard_open_005x005x004_red.cgf
    [-0.74817344008126774, -0.05231660871001552, 0.00000000000000000, -1.68356900000000564]
    [0.05231660871001552, -0.74817344008126774, 0.00000000000000000, 0.10174500000000819]
    [0.00000000000000000, 0.00000000000000000, 0.75000034932655557, 0.00544300000001385]
  #29 objects/buildingsets/human/universal/prop/dressing/cup/cup_coffee_1_lid_a.cgf
    [0.99026820100364421, 0.13917215376862146, 0.00000000000000000, -0.60117199999999116]
    [-0.13917215376862146, 0.99026820100364421, -0.00000000000000000, 0.04348900000000810]
    [-0.00000000000000000, 0.00000000000000000, 0.99999999915179538, 1.03710000000000946]
  #30 objects/buildingsets/human/universal/prop/crates/crate_basket_1_a.cgf
    [0.55127983259162361, -1.92252146941933177, 0.00000000000000000, -1.25836499999999774]
    [1.92252146941933177, 0.55127983259162361, 0.00000000000000000, 0.29309999999999548]
    [0.00000000000000000, 0.00000000000000000, 1.99999956355008091, 0.26630399999999099]
  #31 objects/buildingsets/human/universal/prop/dressing/can/can_drink_2_shop_1x5_j.cgf
    [0.96126175378821965, 0.27563713722795219, 0.00000000000000000, -1.13002800000001002]
    [-0.27563713722795219, 0.96126175378821965, -0.00000000000000000, 0.01270699999999181]
    [-0.00000000000000000, 0.00000000000000000, 0.99999999535761241, 0.29311199999995097]
  #32 objects/buildingsets/human/universal/prop/dressing/can/can_drink_2_shop_1x5_e.cgf
    [-0.99756458677502358, -0.06975547828002070, 0.00000000000000000, -1.90159600000001205]
    [0.06975547828002070, -0.99756458677502358, 0.00000000000000000, -0.00821100000000285]
    [0.00000000000000000, 0.00000000000000000, 1.00000046576874069, 0.02254300000004150]
  #33 objects/buildingsets/human/universal/prop/dressing/can/can_drink_2_shop_1x5_f.cgf
    [0.96126175378821965, 0.27563713722795219, 0.00000000000000000, -1.13143299999998703]
    [-0.27563713722795219, 0.96126175378821965, -0.00000000000000000, 0.01009000000000526]
    [-0.00000000000000000, 0.00000000000000000, 0.99999999535761241, 0.13437899999996716]
  #34 objects/buildingsets/human/universal/prop/dressing/cup/cup_disposable_stack.cgf
    [0.25882002723089614, 0.96592581878434502, 0.00000000000000000, -1.01333999999999946]
    [-0.96592581878434502, 0.25882002723089614, -0.00000000000000000, 0.04578700000000424]
    [-0.00000000000000000, 0.00000000000000000, 1.00000024694497425, 0.57601399999998648]
  #35 objects/buildingsets/human/universal/prop/dressing/cup/cup_disposable_1_d.cgf
    [-0.51503921040911627, 0.85716663754444333, 0.00000000000000000, -2.54628999999999905]
    [-0.85716663754444333, -0.51503921040911627, 0.00000000000000000, -0.81153999999999371]
    [0.00000000000000000, 0.00000000000000000, 1.00000001638904634, 0.75594100000000708]
  #36 objects/buildingsets/human/universal/prop/dressing/cup/cup_disposable_1_d.cgf
    [-0.51503921040911627, 0.85716663754444333, 0.00000000000000000, -1.07313999999999510]
    [-0.85716663754444333, -0.51503921040911627, 0.00000000000000000, -0.50341600000000142]
    [0.00000000000000000, 0.00000000000000000, 1.00000001638904634, 0.75594100000000708]
  #37 objects/buildingsets/human/universal/prop/crates/crate_basket_1_a.cgf
    [1.98904418754080137, -0.20905320732663504, 0.00000000000000000, -1.34111999999998943]
    [0.20905320732663504, 1.98904418754080137, 0.00000000000000000, -0.27967700000000661]
    [0.00000000000000000, 0.00000000000000000, 2.00000000587085003, 0.74991899999997713]
  #38 objects/buildingsets/human/universal/prop/dressing/bottle/bottle_alcohol_02_dolan_a.cgf
    [0.48481036589374293, 0.87461905503735737, 0.00000000000000000, -0.62571299999999042]
    [-0.87461905503735737, 0.48481036589374293, -0.00000000000000000, -0.16460000000000719]
    [-0.00000000000000000, 0.00000000000000000, 0.99999979115621063, 1.01131999999995514]
  #39 objects/buildingsets/human/universal/prop/dressing/can/can_drink_2_shop_1x5_e.cgf
    [-0.98480858431016194, 0.17364866315185978, 0.00000000000000000, -1.99314400000000091]
    [-0.17364866315185978, -0.98480858431016194, 0.00000000000000000, -0.38775300000000357]
    [0.00000000000000000, 0.00000000000000000, 1.00000090297229938, 1.12513500000000022]
  #40 objects/buildingsets/human/universal/prop/dressing/can/can_drink_2_shop_1x5_e.cgf
    [-0.98480858431016194, 0.17364866315185978, 0.00000000000000000, -1.99314400000000091]
    [-0.17364866315185978, -0.98480858431016194, 0.00000000000000000, -0.38775300000000357]
    [0.00000000000000000, 0.00000000000000000, 1.00000090297229938, 1.24823400000002493]
  #41 objects/buildingsets/human/universal/prop/dressing/linen/linen_towel_1_g.cgf
    [-0.98480858431016194, -0.17364866315185978, 0.00000000000000000, -2.93222299999999336]
    [0.17364866315185978, -0.98480858431016194, 0.00000000000000000, -0.92054600000000164]
    [0.00000000000000000, 0.00000000000000000, 1.00000090297229938, 0.78126199999996970]
  #42 objects/buildingsets/human/lowtech/prop/storage/canister/canister_liquid_2_a.cgf
    [-1.09069930273485127, 0.17274976245919310, 0.00000000000000000, -2.71971899999999778]
    [-0.17274976245919310, -1.09069930273485127, 0.00000000000000000, -0.34924100000000635]
    [0.00000000000000000, 0.00000000000000000, 1.10429500108259027, 0.00000000000000000]
  #43 objects/buildingsets/human/colonialism/props/dressing/basket/basket_woven_1_small_a.cgf
    [-0.84804902716638342, -0.52991862332740103, 0.00000000000000000, -2.69248799999999733]
    [0.52991862332740103, -0.84804902716638342, 0.00000000000000000, -0.44908300000000168]
    [0.00000000000000000, 0.00000000000000000, 1.00000044991342718, 1.58075899999994363]
  #44 objects/buildingsets/human/universal/prop/dressing/can/can_drink_2_e.cgf
    [-0.34201666136283360, 0.93969394258978434, 0.00000000000000000, -1.76290499999998929]
    [-0.93969394258978434, -0.34201666136283360, -0.00000000000000000, -0.44836600000000715]
    [-0.00000000000000000, 0.00000000000000000, 1.00000005119485480, 1.24823400000002493]
  #45 objects/buildingsets/human/lowtech/prop/food/food_carafi_tray_1_a.cgf
    [-0.01745396026359163, 0.99984796222583483, 0.00000000000000000, -1.27591000000001031]
    [-0.99984796222583483, -0.01745396026359163, -0.00000000000000000, -0.24915400000000432]
    [-0.00000000000000000, 0.00000000000000000, 1.00000029414797553, 1.12368700000001809]
  #46 objects/buildingsets/human/lowtech/prop/drink/bottle/bottle_alcohol_rust_1_tray_a.cgf
    [-0.79484837109883621, 0.08354188591727323, 0.00000000000000000, -1.36235800000000040]
    [-0.08354188591727323, -0.79484837109883621, 0.00000000000000000, -0.62293499999999824]
    [0.00000000000000000, 0.00000000000000000, 0.79922661350901480, 0.84375000000000000]
  #47 objects/buildingsets/human/universal/prop/dressing/can/can_drink_2_e_opened.cgf
    [0.34201883882588258, -0.93969335461041059, 0.00000000000000000, -0.60571400000000608]
    [0.93969335461041059, 0.34201883882588258, 0.00000000000000000, -0.04798399999999958]
    [0.00000000000000000, 0.00000000000000000, 1.00000024340535631, 1.01445499999999811]
  #48 objects/buildingsets/human/universal/prop/dressing/cup/cup_disposable_1_d.cgf
    [0.25882002723089614, 0.96592581878434502, 0.00000000000000000, -2.96748099999999226]
    [-0.96592581878434502, 0.25882002723089614, -0.00000000000000000, -0.52194000000000074]
    [-0.00000000000000000, 0.00000000000000000, 1.00000024694497425, 1.12333100000000741]
  #49 objects/buildingsets/human/universal/prop/dressing/cup/cup_disposable_1_d.cgf
    [-0.55919422768634963, 0.82903688592158631, 0.00000000000000000, -2.16121499999999855]
    [-0.82903688592158631, -0.55919422768634963, 0.00000000000000000, -0.28899900000000400]
    [0.00000000000000000, 0.00000000000000000, 1.00000017124813256, 1.59164999999995871]
  #50 objects/buildingsets/human/universal/prop/dressing/cup/cup_disposable_1_d.cgf
    [-0.51503921040911627, 0.85716663754444333, 0.00000000000000000, -1.04098200000001384]
    [-0.85716663754444333, -0.51503921040911627, 0.00000000000000000, -0.61823499999999854]
    [0.00000000000000000, 0.00000000000000000, 1.00000001638904634, 0.75594100000000708]
  #51 objects/buildingsets/human/universal/prop/dressing/cup/cup_disposable_1_d.cgf
    [0.25882002723089614, 0.96592581878434502, 0.00000000000000000, -0.70562300000000278]
    [-0.96592581878434502, 0.25882002723089614, -0.00000000000000000, -0.07890199999999936]
    [-0.00000000000000000, 0.00000000000000000, 1.00000024694497425, 1.01015700000004927]
  #52 objects/buildingsets/human/universal/prop/dressing/cup/cup_disposable_1_d.cgf
    [-0.55919422768634963, 0.82903688592158631, 0.00000000000000000, -2.16121499999999855]
    [-0.82903688592158631, -0.55919422768634963, 0.00000000000000000, -0.28899900000000400]
    [0.00000000000000000, 0.00000000000000000, 1.00000017124813256, 1.61990100000002712]
  #53 objects/buildingsets/human/universal/prop/dressing/cup/cup_coffee_1_lid_a.cgf
    [0.25882002723089614, 0.96592581878434502, 0.00000000000000000, -0.70562300000000278]
    [-0.96592581878434502, 0.25882002723089614, -0.00000000000000000, -0.07890199999999936]
    [-0.00000000000000000, 0.00000000000000000, 1.00000024694497425, 1.14253499999995256]
  #54 objects/buildingsets/human/lowtech/prop/appliance/machine/machine_coffee_1_a/machine_coffee_1_a.cgf
    [-0.98768647913348595, 0.15643413746267407, 0.00000000000000000, -2.42372599999998783]
    [-0.15643413746267407, -0.98768647913348595, 0.00000000000000000, -0.50556699999999921]
    [0.00000000000000000, 0.00000000000000000, 0.99999811021161056, 1.12759900000003199]
  #55 objects/buildingsets/human/lowtech/prop/kiosk/beam/kiosk_beam_001x001x02_a.cgf
    [1.00000000000000000, 0.00000000000000000, 0.00000000000000000, -3.01860800000000040]
    [0.00000000000000000, 1.00000000000000000, 0.00000000000000000, -0.37293499999999824]
    [0.00000000000000000, 0.00000000000000000, 1.00000000000000000, 0.73300300000005336]
  #56 objects/buildingsets/human/lowtech/prop/utilitarian/improvised/improvised_plastic_crate_a.cgf
    [-0.55875258100096448, 0.08849769629388195, 0.00000000000000000, -1.98633100000000695]
    [-0.08849769629388195, -0.55875258100096448, 0.00000000000000000, -0.40610800000000324]
    [0.00000000000000000, 0.00000000000000000, 0.56571749930911963, 0.37500000000000000]
  #57 objects/buildingsets/human/universal/prop/storage/box_cardboard/box_cardboard_005x005x004_a.cgf
    [-0.12108586989110051, -0.76450529453319982, 0.00000000000000000, -1.93975399999999354]
    [0.76450529453319982, -0.12108586989110051, 0.00000000000000000, -0.37162100000000464]
    [0.00000000000000000, 0.00000000000000000, 0.77403496901404856, 0.75004799999999250]
  #58 objects/buildingsets/human/universal/prop/dressing/can/can_drink_2_e.cgf
    [-0.98480858431016194, 0.17364866315185978, 0.00000000000000000, -1.93357100000000059]
    [-0.17364866315185978, -0.98480858431016194, 0.00000000000000000, -0.25658199999999454]
    [0.00000000000000000, 0.00000000000000000, 1.00000090297229938, 1.12655400000005557]
  #59 objects/buildingsets/human/universal/prop/dressing/cup/cup_coffee_1_lid_a.cgf
    [0.58778610363794903, 0.80901651728189239, 0.00000000000000000, -2.06258600000001024]
    [-0.80901651728189239, 0.58778610363794903, -0.00000000000000000, -0.33631400000000156]
    [-0.00000000000000000, 0.00000000000000000, 1.00000011443239556, 1.58221400000002177]
  #60 objects/buildingsets/human/universal/prop/dressing/cup/cup_disposable_stack.cgf
    [0.25882002723089614, 0.96592581878434502, 0.00000000000000000, -2.96155999999999153]
    [-0.96592581878434502, 0.25882002723089614, -0.00000000000000000, -0.42329599999999346]
    [-0.00000000000000000, 0.00000000000000000, 1.00000024694497425, 1.22468300000002728]
  #61 objects/buildingsets/human/lowtech/prop/kiosk/shelf/kiosk_shelf_02x003x004_a.cgf
    [-0.98768647913348595, 0.15643413746267407, 0.00000000000000000, -1.99224599999999441]
    [-0.15643413746267407, -0.98768647913348595, 0.00000000000000000, -0.52957000000000676]
    [0.00000000000000000, 0.00000000000000000, 0.99999811021161056, 0.75000000000000000]
  #62 objects/buildingsets/human/universal/prop/storage/box_cardboard/box_cardboard_005x005x004_red.cgf
    [0.74988575919996114, -0.01309000233991278, 0.00000000000000000, -1.38561100000001147]
    [0.01309000233991278, 0.74988575919996114, 0.00000000000000000, -0.29797100000000398]
    [0.00000000000000000, 0.00000000000000000, 0.75000000000810729, 0.37695799999994506]
  #63 objects/buildingsets/human/universal/prop/dressing/cup/cup_disposable_1_d.cgf
    [-0.71124205967590448, 0.26157419223577960, 0.65246451119239091, -2.18022700000000214]
    [-0.65412140400233709, 0.09360156081039156, -0.75057324792535651, -0.35518999999999323]
    [-0.25740276850752303, -0.96063205944388863, 0.10452810624231415, 1.60914800000000469]
  #64 objects/buildingsets/human/colonialism/props/dressing/sacks/sack_opened_1_a.cgf
    [-0.92050559062825921, -0.39073122563382845, 0.00000000000000000, -0.96116299999999910]
    [0.39073122563382845, -0.92050559062825921, 0.00000000000000000, -0.71415700000000015]
    [0.00000000000000000, 0.00000000000000000, 1.00000071653134048, 0.00183700000002318]
  #65 objects/buildingsets/human/universal/prop/dressing/cup/cup_disposable_1_d.cgf
    [-0.55919422768634963, 0.82903688592158631, 0.00000000000000000, -2.37254599999999982]
    [-0.82903688592158631, -0.55919422768634963, 0.00000000000000000, -0.68988400000000638]
    [0.00000000000000000, 0.00000000000000000, 1.00000017124813256, 1.18959600000005139]
  #66 objects/buildingsets/human/lowtech/prop/drink/bottle/bottle_alcohol_rust_1_tray_a.cgf
    [0.79922401905059814, 0.00000000000000000, 0.00000000000000000, -1.36235800000000040]
    [0.00000000000000000, 0.79922401905059814, 0.00000000000000000, -0.62293499999999824]
    [0.00000000000000000, 0.00000000000000000, 0.79922401905059814, 0.75000000000000000]
  #67 objects/buildingsets/human/colonialism/props/furniture/furniture_pot_1_c.cgf
    [0.94574159161245785, -0.23068722685884546, 0.00000000000000000, -1.76687799999999129]
    [0.23068722685884546, 0.94574159161245785, 0.00000000000000000, -0.22842599999999891]
    [0.00000000000000000, 0.00000000000000000, 0.97346995574670381, 1.11858400000005531]
  #68 objects/buildingsets/human/universal/prop/dressing/can/can_drink_2_e_opened.cgf
    [0.84804842933897073, 0.29632660245126946, -0.43932292602870165, -3.23082400000001257]
    [-0.52991894536291906, 0.47422283718747615, -0.70306389410518022, -0.07149200000000633]
    [0.00000042937643860, 0.82903767859402844, 0.55919294937460351, 0.75231599999995069]
  #69 objects/buildingsets/human/universal/prop/dressing/can/can_drink_2_shop_1x5_e.cgf
    [-0.98480858431016194, 0.17364866315185978, 0.00000000000000000, -1.99314400000000091]
    [-0.17364866315185978, -0.98480858431016194, 0.00000000000000000, -0.47280600000000561]
    [0.00000000000000000, 0.00000000000000000, 1.00000090297229938, 1.12513500000000022]
  #70 objects/buildingsets/human/universal/prop/dressing/linen/linen_towel_1_f.cgf
    [1.00000000000000000, 0.00000000000000000, 0.00000000000000000, -0.34807399999999689]
    [0.00000000000000000, 1.00000000000000000, 0.00000000000000000, 0.52563899999999819]
    [0.00000000000000000, 0.00000000000000000, 1.00000000000000000, 0.81145600000002105]
  #71 objects/buildingsets/human/universal/prop/dressing/can/can_drink_2_shop_3x5_f.cgf
    [0.96126175378821965, 0.27563713722795219, 0.00000000000000000, -1.02281700000000342]
    [-0.27563713722795219, 0.96126175378821965, -0.00000000000000000, 0.38887799999999118]
    [-0.00000000000000000, 0.00000000000000000, 0.99999999535761241, 0.13437899999996716]
  #72 objects/buildingsets/human/universal/prop/dressing/can/can_drink_2_shop_3x5_f.cgf
    [0.96126175378821965, 0.27563713722795219, 0.00000000000000000, -1.08714599999998995]
    [-0.27563713722795219, 0.96126175378821965, -0.00000000000000000, 0.16225500000000181]
    [-0.00000000000000000, 0.00000000000000000, 0.99999999535761241, 0.29311199999995097]
  #73 objects/buildingsets/human/lowtech/prop/kiosk/beam/kiosk_beam_001x001x005_a.cgf
    [1.00000000000000000, 0.00000000000000000, 0.00000000000000000, -1.00000000000000000]
    [0.00000000000000000, 1.00000000000000000, 0.00000000000000000, 0.50001699999999971]
    [0.00000000000000000, 0.00000000000000000, 1.00000000000000000, 2.20678799999996045]
  #74 objects/buildingsets/human/universal/prop/dressing/can/can_drink_2_shop_3x5_e.cgf
    [-0.99756458677502358, -0.06975547828002070, 0.00000000000000000, -1.89041800000001103]
    [0.06975547828002070, -0.99756458677502358, 0.00000000000000000, 0.15164399999999034]
    [0.00000000000000000, 0.00000000000000000, 1.00000046576874069, 0.02254300000004150]
  #75 objects/buildingsets/human/universal/prop/dressing/can/can_drink_2_e_opened.cgf
    [0.77714591145314826, -0.00000000000000006, 0.62931979440150487, -3.02108799999999178]
    [-0.62931979440144548, 0.00000043458360747, 0.77714591145307477, 0.09558900000000392]
    [-0.00000027349217983, -0.99999958565676816, 0.00000033773501364, 0.03773899999998775]
  #76 objects/buildingsets/human/universal/prop/dressing/can/can_drink_2_shop_3x5_f.cgf
    [0.96126175378821965, 0.27563713722795219, 0.00000000000000000, -1.02198200000000838]
    [-0.27563713722795219, 0.96126175378821965, -0.00000000000000000, 0.38950899999998967]
    [-0.00000000000000000, 0.00000000000000000, 0.99999999535761241, 0.29311199999995097]
  #77 objects/buildingsets/human/universal/prop/dressing/can/can_drink_2_e_opened.cgf
    [0.85716717482625837, 0.00000038295045860, -0.51503766316187172, -3.35803599999999847]
    [0.51503766316198085, -0.00000099690546037, 0.85716717482569882, 0.15490599999999688]
    [-0.00000018519135523, -0.99999968003688744, -0.00000105174888288, 0.03773899999998775]
  #78 objects/buildingsets/human/universal/prop/dressing/can/can_drink_2_shop_3x5_f.cgf
    [0.96126175378821965, 0.27563713722795219, 0.00000000000000000, -1.08854099999999221]
    [-0.27563713722795219, 0.96126175378821965, -0.00000000000000000, 0.15738900000000910]
    [-0.00000000000000000, 0.00000000000000000, 0.99999999535761241, 0.13437899999996716]
  #79 objects/buildingsets/human/universal/prop/dressing/food/food_biscuit_1_jar_a.cgf
    [0.69465854986100450, 0.71933966989494158, 0.00000000000000000, -0.68115900000000806]
    [-0.71933966989494158, 0.69465854986100450, -0.00000000000000000, 0.20689800000000957]
    [-0.00000000000000000, 0.00000000000000000, 1.00000003078977806, 1.01267800000005082]
  #80 objects/buildingsets/human/lowtech/prop/kiosk/beam/kiosk_beam_001x001x02_a.cgf
    [1.00000000000000000, 0.00000000000000000, 0.00000000000000000, -1.00000000000000000]
    [0.00000000000000000, 1.00000000000000000, 0.00000000000000000, 0.50001699999999971]
    [0.00000000000000000, 0.00000000000000000, 1.00000000000000000, 0.73300300000005336]
  #81 objects/buildingsets/human/universal/prop/crates/crate_basket_1_a.cgf
    [-1.54560756294690727, -0.10808090076206392, 0.00000000000000000, -0.72663399999999001]
    [0.10808090076206392, -1.54560756294690727, 0.00000000000000000, 0.34239300000000128]
    [0.00000000000000000, 0.00000000000000000, 1.54938188312249747, 2.26422800000000279]
  #82 objects/buildingsets/human/lowtech/delta/int/common/prop/panel/lt_delta_panel_01x02m_a.cgf
    [0.00000069611264907, -0.35401009837687070, -0.35401019970217712, 2.51358700000000113]
    [-0.00000025099811579, -0.35401019970272157, 0.35401009837692166, 1.09473000000001264]
    [-0.50064595398935763, -0.00000031474340901, -0.00000066970848935, 0.83325500000000829]
  #83 objects/buildingsets/human/lowtech/prop/kiosk/beam/kiosk_beam_001x001x005_a.cgf
    [1.00000000000000000, 0.00000000000000000, 0.00000000000000000, 1.00000000000000000]
    [0.00000000000000000, 1.00000000000000000, 0.00000000000000000, 0.50001699999999971]
    [0.00000000000000000, 0.00000000000000000, 1.00000000000000000, 2.20678799999996045]
  #84 objects/buildingsets/human/lowtech/prop/furniture/stool/stool_bar/stool_bar_1_b.cgf
    [-0.41367865526633657, 1.02388541639691932, 0.00000000000000000, 1.68143200000000093]
    [-1.02388541639691932, -0.41367865526633657, -0.00000000000000000, 0.86643299999998646]
    [-0.00000000000000000, 0.00000000000000000, 1.10429677882952171, 0.00000000000000000]
  #85 objects/buildingsets/human/universal/prop/dressing/cup/cup_disposable_1_d.cgf
    [0.25882002723089614, 0.96592581878434502, 0.00000000000000000, 2.52246300000000190]
    [-0.96592581878434502, 0.25882002723089614, -0.00000000000000000, 1.25190700000000277]
    [-0.00000000000000000, 0.00000000000000000, 1.00000024694497425, 1.12247899999999845]
  #86 objects/buildingsets/human/universal/prop/dressing/food/food_biscuit_1_jar_b.cgf
    [-0.50000201287575563, 0.86602423262039530, 0.00000000000000000, 1.42835200000000384]
    [-0.86602423262039530, -0.50000201287575563, 0.00000000000000000, 0.25503600000000404]
    [0.00000000000000000, 0.00000000000000000, 0.99999999218277591, 1.12500000000000000]
  #87 objects/buildingsets/human/lowtech/prop/kiosk/beam/kiosk_beam_001x001x02_a.cgf
    [1.00000000000000000, 0.00000000000000000, 0.00000000000000000, 1.00000000000000000]
    [0.00000000000000000, 1.00000000000000000, 0.00000000000000000, 0.50001699999999971]
    [0.00000000000000000, 0.00000000000000000, 1.00000000000000000, 0.73300300000005336]
  #88 objects/planets/flora/bush/corylus_02/corylus_02_g.cgf
    [-0.25746949922031159, 0.56369439040156988, 0.00000000000000000, 2.64976500000000215]
    [-0.56369439040156988, -0.25746949922031159, -0.00000000000000000, 1.46297900000000425]
    [-0.00000000000000000, 0.00000000000000000, 0.61971114948736838, 1.24742100000003120]
  #89 objects/buildingsets/human/lowtech/delta/int/common/prop/panel/lt_delta_panel_01x02m_a.cgf
    [0.00000069611264907, -0.35401009837687070, -0.35401019970217712, 1.80647999999999342]
    [-0.00000025099811579, -0.35401019970272157, 0.35401009837692166, 0.38762300000000494]
    [-0.50064595398935763, -0.00000031474340901, -0.00000066970848935, 0.83325500000000829]
  #90 objects/buildingsets/human/lowtech/prop/furniture/stool/stool_bar/stool_bar_1_b.cgf
    [-0.83342507075936911, 0.72448022996275319, 0.00000000000000000, 2.26053299999999524]
    [-0.72448022996275319, -0.83342507075936911, 0.00000000000000000, 1.28644899999999041]
    [0.00000000000000000, 0.00000000000000000, 1.10429568149891089, 0.00000000000000000]
  #91 objects/buildingsets/human/lowtech/prop/kiosk/beam/kiosk_beam_001x001x02_a.cgf
    [-0.70710823567003778, -0.70710613896567265, 0.00000000000000000, 2.51358700000000113]
    [0.70710613896567265, -0.70710823567003778, 0.00000000000000000, 1.75764199999998993]
    [0.00000000000000000, 0.00000000000000000, 1.00000057435750267, 0.73335999999994783]
  #92 objects/buildingsets/human/universal/prop/dressing/cup/cup_disposable_1_d.cgf
    [0.25882002723089614, 0.96592581878434502, 0.00000000000000000, 1.65300399999999570]
    [-0.96592581878434502, 0.25882002723089614, -0.00000000000000000, 0.51123600000001090]
    [-0.00000000000000000, 0.00000000000000000, 1.00000024694497425, 1.12247899999999845]
  #93 objects/buildingsets/human/lowtech/prop/tech/fan/prop_fan_1_bar_a.cgf
    [-0.01975001368777986, 0.42721262885437866, -0.00304959380943355, 1.01332399999999723]
    [-0.25239308358143236, -0.01413067262039156, -0.34497543212131865, 0.42834100000000319]
    [-0.34469937864076239, -0.01413107053146870, 0.25276994387396234, 2.18365800000003674]
  #94 objects/buildingsets/human/lowtech/delta/int/common/prop/panel/lt_delta_panel_01x04m_a.cgf
    [-0.35401090631876930, -0.35400985661212581, 0.00000000000000000, 1.98325699999999472]
    [0.35400985661212581, -0.35401090631876930, 0.00000000000000000, 0.91795299999999713]
    [0.00000000000000000, 0.00000000000000000, 0.50064628268985922, 1.08325500000000829]
  #95 objects/buildingsets/human/colonialism/props/furniture/furniture_pot_1_a.cgf
    [0.97151593600400543, -0.23697415775468725, 0.00000000000000000, 2.67063199999999767]
    [0.23697415775468725, 0.97151593600400543, 0.00000000000000000, 1.42075000000001239]
    [0.00000000000000000, 0.00000000000000000, 0.99999998267664092, 1.11950899999999365]
  #96 objects/buildingsets/human/lowtech/prop/tech/laptop/laptop_rugged_1_pirate_a.cgf
    [0.57357758464254749, -0.81915114249441279, 0.00000000000000000, 2.18031899999999723]
    [0.81915114249441279, 0.57357758464254749, 0.00000000000000000, 1.12473899999999105]
    [0.00000000000000000, 0.00000000000000000, 0.99999991992713710, 1.12330599999995684]
  #97 objects/buildingsets/human/universal/prop/dressing/can/can_drink_2_e.cgf
    [-0.98480858431016194, 0.17364866315185978, 0.00000000000000000, 2.45781800000000317]
    [-0.17364866315185978, -0.98480858431016194, 0.00000000000000000, 1.31676299999999458]
    [0.00000000000000000, 0.00000000000000000, 1.00000090297229938, 1.12050199999998767]
  #98 data/objects/props/flair/rooster/rooster_wooden_1_a.cgf
    [-0.46139784714087029, 1.57231276844544432, 0.00000000000000000, 0.83585600000000682]
    [-1.57231276844544432, -0.46139784714087029, -0.00000000000000000, 0.31509599999999693]
    [-0.00000000000000000, 0.00000000000000000, 1.63861387006298931, 0.98656600000003891]
  #99 objects/buildingsets/human/universal/prop/dressing/literature/literature_book_5_open_a.cgf
    [0.53460470517519543, -0.27239275986648404, 0.00000000000000000, 1.41321800000000053]
    [0.27239275986648404, 0.53460470517519543, 0.00000000000000000, 0.54017399999999327]
    [0.00000000000000000, 0.00000000000000000, 0.60000000535261466, 1.12330599999995684]
  #100 objects/buildingsets/human/universal/prop/dressing/literature/literature_newspaper_1_folded_a.cgf
    [-0.98768568413581892, 0.15643001549849081, 0.00000000000000000, 2.01434799999999825]
    [-0.15643001549849081, -0.98768568413581892, 0.00000000000000000, 0.93638499999998714]
    [0.00000000000000000, 0.00000000000000000, 0.99999668019233889, 1.12278800000001411]
  #101 objects/buildingsets/human/universal/prop/dressing/cup/cup_disposable_1_d.cgf
    [-0.49999792825977640, 0.86602573435043051, 0.00000000000000000, 2.45075400000000343]
    [-0.86602573435043051, -0.49999792825977640, -0.00000000000000000, 1.42694300000000851]
    [-0.00000000000000000, 0.00000000000000000, 0.99999925041035465, 1.12247899999999845]
