# IncludedObjects
# Cgfs: 21, Materials: 1, Palettes: 3, Placements: 41

[CGFs]
      0: objects/buildingsets/human/shop/tammany/tammany_wall_counter_a.cgf
      1: objects/buildingsets/human/hightech/delta/int/roomsm_c/wall/roomsm_c_wall_straight_04x01x04_a.cgf
      2: objects/buildingsets/human/shop/tammany/tammany_wall_a.cgf
      3: objects/buildingsets/human/shop/tammany/tammany_wall_1m_a.cgf
      4: objects/buildingsets/human/shop/tammany/tammany_floor_a.cgf
      5: objects/buildingsets/human/hightech/delta/int/roomsm_c/wall/roomsm_c_wall_cornerin_01x01x04_a.cgf
      6: objects/buildingsets/human/hightech/delta/int/roomsm_c/wall/roomsm_c_wall_straight_02x01x04_a.cgf
      7: objects/buildingsets/human/shop/golf/clothing/tammany_and_sons/tammany_and_sons_facade_sign_g.cgf
      8: objects/buildingsets/human/shop/tammany/tammany_wall_12m_a.cgf
      9: objects/buildingsets/human/hightech/delta/int/roomsm_c/wall/roomsm_c_wall_straight_door_04x01x04_a.cgf
     10: objects/buildingsets/human/hightech/delta/int/roomsm_c/wall/roomsm_c_wall_straight_door_04x01x04_b.cgf
     11: objects/buildingsets/human/shop/tammany/shop_hanging_banner_a.cgf
     12: objects/buildingsets/human/shop/golf/clothing/tammany_and_sons/tammany_and_sons_facade_sign_f.cgf
     13: objects/buildingsets/human/hightech/delta/int/roomsm_b/floor/roomsm_b_floor_straight_04x01x0025_d.cgf
     14: objects/buildingsets/human/hightech/delta/int/roomsm_b/ceiling/roomsm_b_ceiling_straight_04x04x0025_e.cgf
     15: objects/buildingsets/human/hightech/delta/int/roomsm_b/ceiling/roomsm_b_ceiling_straight_04x01x0025_e.cgf
     16: objects/buildingsets/human/hightech/delta/int/roomsm_b/floor/roomsm_b_floor_straight_06x06x0025_a.cgf
     17: objects/buildingsets/human/hightech/delta/int/roomsm_a/partition/counter_c_pillar_01x005x04.cgf
     18: objects/buildingsets/human/shop/tammany/shop_hanging_banner_b.cgf
     19: objects/buildingsets/human/hightech/delta/int/roomsm_a/partition/roomsm_a_partition_door_02x005x04_d.cgf
     20: objects/buildingsets/human/hightech/delta/int/roomsm_b/floor/roomsm_b_floor_straight_06x02x0025_c.cgf

[Materials]
      0: objects/buildingsets/human/hightech/hightech_a_default

[Palettes]
      0: Libs/Foundry/Records/TintPalettes/Brand/CrusaderIndustries/CrusaderIndustries_industrial
      1: Libs/Foundry/Records/TintPalettes/default
      2: Libs/Foundry/Records/TintPalettes/brand/covalexshipping/covalex_shipping_default

[Placements]
  #0 objects/buildingsets/human/shop/tammany/tammany_wall_counter_a.cgf
    [-0.00000064012100026, 1.00000042674731060, 0.00000000000000000, 4.79999800000000043]
    [-1.00000042674731060, -0.00000064012100026, -0.00000000000000000, 9.94999900000000004]
    [-0.00000000000000000, 0.00000000000000000, 1.00000042674751533, 0.25000000000000000]
  #1 objects/buildingsets/human/hightech/delta/int/roomsm_c/wall/roomsm_c_wall_straight_04x01x04_a.cgf
    [-0.99999999999933320, 0.00000199999999495, 0.00000000000000000, 8.06250000000000000]
    [-0.00000199999999495, -0.99999999999933320, 0.00000000000000000, 34.00000399999999701]
    [0.00000000000000000, 0.00000000000000000, 1.00000000000133338, 0.25000000000000000]
  #2 objects/buildingsets/human/shop/tammany/tammany_wall_a.cgf
    [-1.00000000000000000, 0.00000000000000000, 0.00000000000000000, -2.00000000000000000]
    [0.00000000000000000, -1.00000000000000000, 0.00000000000000000, 0.00000000000000000]
    [0.00000000000000000, 0.00000000000000000, 1.00000000000000000, 0.25000000000000000]
  #3 objects/buildingsets/human/shop/tammany/tammany_wall_1m_a.cgf
    [-0.00000064012100026, 1.00000042674731060, 0.00000000000000000, 6.18750000000000000]
    [-1.00000042674731060, -0.00000064012100026, -0.00000000000000000, 10.93750000000000000]
    [-0.00000000000000000, 0.00000000000000000, 1.00000042674751533, 0.25000000000000000]
  #4 objects/buildingsets/human/shop/tammany/tammany_floor_a.cgf
    [-1.00000000000000000, 0.00000000000000000, 0.00000000000000000, -5.00000000000000000]
    [0.00000000000000000, -1.00000000000000000, 0.00000000000000000, 20.00000000000000000]
    [0.00000000000000000, 0.00000000000000000, 1.00000000000000000, 0.25000000000000000]
  #5 objects/buildingsets/human/shop/tammany/tammany_wall_1m_a.cgf
    [-0.00000064012100026, 1.00000042674731060, 0.00000000000000000, 6.18750000000000000]
    [-1.00000042674731060, -0.00000064012100026, -0.00000000000000000, 16.81250000000000000]
    [-0.00000000000000000, 0.00000000000000000, 1.00000042674751533, 0.25000000000000000]
  #6 objects/buildingsets/human/hightech/delta/int/roomsm_c/wall/roomsm_c_wall_cornerin_01x01x04_a.cgf
    [-0.99999999999933320, 0.00000199999999495, 0.00000000000000000, 9.56250000000000000]
    [-0.00000199999999495, -0.99999999999933320, 0.00000000000000000, 34.00000399999999701]
    [0.00000000000000000, 0.00000000000000000, 1.00000000000133338, 0.25000000000000000]
  #7 objects/buildingsets/human/hightech/delta/int/roomsm_c/wall/roomsm_c_wall_straight_02x01x04_a.cgf
    [0.00000222586295115, 1.00000042674518408, 0.00000000000000000, -1.43750000000000000]
    [-1.00000042674518408, 0.00000222586295115, -0.00000000000000000, 32.50000399999999701]
    [-0.00000000000000000, 0.00000000000000000, 1.00000042674766121, 0.25000000000000000]
  #8 objects/buildingsets/human/shop/golf/clothing/tammany_and_sons/tammany_and_sons_facade_sign_g.cgf
    [-4.45229895434509348, 0.00000345289295653, -4.45230079621207508, -1.54200000000000004]
    [-4.45230079621190722, -0.00000863216941685, 4.45229895433823319, 21.40728199999999859]
    [-0.00000366230327621, 6.29650286736523146, 0.00000854542880169, 0.21288699999999999]
  #9 objects/buildingsets/human/hightech/delta/int/roomsm_c/wall/roomsm_c_wall_straight_04x01x04_a.cgf
    [-0.99999999999933320, 0.00000199999999495, 0.00000000000000000, 4.06250000000000000]
    [-0.00000199999999495, -0.99999999999933320, 0.00000000000000000, 34.00000399999999701]
    [0.00000000000000000, 0.00000000000000000, 1.00000000000133338, 0.25000000000000000]
  #10 objects/buildingsets/human/hightech/delta/int/roomsm_c/wall/roomsm_c_wall_straight_02x01x04_a.cgf
    [-0.00000064012130600, -0.99999947141841428, 0.00000000000000000, 9.56250000000000000]
    [0.99999947141841428, -0.00000064012130600, 0.00000000000000000, 30.50000500000000159]
    [0.00000000000000000, 0.00000000000000000, 0.99999947141861911, 0.25000000000000000]
  #11 objects/buildingsets/human/shop/tammany/tammany_wall_12m_a.cgf
    [-0.00000064012100026, 1.00000042674731060, 0.00000000000000000, 6.30000099999999996]
    [-1.00000042674731060, -0.00000064012100026, -0.00000000000000000, 8.95000399999999985]
    [-0.00000000000000000, 0.00000000000000000, 1.00000042674751533, 0.25000000000000000]
  #12 objects/buildingsets/human/hightech/delta/int/roomsm_c/wall/roomsm_c_wall_cornerin_01x01x04_a.cgf
    [0.00000222586295115, 1.00000042674518408, 0.00000000000000000, -1.43750000000000000]
    [-1.00000042674518408, 0.00000222586295115, -0.00000000000000000, 34.00000399999999701]
    [-0.00000000000000000, 0.00000000000000000, 1.00000042674766121, 0.25000000000000000]
  #13 objects/buildingsets/human/hightech/delta/int/roomsm_c/wall/roomsm_c_wall_straight_04x01x04_a.cgf
    [0.00000222586295115, 1.00000042674518408, 0.00000000000000000, -1.43750000000000000]
    [-1.00000042674518408, 0.00000222586295115, -0.00000000000000000, 30.50000599999999906]
    [-0.00000000000000000, 0.00000000000000000, 1.00000042674766121, 0.25000000000000000]
  #14 objects/buildingsets/human/hightech/delta/int/roomsm_c/wall/roomsm_c_wall_straight_door_04x01x04_a.cgf
    [-0.99999999999933320, 0.00000199999999495, 0.00000000000000000, 5.06250000000000000]
    [-0.00000199999999495, -0.99999999999933320, 0.00000000000000000, 26.50000500000000159]
    [0.00000000000000000, 0.00000000000000000, 1.00000000000133338, 0.25000000000000000]
  #15 objects/buildingsets/human/hightech/delta/int/roomsm_c/wall/roomsm_c_wall_straight_door_04x01x04_b.cgf
    [1.00000000000000000, 0.00000000000000000, 0.00000000000000000, -2.00000000000000000]
    [0.00000000000000000, 1.00000000000000000, 0.00000000000000000, 0.00000000000000000]
    [0.00000000000000000, 0.00000000000000000, 1.00000000000000000, 0.25000000000000000]
  #16 objects/buildingsets/human/shop/tammany/shop_hanging_banner_a.cgf
    [0.51529401540756226, 0.00000000000000000, 0.00000000000000000, -5.90625700000000009]
    [0.00000000000000000, 0.51529401540756226, 0.00000000000000000, 11.81250600000000084]
    [0.00000000000000000, 0.00000000000000000, 0.51529401540756226, 3.34375000000000000]
  #17 objects/buildingsets/human/shop/tammany/shop_hanging_banner_a.cgf
    [0.51529401540756226, 0.00000000000000000, 0.00000000000000000, -5.90625299999999953]
    [0.00000000000000000, 0.51529401540756226, 0.00000000000000000, 18.00000599999999906]
    [0.00000000000000000, 0.00000000000000000, 0.51529401540756226, 3.34375000000000000]
  #18 objects/buildingsets/human/shop/golf/clothing/tammany_and_sons/tammany_and_sons_facade_sign_f.cgf
    [0.00000270067121696, 0.92863410610247521, 0.06493766143594969, -6.11353956159101752]
    [-0.93090182236877406, 0.00000270058763991, 0.00000009550649623, 10.68193702564901137]
    [-0.00000009311320915, -0.06493766143595314, 0.92863410610639741, 3.36695895203345907]
  #19 objects/buildingsets/human/hightech/delta/int/roomsm_b/floor/roomsm_b_floor_straight_04x01x0025_d.cgf
    [1.00000000000000000, 0.00000000000000000, 0.00000000000000000, 7.56250000000000000]
    [0.00000000000000000, 1.00000000000000000, 0.00000000000000000, 30.25000500000000159]
    [0.00000000000000000, 0.00000000000000000, 1.00000000000000000, 0.00000000000000000]
  #20 objects/buildingsets/human/hightech/delta/int/roomsm_b/ceiling/roomsm_b_ceiling_straight_04x04x0025_e.cgf
    [1.00000000000000000, 0.00000000000000000, 0.00000000000000000, -0.43750000000000000]
    [0.00000000000000000, 1.00000000000000000, 0.00000000000000000, 26.25000500000000159]
    [0.00000000000000000, 0.00000000000000000, 1.00000000000000000, 4.25000000000000000]
  #21 objects/buildingsets/human/hightech/delta/int/roomsm_b/floor/roomsm_b_floor_straight_04x01x0025_d.cgf
    [-0.00000064012130600, -0.99999947141841428, 0.00000000000000000, 7.56250000000000000]
    [0.99999947141841428, -0.00000064012130600, 0.00000000000000000, 32.25000500000000159]
    [0.00000000000000000, 0.00000000000000000, 0.99999947141861911, 0.00000000000000000]
  #22 objects/buildingsets/human/hightech/delta/int/roomsm_b/floor/roomsm_b_floor_straight_04x01x0025_d.cgf
    [-0.00000064012130600, -0.99999947141841428, 0.00000000000000000, 3.56250000000000000]
    [0.99999947141841428, -0.00000064012130600, 0.00000000000000000, 32.25000500000000159]
    [0.00000000000000000, 0.00000000000000000, 0.99999947141861911, 0.00000000000000000]
  #23 objects/buildingsets/human/hightech/delta/int/roomsm_b/ceiling/roomsm_b_ceiling_straight_04x01x0025_e.cgf
    [-0.00000064012130600, -0.99999947141841428, 0.00000000000000000, 4.56250000000000000]
    [0.99999947141841428, -0.00000064012130600, 0.00000000000000000, 26.25000500000000159]
    [0.00000000000000000, 0.00000000000000000, 0.99999947141861911, 4.25000000000000000]
  #24 objects/buildingsets/human/hightech/delta/int/roomsm_b/floor/roomsm_b_floor_straight_06x06x0025_a.cgf
    [-0.00000064012130600, -0.99999947141841428, 0.00000000000000000, 5.56250000000000000]
    [0.99999947141841428, -0.00000064012130600, 0.00000000000000000, 26.25000500000000159]
    [0.00000000000000000, 0.00000000000000000, 0.99999947141861911, 0.00000000000000000]
  #25 objects/buildingsets/human/hightech/delta/int/roomsm_b/floor/roomsm_b_floor_straight_04x01x0025_d.cgf
    [1.00000000000000000, 0.00000000000000000, 0.00000000000000000, 7.56250000000000000]
    [0.00000000000000000, 1.00000000000000000, 0.00000000000000000, 26.25000500000000159]
    [0.00000000000000000, 0.00000000000000000, 1.00000000000000000, 0.00000000000000000]
  #26 objects/buildingsets/human/hightech/delta/int/roomsm_b/ceiling/roomsm_b_ceiling_straight_04x04x0025_e.cgf
    [-0.99999999999933320, 0.00000199999999495, 0.00000000000000000, 9.05208099999999938]
    [-0.00000199999999495, -0.99999999999933320, 0.00000000000000000, 34.25000399999999701]
    [0.00000000000000000, 0.00000000000000000, 1.00000000000133338, 4.25000000000000000]
  #27 objects/buildingsets/human/shop/tammany/shop_hanging_banner_a.cgf
    [-0.00000064012100026, 1.00000042674731060, 0.00000000000000000, -2.18751300000000004]
    [-1.00000042674731060, -0.00000064012100026, -0.00000000000000000, 2.25000100000000014]
    [-0.00000000000000000, 0.00000000000000000, 1.00000042674751533, 4.00000000000000000]
  #28 objects/buildingsets/human/shop/tammany/shop_hanging_banner_a.cgf
    [-0.00000064012100026, 1.00000042674731060, 0.00000000000000000, 2.18748699999999996]
    [-1.00000042674731060, -0.00000064012100026, -0.00000000000000000, 2.25000100000000014]
    [-0.00000000000000000, 0.00000000000000000, 1.00000042674751533, 4.00000000000000000]
  #29 objects/buildingsets/human/hightech/delta/int/roomsm_b/ceiling/roomsm_b_ceiling_straight_04x04x0025_e.cgf
    [0.00000222586401428, 0.99999947141765677, 0.00000000000000000, 0.05208600000000008]
    [-0.99999947141765677, 0.00000222586401428, -0.00000000000000000, 34.25000599999999906]
    [-0.00000000000000000, 0.00000000000000000, 0.99999947142013401, 4.25000000000000000]
  #30 objects/buildingsets/human/hightech/delta/int/roomsm_a/partition/counter_c_pillar_01x005x04.cgf
    [-0.99999999999933320, 0.00000199999999495, 0.00000000000000000, 2.06250000000000000]
    [-0.00000199999999495, -0.99999999999933320, 0.00000000000000000, 26.25000500000000159]
    [0.00000000000000000, 0.00000000000000000, 1.00000000000133338, 0.25000000000000000]
  #31 objects/buildingsets/human/shop/tammany/shop_hanging_banner_b.cgf
    [0.57357569411955656, -0.00000000000000000, -0.81915278145266102, 4.13883299999999998]
    [0.00000000000000000, 1.00000017812316511, -0.00000000000000000, 11.53464999999999918]
    [0.81915278145266102, 0.00000000000000000, 0.57357569411955656, 3.95791799999999983]
  #32 objects/buildingsets/human/shop/golf/clothing/tammany_and_sons/tammany_and_sons_facade_sign_g.cgf
    [0.00000000000000000, 0.00000000000000000, 7.70062001546064057, 4.90047799999999967]
    [7.70062001546064057, 0.00000000000000000, 0.00000000000000000, 14.47104000000000035]
    [0.00000000000000000, 7.70062001546064057, 0.00000000000000000, 0.20408699999999999]
  #33 objects/buildingsets/human/hightech/delta/int/roomsm_a/partition/roomsm_a_partition_door_02x005x04_d.cgf
    [-0.99999999999933320, 0.00000199999999495, 0.00000000000000000, 4.06250000000000000]
    [-0.00000199999999495, -0.99999999999933320, 0.00000000000000000, 26.25000500000000159]
    [0.00000000000000000, 0.00000000000000000, 1.00000000000133338, 0.25000000000000000]
  #34 objects/buildingsets/human/hightech/delta/int/roomsm_b/floor/roomsm_b_floor_straight_06x02x0025_c.cgf
    [1.00000000000000000, 0.00000000000000000, 0.00000000000000000, 5.56250000000000000]
    [0.00000000000000000, 1.00000000000000000, 0.00000000000000000, 26.25000500000000159]
    [0.00000000000000000, 0.00000000000000000, 1.00000000000000000, 0.00000000000000000]
  #35 objects/buildingsets/human/hightech/delta/int/roomsm_b/ceiling/roomsm_b_ceiling_straight_04x04x0025_e.cgf
    [1.00000000000000000, 0.00000000000000000, 0.00000000000000000, 0.06250000000000000]
    [0.00000000000000000, 1.00000000000000000, 0.00000000000000000, 26.25000500000000159]
    [0.00000000000000000, 0.00000000000000000, 1.00000000000000000, 4.25000000000000000]
  #36 objects/buildingsets/human/shop/tammany/shop_hanging_banner_b.cgf
    [0.57357569411955656, -0.00000000000000000, -0.81915278145266102, 4.13883199999999984]
    [0.00000000000000000, 1.00000017812316511, -0.00000000000000000, 17.53464999999999918]
    [0.81915278145266102, 0.00000000000000000, 0.57357569411955656, 3.95791899999999996]
  #37 objects/buildingsets/human/shop/golf/clothing/tammany_and_sons/tammany_and_sons_facade_sign_f.cgf
    [0.00000060029413671, -0.74052850258221203, -1.05758449545763789, 6.60176900000000089]
    [1.29107220098995223, 0.00000034431326679, 0.00000049173308283, 12.21365199999999973]
    [-0.00000000000154217, -1.05758449545775202, 0.74052850258229219, 4.12435799999999997]
  #38 objects/buildingsets/human/hightech/delta/int/roomsm_c/wall/roomsm_c_wall_straight_04x01x04_a.cgf
    [-0.00000064012130600, -0.99999947141841428, 0.00000000000000000, 9.56250000000000000]
    [0.99999947141841428, -0.00000064012130600, 0.00000000000000000, 26.50000500000000159]
    [0.00000000000000000, 0.00000000000000000, 0.99999947141861911, 0.25000000000000000]
  #39 objects/buildingsets/human/hightech/delta/int/roomsm_b/ceiling/roomsm_b_ceiling_straight_04x01x0025_e.cgf
    [0.00000222586401428, 0.99999947141765677, 0.00000000000000000, 4.05208399999999980]
    [-0.99999947141765677, 0.00000222586401428, -0.00000000000000000, 34.25000500000000159]
    [-0.00000000000000000, 0.00000000000000000, 0.99999947142013401, 4.25000000000000000]
  #40 objects/buildingsets/human/hightech/delta/int/roomsm_b/ceiling/roomsm_b_ceiling_straight_04x04x0025_e.cgf
    [-0.00000064012130600, -0.99999947141841428, 0.00000000000000000, 8.56250000000000000]
    [0.99999947141841428, -0.00000064012130600, 0.00000000000000000, 26.25000500000000159]
    [0.00000000000000000, 0.00000000000000000, 0.99999947141861911, 4.25000000000000000]
