# IncludedObjects
# Cgfs: 6, Materials: 0, Palettes: 1, Placements: 12

[CGFs]
      0: objects/planets/flora/plants/alpine_bearberry/alpine_bearberry_01_a.cgf
      1: objects/planets/flora/succulent/barrel_cactus/barrel_cactus_group_d.cgf
      2: objects/planets/flora/succulent/barrel_cactus/barrel_cactus_b.cgf
      3: objects/planets/flora/succulent/barrel_cactus/barrel_cactus_c.cgf
      4: objects/planets/flora/succulent/barrel_cactus/barrel_cactus_group_b.cgf
      5: objects/planets/flora/succulent/barrel_cactus/barrel_cactus_group_c.cgf

[Palettes]
      0: Libs/Foundry/Records/TintPalettes/default

[Placements]
  #0 objects/planets/flora/plants/alpine_bearberry/alpine_bearberry_01_a.cgf
    [-0.1653524046104041, 1.3123558852752497, -0.044335397062418271, -1.0625]
    [-1.3130208123874048, -0.16575227487729413, -0.0093565148549408419, -1.6875]
    [-0.014830485048912408, 0.042816217910121405, 1.3226986969664694, 0]
  #1 objects/planets/flora/succulent/barrel_cactus/barrel_cactus_group_d.cgf
    [-0.13248847778239761, 0.99118415305567786, 0, 0.3125]
    [-0.99118415305567786, -0.13248847778239761, -0, 1.9375]
    [-0, 0, 0.99999961100682355, 0.0625]
  #2 objects/planets/flora/succulent/barrel_cactus/barrel_cactus_group_d.cgf
    [0.56026562579892181, -0.82831284387962001, 0, -1.6875]
    [0.82831284387962001, 0.56026562579892181, 0, 0.9375]
    [0, 0, 0.99999986939389207, -0.0625]
  #3 objects/planets/flora/succulent/barrel_cactus/barrel_cactus_b.cgf
    [-0.18155660510282098, -0.98338007703551644, 0, 0.87889599999999746]
    [0.98338007703551644, -0.18155660510282098, 0, -0.15416400000003705]
    [0, 0, 0.99999958838333514, 0.10547299999999993]
  #4 objects/planets/flora/succulent/barrel_cactus/barrel_cactus_c.cgf
    [-0.18155660510282098, -0.98338007703551644, 0, 2.2044290000000046]
    [0.98338007703551644, -0.18155660510282098, 0, 0.76745500000004085]
    [0, 0, 0.99999958838333514, -0.0047599999999992093]
  #5 objects/planets/flora/succulent/barrel_cactus/barrel_cactus_group_b.cgf
    [-0.9229452031207942, -0.38492954770088994, 0, 0.25]
    [0.38492954770088994, -0.9229452031207942, 0, -1.25]
    [0, 0, 0.99999930232820444, 0.0625]
  #6 objects/planets/flora/succulent/barrel_cactus/barrel_cactus_group_c.cgf
    [0.6461986031396536, 1.1235719056088704, 0, -1.6875]
    [-1.1235719056088704, 0.6461986031396536, -0, -1.125]
    [-0, 0, 1.2961429171866765, -0.0625]
  #7 objects/planets/flora/plants/alpine_bearberry/alpine_bearberry_01_a.cgf
    [-0.1653524046104041, 1.3123558852752497, -0.044335397062418271, -1]
    [-1.3130208123874048, -0.16575227487729413, -0.0093565148549408419, 0.6875]
    [-0.014830485048912408, 0.042816217910121405, 1.3226986969664694, 0]
  #8 objects/planets/flora/plants/alpine_bearberry/alpine_bearberry_01_a.cgf
    [-0.1653524046104041, 1.3123558852752497, -0.044335397062418271, 1.0625]
    [-1.3130208123874048, -0.16575227487729413, -0.0093565148549408419, -1]
    [-0.014830485048912408, 0.042816217910121405, 1.3226986969664694, 0]
  #9 objects/planets/flora/plants/alpine_bearberry/alpine_bearberry_01_a.cgf
    [-0.1653524046104041, 1.3123558852752497, -0.044335397062418271, 0.5625]
    [-1.3130208123874048, -0.16575227487729413, -0.0093565148549408419, 0.4375]
    [-0.014830485048912408, 0.042816217910121405, 1.3226986969664694, 0]
  #10 objects/planets/flora/succulent/barrel_cactus/barrel_cactus_b.cgf
    [-0.20048407969509127, 1.5342728482656907, -0.1342315457735189, -0.70370500000001357]
    [-1.5401335269403875, -0.19972113467711661, 0.017473825416871036, -0.31038999999998396]
    [4.7598221776967957E-07, 0.13536411066165591, 1.5472174070122799, -0.00071299999999929753]
  #11 objects/planets/flora/succulent/barrel_cactus/barrel_cactus_group_b.cgf
    [0.99914376498661617, -0.041373144899638635, 0, 0.3125]
    [0.041373144899638635, 0.99914376498661617, 0, 0.9375]
    [0, 0, 1.0000000001152585, -0.3125]
