# IncludedObjects
# Cgfs: 70, Materials: 0, Palettes: 24, Placements: 121

[CGFs]
      0: objects/buildingsets/human/lowtech/alpha/int/roomsm/addon/roomsm_addon_rib_straight_02x02x025_b.cgf
      1: objects/buildingsets/human/lowtech/prop/utilitarian/improvised/improvised_panel_4_b.cgf
      2: objects/buildingsets/human/lowtech/bravo/int/walkway/addon/walkway_addon_railing_panel_b.cgf
      3: objects/buildingsets/human/lowtech/alpha/int/roomsm/addon/roomsm_addon_pillar_scaffold_end_a.cgf
      4: objects/buildingsets/human/lowtech/alpha/int/roomsm/addon/roomsm_addon_rib_end_02x02x025_c.cgf
      5: objects/buildingsets/human/lowtech/bravo/int/walkway/addon/walkway_addon_railing_panel_a.cgf
      6: objects/buildingsets/human/lowtech/alpha/int/prop/cables_a_12x01x01_a.cgf
      7: objects/buildingsets/human/lowtech/prop/utilitarian/fire/fire_hose_1_a.cgf
      8: data/objects/buildingsets/human/brand/nyx/signage/nyx_brnd_kit_a_sign_7x1_elevator_a.cgf
      9: objects/buildingsets/human/utilitarian/int/grating/util_grating_str_02m_a.cgf
     10: data/objects/buildingsets/human/lowtech/alpha/int/roomsm/floor/roomsm_floor_straight_02x02x0025_b.cgf
     11: data/objects/buildingsets/human/brand/nyx/signage/nyx_lightbox_1_7x1_b.cgf
     12: objects/buildingsets/human/lowtech/bravo/int/prop/light/light_fluorescent_e.cgf
     13: objects/buildingsets/human/lowtech/alpha/int/roomsm/ceiling/roomsm_ceiling_straight_03x04x0025_b.cgf
     14: data/objects/buildingsets/human/lowtech/alpha/int/roomsm/floor/roomsm_floor_straight_04x02x0025_b.cgf
     15: data/objects/buildingsets/human/hightech/prop/storage/crate/crate_dry_1_0125x0125x0125_b.cgf
     16: data/objects/buildingsets/human/hightech/prop/storage/crate/crate_dry_1_0125x0125x0125_stack_a.cgf
     17: objects/buildingsets/human/utilitarian/int/pipes/util_pipe_b_cnr_05m_a.cgf
     18: objects/buildingsets/human/lowtech/alpha/int/roomsm/floor/roomsm_floor_straight_02x01x0025_a.cgf
     19: objects/buildingsets/human/utilitarian/int/grating/util_grating_str_02m_b.cgf
     20: data/objects/buildingsets/human/utilitarian/int/pipes/util_pipe_b_str_05m_a.cgf
     21: objects/buildingsets/human/lowtech/alpha/int/roomsm/trim/roomsm_trim_straight_04x0025x01_a.cgf
     22: objects/buildingsets/human/lowtech/prop/utilitarian/cable/cable_bend_2_b.cgf
     23: objects/buildingsets/human/lowtech/alpha/int/roomsm/addon/roomsm_addon_trim_cable_rack_1m_a.cgf
     24: objects/buildingsets/human/lowtech/alpha/int/roomsm/floor/roomsm_floor_straight_04x02x0025_a.cgf
     25: objects/buildingsets/human/lowtech/alpha/int/roomsm/addon/roomsm_addon_trim_cable_rack_2m_a.cgf
     26: objects/buildingsets/human/colonialism/ruin/structure/col_a_ruin_struct_addon_bar_4m_f.cgf
     27: objects/buildingsets/human/lowtech/alpha/int/roomsm/addon/roomsm_addon_trim_cable_rack_corner_1m_a.cgf
     28: objects/buildingsets/human/lowtech/alpha/int/roomsm/ceiling/roomsm_ceiling_straight_04x04x0025_c.cgf
     29: objects/buildingsets/human/utilitarian/int/grating/util_grating_str_01m_a.cgf
     30: objects/buildingsets/human/utilitarian/int/pipes/util_pipe_b_str_bracket_a.cgf
     31: objects/buildingsets/human/utilitarian/int/pipes/util_pipe_b_str_1m_a.cgf
     32: objects/buildingsets/human/lowtech/prop/utilitarian/improvised/improvised_panel_3_b.cgf
     33: objects/buildingsets/human/lowtech/alpha/int/roomlg_b/addon/roomlg_b_addon_generator_01x305x105.cgf
     34: data/objects/buildingsets/human/utilitarian/int/grating/util_grating_str_02m_b.cgf
     35: objects/buildingsets/human/universal/prop/utility/waste/trash_bag_pile_1_small_a.cgf
     36: objects/buildingsets/human/lowtech/alpha/int/roomlg/addon/roomlg_addon_trim_frame_04x02x01_b.cgf
     37: objects/buildingsets/human/utilitarian/int/pipes/util_pipe_b_str_cap_b.cgf
     38: data/objects/buildingsets/human/hightech/prop/storage/crate/crate_dry_1_0125x00625x00625_a.cgf
     39: objects/buildingsets/human/lowtech/alpha/int/roomsm/wall/roomsm_wall_straight_01x01x04_a.cgf
     40: objects/buildingsets/human/universal/prop/utility/waste/trash_plastic_1_f.cgf
     41: objects/buildingsets/human/lowtech/prop/utilitarian/structure/structure_post_2_a.cgf
     42: objects/buildingsets/human/lowtech/prop/utilitarian/cable/cable_terminal_4_a.cgf
     43: objects/buildingsets/human/lowtech/bravo/int/walkway/addon/walkway_addon_railing_cable_g.cgf
     44: objects/buildingsets/human/lowtech/alpha/int/roomsm/wall/util_a_roomsm_wall_addn_002.cgf
     45: data/objects/buildingsets/human/lowtech/alpha/int/roomsm/floor/roomsm_floor_straight_04x02x0025_e.cgf
     46: data/objects/buildingsets/human/utilitarian/int/pipes/util_pipe_b_str_cap_a.cgf
     47: data/objects/buildingsets/human/lowtech/alpha/int/roomsm/floor/roomsm_floor_straight_02x01x0025_a.cgf
     48: objects/buildingsets/human/lowtech/alpha/int/roomsm/wall/roomsm_wall_straight_04x01x04_c.cgf
     49: objects/buildingsets/human/lowtech/alpha/int/roomlg/addon/roomlg_addon_trim_frame_050x02x01_a.cgf
     50: objects/buildingsets/human/utilitarian/int/room_c/room_c_sm/wall/addon/room_c_sm_wall_addon_cap_a.cgf
     51: objects/buildingsets/human/utilitarian/int/room_c/room_c_sm/wall/room_c_sm_wall_straight_04x02x06_a.cgf
     52: objects/buildingsets/human/lowtech/alpha/int/roomsm/wall/roomsm_wall_cornerin_01x01x04_a.cgf
     53: data/objects/buildingsets/human/lowtech/alpha/int/roomsm/wall/roomsm_wall_straight_01x01x04_a.cgf
     54: data/objects/buildingsets/human/lowtech/alpha/int/roomsm/wall/roomsm_wall_straight_02x01x04_c.cgf
     55: objects/buildingsets/human/lowtech/alpha/int/roomsm/floor/roomsm_floor_straight_02x02x0025_a.cgf
     56: objects/buildingsets/human/lowtech/alpha/int/roomsm/ceiling/roomsm_ceiling_straight_04x04x0025_b.cgf
     57: objects/buildingsets/human/utilitarian/int/room_c/room_c_sm/wall/addon/room_c_sm_wall_addon_pipe_grp_8m_a.cgf
     58: objects/buildingsets/human/utilitarian/int/pipes/util_pipe_b_str_cap_c.cgf
     59: objects/buildingsets/human/lowtech/prop/furniture/table/table_bar_table_2_watertank_b.cgf
     60: objects/buildingsets/human/lowtech/alpha/int/roomsm/floor/roomsm_floor_straight_04x01x0025_a.cgf
     61: data/objects/buildingsets/human/utilitarian/int/room_c/room_c_sm/wall/addon/room_c_sm_wall_addon_pipe_grp_4m_a.cgf
     62: data/objects/buildingsets/human/utilitarian/int/room_c/room_c_sm/wall/addon/room_c_sm_wall_addon_pipe_grp_4m_b.cgf
     63: data/objects/buildingsets/human/utilitarian/int/pipes/util_pipe_b_str_1m_a.cgf
     64: objects/buildingsets/human/lowtech/alpha/int/roomsm/wall/roomsm_wall_straight_04x01x04_a.cgf
     65: objects/buildingsets/human/lowtech/alpha/int/roomsm/floor/roomsm_floor_door_04x02x0025_a.cgf
     66: objects/buildingsets/human/lowtech/alpha/int/roomlg/addon/roomlg_addon_trim_frame_02x02x01_a.cgf
     67: data/objects/buildingsets/human/utilitarian/int/pipes/util_pipe_b_str_cap_b.cgf
     68: data/objects/buildingsets/human/lowtech/alpha/int/roomsm/wall/roomsm_lg_wall_01x01x04_a.cgf
     69: objects/buildingsets/human/common/light/maintenance/set_a/common_light_maint_set_a_rectangle_0025x002m_a.cgf

[Palettes]
      0: Libs/Foundry/Records/TintPalettes/Generic/gen_glossy_dark_a
      1: Libs/Foundry/Records/TintPalettes/Brand/RestAndRelax/restandrelax_interior<223>
      2: Libs/Foundry/Records/TintPalettes/Brand/RestAndRelax/restandrelax_interior<111>
      3: Libs/Foundry/Records/TintPalettes/generic/gen_yellow_grey_black<131>
      4: Libs/Foundry/Records/TintPalettes/Generic/gen_glossy_dark_a<222>
      5: Libs/Foundry/Records/TintPalettes/Brand/Pyrotechnic Amalgamated/pyro_station_int_default|floor_a_accent<213>
      6: Libs/Foundry/Records/TintPalettes/Brand/Pyrotechnic Amalgamated/pyrotechnic_amalgamated_white
      7: Libs/Foundry/Records/TintPalettes/Brand/Util/util_blue_a
      8: Libs/Foundry/Records/TintPalettes/Brand/Pyrotechnic Amalgamated/pyro_station_int_default|wall_a_accent
      9: Libs/Foundry/Records/TintPalettes/default
     10: Libs/Foundry/Records/TintPalettes/Brand/Pyrotechnic Amalgamated/pyro_station_int_default|wall_a_accent<111>
     11: Libs/Foundry/Records/TintPalettes/Brand/Levski/levski_default
     12: Libs/Foundry/Records/TintPalettes/Brand/Levski/levski_default<231>
     13: Libs/Foundry/Records/TintPalettes/Generic/gen_matte_dark_a
     14: Libs/Foundry/Records/TintPalettes/generic/gen_red_orange_lightorange<223>
     15: Libs/Foundry/Records/TintPalettes/Brand/Pyrotechnic Amalgamated/pyro_station_int_default|wall_a_accent<213>
     16: Libs/Foundry/Records/TintPalettes/Generic/gen_darkgrey_yellow_orange_a<222>
     17: Libs/Foundry/Records/TintPalettes/Brand/Pyrotechnic Amalgamated/pyro_station_int_default|wall_a_accent<112>
     18: Libs/Foundry/Records/TintPalettes/Brand/RestAndRelax/restandrelax_default<223>
     19: Libs/Foundry/Records/TintPalettes/Brand/Pyrotechnic Amalgamated/pyro_station_int_default|wall_a_accent<222>
     20: Libs/Foundry/Records/TintPalettes/Brand/Levski/levski_default<312>
     21: Libs/Foundry/Records/TintPalettes/Brand/Pyrotechnic Amalgamated/pyro_station_int_default|wall_a_accent<133>
     22: Libs/Foundry/Records/TintPalettes/generic/gen_grey_darkgrey_lightteal_a<231>
     23: Libs/Foundry/Records/TintPalettes/Brand/Pyrotechnic Amalgamated/pyro_station_int_default|wall_a_accent<311>

[Placements]
  #0 objects/buildingsets/human/lowtech/alpha/int/roomsm/addon/roomsm_addon_rib_straight_02x02x025_b.cgf
    [-0.00000064012100026, 1.00000042674731060, 0.00000000000000000, 3.00000000000000000]
    [-1.00000042674731060, -0.00000064012100026, -0.00000000000000000, 0.00000000000000000]
    [-0.00000000000000000, 0.00000000000000000, 1.00000042674751533, 0.00000000000000000]
  #1 objects/buildingsets/human/lowtech/prop/utilitarian/improvised/improvised_panel_4_b.cgf
    [1.49999907530859944, 0.00000000000000000, 0.00000000000000000, -2.37504300000000512]
    [0.00000000000000000, -1.28574884621830643, -0.77255882000980891, -0.67283700000001545]
    [0.00000000000000000, 0.77255882000980891, -1.28574884621830643, 3.69091699999999889]
  #2 objects/buildingsets/human/lowtech/bravo/int/walkway/addon/walkway_addon_railing_panel_b.cgf
    [-0.48299756498235569, -0.00000000000000000, 0.00000000000000000, 2.83829900000000634]
    [0.00000000000000000, -0.48233563143917052, -0.02527818077041069, -0.73449699999997620]
    [0.00000000000000000, -0.02527818077041069, 0.48233563143917052, 0.27599899999999877]
  #3 objects/buildingsets/human/lowtech/alpha/int/roomsm/addon/roomsm_addon_rib_straight_02x02x025_b.cgf
    [-0.00000064012100026, 1.00000042674731060, 0.00000000000000000, -3.00000000000000000]
    [-1.00000042674731060, -0.00000064012100026, -0.00000000000000000, 0.00000000000000000]
    [-0.00000000000000000, 0.00000000000000000, 1.00000042674751533, 0.00000000000000000]
  #4 objects/buildingsets/human/lowtech/alpha/int/roomsm/addon/roomsm_addon_rib_straight_02x02x025_b.cgf
    [-0.00000064012100026, 1.00000042674731060, 0.00000000000000000, 1.00000000000000000]
    [-1.00000042674731060, -0.00000064012100026, -0.00000000000000000, 0.00000000000000000]
    [-0.00000000000000000, 0.00000000000000000, 1.00000042674751533, 0.00000000000000000]
  #5 objects/buildingsets/human/lowtech/alpha/int/roomsm/addon/roomsm_addon_pillar_scaffold_end_a.cgf
    [0.00000000000000000, -1.00000000000000000, 0.00000000000000000, 0.68749900000000252]
    [0.00000000000000000, 0.00000000000000000, 1.00000000000000000, -1.09375000000000000]
    [-1.00000000000000000, 0.00000000000000000, 0.00000000000000000, 3.81250000000000000]
  #6 objects/buildingsets/human/lowtech/alpha/int/roomsm/addon/roomsm_addon_rib_straight_02x02x025_b.cgf
    [-0.00000064012100026, 1.00000042674731060, 0.00000000000000000, -1.00000000000000000]
    [-1.00000042674731060, -0.00000064012100026, -0.00000000000000000, 0.00000000000000000]
    [-0.00000000000000000, 0.00000000000000000, 1.00000042674751533, 0.00000000000000000]
  #7 objects/buildingsets/human/lowtech/alpha/int/roomsm/addon/roomsm_addon_rib_end_02x02x025_c.cgf
    [-0.00000064012100026, 1.00000042674731060, 0.00000000000000000, -6.00000000000000000]
    [-1.00000042674731060, -0.00000064012100026, -0.00000000000000000, 0.00000099999999748]
    [-0.00000000000000000, 0.00000000000000000, 1.00000042674751533, 0.00000000000000000]
  #8 objects/buildingsets/human/lowtech/bravo/int/walkway/addon/walkway_addon_railing_panel_a.cgf
    [0.89319199323654175, 0.00000000000000000, 0.00000000000000000, -3.02382000000000062]
    [0.00000000000000000, 0.89319199323654175, 0.00000000000000000, -0.50173100000000659]
    [0.00000000000000000, 0.00000000000000000, 0.89319199323654175, 0.19766599999999812]
  #9 objects/buildingsets/human/lowtech/alpha/int/roomsm/addon/roomsm_addon_pillar_scaffold_end_a.cgf
    [0.00000000000000000, -1.00000000000000000, 0.00000000000000000, -0.68750000000000000]
    [0.00000000000000000, 0.00000000000000000, 1.00000000000000000, -1.09375000000000000]
    [-1.00000000000000000, 0.00000000000000000, 0.00000000000000000, 3.81250000000000000]
  #10 objects/buildingsets/human/lowtech/prop/utilitarian/improvised/improvised_panel_4_b.cgf
    [1.49999907530859944, 0.00000000000000000, 0.00000000000000000, 3.37495699999999488]
    [0.00000000000000000, -1.28574884621830643, -0.77255882000980891, -0.67283700000001545]
    [0.00000000000000000, 0.77255882000980891, -1.28574884621830643, 3.69091699999999889]
  #11 objects/buildingsets/human/lowtech/alpha/int/prop/cables_a_12x01x01_a.cgf
    [0.33267900347709656, 0.00000000000000000, 0.00000000000000000, 4.99651100000005499]
    [0.00000000000000000, 0.33267900347709656, 0.00000000000000000, 0.34572400000001835]
    [0.00000000000000000, 0.00000000000000000, 0.33267900347709656, 3.48762200000000178]
  #12 objects/buildingsets/human/lowtech/prop/utilitarian/fire/fire_hose_1_a.cgf
    [-0.00000064012100026, -1.00000042674731060, 0.00000000000000000, 6.28020000000003620]
    [1.00000042674731060, -0.00000064012100026, 0.00000000000000000, 3.50000000000000000]
    [0.00000000000000000, 0.00000000000000000, 1.00000042674751533, 1.75000000000000000]
  #13 data/objects/buildingsets/human/brand/nyx/signage/nyx_brnd_kit_a_sign_7x1_elevator_a.cgf
    [-1.00000000000000000, 0.00000000000000000, 0.00000000000000000, 2.20833400000003621]
    [0.00000000000000000, -1.00000000000000000, 0.00000000000000000, 5.58335199999999077]
    [0.00000000000000000, 0.00000000000000000, 1.00000000000000000, 2.95833299999999610]
  #14 objects/buildingsets/human/utilitarian/int/grating/util_grating_str_02m_a.cgf
    [0.00000000000000000, 0.00000000000000000, -0.79542398452758789, -1.94287399999996069]
    [0.79542398452758789, 0.00000000000000000, 0.00000000000000000, 1.42620199999998931]
    [0.00000000000000000, -0.79542398452758789, 0.00000000000000000, 4.20155599999999652]
  #15 data/objects/buildingsets/human/lowtech/alpha/int/roomsm/floor/roomsm_floor_straight_02x02x0025_b.cgf
    [1.00000000000000000, 0.00000000000000000, 0.00000000000000000, -0.99995999999998730]
    [0.00000000000000000, 1.00000000000000000, 0.00000000000000000, 3.00012900000001537]
    [0.00000000000000000, 0.00000000000000000, 1.00000000000000000, 0.00000000000000000]
  #16 data/objects/buildingsets/human/brand/nyx/signage/nyx_lightbox_1_7x1_b.cgf
    [-1.00000000000000000, 0.00000000000000000, 0.00000000000000000, 2.20833400000003621]
    [0.00000000000000000, -1.00000000000000000, 0.00000000000000000, 5.58335199999999077]
    [0.00000000000000000, 0.00000000000000000, 1.00000000000000000, 2.95833299999999610]
  #17 objects/buildingsets/human/lowtech/bravo/int/prop/light/light_fluorescent_e.cgf
    [0.00774113491082549, 0.00000080669168481, -0.79996287958686796, -2.60551399999997102]
    [0.79996287958686485, -0.00000081765924456, 0.00774113491000091, 5.39828599999998460]
    [-0.00000080981508059, -0.80000033367865098, -0.00000081456592727, 3.06537299999999391]
  #18 objects/buildingsets/human/lowtech/alpha/int/roomsm/ceiling/roomsm_ceiling_straight_03x04x0025_b.cgf
    [-1.00000000000000000, 0.00000000000000000, 0.00000000000000000, 1.50000000000000000]
    [0.00000000000000000, -1.00000000000000000, 0.00000000000000000, 5.00000000000000000]
    [0.00000000000000000, 0.00000000000000000, 1.00000000000000000, 4.12500000000000000]
  #19 data/objects/buildingsets/human/lowtech/alpha/int/roomsm/floor/roomsm_floor_straight_04x02x0025_b.cgf
    [1.00000000000000000, 0.00000000000000000, 0.00000000000000000, -4.99996099999998478]
    [0.00000000000000000, 1.00000000000000000, 0.00000000000000000, 1.00013000000001284]
    [0.00000000000000000, 0.00000000000000000, 1.00000000000000000, 0.00000000000000000]
  #20 data/objects/buildingsets/human/hightech/prop/storage/crate/crate_dry_1_0125x0125x0125_b.cgf
    [0.74899044142449422, 0.03890138545149137, 0.00000000000000000, -5.71870699999999488]
    [-0.03890138545149137, 0.74899044142449422, -0.00000000000000000, 2.89544799999998759]
    [-0.00000000000000000, 0.00000000000000000, 0.74999999942353612, 0.31122499999999320]
  #21 data/objects/buildingsets/human/hightech/prop/storage/crate/crate_dry_1_0125x0125x0125_stack_a.cgf
    [0.74899044142449422, 0.03890138545149137, 0.00000000000000000, -5.71870699999999488]
    [-0.03890138545149137, 0.74899044142449422, -0.00000000000000000, 1.92669799999998759]
    [-0.00000000000000000, 0.00000000000000000, 0.74999999942353612, 0.31122499999999320]
  #22 objects/buildingsets/human/utilitarian/int/pipes/util_pipe_b_cnr_05m_a.cgf
    [0.00000000000000000, -1.00000000000000000, 0.00000000000000000, 3.00000000000000000]
    [0.00000000000000000, 0.00000000000000000, 1.00000000000000000, 1.53125000000000000]
    [-1.00000000000000000, 0.00000000000000000, 0.00000000000000000, 4.31250000000000000]
  #23 objects/buildingsets/human/lowtech/alpha/int/roomsm/addon/roomsm_addon_rib_end_02x02x025_c.cgf
    [-0.00000064012100026, -1.00000042674731060, 0.00000000000000000, 6.00000000000000000]
    [1.00000042674731060, -0.00000064012100026, 0.00000000000000000, -0.00000099999999748]
    [0.00000000000000000, 0.00000000000000000, 1.00000042674751533, 0.00000000000000000]
  #24 objects/buildingsets/human/lowtech/alpha/int/roomsm/floor/roomsm_floor_straight_02x01x0025_a.cgf
    [1.00000042674751533, -0.00000000000000000, 0.00000000000000000, -6.87496099999998478]
    [0.00000000000000000, -0.00000064012100026, 1.00000042674731060, 0.75013000000001284]
    [-0.00000000000000000, -1.00000042674731060, -0.00000064012100026, 0.12500000000000000]
  #25 objects/buildingsets/human/utilitarian/int/grating/util_grating_str_02m_b.cgf
    [-0.00000159585514992, 0.00000079792514940, 0.78746918517372044, -6.28131399999995210]
    [0.78746918517372044, 0.00000079792514940, 0.00000159585434140, 1.00027000000000044]
    [-0.00000079792353235, 0.78746918517493314, -0.00000079792676644, 0.28045199999999681]
  #26 data/objects/buildingsets/human/utilitarian/int/pipes/util_pipe_b_str_05m_a.cgf
    [-1.00000000000000000, 0.00000000000000000, 0.00000000000000000, 4.00000000000000000]
    [0.00000000000000000, -1.00000000000000000, 0.00000000000000000, 1.53125000000000000]
    [0.00000000000000000, 0.00000000000000000, 1.00000000000000000, 4.06250000000000000]
  #27 objects/buildingsets/human/lowtech/alpha/int/roomsm/trim/roomsm_trim_straight_04x0025x01_a.cgf
    [0.00000000000000000, -1.00000000000000000, 0.00000000000000000, 6.87500000000000000]
    [0.00000000000000000, 0.00000000000000000, -1.00000000000000000, 6.37500000000000000]
    [1.00000000000000000, 0.00000000000000000, 0.00000000000000000, 0.00000000000000000]
  #28 objects/buildingsets/human/lowtech/prop/utilitarian/cable/cable_bend_2_b.cgf
    [-1.00000085349466716, 0.00000000000000000, 0.00000000000000000, 0.00000000000000000]
    [0.00000000000000000, 0.00000064012127265, 1.00000085349446199, 1.06250000000000000]
    [0.00000000000000000, 1.00000085349446199, -0.00000064012127299, 3.31250000000000000]
  #29 objects/buildingsets/human/lowtech/alpha/int/roomsm/addon/roomsm_addon_trim_cable_rack_1m_a.cgf
    [1.00000000000000000, 0.00000000000000000, 0.00000000000000000, 4.25000099999999748]
    [0.00000000000000000, 1.00000000000000000, 0.00000000000000000, 1.00000000000000000]
    [0.00000000000000000, 0.00000000000000000, 1.00000000000000000, 4.28125000000000000]
  #30 objects/buildingsets/human/lowtech/alpha/int/roomsm/addon/roomsm_addon_trim_cable_rack_1m_a.cgf
    [1.00000000000000000, 0.00000000000000000, 0.00000000000000000, -3.25000000000000000]
    [0.00000000000000000, 1.00000000000000000, 0.00000000000000000, 1.00000000000000000]
    [0.00000000000000000, 0.00000000000000000, 1.00000000000000000, 4.25000000000000000]
  #31 objects/buildingsets/human/lowtech/alpha/int/roomsm/floor/roomsm_floor_straight_04x02x0025_a.cgf
    [1.00000000000000000, 0.00000000000000000, 0.00000000000000000, 1.00003900000001522]
    [0.00000000000000000, 1.00000000000000000, 0.00000000000000000, 1.00012900000001537]
    [0.00000000000000000, 0.00000000000000000, 1.00000000000000000, 0.00000000000000000]
  #32 objects/buildingsets/human/lowtech/alpha/int/roomsm/addon/roomsm_addon_trim_cable_rack_2m_a.cgf
    [1.00000000000000000, 0.00000000000000000, 0.00000000000000000, -4.99999900000000252]
    [0.00000000000000000, 1.00000000000000000, 0.00000000000000000, 1.00000099999999748]
    [0.00000000000000000, 0.00000000000000000, 1.00000000000000000, 4.25000000000000000]
  #33 objects/buildingsets/human/colonialism/ruin/structure/col_a_ruin_struct_addon_bar_4m_f.cgf
    [0.00000000000000000, 0.00000000000000000, 0.75000000000000000, -1.03323899999998048]
    [0.75000000000000000, 0.00000000000000000, 0.00000000000000000, 0.25730900000002066]
    [0.00000000000000000, 0.75000000000000000, 0.00000000000000000, 1.75000000000000000]
  #34 objects/buildingsets/human/lowtech/alpha/int/roomsm/addon/roomsm_addon_trim_cable_rack_1m_a.cgf
    [-1.00000000000000000, 0.00000000000000000, 0.00000000000000000, -5.00000000000000000]
    [0.00000000000000000, -1.00000000000000000, 0.00000000000000000, 5.00000000000000000]
    [0.00000000000000000, 0.00000000000000000, 1.00000000000000000, 4.25000000000000000]
  #35 objects/buildingsets/human/lowtech/alpha/int/roomsm/addon/roomsm_addon_trim_cable_rack_2m_a.cgf
    [-0.00000064012100026, -1.00000042674731060, 0.00000000000000000, 6.00000000000000000]
    [1.00000042674731060, -0.00000064012100026, 0.00000000000000000, 2.00000099999999748]
    [0.00000000000000000, 0.00000000000000000, 1.00000042674751533, 4.25000000000000000]
  #36 objects/buildingsets/human/lowtech/alpha/int/roomsm/addon/roomsm_addon_trim_cable_rack_corner_1m_a.cgf
    [1.00000000000000000, 0.00000000000000000, 0.00000000000000000, 5.00000000000000000]
    [0.00000000000000000, 1.00000000000000000, 0.00000000000000000, 1.00000099999999748]
    [0.00000000000000000, 0.00000000000000000, 1.00000000000000000, 4.25000000000000000]
  #37 objects/buildingsets/human/lowtech/alpha/int/roomsm/ceiling/roomsm_ceiling_straight_04x04x0025_c.cgf
    [-0.00000064012100026, -1.00000042674731060, 0.00000000000000000, 2.00000000000000000]
    [1.00000042674731060, -0.00000064012100026, 0.00000000000000000, 1.00000000000000000]
    [0.00000000000000000, 0.00000000000000000, 1.00000042674751533, 5.00000000000000000]
  #38 objects/buildingsets/human/lowtech/alpha/int/roomsm/addon/roomsm_addon_trim_cable_rack_corner_1m_a.cgf
    [-0.00000064012100026, -1.00000042674731060, 0.00000000000000000, -1.50000000000000000]
    [1.00000042674731060, -0.00000064012100026, 0.00000000000000000, 4.00000000000000000]
    [0.00000000000000000, 0.00000000000000000, 1.00000042674751533, 4.25000000000000000]
  #39 objects/buildingsets/human/utilitarian/int/grating/util_grating_str_01m_a.cgf
    [0.00000000000000000, 0.85741597414016724, 0.00000000000000000, -1.06250299999999243]
    [0.00000000000000000, 0.00000000000000000, 0.85741597414016724, 0.18750199999999495]
    [0.85741597414016724, 0.00000000000000000, 0.00000000000000000, 3.25000000000000000]
  #40 objects/buildingsets/human/utilitarian/int/pipes/util_pipe_b_str_bracket_a.cgf
    [-0.00000064012127343, -1.00000085349446177, 0.00000000000000000, 5.25000000000000000]
    [-1.00000085349446177, 0.00000064012127299, 0.00000000000000000, 1.78125000000000000]
    [-0.00000000000000000, 0.00000000000000000, -1.00000085349466694, 4.06250000000000000]
  #41 objects/buildingsets/human/utilitarian/int/pipes/util_pipe_b_str_1m_a.cgf
    [-0.00000064012100026, 1.00000042674731060, 0.00000000000000000, 5.25000000000000000]
    [-1.00000042674731060, -0.00000064012100026, -0.00000000000000000, 4.03125000000000000]
    [-0.00000000000000000, 0.00000000000000000, 1.00000042674751533, 4.06250000000000000]
  #42 objects/buildingsets/human/lowtech/prop/utilitarian/improvised/improvised_panel_3_b.cgf
    [1.53470003604888916, 0.00000000000000000, 0.00000000000000000, 0.39958500000000186]
    [0.00000000000000000, -1.53470003604888916, 0.00000000000000000, 2.27862900000002355]
    [0.00000000000000000, 0.00000000000000000, -1.53470003604888916, 3.31265999999999394]
  #43 objects/buildingsets/human/lowtech/alpha/int/roomlg_b/addon/roomlg_b_addon_generator_01x305x105.cgf
    [-0.00000064012127299, 0.00000000000000000, 1.00000085349446199, -5.01758199999994758]
    [0.00000000000000000, -1.00000085349466716, 0.00000000000000000, 3.04071900000002415]
    [1.00000085349446199, 0.00000000000000000, 0.00000064012127265, 4.60975999999999431]
  #44 data/objects/buildingsets/human/hightech/prop/storage/crate/crate_dry_1_0125x0125x0125_b.cgf
    [0.74899044142449422, 0.03890138545149137, 0.00000000000000000, -5.37495699999999488]
    [-0.03890138545149137, 0.74899044142449422, -0.00000000000000000, 4.45794799999998759]
    [-0.00000000000000000, 0.00000000000000000, 0.74999999942353612, 0.31122499999999320]
  #45 data/objects/buildingsets/human/utilitarian/int/grating/util_grating_str_02m_b.cgf
    [0.00000000000000000, 0.00000000000000000, -0.79542398452758789, 2.89626199999997880]
    [0.79542398452758789, 0.00000000000000000, 0.00000000000000000, 1.41039799999998650]
    [0.00000000000000000, -0.79542398452758789, 0.00000000000000000, 4.20155599999999652]
  #46 objects/buildingsets/human/lowtech/alpha/int/roomsm/addon/roomsm_addon_trim_cable_rack_2m_a.cgf
    [-1.00000000000000000, 0.00000000000000000, 0.00000000000000000, -2.25000099999999748]
    [0.00000000000000000, -1.00000000000000000, 0.00000000000000000, 5.00000099999999748]
    [0.00000000000000000, 0.00000000000000000, 1.00000000000000000, 4.25000000000000000]
  #47 objects/buildingsets/human/universal/prop/utility/waste/trash_bag_pile_1_small_a.cgf
    [-1.03009998798370361, 0.00000000000000000, 0.00000000000000000, 0.20396900000002915]
    [0.00000000000000000, -1.03009998798370361, 0.00000000000000000, 0.99967299999997294]
    [0.00000000000000000, 0.00000000000000000, 1.03009998798370361, 0.25499999999999545]
  #48 objects/buildingsets/human/lowtech/alpha/int/roomsm/ceiling/roomsm_ceiling_straight_04x04x0025_c.cgf
    [-0.00000064012100026, -1.00000042674731060, 0.00000000000000000, 6.00000000000000000]
    [1.00000042674731060, -0.00000064012100026, 0.00000000000000000, 1.00000099999999748]
    [0.00000000000000000, 0.00000000000000000, 1.00000042674751533, 5.00000000000000000]
  #49 objects/buildingsets/human/lowtech/alpha/int/roomlg/addon/roomlg_addon_trim_frame_04x02x01_b.cgf
    [-0.00000064012100026, 1.00000042674731060, 0.00000000000000000, -1.00000000000000000]
    [-1.00000042674731060, -0.00000064012100026, -0.00000000000000000, 4.00000000000000000]
    [-0.00000000000000000, 0.00000000000000000, 1.00000042674751533, 3.00000000000000000]
  #50 objects/buildingsets/human/utilitarian/int/grating/util_grating_str_01m_a.cgf
    [0.00000000000000000, 0.85741597414016724, 0.00000000000000000, 1.06249700000000757]
    [0.00000000000000000, 0.00000000000000000, 0.85741597414016724, 0.18750000000000000]
    [0.85741597414016724, 0.00000000000000000, 0.00000000000000000, 3.25000000000000000]
  #51 objects/buildingsets/human/utilitarian/int/pipes/util_pipe_b_str_cap_b.cgf
    [-0.00000064012100026, 1.00000042674731060, 0.00000000000000000, 5.25000000000000000]
    [-1.00000042674731060, -0.00000064012100026, -0.00000000000000000, 3.03125000000000000]
    [-0.00000000000000000, 0.00000000000000000, 1.00000042674751533, 4.06250000000000000]
  #52 objects/buildingsets/human/lowtech/alpha/int/roomsm/trim/roomsm_trim_straight_04x0025x01_a.cgf
    [0.00000000000000000, 1.00000000000000000, 0.00000000000000000, -0.99673299999994924]
    [0.00000000000000000, 0.00000000000000000, 1.00000000000000000, 5.28169400000001588]
    [1.00000000000000000, 0.00000000000000000, 0.00000000000000000, 0.00000000000000000]
  #53 data/objects/buildingsets/human/hightech/prop/storage/crate/crate_dry_1_0125x00625x00625_a.cgf
    [-0.29272367633197033, 0.69051635883195817, 0.00000000000000000, -5.78120699999999488]
    [-0.69051635883195817, -0.29272367633197033, -0.00000000000000000, 2.73919799999998759]
    [-0.00000000000000000, 0.00000000000000000, 0.74999999499989978, 1.24872499999999320]
  #54 objects/buildingsets/human/lowtech/alpha/int/roomsm/addon/roomsm_addon_trim_cable_rack_2m_a.cgf
    [-1.00000000000000000, 0.00000000000000000, 0.00000000000000000, 4.99999900000000252]
    [0.00000000000000000, -1.00000000000000000, 0.00000000000000000, 5.00000000000000000]
    [0.00000000000000000, 0.00000000000000000, 1.00000000000000000, 4.25000000000000000]
  #55 objects/buildingsets/human/lowtech/alpha/int/roomsm/wall/roomsm_wall_straight_01x01x04_a.cgf
    [-1.00000000000000000, 0.00000000000000000, 0.00000000000000000, -4.00000000000000000]
    [0.00000000000000000, -1.00000000000000000, 0.00000000000000000, 6.00000000000000000]
    [0.00000000000000000, 0.00000000000000000, 1.00000000000000000, 0.00000000000000000]
  #56 objects/buildingsets/human/universal/prop/utility/waste/trash_plastic_1_f.cgf
    [0.85716664940267662, -0.51503906679847711, 0.00000000000000000, -0.02218200000004344]
    [0.51503906679847711, 0.85716664940267662, 0.00000000000000000, 0.38115599999997585]
    [0.00000000000000000, 0.00000000000000000, 0.99999995258842744, 1.50010000000000332]
  #57 objects/buildingsets/human/colonialism/ruin/structure/col_a_ruin_struct_addon_bar_4m_f.cgf
    [0.00000000000000000, 0.00000000000000000, 0.75000000000000000, -1.00000000000000000]
    [0.75000000000000000, 0.00000000000000000, 0.00000000000000000, 1.12500000000000000]
    [0.00000000000000000, 0.75000000000000000, 0.00000000000000000, 1.75000000000000000]
  #58 objects/buildingsets/human/lowtech/alpha/int/roomsm/addon/roomsm_addon_trim_cable_rack_2m_a.cgf
    [1.00000000000000000, 0.00000000000000000, 0.00000000000000000, 2.50000000000000000]
    [0.00000000000000000, 1.00000000000000000, 0.00000000000000000, 1.00000000000000000]
    [0.00000000000000000, 0.00000000000000000, 1.00000000000000000, 4.25000000000000000]
  #59 objects/buildingsets/human/lowtech/alpha/int/roomsm/addon/roomsm_addon_trim_cable_rack_1m_a.cgf
    [-1.00000000000000000, 0.00000000000000000, 0.00000000000000000, -4.00000000000000000]
    [0.00000000000000000, -1.00000000000000000, 0.00000000000000000, 5.00000000000000000]
    [0.00000000000000000, 0.00000000000000000, 1.00000000000000000, 4.25000000000000000]
  #60 objects/buildingsets/human/lowtech/alpha/int/roomlg_b/addon/roomlg_b_addon_generator_01x305x105.cgf
    [-0.00000064012127299, 0.00000000000000000, 1.00000085349446199, 5.19323699999995370]
    [0.00000000000000000, -1.00000085349466716, 0.00000000000000000, 3.04071900000002415]
    [1.00000085349446199, 0.00000000000000000, 0.00000064012127265, 4.60975999999999431]
  #61 objects/buildingsets/human/lowtech/prop/utilitarian/structure/structure_post_2_a.cgf
    [0.77186846625206418, -0.02695516698921016, 0.00000000000000000, -0.97857599999997547]
    [0.02695516698921016, 0.77186846625206418, 0.00000000000000000, 1.17186299999997345]
    [0.00000000000000000, 0.00000000000000000, 0.77233898659962141, 0.25000000000000000]
  #62 objects/buildingsets/human/lowtech/alpha/int/roomsm/addon/roomsm_addon_trim_cable_rack_corner_1m_a.cgf
    [-1.00000000000000000, 0.00000000000000000, 0.00000000000000000, 2.50000000000000000]
    [0.00000000000000000, -1.00000000000000000, 0.00000000000000000, 5.00000099999999748]
    [0.00000000000000000, 0.00000000000000000, 1.00000000000000000, 4.25000000000000000]
  #63 objects/buildingsets/human/lowtech/bravo/int/walkway/addon/walkway_addon_railing_panel_b.cgf
    [0.48299801318906144, -0.00000000000000000, 0.00000000000000000, 2.89977699999997185]
    [0.00000000000000000, 0.48233607903162257, 0.02527820422777559, 0.65610400000002755]
    [-0.00000000000000000, -0.02527820422777559, 0.48233607903162257, 0.27599899999999877]
  #64 objects/buildingsets/human/lowtech/prop/utilitarian/cable/cable_terminal_4_a.cgf
    [0.00000000000000000, 0.00000000000000000, -1.00000000000000000, -1.00000000000000000]
    [1.00000000000000000, 0.00000000000000000, 0.00000000000000000, 3.06250000000000000]
    [0.00000000000000000, -1.00000000000000000, 0.00000000000000000, 3.87500000000000000]
  #65 objects/buildingsets/human/lowtech/bravo/int/walkway/addon/walkway_addon_railing_cable_g.cgf
    [-0.71808444019064310, -0.20590730113810213, 0.00000000000000000, 0.62235299999997551]
    [0.20590730113810213, -0.71808444019064310, 0.00000000000000000, 1.52829100000002427]
    [0.00000000000000000, 0.00000000000000000, 0.74702281083370303, 0.21074099999999873]
  #66 objects/buildingsets/human/lowtech/alpha/int/roomsm/wall/util_a_roomsm_wall_addn_002.cgf
    [-1.00000000000000000, 0.00000000000000000, 0.00000000000000000, -5.97744799999998122]
    [0.00000000000000000, -1.00000000000000000, 0.00000000000000000, 5.30869500000000016]
    [0.00000000000000000, 0.00000000000000000, 1.00000000000000000, 2.12500000000000000]
  #67 objects/buildingsets/human/lowtech/alpha/int/roomsm/addon/roomsm_addon_trim_cable_rack_1m_a.cgf
    [1.00000000000000000, 0.00000000000000000, 0.00000000000000000, -6.00000000000000000]
    [0.00000000000000000, 1.00000000000000000, 0.00000000000000000, 0.99999900000000252]
    [0.00000000000000000, 0.00000000000000000, 1.00000000000000000, 4.25000000000000000]
  #68 data/objects/buildingsets/human/lowtech/alpha/int/roomsm/floor/roomsm_floor_straight_04x02x0025_e.cgf
    [1.00000000000000000, 0.00000000000000000, 0.00000000000000000, -4.99995999999998730]
    [0.00000000000000000, 1.00000000000000000, 0.00000000000000000, 3.00013100000001032]
    [0.00000000000000000, 0.00000000000000000, 1.00000000000000000, 0.00000000000000000]
  #69 data/objects/buildingsets/human/utilitarian/int/pipes/util_pipe_b_str_cap_a.cgf
    [-0.00000064012100026, 1.00000042674731060, 0.00000000000000000, 5.25000000000000000]
    [-1.00000042674731060, -0.00000064012100026, -0.00000000000000000, 4.56250000000000000]
    [-0.00000000000000000, 0.00000000000000000, 1.00000042674751533, 4.06250000000000000]
  #70 objects/buildingsets/human/lowtech/alpha/int/roomsm/addon/roomsm_addon_trim_cable_rack_1m_a.cgf
    [-1.00000000000000000, 0.00000000000000000, 0.00000000000000000, 3.50000000000000000]
    [0.00000000000000000, -1.00000000000000000, 0.00000000000000000, 5.00000000000000000]
    [0.00000000000000000, 0.00000000000000000, 1.00000000000000000, 4.25000000000000000]
  #71 objects/buildingsets/human/utilitarian/int/pipes/util_pipe_b_str_bracket_a.cgf
    [-0.00000064012127343, -1.00000085349446177, 0.00000000000000000, 5.25000000000000000]
    [-1.00000085349446177, 0.00000064012127299, 0.00000000000000000, 4.00000000000000000]
    [-0.00000000000000000, 0.00000000000000000, -1.00000085349466694, 4.06250000000000000]
  #72 data/objects/buildingsets/human/hightech/prop/storage/crate/crate_dry_1_0125x0125x0125_b.cgf
    [0.74899044142449422, 0.03890138545149137, 0.00000000000000000, -5.71870699999999488]
    [-0.03890138545149137, 0.74899044142449422, -0.00000000000000000, 1.92669799999998759]
    [-0.00000000000000000, 0.00000000000000000, 0.74999999942353612, 0.31122499999999320]
  #73 objects/buildingsets/human/utilitarian/int/grating/util_grating_str_02m_a.cgf
    [-1.08067390170348210, 0.00000000000000000, 0.00000000000000000, 1.09011999999995624]
    [0.00000000000000000, 0.00000069176176359, 1.08067390170326116, 0.19887799999997924]
    [0.00000000000000000, 1.08067390170326116, -0.00000069176176323, 3.31250000000000000]
  #74 objects/buildingsets/human/lowtech/alpha/int/roomsm/addon/roomsm_addon_trim_cable_rack_corner_1m_a.cgf
    [-0.00000064012100026, -1.00000042674731060, 0.00000000000000000, 6.12500000000000000]
    [1.00000042674731060, -0.00000064012100026, 0.00000000000000000, 4.99999900000000252]
    [0.00000000000000000, 0.00000000000000000, 1.00000042674751533, 4.25000000000000000]
  #75 data/objects/buildingsets/human/lowtech/alpha/int/roomsm/floor/roomsm_floor_straight_02x01x0025_a.cgf
    [1.00000000000000000, 0.00000000000000000, 0.00000000000000000, -7.31250000000000000]
    [0.00000000000000000, 1.00000000000000000, 0.00000000000000000, 4.87500000000000000]
    [0.00000000000000000, 0.00000000000000000, 1.00000000000000000, -0.06250000000000000]
  #76 objects/buildingsets/human/lowtech/alpha/int/roomsm/wall/roomsm_wall_straight_04x01x04_c.cgf
    [-0.00000064012100026, -1.00000042674731060, 0.00000000000000000, 7.00003900000001522]
    [1.00000042674731060, -0.00000064012100026, 0.00000000000000000, 1.00012800000001789]
    [0.00000000000000000, 0.00000000000000000, 1.00000042674751533, 0.00000000000000000]
  #77 objects/buildingsets/human/utilitarian/int/pipes/util_pipe_b_str_1m_a.cgf
    [-0.00000064012100026, 1.00000042674731060, 0.00000000000000000, 5.25000000000000000]
    [-1.00000042674731060, -0.00000064012100026, -0.00000000000000000, 5.03125000000000000]
    [-0.00000000000000000, 0.00000000000000000, 1.00000042674751533, 4.06250000000000000]
  #78 objects/buildingsets/human/lowtech/alpha/int/roomlg/addon/roomlg_addon_trim_frame_050x02x01_a.cgf
    [-0.00000064012100026, 1.00000042674731060, 0.00000000000000000, -1.00000000000000000]
    [-1.00000042674731060, -0.00000064012100026, -0.00000000000000000, 0.28125000000000000]
    [-0.00000000000000000, 0.00000000000000000, 1.00000042674751533, 3.87500000000000000]
  #79 objects/buildingsets/human/utilitarian/int/room_c/room_c_sm/wall/addon/room_c_sm_wall_addon_cap_a.cgf
    [-0.00000032006050013, 0.50000021337365530, 0.00000000000000000, -7.25000000000000000]
    [-0.50000021337365530, -0.00000032006050013, -0.00000000000000000, 1.00000000000000000]
    [-0.00000000000000000, 0.00000000000000000, 0.50000021337375766, 0.00000000000000000]
  #80 objects/buildingsets/human/utilitarian/int/grating/util_grating_str_02m_b.cgf
    [-0.00000159585514992, 0.00000079792514940, 0.78746918517372044, -6.28131499999994958]
    [0.78746918517372044, 0.00000079792514940, 0.00000159585434140, 2.56277000000000044]
    [-0.00000079792353235, 0.78746918517493314, -0.00000079792676644, 0.28045000000000186]
  #81 objects/buildingsets/human/utilitarian/int/room_c/room_c_sm/wall/room_c_sm_wall_straight_04x02x06_a.cgf
    [-0.00000064012100026, 1.00000042674731060, 0.00000000000000000, -7.00000000000000000]
    [-1.00000042674731060, -0.00000064012100026, -0.00000000000000000, 5.00000000000000000]
    [-0.00000000000000000, 0.00000000000000000, 1.00000042674751533, 0.00000000000000000]
  #82 objects/buildingsets/human/lowtech/alpha/int/roomsm/wall/roomsm_wall_cornerin_01x01x04_a.cgf
    [-0.00000064012100026, 1.00000042674731060, 0.00000000000000000, -8.00000000000000000]
    [-1.00000042674731060, -0.00000064012100026, -0.00000000000000000, 6.00000000000000000]
    [-0.00000000000000000, 0.00000000000000000, 1.00000042674751533, 0.00000000000000000]
  #83 data/objects/buildingsets/human/lowtech/alpha/int/roomsm/wall/roomsm_wall_straight_01x01x04_a.cgf
    [-1.00000000000000000, 0.00000000000000000, 0.00000000000000000, -1.00000000000000000]
    [0.00000000000000000, -1.00000000000000000, 0.00000000000000000, 6.00000000000000000]
    [0.00000000000000000, 0.00000000000000000, 1.00000000000000000, 0.00000000000000000]
  #84 data/objects/buildingsets/human/utilitarian/int/grating/util_grating_str_02m_b.cgf
    [0.00000000000000000, 0.00000000000000000, -0.79542398452758789, 2.89626199999997880]
    [0.79542398452758789, 0.00000000000000000, 0.00000000000000000, 2.97289799999998650]
    [0.00000000000000000, -0.79542398452758789, 0.00000000000000000, 4.20155599999999652]
  #85 data/objects/buildingsets/human/lowtech/alpha/int/roomsm/wall/roomsm_wall_straight_02x01x04_c.cgf
    [-1.00000000000000000, 0.00000000000000000, 0.00000000000000000, -2.00000000000000000]
    [0.00000000000000000, -1.00000000000000000, 0.00000000000000000, 6.00000000000000000]
    [0.00000000000000000, 0.00000000000000000, 1.00000000000000000, 0.00000000000000000]
  #86 objects/buildingsets/human/lowtech/alpha/int/roomsm/addon/roomsm_addon_trim_cable_rack_2m_a.cgf
    [-0.00000064012100026, 1.00000042674731060, 0.00000000000000000, 1.50000099999999748]
    [-1.00000042674731060, -0.00000064012100026, -0.00000000000000000, 4.00000099999999748]
    [-0.00000000000000000, 0.00000000000000000, 1.00000042674751533, 4.25000000000000000]
  #87 objects/buildingsets/human/lowtech/alpha/int/roomsm/floor/roomsm_floor_straight_02x02x0025_a.cgf
    [-0.00000064012100026, -1.00000042674731060, 0.00000000000000000, 1.00000000000000000]
    [1.00000042674731060, -0.00000064012100026, 0.00000000000000000, 1.00000000000000000]
    [0.00000000000000000, 0.00000000000000000, 1.00000042674751533, 0.00000000000000000]
  #88 objects/buildingsets/human/lowtech/alpha/int/roomsm/ceiling/roomsm_ceiling_straight_04x04x0025_b.cgf
    [-0.00000064012100026, -1.00000042674731060, 0.00000000000000000, -2.00000000000000000]
    [1.00000042674731060, -0.00000064012100026, 0.00000000000000000, 1.00000000000000000]
    [0.00000000000000000, 0.00000000000000000, 1.00000042674751533, 5.00000000000000000]
  #89 objects/buildingsets/human/utilitarian/int/grating/util_grating_str_01m_a.cgf
    [0.00000000000000000, 0.85741597414016724, 0.00000000000000000, 1.06249900000000252]
    [0.00000000000000000, 0.00000000000000000, 0.85741597414016724, 3.18750000000000000]
    [0.85741597414016724, 0.00000000000000000, 0.00000000000000000, 3.25000000000000000]
  #90 objects/buildingsets/human/utilitarian/int/room_c/room_c_sm/wall/addon/room_c_sm_wall_addon_pipe_grp_8m_a.cgf
    [-0.75853466162974170, 0.00000000000000000, 0.00000000000000000, 1.31615599999997812]
    [0.00000000000000000, 0.00000048555375879, -0.75853466162958638, 4.52369599999997263]
    [-0.00000000000000000, -0.75853466162958638, -0.00000048555375879, 4.95966199999999446]
  #91 objects/buildingsets/human/lowtech/alpha/int/roomsm/wall/roomsm_wall_cornerin_01x01x04_a.cgf
    [-1.00000000000000000, 0.00000000000000000, 0.00000000000000000, 7.00000000000000000]
    [0.00000000000000000, -1.00000000000000000, 0.00000000000000000, 6.00000000000000000]
    [0.00000000000000000, 0.00000000000000000, 1.00000000000000000, 0.00000000000000000]
  #92 objects/buildingsets/human/utilitarian/int/pipes/util_pipe_b_str_cap_c.cgf
    [-0.00000064012127299, 0.00000000000000000, 1.00000085349446199, 3.00000000000000000]
    [0.00000000000000000, -1.00000085349466716, 0.00000000000000000, 1.53125000000000000]
    [1.00000085349446199, 0.00000000000000000, 0.00000064012127265, 4.28125000000000000]
  #93 objects/buildingsets/human/lowtech/prop/furniture/table/table_bar_table_2_watertank_b.cgf
    [1.00000000000000000, 0.00000000000000000, 0.00000000000000000, -0.13890000000003511]
    [0.00000000000000000, 1.00000000000000000, 0.00000000000000000, 0.76023099999997612]
    [0.00000000000000000, 0.00000000000000000, 1.00000000000000000, 0.25000000000000000]
  #94 objects/buildingsets/human/utilitarian/int/pipes/util_pipe_b_str_1m_a.cgf
    [-0.00000064012100026, 1.00000042674731060, 0.00000000000000000, 5.25000000000000000]
    [-1.00000042674731060, -0.00000064012100026, -0.00000000000000000, 2.78125000000000000]
    [-0.00000000000000000, 0.00000000000000000, 1.00000042674751533, 4.06250000000000000]
  #95 objects/buildingsets/human/utilitarian/int/grating/util_grating_str_01m_a.cgf
    [-0.00000054884997101, 0.85741634004012823, 0.00000000000000000, -1.00000000000000000]
    [-0.85741634004012823, -0.00000054884997101, -0.00000000000000000, 1.12499900000000252]
    [-0.00000000000000000, 0.00000000000000000, 0.85741634004030387, 0.25000000000000000]
  #96 objects/buildingsets/human/lowtech/alpha/int/roomsm/floor/roomsm_floor_straight_04x01x0025_a.cgf
    [-0.00000064012100026, -1.00000042674731060, 0.00000000000000000, 6.00003900000001522]
    [1.00000042674731060, -0.00000064012100026, 0.00000000000000000, 1.00012800000001789]
    [0.00000000000000000, 0.00000000000000000, 1.00000042674751533, 0.00000000000000000]
  #97 data/objects/buildingsets/human/utilitarian/int/room_c/room_c_sm/wall/addon/room_c_sm_wall_addon_pipe_grp_4m_a.cgf
    [-0.00000064012100026, 1.00000042674731060, 0.00000000000000000, -7.06250000000000000]
    [-1.00000042674731060, -0.00000064012100026, -0.00000000000000000, 4.40625000000000000]
    [-0.00000000000000000, 0.00000000000000000, 1.00000042674751533, -0.12500000000000000]
  #98 objects/buildingsets/human/utilitarian/int/grating/util_grating_str_01m_a.cgf
    [0.00000000000000000, 0.85741597414016724, 0.00000000000000000, -1.06250099999999748]
    [0.00000000000000000, 0.00000000000000000, 0.85741597414016724, 3.18750199999999495]
    [0.85741597414016724, 0.00000000000000000, 0.00000000000000000, 3.25000000000000000]
  #99 objects/buildingsets/human/utilitarian/int/grating/util_grating_str_02m_b.cgf
    [0.74006182158500056, -0.26462152543760864, -0.04891763292413623, -6.67548499999998057]
    [0.26909218869188861, 0.72630208555706011, 0.14206921131621228, 4.39029499999998052]
    [-0.00262307469136568, -0.15023220391805026, 0.77300219319781072, 0.21169399999999428]
  #100 objects/buildingsets/human/lowtech/bravo/int/walkway/addon/walkway_addon_railing_cable_g.cgf
    [0.65958205154072580, 0.35070630832807514, 0.00000000000000000, -0.76751699999999801]
    [-0.35070630832807514, 0.65958205154072580, -0.00000000000000000, 2.63161100000002079]
    [-0.00000000000000000, 0.00000000000000000, 0.74702302335053872, 0.22590800000000399]
  #101 data/objects/buildingsets/human/utilitarian/int/room_c/room_c_sm/wall/addon/room_c_sm_wall_addon_pipe_grp_4m_b.cgf
    [-0.00000064012100026, 1.00000042674731060, 0.00000000000000000, -6.90625000000000000]
    [-1.00000042674731060, -0.00000064012100026, -0.00000000000000000, 5.37500000000000000]
    [-0.00000000000000000, 0.00000000000000000, 1.00000042674751533, 0.00000000000000000]
  #102 data/objects/buildingsets/human/utilitarian/int/pipes/util_pipe_b_str_1m_a.cgf
    [-1.00000000000000000, 0.00000000000000000, 0.00000000000000000, 5.00000000000000000]
    [0.00000000000000000, -1.00000000000000000, 0.00000000000000000, 1.53125000000000000]
    [0.00000000000000000, 0.00000000000000000, 1.00000000000000000, 4.06250000000000000]
  #103 objects/buildingsets/human/utilitarian/int/grating/util_grating_str_02m_b.cgf
    [0.00000000000000000, 0.00000000000000000, -0.79542398452758789, -3.72873800000002120]
    [0.79542398452758789, 0.00000000000000000, 0.00000000000000000, 3.00414799999998650]
    [0.00000000000000000, -0.79542398452758789, 0.00000000000000000, 4.20155599999999652]
  #104 objects/buildingsets/human/lowtech/alpha/int/roomsm/wall/roomsm_wall_straight_04x01x04_a.cgf
    [-1.00000000000000000, 0.00000000000000000, 0.00000000000000000, -5.00000000000000000]
    [0.00000000000000000, -1.00000000000000000, 0.00000000000000000, 6.00000000000000000]
    [0.00000000000000000, 0.00000000000000000, 1.00000000000000000, 0.00000000000000000]
  #105 objects/buildingsets/human/lowtech/alpha/int/roomsm/addon/roomsm_addon_trim_cable_rack_1m_a.cgf
    [1.00000000000000000, 0.00000000000000000, 0.00000000000000000, -7.00000000000000000]
    [0.00000000000000000, 1.00000000000000000, 0.00000000000000000, 0.99999900000000252]
    [0.00000000000000000, 0.00000000000000000, 1.00000000000000000, 4.25000000000000000]
  #106 objects/buildingsets/human/utilitarian/int/grating/util_grating_str_02m_b.cgf
    [-1.08067390170348210, 0.00000000000000000, 0.00000000000000000, 1.09011999999995624]
    [0.00000000000000000, 0.00000069176176359, 1.08067390170326116, 3.94887799999997924]
    [0.00000000000000000, 1.08067390170326116, -0.00000069176176323, 3.31250000000000000]
  #107 objects/buildingsets/human/lowtech/alpha/int/roomsm/floor/roomsm_floor_door_04x02x0025_a.cgf
    [1.00000000000000000, 0.00000000000000000, 0.00000000000000000, 1.00003900000001522]
    [0.00000000000000000, 1.00000000000000000, 0.00000000000000000, 3.00012900000001537]
    [0.00000000000000000, 0.00000000000000000, 1.00000000000000000, 0.00000000000000000]
  #108 objects/buildingsets/human/lowtech/alpha/int/roomlg/addon/roomlg_addon_trim_frame_02x02x01_a.cgf
    [-0.00000064012100026, 1.00000042674731060, 0.00000000000000000, -1.00000000000000000]
    [-1.00000042674731060, -0.00000064012100026, -0.00000000000000000, 6.00000000000000000]
    [-0.00000000000000000, 0.00000000000000000, 1.00000042674751533, 3.00000000000000000]
  #109 objects/buildingsets/human/lowtech/alpha/int/roomsm/addon/roomsm_addon_trim_cable_rack_1m_a.cgf
    [-1.00000000000000000, 0.00000000000000000, 0.00000000000000000, -6.00000000000000000]
    [0.00000000000000000, -1.00000000000000000, 0.00000000000000000, 5.00000000000000000]
    [0.00000000000000000, 0.00000000000000000, 1.00000000000000000, 4.25000000000000000]
  #110 data/objects/buildingsets/human/utilitarian/int/pipes/util_pipe_b_str_cap_b.cgf
    [-1.00000000000000000, 0.00000000000000000, 0.00000000000000000, 3.50000000000000000]
    [0.00000000000000000, -1.00000000000000000, 0.00000000000000000, 1.53125000000000000]
    [0.00000000000000000, 0.00000000000000000, 1.00000000000000000, 4.06250000000000000]
  #111 objects/buildingsets/human/utilitarian/int/pipes/util_pipe_b_cnr_05m_a.cgf
    [-0.00000064012100026, 1.00000042674731060, 0.00000000000000000, 5.25000000000000000]
    [-1.00000042674731060, -0.00000064012100026, -0.00000000000000000, 1.78125000000000000]
    [-0.00000000000000000, 0.00000000000000000, 1.00000042674751533, 4.06250000000000000]
  #112 objects/buildingsets/human/utilitarian/int/room_c/room_c_sm/wall/addon/room_c_sm_wall_addon_pipe_grp_8m_a.cgf
    [0.75853433792751213, -0.00000000000000000, 0.00000000000000000, -1.30341399999997520]
    [0.00000000000000000, -0.00000048555355158, 0.75853433792735681, 1.47939999999999827]
    [-0.00000000000000000, -0.75853433792735681, -0.00000048555355158, 4.90000000000000568]
  #113 objects/buildingsets/human/lowtech/alpha/int/roomsm/addon/roomsm_addon_trim_cable_rack_2m_a.cgf
    [-0.00000064012100026, -1.00000042674731060, 0.00000000000000000, -1.50000000000000000]
    [1.00000042674731060, -0.00000064012100026, 0.00000000000000000, 2.00000199999999495]
    [0.00000000000000000, 0.00000000000000000, 1.00000042674751533, 4.25000000000000000]
  #114 objects/buildingsets/human/utilitarian/int/room_c/room_c_sm/wall/addon/room_c_sm_wall_addon_cap_a.cgf
    [-0.00000032006050013, 0.50000021337365530, 0.00000000000000000, -7.25000000000000000]
    [-0.50000021337365530, -0.00000032006050013, -0.00000000000000000, 1.00000000000000000]
    [-0.00000000000000000, 0.00000000000000000, 0.50000021337375766, 2.12500000000000000]
  #115 data/objects/buildingsets/human/lowtech/alpha/int/roomsm/wall/roomsm_lg_wall_01x01x04_a.cgf
    [-1.00000000000000000, 0.00000000000000000, 0.00000000000000000, 0.00000000000000000]
    [0.00000000000000000, -1.00000000000000000, 0.00000000000000000, 6.00000000000000000]
    [0.00000000000000000, 0.00000000000000000, 1.00000000000000000, 0.00000000000000000]
  #116 objects/buildingsets/human/lowtech/alpha/int/roomsm/addon/roomsm_addon_trim_cable_rack_corner_1m_a.cgf
    [1.00000000000000000, 0.00000000000000000, 0.00000000000000000, -2.50000000000000000]
    [0.00000000000000000, 1.00000000000000000, 0.00000000000000000, 1.00000099999999748]
    [0.00000000000000000, 0.00000000000000000, 1.00000000000000000, 4.25000000000000000]
  #117 objects/buildingsets/human/lowtech/alpha/int/roomsm/addon/roomsm_addon_trim_cable_rack_corner_1m_a.cgf
    [-0.00000064012100026, 1.00000042674731060, 0.00000000000000000, 1.49999900000000252]
    [-1.00000042674731060, -0.00000064012100026, -0.00000000000000000, 2.00000099999999748]
    [-0.00000000000000000, 0.00000000000000000, 1.00000042674751533, 4.25000000000000000]
  #118 objects/buildingsets/human/lowtech/alpha/int/roomsm/addon/roomsm_addon_trim_cable_rack_corner_1m_a.cgf
    [-0.00000064012100026, -1.00000042674731060, 0.00000000000000000, 6.00000000000000000]
    [1.00000042674731060, -0.00000064012100026, 0.00000000000000000, 3.99999900000000252]
    [0.00000000000000000, 0.00000000000000000, 1.00000042674751533, 4.25000000000000000]
  #119 objects/buildingsets/human/common/light/maintenance/set_a/common_light_maint_set_a_rectangle_0025x002m_a.cgf
    [-0.79997360490680458, 0.00000000000000000, -0.00654605645972511, 0.48739799999998468]
    [0.00654605645972470, 0.00000028139727811, -0.79997360490675506, 5.33992899999998372]
    [0.00000000230255197, -0.80000038712658317, -0.00000028138785764, 0.31649600000000078]
  #120 objects/buildingsets/human/common/light/maintenance/set_a/common_light_maint_set_a_rectangle_0025x002m_a.cgf
    [-0.79997360490680458, 0.00000000000000000, -0.00654605645972511, 5.49626299999999901]
    [0.00654605645972470, 0.00000028139727811, -0.79997360490675506, 5.33992899999998372]
    [0.00000000230255197, -0.80000038712658317, -0.00000028138785764, 0.31649600000000078]
