# IncludedObjects
# Cgfs: 30, Materials: 2, Palettes: 3, Placements: 292

[CGFs]
      0: objects/planets/geology/scree/angular_01/angular_01_pil_b.cgf
      1: objects/planets/geology/scree/angular_01/angular_01_grdc_a.cgf
      2: objects/planets/geology/scree/angular_01/angular_01_pil_a.cgf
      3: objects/planets/geology/scree/angular_01/angular_01_bld_a.cgf
      4: objects/planets/flora/mushroom/armillaria_01/armillaria_01_med_b.cgf
      5: objects/planets/flora/mushroom/armillaria_01/armillaria_01_small_a.cgf
      6: objects/planets/flora/mushroom/armillaria_01/armillaria_01_med_a.cgf
      7: objects/planets/geology/scree/angular_01/angular_01_bld_e.cgf
      8: objects/planets/geology/scree/angular_01/angular_01_plt_f.cgf
      9: objects/buildingsets/human/hightech/prop/storage/crate/crate_dry_1_0125x0125x0125_b.cgf
     10: objects/buildingsets/human/lowtech/alpha/ext/prop/shipping_container_1_025x025x025_a.cgf
     11: objects/planets/geology/scree/angular_01/angular_01_plt_c.cgf
     12: objects/planets/geology/scree/angular_01/angular_01_plt_b.cgf
     13: objects/buildingsets/human/colonialism/col_a/int/addons/col_a_int_addn_gen_o.cgf
     14: objects/buildingsets/human/lowtech/prop/storage/cargo/cargo_multipurpose_1_025x0125x0125_a.cgf
     15: objects/buildingsets/human/lowtech/alpha/ext/prop/shipping_container_1_025x05x025_open_a.cgf
     16: objects/planets/geology/scree/angular_01/angular_01_bld_d.cgf
     17: objects/buildingsets/human/lowtech/prop/storage/tank/tank_water_3_0125x0125x0125_a.cgf
     18: objects/planets/geology/scree/angular_01/angular_01_bld_b.cgf
     19: data/objects/buildingsets/human/lowtech/bravo/int/walkway/addon/walkway_addon_railing_panel_c.cgf
     20: objects/planets/geology/scree/angular_01/angular_01_plt_a.cgf
     21: objects/buildingsets/human/lowtech/prop/storage/crate/crate_weapon_1_015x0075x0075_a.cgf
     22: data/objects/buildingsets/human/colonialism/ruin/structure/col_a_structural_addon_wall_2m_a.cgf
     23: objects/buildingsets/human/universal/prop/storage/ammo-box/ammo-box_1_pallet_250x125x025_a.cgf
     24: objects/planets/geology/scree/angular_01/angular_01_bld_c.cgf
     25: objects/planets/geology/scree/angular_01/angular_01_grdc_c.cgf
     26: data/objects/buildingsets/human/colonialism/col_a/ext/habitation/col_a_ext_hab_addon_fuel_tank_a.cgf
     27: objects/buildingsets/human/lowtech/alpha/ext/prop/shipping_container_1_025x025x025_b.cgf
     28: objects/buildingsets/human/universal/prop/storage/box_plastic/box_plastic_grey_open_c.cgf
     29: objects/buildingsets/human/lowtech/alpha/ext/prop/shipping_container_1_025x05x025_c.cgf

[Materials]
      0: objects/planets/flora/mushroom/armillaria_01/decals/armillaria_starfield_01_small
      1: objects/planets/flora/mushroom/armillaria_01/decals/armillaria_starfield_01

[Palettes]
      0: Libs/Foundry/Records/TintPalettes/default
      1: Libs/Foundry/Records/TintPalettes/Generic/gen_darkgreen_grey_red_a
      2: Libs/Foundry/Records/TintPalettes/Generic/gen_grey_darkgrey_blue_a<222>

[Placements]
  #0 objects/planets/geology/scree/angular_01/angular_01_pil_b.cgf
    [0.87605376063624718, -0.48221349283423232, 0, -34.113285999999789]
    [0.48221349283423232, 0.87605376063624718, 0, -6.1427610000000641]
    [0, 0, 1.0000000220981504, -6.8205990000000085]
  #1 objects/planets/geology/scree/angular_01/angular_01_grdc_a.cgf
    [0.040422018298210752, -0.99918308400063871, 0, -34.013202000000092]
    [0.99918308400063871, 0.040422018298210752, 0, -15.431597999999667]
    [0, 0, 1.0000003874580892, -6.888292000000007]
  #2 objects/planets/geology/scree/angular_01/angular_01_pil_b.cgf
    [0.82663495435572654, -0.5627383640010184, 0, -36.503961999999774]
    [0.5627383640010184, 0.82663495435572654, 0, -14.508287999999993]
    [0, 0, 0.99999990704061403, -6.9724930000000072]
  #3 objects/planets/geology/scree/angular_01/angular_01_grdc_a.cgf
    [0.74363988142877346, -0.66685581498379876, 0.047988696999918, -34.435709000000315]
    [0.6664412910914973, 0.74508576227592582, 0.026515630312278899, -15.138065999999981]
    [-0.053437800719665411, 0.012263569825002372, 0.99849580498780732, -6.5831390000000027]
  #4 objects/planets/geology/scree/angular_01/angular_01_pil_a.cgf
    [-0.56128255576815944, 0.82762358963049176, 0, -35.432686999999532]
    [-0.82762358963049176, -0.56128255576815944, 0, -20.277115999999751]
    [0, 0, 0.99999945676110136, -6.7238320000000016]
  #5 objects/planets/geology/scree/angular_01/angular_01_bld_a.cgf
    [-0.34467092790817916, 0.43958541940122586, -0.82943734589199936, -35.435308999999506]
    [-0.61407136387212558, 0.56272202122563664, 0.55340761392987958, -3.625814999999875]
    [0.71001268424074182, 0.7000773429651781, 0.075982908207531244, -2.1828849999999989]
  #6 objects/planets/geology/scree/angular_01/angular_01_grdc_a.cgf
    [0.74951668162959173, -0.66195948509336211, 0.0058606581320980308, -34.746380999999928]
    [0.6612858478089918, 0.74910216123999773, 0.039331193383278139, -8.6442629999996825]
    [-0.030425888752071591, -0.025603815737907355, 0.99920902376487331, -6.6438570000000041]
  #7 objects/planets/geology/scree/angular_01/angular_01_grdc_a.cgf
    [0.040422018298210752, -0.99918308400063871, 0, -33.704138000000057]
    [0.99918308400063871, 0.040422018298210752, 0, -9.861660000000029]
    [0, 0, 1.0000003874580892, -6.888292000000007]
  #8 objects/planets/geology/scree/angular_01/angular_01_bld_a.cgf
    [0.87118212491228009, -0.38934791037034333, 0.29908249957457222, -27.333673999999519]
    [0.23388527272252865, -0.20649096627456154, -0.95008399190740456, -22.985991000000013]
    [0.43167095809775674, 0.89764698916971131, -0.088828477402912193, -1.3186600000000084]
  #9 objects/planets/geology/scree/angular_01/angular_01_grdc_a.cgf
    [-0.125236693017406, -0.99193318628384819, -0.019604631130783267, -31.552225999999791]
    [0.99072400901836721, -0.12398472263915186, -0.055621429302061293, -12.521973999999773]
    [0.052742066394630936, -0.026388622393043206, 0.99825945121073578, -6.4822680000000048]
  #10 objects/planets/geology/scree/angular_01/angular_01_pil_a.cgf
    [-0.56128255576815944, 0.82762358963049176, 0, -39.089300999999978]
    [-0.82762358963049176, -0.56128255576815944, 0, -2.0916720000000169]
    [0, 0, 0.99999945676110136, -6.606149000000002]
  #11 objects/planets/geology/scree/angular_01/angular_01_grdc_a.cgf
    [0.040422018298210752, -0.99918308400063871, 0, -36.994959999999992]
    [0.99918308400063871, 0.040422018298210752, 0, -6.6339399999997113]
    [0, 0, 1.0000003874580892, -6.888292000000007]
  #12 objects/planets/geology/scree/angular_01/angular_01_pil_a.cgf
    [-0.49666673867641364, -0.05763968537510674, 0, -41.923123999999916]
    [0.05763968537510674, -0.49666673867641364, 0, -11.621852999999646]
    [0, 0, 0.50000018263757295, -4.5396040000000042]
  #13 objects/planets/geology/scree/angular_01/angular_01_pil_b.cgf
    [0.38102287770428461, -0.9245654741249737, 0, -38.968971999999667]
    [0.9245654741249737, 0.38102287770428461, 0, -10.857332999999926]
    [0, 0, 0.99999987463898798, -6.8701490000000049]
  #14 objects/planets/flora/mushroom/armillaria_01/armillaria_01_med_b.cgf
    [-0.64278706851464207, 0.76312936332735948, -0.066764888159277946, -34.659214000000247]
    [-0.76604436912126705, -0.64034097963909886, 0.056023613284294664, -15.181534999999712]
    [9.7044792764243209E-07, 0.087156156038499785, 0.99619425584402999, -6.5098320000000029]
  #15 objects/planets/geology/scree/angular_01/angular_01_pil_b.cgf
    [-0.77149641958576665, 0.63623445338027462, 0, -50.819260999999642]
    [-0.63623445338027462, -0.77149641958576665, 0, -9.8293799999996736]
    [0, 0, 1.0000005025507506, -6.8347550000000084]
  #16 objects/planets/geology/scree/angular_01/angular_01_grdc_a.cgf
    [-0.52472949646564826, -0.85126838864059295, 0, -42.44098699999995]
    [0.85126838864059295, -0.52472949646564826, 0, -8.4362439999999879]
    [0, 0, 0.99999945697977466, -6.9522070000000085]
  #17 objects/planets/geology/scree/angular_01/angular_01_grdc_a.cgf
    [-0.99487533081288193, -0.10111020928362753, 0, -48.109475999999631]
    [0.10111020928362753, -0.99487533081288193, 0, -7.7554759999998168]
    [0, 0, 1.000000099140705, -6.9503410000000017]
  #18 objects/planets/flora/mushroom/armillaria_01/armillaria_01_small_a.cgf
    [0.58598534202756203, -0.8030592880298506, -0.1082456349775542, -38.499619999999595]
    [0.79549316205441045, 0.59554486726242328, -0.11187984115076986, -6.3148889999997664]
    [0.15431126565283551, -0.020548713834092552, 0.98780865672773288, -6.7408020000000022]
  #19 objects/planets/flora/mushroom/armillaria_01/armillaria_01_med_b.cgf
    [0.34201903101262798, -0.93611718197653426, 0.081899639434029101, -36.686751999999615]
    [0.93969299738321643, 0.34071752300622365, -0.02980917797220738, -14.415556999999808]
    [2.4139732093430153E-07, 0.087155826143433673, 0.99619466414708624, -5.747238000000003]
  #20 objects/planets/flora/mushroom/armillaria_01/armillaria_01_small_a.cgf
    [0.97546704772434889, 0.19169520494663891, -0.10824488464011722, -41.852848999999878]
    [-0.20355642178248304, 0.97265000083358222, -0.11187817872975747, -4.9754769999999553]
    [0.083837878082630657, 0.1311674202126496, 0.9878088306548507, -6.3930270000000036]
  #21 objects/planets/flora/mushroom/armillaria_01/armillaria_01_med_a.cgf
    [-0.47456639664398892, 0.86479747347603075, -0.16404999666088713, -40.730184000000008]
    [-0.83138062680534552, -0.5015994460284946, -0.23917480108757497, -4.7076029999998354]
    [-0.2891251025208878, 0.022883661682611783, 0.95701794626793957, -5.8285330000000073]
  #22 objects/planets/flora/mushroom/armillaria_01/armillaria_01_med_a.cgf
    [-0.98481104634326422, 0.17298817961998428, -0.015133228394609111, -36.740452000000005]
    [-0.17364885512915978, -0.98106342503589239, 0.085833286426481123, -17.769151999999849]
    [1.4870840540413285E-06, 0.087157143472020318, 0.99619794931990324, -5.8924630000000064]
  #23 objects/planets/geology/scree/angular_01/angular_01_bld_a.cgf
    [-0.26175067066931912, -0.78695221954205818, 0.55874125219195758, -45.208638999999494]
    [-0.11379732102725838, 0.6000516200701459, 0.79182524544072141, -6.8794889999999214]
    [-0.95840270892262602, 0.14367760350196443, -0.2466170921099175, 1.7688839999999999]
  #24 objects/planets/geology/scree/angular_01/angular_01_pil_a.cgf
    [-0.56128255576815944, 0.82762358963049176, 0, -46.51644000000033]
    [-0.82762358963049176, -0.56128255576815944, 0, -11.564324999999826]
    [0, 0, 0.99999945676110136, -7.0001020000000054]
  #25 objects/planets/geology/scree/angular_01/angular_01_grdc_a.cgf
    [-0.52472949646564826, -0.85126838864059295, 0, -42.470244000000093]
    [0.85126838864059295, -0.52472949646564826, 0, -5.2359269999997196]
    [0, 0, 0.99999945697977466, -6.9287010000000038]
  #26 objects/planets/flora/mushroom/armillaria_01/armillaria_01_med_b.cgf
    [1, 0, 0, -48.052894999999808]
    [0, 1, 0, -7.9412519999996221]
    [0, 0, 1, -6.665376000000002]
  #27 objects/planets/flora/mushroom/armillaria_01/armillaria_01_small_a.cgf
    [0.27317202230113136, -0.93417635527077481, -0.22954615306878609, -41.121838000000025]
    [0.95830463847948244, 0.28506836678921488, -0.01970022915082861, -4.3828969999999572]
    [0.083839841390449199, -0.21459360757696871, 0.97309830823328614, -5.8373200000000054]
  #28 objects/planets/flora/mushroom/armillaria_01/armillaria_01_med_b.cgf
    [-0.76604551435048629, -0.64278737592400603, 0, -41.236947000000328]
    [0.64278737592400603, -0.76604551435048629, 0, -6.3336319999998523]
    [0, 0, 1.0000006703516606, -6.9396800000000027]
  #29 objects/planets/flora/mushroom/armillaria_01/armillaria_01_med_b.cgf
    [-0.9003276305517498, -0.4258093332781695, -0.08993804034820567, -1.1150269999998272]
    [0.20771681734740499, -0.60203680999929865, 0.77097190930690607, -5.5415450000000419]
    [-0.38243452145372481, 0.67544827547523734, 0.63048056726705826, 18.522680999999992]
  #30 objects/planets/geology/scree/angular_01/angular_01_bld_e.cgf
    [-0.1334940102321279, -1.4843741574022449, 0, 1.0516299999999319]
    [-1.4843741574022449, 0.13349401023212723, 0, -9.284650000000056]
    [-0, 0, -1.4903648177313771, 17.212592999999998]
  #31 objects/planets/flora/mushroom/armillaria_01/armillaria_01_small_a.cgf
    [0.34446483146998053, -0.69392786026305753, 0.63230419703085017, 7.6197359999996479]
    [0.83264143488653952, 0.53693928034988059, 0.13566481887052659, -6.6132419999999001]
    [-0.43365045110339545, 0.47975079668492754, 0.76274959999316605, -2.7855480000000057]
  #32 objects/planets/geology/scree/angular_01/angular_01_pil_b.cgf
    [0.92139264546020627, 1.0878512419808508, -0.46649971162410053, -2.5419990000000325]
    [-0.99574614705031295, 1.0320013168170927, 0.43985179942231573, -32.511516000000029]
    [0.6399468073669129, 0.039492659334530923, 1.3560660479240632, 5.1836909999999961]
  #33 objects/planets/flora/mushroom/armillaria_01/armillaria_01_small_a.cgf
    [0.83260658233503726, -0.55318744918546359, 0.027387404092005154, 6.7450399999997899]
    [0.55373536868690687, 0.83246316438996781, -0.019554185891173644, -10.226263999999901]
    [-0.01198187399341177, 0.031446315910951442, 0.99943369399779824, -2.8606970000000018]
  #34 objects/planets/flora/mushroom/armillaria_01/armillaria_01_med_a.cgf
    [-0.69406948777484878, 0.60689997856840416, 0.38721622362695696, 5.4663659999996526]
    [-0.71988527221946841, -0.58913912980491201, -0.36698327245326168, -9.3916939999999158]
    [0.005402098458271264, -0.53346409760420954, 0.84580335515169547, 5.4834749999999985]
  #35 objects/planets/flora/mushroom/armillaria_01/armillaria_01_med_a.cgf
    [-0.69407066001760653, 0.71935879891996202, 0.028077252155482232, 6.5958019999998214]
    [-0.71988627259886018, -0.69381565630026898, -0.019572541117473068, -9.7399869999999282]
    [0.0054007588256014009, -0.033797163468335542, 0.99941386738180238, -2.8470620000000082]
  #36 objects/planets/flora/mushroom/armillaria_01/armillaria_01_med_b.cgf
    [-0.892750054956022, -0.42399616230336096, -0.15239629170927604, 1.7666749999998501]
    [0.43342936919425445, -0.9005639194997247, -0.033520811652778176, -3.8245349999997416]
    [-0.1230299040663992, -0.095978733300728619, 0.9877508600138486, 4.2689699999999959]
  #37 objects/planets/geology/scree/angular_01/angular_01_grdc_a.cgf
    [1.1977631321563842, 0.59682838461159782, -0.67761770807722632, 4.2703419999998005]
    [-0.16591373777656365, 1.2519366618182244, 0.80940325310900807, -24.58710099999962]
    [0.88760492934352964, -0.57136404668857665, 1.0656955546907925, 2.8752719999999954]
  #38 objects/planets/geology/scree/angular_01/angular_01_pil_b.cgf
    [-0.42981477935876383, 0.90291749291348122, 0, 15.904693999999836]
    [-0.90291749291348122, -0.42981477935876383, -0, 22.56892199999993]
    [-0, 0, 1.000000371782126, -6.6647030000000029]
  #39 objects/planets/flora/mushroom/armillaria_01/armillaria_01_med_b.cgf
    [-0.00070878057434263183, -0.9940761504896054, 0.10866582167254391, -11.769812999999886]
    [0.99755559734741228, 0.0068870445005612211, 0.069509387573181744, 17.301554000000124]
    [-0.069846145010651353, 0.10844967398622722, 0.99164325257692154, -6.410570000000007]
  #40 objects/planets/flora/mushroom/armillaria_01/armillaria_01_med_a.cgf
    [0.96342282674124369, 0.25148683070078737, 0.092579062824451067, 14.974280000000363]
    [-0.26611896094940485, 0.93851663415336961, 0.21992561928094623, 28.83552200000031]
    [-0.031578592631547969, -0.2365183996584031, 0.97111373746122398, -6.5693210000000022]
  #41 objects/planets/geology/scree/angular_01/angular_01_grdc_a.cgf
    [-0.99773673481599945, 0.067237930255252265, 0, 10.718603999999686]
    [-0.067237930255252265, -0.99773673481599945, 0, 19.516852000000199]
    [0, 0, 0.99999976563312387, -6.9543290000000084]
  #42 objects/planets/flora/mushroom/armillaria_01/armillaria_01_small_a.cgf
    [0.9754669919979897, 0.21715672782275702, -0.036153862180601452, 15.333786000000146]
    [-0.2035565804032746, 0.95225676193497555, 0.22753412181584423, 42.444879000000128]
    [0.08383832514898007, -0.21459266897379153, 0.9730987207502565, -5.8753760000000028]
  #43 objects/planets/geology/scree/angular_01/angular_01_pil_b.cgf
    [-0.2884460028464596, 0.9574956476014298, 0, 5.9897120000005089]
    [-0.9574956476014298, -0.2884460028464596, -0, 48.587819000000309]
    [-0, 0, 0.99999950586676856, -7.0040660000000017]
  #44 objects/planets/flora/mushroom/armillaria_01/armillaria_01_small_a.cgf
    [0.72372394401262163, -0.65815668801647409, -0.20749362075012298, 8.069709999999759]
    [0.68497794274988988, 0.72165101495319195, 0.10012595234578951, 45.065947000000051]
    [0.083839409462012807, -0.21459208374543579, 0.97309884738645513, -5.0168630000000078]
  #45 objects/planets/geology/scree/angular_01/angular_01_plt_f.cgf
    [0.31906256444057413, -0.94773342947790973, 0, 9.7903509999996459]
    [0.94773342947790973, 0.31906256444057413, 0, 48.401074000000335]
    [0, 0, 0.99999978668865519, -7.2060120000000083]
  #46 objects/planets/geology/scree/angular_01/angular_01_grdc_a.cgf
    [0.31366267096535067, -0.94953422008629174, 0, 13.253614999999627]
    [0.94953422008629174, 0.31366267096535067, 0, 15.686286000000109]
    [0, 0, 0.99999975313596956, -6.9552110000000056]
  #47 objects/planets/geology/scree/angular_01/angular_01_grdc_a.cgf
    [0.096065719823654722, -0.99537463779523483, 0, 43.041538000000401]
    [0.99537463779523483, 0.096065719823654722, 0, -18.376011999999719]
    [0, 0, 0.99999964604555325, -6.9610970000000023]
  #48 objects/planets/geology/scree/angular_01/angular_01_grdc_a.cgf
    [0.9049598395096643, -0.42549705881938077, 0, 43.428832000000511]
    [0.42549705881938077, 0.9049598395096643, 0, -14.574803999999858]
    [0, 0, 1.00000002909465, -6.9581820000000079]
  #49 objects/buildingsets/human/hightech/prop/storage/crate/crate_dry_1_0125x0125x0125_b.cgf
    [0.89169767292178048, -0.45263160800711161, 0, -5.1076990000001388]
    [0.45263160800711161, 0.89169767292178048, 0, -1.8394960000000538]
    [0, 0, 1.0000000562306095, -5.6645680000000027]
  #50 objects/planets/flora/mushroom/armillaria_01/armillaria_01_med_b.cgf
    [-0.66046783423709698, 0.75085389543815007, 0, 4.8428210000001854]
    [-0.75085389543815007, -0.66046783423709698, 0, -12.652756999999838]
    [0, 0, 0.99999966617818736, -5.1876150000000081]
  #51 objects/planets/geology/scree/angular_01/angular_01_grdc_a.cgf
    [0.040422018298210752, -0.99918308400063871, 0, -28.102342999999564]
    [0.99918308400063871, 0.040422018298210752, 0, -13.35024199999998]
    [0, 0, 1.0000003874580892, -6.9630960000000073]
  #52 objects/planets/flora/mushroom/armillaria_01/armillaria_01_med_b.cgf
    [-0.78133598928792436, -0.60403650192111558, -0.15699188563749256, 2.1871190000001661]
    [0.57952431299640694, -0.7955590898603907, 0.17671949850597207, -0.97848699999985911]
    [-0.23164222079568325, 0.047096866701105834, 0.97165644270875662, -6.231217000000008]
  #53 objects/buildingsets/human/lowtech/alpha/ext/prop/shipping_container_1_025x025x025_a.cgf
    [0.86602542443567943, 0.5000000183648049, 0, -7.512007000000267]
    [-0.5000000183648049, 0.86602542443567943, -0, -4.0020639999997911]
    [-0, 0, 1.0000000270669016, -7.0022030000000015]
  #54 objects/planets/geology/scree/angular_01/angular_01_grdc_a.cgf
    [0.90797905046234006, 1.7820141679512393, 0, -26.681870999999774]
    [-1.7820141679512393, 0.90797905046234006, -0, -20.323247999999694]
    [-0, 0, 2.000000112714357, -6.8707010000000039]
  #55 objects/buildingsets/human/hightech/prop/storage/crate/crate_dry_1_0125x0125x0125_b.cgf
    [0.89169767292178048, -0.45263160800711161, 0, -3.99308099999962]
    [0.45263160800711161, 0.89169767292178048, 0, -1.2737099999999373]
    [0, 0, 1.0000000562306095, -5.6645680000000027]
  #56 objects/planets/geology/scree/angular_01/angular_01_pil_b.cgf
    [0.12239149852077175, -0.99248191325450674, 0, -24.856348999999682]
    [0.99248191325450674, 0.12239149852077175, 0, -23.551342999999633]
    [0, 0, 1.000000013523743, -6.6320940000000022]
  #57 objects/planets/flora/mushroom/armillaria_01/armillaria_01_med_b.cgf
    [-0.90032987646446183, -0.42580953607254396, -0.089937708950274642, -2.0899760000002061]
    [0.41728042949410826, -0.90331222173826053, 0.099501317456367616, -1.2394970000000285]
    [-0.12361066160631953, 0.052054855719952935, 0.99096273153397463, -6.9240420000000071]
  #58 objects/buildingsets/human/hightech/prop/storage/crate/crate_dry_1_0125x0125x0125_b.cgf
    [0.89169767292178048, -0.45263160800711161, 0, -3.4272949999995035]
    [0.45263160800711161, 0.89169767292178048, 0, -2.3883280000000013]
    [0, 0, 1.0000000562306095, -6.9145620000000036]
  #59 objects/planets/geology/scree/angular_01/angular_01_pil_b.cgf
    [0.99294517915379299, -0.1185743475417505, 0, -25.335039999999935]
    [0.1185743475417505, 0.99294517915379299, 0, -12.523564999999962]
    [0, 0, 1.000000002349855, -6.9724930000000072]
  #60 objects/planets/flora/mushroom/armillaria_01/armillaria_01_med_a.cgf
    [0.89263468558368675, -0.0021214933030814787, 0.45077138294713071, 4.3393020000003162]
    [-0.030282981833880195, 0.99744564148898918, 0.064661855918762862, -2.5983229999997093]
    [-0.44975802541939441, -0.071370258972312459, 0.89029210208226794, -5.5164940000000016]
  #61 objects/planets/geology/scree/angular_01/angular_01_pil_b.cgf
    [0.12239149852077175, -0.99248191325450674, 0, -16.09703300000001]
    [0.99248191325450674, 0.12239149852077175, 0, -5.4687509999998838]
    [0, 0, 1.000000013523743, -6.7772880000000058]
  #62 objects/planets/geology/scree/angular_01/angular_01_plt_c.cgf
    [-0.65436587395250601, 0.75617852638267113, 0, 9.2881299999999101]
    [-0.75617852638267113, -0.65436587395250601, 0, 2.04610700000012]
    [0, 0, 1.000000330377893, -7.3088460000000026]
  #63 objects/buildingsets/human/hightech/prop/storage/crate/crate_dry_1_0125x0125x0125_b.cgf
    [0.89169767292178048, -0.45263160800711161, 0, -4.5419130000000223]
    [0.45263160800711161, 0.89169767292178048, 0, -2.9541139999996631]
    [0, 0, 1.0000000562306095, -6.9145620000000036]
  #64 objects/planets/geology/scree/angular_01/angular_01_plt_b.cgf
    [0.78164526377362786, -0.62372324131461665, 0, -16.237347999999656]
    [0.62372324131461665, 0.78164526377362786, 0, -14.878049999999803]
    [0, 0, 1.0000000000678779, -8.2813380000000052]
  #65 objects/planets/geology/scree/angular_01/angular_01_grdc_a.cgf
    [0.040422018298210752, -0.99918308400063871, 0, -23.296994999999697]
    [0.99918308400063871, 0.040422018298210752, 0, -20.253854000000047]
    [0, 0, 1.0000003874580892, -6.806315000000005]
  #66 objects/planets/geology/scree/angular_01/angular_01_grdc_a.cgf
    [-0.93417051469111523, -0.35682841688236477, 0, -13.398102000000108]
    [0.35682841688236477, -0.93417051469111523, 0, -26.527796999999737]
    [0, 0, 1.0000005348063761, -6.9544710000000052]
  #67 objects/planets/geology/scree/angular_01/angular_01_plt_b.cgf
    [0.9548410776691606, -0.24709989227130086, 0.16498545145964993, 4.6034079999999449]
    [0.25049802034674284, 0.96811710768314663, 0.00021719074207223241, -13.635134999999991]
    [-0.15977890272559703, 0.041121145521095935, 0.98629599674391566, -6.8576270000000079]
  #68 objects/buildingsets/human/colonialism/col_a/int/addons/col_a_int_addn_gen_o.cgf
    [-0.93969700981099946, -0.34202305833700891, 0, 1.6574970000001485]
    [0.34202305833700891, -0.93969700981099946, 0, -16.556057999999666]
    [0, 0, 1.0000051213278531, -7.0200940000000074]
  #69 objects/planets/flora/mushroom/armillaria_01/armillaria_01_small_a.cgf
    [0.15821685520569739, 0.96701596775172027, 0.19961924325465868, 6.9294040000004316]
    [-0.98383893951600898, 0.13722516188609082, 0.11502388218491937, -7.333161999999902]
    [0.08383713530633935, -0.21459186958987836, 0.97309915305948469, -5.7741710000000026]
  #70 objects/buildingsets/human/lowtech/prop/storage/cargo/cargo_multipurpose_1_025x0125x0125_a.cgf
    [-0.13112843869542168, 0.99136493345315457, 0, -14.395848000000115]
    [-0.99136493345315457, -0.13112843869542168, -0, -10.01736899999969]
    [-0, 0, 0.99999954935753688, -7.093748000000005]
  #71 objects/planets/geology/scree/angular_01/angular_01_grdc_a.cgf
    [0.99963501379610753, 0.027015540360749074, 0, 15.502496000000065]
    [-0.027015540360749074, 0.99963501379610753, -0, -2.1466739999996207]
    [-0, 0, 1.0000000001140636, -6.9544080000000079]
  #72 objects/planets/flora/mushroom/armillaria_01/armillaria_01_med_a.cgf
    [0.11213905935412805, -0.99369069534035159, 0, 7.4186040000004141]
    [0.99369069534035159, 0.11213905935412805, 0, -3.008281999999781]
    [0, 0, 0.99999818331776003, -7.0225250000000017]
  #73 objects/buildingsets/human/lowtech/alpha/ext/prop/shipping_container_1_025x05x025_open_a.cgf
    [0.11149425912016248, -0.99376464198070136, 0, 5.7707950000003621]
    [0.99376464198070136, 0.11149425912016248, 0, 4.9316659999999501]
    [0, 0, 0.99999956673379897, -7.0530390000000054]
  #74 objects/planets/geology/scree/angular_01/angular_01_bld_d.cgf
    [-0.59551520547171211, 0.52466113875650822, -0.60835327216642565, 13.4548649999997]
    [-0.42853183166665465, -0.8480031127203298, -0.31185343398773446, -1.1814449999997123]
    [-0.67950237933747881, 0.074985228680350485, 0.72983224523129231, -6.9547650000000019]
  #75 objects/planets/geology/scree/angular_01/angular_01_plt_c.cgf
    [0.41201668824207754, -0.90776056230227031, -0.078820772673931311, -1.3805739999997968]
    [-0.90741196544591918, -0.41663137127623512, 0.054968440948208956, -26.658963999999742]
    [-0.08273740171061468, 0.048875004484589722, -0.99537202108609935, -7.5368850000000052]
  #76 objects/planets/flora/mushroom/armillaria_01/armillaria_01_small_a.cgf
    [0.023773332084916082, -0.97582807604452959, -0.21724260492250222, 3.4601050000001123]
    [0.99619583195365513, 0.041346777718153579, -0.076708950450340721, 0.90827400000034686]
    [0.083837031128538519, -0.21459255505319769, 0.97309883477270431, -6.4745010000000036]
  #77 objects/planets/geology/scree/angular_01/angular_01_grdc_a.cgf
    [-0.96156619910050567, 0.27457505142459243, 0, 16.398173000000497]
    [-0.27457505142459243, -0.96156619910050567, 0, -8.3915279999996528]
    [0, 0, 1.0000005070585769, -6.9546830000000028]
  #78 objects/buildingsets/human/lowtech/prop/storage/tank/tank_water_3_0125x0125x0125_a.cgf
    [0.98254914063053589, -0.18600322265308461, 0, 4.1792880000002697]
    [0.18600322265308461, 0.98254914063053589, 0, -15.635614999999689]
    [0, 0, 1.0000000062955687, -5.0571020000000075]
  #79 objects/planets/geology/scree/angular_01/angular_01_bld_a.cgf
    [-0.46042837345673904, -0.87716576396556534, 0.13633225316973377, 2.1619470000005094]
    [-0.85036553653676272, 0.47990233958638717, 0.2158071976132957, 17.502036000000317]
    [-0.25472478285038108, -0.016568488098394885, -0.96687192430828606, -5.6019500000000022]
  #80 objects/planets/geology/scree/angular_01/angular_01_bld_d.cgf
    [0.78904515759112837, -1.2756938452851789, -0.0037704429982016951, 5.3017289999997956]
    [0.64752729567080192, 0.39668679850274852, 1.293580012643901, -6.5654059999997116]
    [-1.099143941665579, -0.68208948155799265, 0.75936670884672008, -2.6139820000000071]
  #81 objects/planets/geology/scree/angular_01/angular_01_bld_e.cgf
    [-1.4340963968326716, 0.64704636893311007, 0, 47.564174000000094]
    [-0.64704636893311007, -1.4340963968326716, 0, -20.960747999999967]
    [0, 0, 1.5733090856401912, -6.9552720000000079]
  #82 objects/planets/geology/scree/angular_01/angular_01_plt_c.cgf
    [-0.030670570447024988, -1.2345274095379988, 0.97483018196318061, 16.825770000000375]
    [-1.5670167890444215, 0.10899064864780843, 0.088723806381134668, 18.789217000000008]
    [-0.13715025125708374, -0.96920359371250986, -1.2317169703196393, -1.5892050000000069]
  #83 objects/planets/geology/scree/angular_01/angular_01_bld_a.cgf
    [-0.80857311549569177, 0.4287134915507968, 0.40300496560372751, -12.973788000000241]
    [0.48119112231084676, 0.87597115018581095, 0.033591533051071217, 8.7479730000000018]
    [-0.33861979261136582, 0.22108376115359168, -0.91458042284282648, -3.5663770000000028]
  #84 objects/planets/geology/scree/angular_01/angular_01_bld_e.cgf
    [-1.8351644280098409, 0.15748996424100589, -3.680445849068747E-06, -25.091409999999996]
    [-0.15748996424100589, -1.8351644280135246, -1.5763435757397448E-07, -6.8006459999996878]
    [-3.6804458477278172E-06, 1.576343888819694E-07, 1.8419097607291448, -3.6363000000000056]
  #85 objects/planets/geology/scree/angular_01/angular_01_bld_b.cgf
    [-0.29599645179271861, 0.53272179559152077, -0.79283856375690198, 1.0686260000002221]
    [0.39162902727452631, -0.68937699016693554, -0.60941403788936932, -11.575063999999657]
    [-0.87121306502736151, -0.49088313587081311, -0.0045761769532824317, -3.4039260000000056]
  #86 objects/planets/geology/scree/angular_01/angular_01_plt_c.cgf
    [1.7455823683757414, -0.40358970914996034, 0.88885380245843204, 15.328604000000269]
    [0.76511022639600301, -0.56533685231475017, -1.7592623809824197, 7.7245910000001459]
    [0.60626073346442277, 1.8755034338395455, -0.33902556389759048, -0.28758100000000297]
  #87 objects/planets/geology/scree/angular_01/angular_01_grdc_a.cgf
    [0.181754689203807, -0.98334350252034608, 0, 31.187909999999647]
    [0.98334350252034608, 0.181754689203807, 0, -10.749831999999969]
    [0, 0, 0.99999960549819944, -6.9426640000000077]
  #88 objects/planets/geology/scree/angular_01/angular_01_pil_a.cgf
    [-0.73488152402435403, 0.67819571286486013, 0, 31.665122000000338]
    [-0.67819571286486013, -0.73488152402435403, 0, -21.584851000000072]
    [0, 0, 1.0000001396503069, -6.3781140000000036]
  #89 objects/planets/geology/scree/angular_01/angular_01_pil_a.cgf
    [-0.37201178925996131, -0.63916876312116688, -0.67310575290004637, 18.710194999999658]
    [0.84668337910349489, -0.53086788239572402, 0.036157719451672669, 24.230367000000115]
    [-0.38044095190563826, -0.55645612349601825, 0.73866237106156563, -4.705760000000005]
  #90 data/objects/buildingsets/human/lowtech/bravo/int/walkway/addon/walkway_addon_railing_panel_c.cgf
    [0.86602542443567943, 0.5000000183648049, 0, -7.512007000000267]
    [-0.5000000183648049, 0.86602542443567943, -0, -4.0020639999997911]
    [-0, 0, 1.0000000270669016, -7.0022030000000015]
  #91 objects/planets/geology/scree/angular_01/angular_01_grdc_a.cgf
    [-0.99773783053531129, 0.067179465823456547, -0.0028226511111052355, 13.98808100000042]
    [-0.067238738736358175, -0.99685774968904461, 0.041897558007207875, 37.711827999999969]
    [8.7393065975933862E-07, 0.04199253178243266, 0.99911883864867013, -7.0326430000000073]
  #92 objects/planets/flora/mushroom/armillaria_01/armillaria_01_small_a.cgf
    [0.55851332079202198, 0.81885193374363108, 0.13245693700894748, 52.90050599999995]
    [-0.82524788505593782, 0.532383189470232, 0.18850603926615428, -8.8993729999997413]
    [0.083840668939232102, -0.21459289185205382, 0.97309870622563432, -6.572174000000004]
  #93 objects/planets/geology/scree/angular_01/angular_01_pil_a.cgf
    [-0.56128255576815944, 0.82762358963049176, 0, 9.1350019999999859]
    [-0.82762358963049176, -0.56128255576815944, 0, -25.082122999999683]
    [0, 0, 0.99999945676110136, -6.5779550000000029]
  #94 objects/planets/geology/scree/angular_01/angular_01_grdc_a.cgf
    [0.31366267096535067, -0.94953422008629174, 0, 8.0963959999999133]
    [0.94953422008629174, 0.31366267096535067, 0, 13.391033000000334]
    [0, 0, 0.99999975313596956, -6.9544080000000079]
  #95 objects/planets/geology/scree/angular_01/angular_01_grdc_a.cgf
    [0.040422018298210752, -0.99918308400063871, 0, -7.30408400000033]
    [0.99918308400063871, 0.040422018298210752, 0, -26.930556999999681]
    [0, 0, 1.0000003874580892, -6.931391000000005]
  #96 objects/planets/geology/scree/angular_01/angular_01_plt_a.cgf
    [-0.9562143321195371, 0.29266678969569043, 0, -4.5452020000002449]
    [0.29266678969569043, 0.9562143321195371, 0, -11.205292999999983]
    [0, 0, -0.99999984937078568, -6.9967050000000057]
  #97 objects/planets/geology/scree/angular_01/angular_01_grdc_a.cgf
    [0.9844034458794787, 0.17225349679027113, 0.035757062609340154, 1.4349959999999555]
    [-0.1742921908984916, 0.98253924759656064, 0.065106359647152764, -29.391026999999667]
    [-0.023917919531765114, -0.070323102308023092, 0.99723747089114301, -6.7033590000000061]
  #98 objects/planets/geology/scree/angular_01/angular_01_plt_c.cgf
    [1.731243849755995, 0.32528239643330675, -0.94709483415148243, 16.671078999999736]
    [0.90384937089898687, 0.30674478608618233, 1.7575455842049239, 7.4906450000003133]
    [0.43110738457062464, -1.9493849102738345, 0.11852183001088216, 6.5578259999999915]
  #99 objects/buildingsets/human/lowtech/prop/storage/crate/crate_weapon_1_015x0075x0075_a.cgf
    [-0.3949317598907307, -0.3682789396827853, 0, 15.896351000000323]
    [0.3682789396827853, -0.3949317598907307, 0, -5.0526839999997719]
    [0, 0, 0.54000043739266212, -6.312498000000005]
  #100 objects/planets/geology/scree/angular_01/angular_01_pil_b.cgf
    [-0.71805809283262145, 0.66922661216281742, -0.19111157938737064, 17.446219000000383]
    [-0.5767859496298593, -0.41853663306847122, 0.70152717265589093, -16.693711999999778]
    [0.38949436775444984, 0.61396917450150934, 0.68653573041377514, -3.8202870000000075]
  #101 objects/planets/geology/scree/angular_01/angular_01_pil_a.cgf
    [0.12239149852077175, -0.99248191325450674, 0, -19.878096999999798]
    [0.99248191325450674, 0.12239149852077175, 0, -26.36450399999967]
    [0, 0, 1.000000013523743, -6.7206040000000016]
  #102 objects/planets/flora/mushroom/armillaria_01/armillaria_01_small_a.cgf
    [-0.93085021268330681, -0.36540239440450195, -0.00038177058225962525, 14.894922000000406]
    [0.35565441969248318, -0.90577686765068488, -0.23038961309050987, 40.484670000000278]
    [0.08383906809193245, -0.21459387276958455, 0.97309899520506404, -7.150305000000003]
  #103 objects/planets/geology/scree/angular_01/angular_01_pil_a.cgf
    [0.12239149852077175, -0.99248191325450674, 0, 3.4280029999999897]
    [0.99248191325450674, 0.12239149852077175, 0, 16.713948999999957]
    [0, 0, 1.000000013523743, -6.7620270000000033]
  #104 objects/planets/flora/mushroom/armillaria_01/armillaria_01_med_a.cgf
    [0.76462755029510421, 0.64425526320456972, -0.016601914512945119, -4.9108470000001034]
    [-0.64067310866723626, 0.75707965802832922, -0.12792231092715861, -10.973851999999624]
    [-0.069845798463073788, 0.10844955341307522, 0.99164308962657377, -6.5472770000000082]
  #105 objects/planets/geology/scree/angular_01/angular_01_pil_b.cgf
    [0.57275904118733478, -0.81972354603433262, 0, -10.187888999999814]
    [0.81972354603433262, 0.57275904118733478, 0, 7.8916980000003605]
    [0, 0, 0.99999980559244894, -6.9607180000000071]
  #106 objects/buildingsets/human/lowtech/prop/storage/cargo/cargo_multipurpose_1_025x0125x0125_a.cgf
    [1, 0, 0, 0.8650420000003578]
    [0, 1, 0, -17.73960599999964]
    [0, 0, 1, -7.0257680000000065]
  #107 objects/planets/geology/scree/angular_01/angular_01_grdc_a.cgf
    [0.85465435456099736, -0.51919729584382301, 0, 10.924031999999897]
    [0.51919729584382301, 0.85465435456099736, 0, -7.1446559999999408]
    [0, 0, 0.99999994889080535, -7.2983760000000046]
  #108 objects/planets/flora/mushroom/armillaria_01/armillaria_01_med_b.cgf
    [0.62585301103153235, -0.68927699698372791, 0.3649731572127573, 7.1477139999997235]
    [0.52344370050967093, 0.71811250099975221, 0.45860800666649071, -5.5957759999996597]
    [-0.57819968562210056, -0.095978293436402046, 0.81023050190024881, -3.2699750000000023]
  #109 objects/planets/flora/mushroom/armillaria_01/armillaria_01_med_b.cgf
    [0.00070846703507879789, 0.99407615135239225, -0.10866582176685807, -0.040737000000262924]
    [-0.9975555982132196, -0.006887355426841487, -0.069509353630146029, -13.904319999999643]
    [-0.069846145071267476, 0.1084496522863523, 0.99164325559701316, -4.4761360000000039]
  #110 objects/planets/flora/mushroom/armillaria_01/armillaria_01_med_a.cgf
    [0.81676876479408178, 0.081441010371472097, 0.57118465673354712, -10.430999999999585]
    [0.044694226182210708, 0.97807958731906164, -0.20336792376661539, 14.389268000000357]
    [-0.57522776046025437, 0.19163362987963323, 0.79522659720134636, -5.7791010000000043]
  #111 objects/planets/geology/scree/angular_01/angular_01_bld_e.cgf
    [-0.70998657232178752, 1.0878513561500027, 0.74999963660505675, 13.782656000000316]
    [0.7889737708079485, 1.0319983895157991, -0.75000044925069342, -32.898698999999851]
    [-1.0599247223091852, 0.03949318702960735, -1.0606605640252675, -7.6073020000000042]
  #112 objects/planets/geology/scree/angular_01/angular_01_pil_b.cgf
    [-0.30298233016152243, 0.95299572485290129, 0, -0.42744299999958457]
    [-0.95299572485290129, -0.30298233016152243, -0, -12.496851999999762]
    [-0, 0, 0.99999957198891454, -6.7021590000000018]
  #113 objects/planets/geology/scree/angular_01/angular_01_grdc_a.cgf
    [-0.61134649697611176, 0.7913629038369957, 0, 6.6672250000001441]
    [-0.7913629038369957, -0.61134649697611176, 0, 52.180816999999934]
    [0, 0, 0.99999989246713661, -6.9551840000000027]
  #114 objects/buildingsets/human/hightech/prop/storage/crate/crate_dry_1_0125x0125x0125_b.cgf
    [0.86602542443567943, -0.5000000183648049, 0, 0.17477700000017649]
    [0.5000000183648049, 0.86602542443567943, 0, -26.898136999999679]
    [0, 0, 1.0000000270669016, -6.650931000000007]
  #115 objects/planets/flora/mushroom/armillaria_01/armillaria_01_small_a.cgf
    [0.68107643377081062, -0.65923949418338201, 0.31865071440190029, 8.0298530000000028]
    [0.54958749208869306, 0.74782003046506518, 0.37244984587573376, -6.2728499999998348]
    [-0.48382701146139351, -0.078540361993281876, 0.87163233742000934, -3.2143650000000008]
  #116 objects/buildingsets/human/lowtech/prop/storage/crate/crate_weapon_1_015x0075x0075_a.cgf
    [-0.38183846243471714, -0.38183733021431482, 0, 15.896351000000323]
    [0.38183733021431482, -0.38183846243471714, 0, -5.0526839999997719]
    [0, 0, 0.54000033161073591, -6.687498000000005]
  #117 objects/planets/geology/scree/angular_01/angular_01_pil_a.cgf
    [-0.78482927825627236, -0.61971192026733424, 0, -10.097345000000132]
    [0.61971192026733424, -0.78482927825627236, 0, -31.253940000000057]
    [0, 0, 0.99999993006484156, -6.7374220000000022]
  #118 objects/planets/flora/mushroom/armillaria_01/armillaria_01_med_a.cgf
    [-0.99580804545820012, 0.090891423663664137, -0.01024514814613829, 8.1855189999996583]
    [-0.085842760577169122, -0.96736651520620098, -0.23839656681614874, 48.178883000000042]
    [-0.031579018550848381, -0.2365177619495584, 0.97111378902019607, -6.6712440000000015]
  #119 objects/planets/flora/mushroom/armillaria_01/armillaria_01_small_a.cgf
    [0.94166637077707505, 0.33647653364964725, -0.0069273983323250611, 8.8082139999996798]
    [-0.32593847808014692, 0.91691553829972372, 0.23028244511540655, -12.74087899999995]
    [0.083836478047055837, -0.21459132863340599, 0.97309917635409593, -6.466423000000006]
  #120 objects/planets/geology/scree/angular_01/angular_01_grdc_a.cgf
    [0.96389477099708842, -0.2662835143780159, 0, 47.858261999999741]
    [0.2662835143780159, 0.96389477099708842, 0, -11.098426000000018]
    [0, 0, 1.0000000197925181, -6.9569280000000049]
  #121 objects/planets/geology/scree/angular_01/angular_01_pil_b.cgf
    [0.4768317893295595, -0.77215828937123554, 0.42000370716672392, -19.85536299999967]
    [0.8538638816634303, 0.52033970443369393, -0.012773283612641384, 0.083548000000064349]
    [-0.20868159830028959, 0.3647166864003849, 0.90743254426193765, -2.9336160000000007]
  #122 objects/planets/geology/scree/angular_01/angular_01_pil_a.cgf
    [0.12239149852077175, -0.99248191325450674, 0, -12.398790999999619]
    [0.99248191325450674, 0.12239149852077175, 0, 13.799620000000232]
    [0, 0, 1.000000013523743, -6.9482770000000045]
  #123 objects/planets/geology/scree/angular_01/angular_01_pil_b.cgf
    [0.087475082861517214, -0.99616704188538951, 0, 56.44347900000048]
    [0.99616704188538951, 0.087475082861517214, 0, -8.3877330000000256]
    [0, 0, 1.000000332730103, -6.555455000000002]
  #124 objects/planets/geology/scree/angular_01/angular_01_bld_e.cgf
    [-0.16879088969183084, 1.834159495259982, -2.7215916747712442E-06, -16.905012999999599]
    [-1.834159495259982, -0.16879088969551459, -2.4826332320072261E-06, 9.3449150000001282]
    [-2.7215911507993837E-06, 2.48263380641231E-06, 1.8419097205045496, -3.6362750000000048]
  #125 objects/planets/geology/scree/angular_01/angular_01_bld_b.cgf
    [0.11017215607693165, 0.88510010923844895, 0.45217281517653207, -4.5576899999996385]
    [-0.92345455549411981, 0.25939444198410194, -0.28274824409381921, 10.533339999999953]
    [-0.36755155025620811, -0.38640999240064472, 0.84592761972311548, -5.7868760000000066]
  #126 objects/planets/flora/mushroom/armillaria_01/armillaria_01_med_b.cgf
    [0.99783694632027842, -0.0060733038461656744, -0.065425498765759871, 2.9170739999999569]
    [8.8508831626195391E-07, 0.99571837497459892, -0.092416827944347413, -5.2655759999997827]
    [0.065706779768703608, 0.092217054108611821, 0.99356659886194387, 8.3693409999999915]
  #127 objects/planets/flora/mushroom/armillaria_01/armillaria_01_med_a.cgf
    [0.99999797344207764, 0, 0, 7.8165980000003401]
    [0, 0.99999797344207764, 0, -8.3792089999997188]
    [0, 0, 0.99999797344207764, -6.5683680000000066]
  #128 objects/planets/geology/scree/angular_01/angular_01_bld_e.cgf
    [0.79005432104392659, -1.0311714551857734, -0.75000071970993309, 13.001000000000204]
    [1.235549763546379, 0.40114681122250423, 0.74999966493462311, -21.796910999999909]
    [-0.31501179558208686, -1.0128021255959201, 1.0606605973581176, 3.0484869999999944]
  #129 objects/planets/geology/scree/angular_01/angular_01_pil_a.cgf
    [1, 0, 0, 19.104172999999719]
    [0, 1, 0, -18.312599999999748]
    [0, 0, 1, -6.6376950000000079]
  #130 objects/planets/geology/scree/angular_01/angular_01_grdc_a.cgf
    [0.98940647747708266, 0.11802150007290595, -0.084532568529235255, 3.2547910000002958]
    [-0.1304070118609762, 0.97841390958707863, -0.16031294420363218, -26.456169999999929]
    [0.063787466473438248, 0.1696383044665524, 0.983439887371786, -7.3481680000000082]
  #131 objects/planets/geology/scree/angular_01/angular_01_grdc_a.cgf
    [0.76724293347495398, 0.64135642028059925, 0, 1.9474849999996877]
    [-0.64135642028059925, 0.76724293347495398, -0, 1.6376810000001569]
    [-0, 0, 0.99999988840119247, -6.9648190000000056]
  #132 objects/planets/flora/mushroom/armillaria_01/armillaria_01_med_b.cgf
    [-0.99979377842407302, 0.020218925353446583, 0, 11.1531700000005]
    [-0.020218925353446583, -0.99979377842407302, 0, -7.3691079999998692]
    [0, 0, 0.99999820215735014, -7.2575330000000022]
  #133 data/objects/buildingsets/human/colonialism/ruin/structure/col_a_structural_addon_wall_2m_a.cgf
    [0.061123472130546003, -0.90713786826011233, -0.41637194852115428, -9.7814200000002529]
    [-0.10930479316852378, 0.40855968496174216, -0.90616347112783435, -23.805925999999999]
    [0.99212759952396734, 0.10089926751249705, -0.074181901231694977, -5.7962140000000062]
  #134 objects/planets/geology/scree/angular_01/angular_01_pil_a.cgf
    [0.12239149852077175, -0.99248191325450674, 0, -21.50300900000002]
    [0.99248191325450674, 0.12239149852077175, 0, -9.2440179999998691]
    [0, 0, 1.000000013523743, -6.889324000000002]
  #135 objects/planets/flora/mushroom/armillaria_01/armillaria_01_med_a.cgf
    [0.087156344244270045, 0.99619504004964965, 0, -22.782776000000013]
    [-0.99619504004964965, 0.087156344244270045, -0, -13.990913999999975]
    [-0, 0, 1.0000003930806973, -6.8584160000000054]
  #136 objects/planets/geology/scree/angular_01/angular_01_grdc_a.cgf
    [0.99963501379610753, 0.027015540360749074, 0, 9.7510830000001079]
    [-0.027015540360749074, 0.99963501379610753, -0, -12.635139999999865]
    [-0, 0, 1.0000000001140636, -6.9551120000000068]
  #137 objects/planets/geology/scree/angular_01/angular_01_pil_a.cgf
    [0.12239149852077175, -0.99248191325450674, 0, 13.972125999999662]
    [0.99248191325450674, 0.12239149852077175, 0, 10.389032000000043]
    [0, 0, 1.000000013523743, -6.7620270000000033]
  #138 objects/buildingsets/human/hightech/prop/storage/crate/crate_dry_1_0125x0125x0125_b.cgf
    [0.86602542443567943, -0.5000000183648049, 0, -1.5327539999998407]
    [0.5000000183648049, 0.86602542443567943, 0, -26.440604999999778]
    [0, 0, 1.0000000270669016, -6.650931000000007]
  #139 objects/planets/geology/scree/angular_01/angular_01_pil_b.cgf
    [-0.30298233016152243, 0.95299572485290129, 0, 3.783437000000049]
    [-0.95299572485290129, -0.30298233016152243, -0, -30.251870000000054]
    [-0, 0, 0.99999957198891454, -6.8465870000000066]
  #140 objects/planets/flora/mushroom/armillaria_01/armillaria_01_med_a.cgf
    [0.9399218933437008, -0.092157402509007141, 0.32871516242394011, 7.1432459999996354]
    [-0.065105226240830233, 0.89681514587934108, 0.43758852140904958, -6.7858329999999114]
    [-0.33512378960726558, -0.43270014757984632, 0.83693634068252531, -2.4874319999999983]
  #141 objects/planets/geology/scree/angular_01/angular_01_grdc_a.cgf
    [0.62470845943886955, -0.78085809662958472, 0, 36.368430999999873]
    [0.78085809662958472, 0.62470845943886955, 0, -18.879288999999972]
    [0, 0, 1.0000000131832316, -6.9081460000000021]
  #142 objects/buildingsets/human/hightech/prop/storage/crate/crate_dry_1_0125x0125x0125_b.cgf
    [0.89169767292178048, -0.45263160800711161, 0, -5.1076990000001388]
    [0.45263160800711161, 0.89169767292178048, 0, -1.8394960000000538]
    [0, 0, 1.0000000562306095, -6.9145620000000036]
  #143 objects/planets/geology/scree/angular_01/angular_01_grdc_a.cgf
    [-0.99773673481599945, 0.067237930255252265, 0, 13.902831000000333]
    [-0.067237930255252265, -0.99773673481599945, 0, 26.560330000000249]
    [0, 0, 0.99999976563312387, -6.9543290000000084]
  #144 objects/planets/geology/scree/angular_01/angular_01_grdc_a.cgf
    [-0.62167069154736254, -0.78327926497211908, 0, -0.7643740000003163]
    [0.78327926497211908, -0.62167069154736254, 0, 0.47701200000028621]
    [0, 0, 1.0000004278320278, -6.9648190000000056]
  #145 objects/planets/geology/scree/angular_01/angular_01_plt_b.cgf
    [0.13425328143857262, -0.8220380945223511, 0.55338079550623154, -13.720123999999487]
    [-0.44955788193469814, 0.44713863731141279, 0.77328237214600515, -27.379863999999998]
    [-0.88310511518812718, -0.35259223961316416, -0.30952373956000467, 10.072566999999992]
  #146 objects/buildingsets/human/universal/prop/storage/ammo-box/ammo-box_1_pallet_250x125x025_a.cgf
    [0.029015201156104523, 0.10714020542521475, 0.55187636512470151, 1.4636829999999463]
    [-0.56215688377447459, 0.010559415706762026, 0.027505720583961713, -17.515646999999717]
    [-0.0051170330057547881, -0.55253769375610373, 0.10753762528456469, -6.6719120000000061]
  #147 objects/planets/geology/scree/angular_01/angular_01_pil_b.cgf
    [-0.42981477935876383, 0.90291749291348122, 0, 7.3091720000002169]
    [-0.90291749291348122, -0.42981477935876383, -0, 17.448820999999953]
    [-0, 0, 1.000000371782126, -6.6212270000000046]
  #148 objects/planets/flora/mushroom/armillaria_01/armillaria_01_small_a.cgf
    [0.15821685520569739, 0.96701596775172027, 0.19961924325465868, 6.370267999999669]
    [-0.98383893951600898, 0.13722516188609082, 0.11502388218491937, -4.4467729999996664]
    [0.08383713530633935, -0.21459186958987836, 0.97309915305948469, -6.0962860000000063]
  #149 objects/planets/geology/scree/angular_01/angular_01_bld_e.cgf
    [-0.81666139317425179, -0.94634301499208395, 0, 0.55408700000043609]
    [0.94634301499208395, -0.81666139317425179, 0, -8.3706829999996444]
    [0, 0, 1.250000373250191, -2.879597000000004]
  #150 objects/planets/geology/scree/angular_01/angular_01_pil_b.cgf
    [0.61427860491080444, 0.35252675306633957, -0.70596526789189995, 18.886051999999836]
    [-0.54522550777044132, 0.83636494133283024, -0.056772406450123693, -1.6016279999998915]
    [0.57043072916318471, 0.41978428845083959, 0.70596757003740762, 5.3756559999999922]
  #151 objects/buildingsets/human/hightech/prop/storage/crate/crate_dry_1_0125x0125x0125_b.cgf
    [0.86602542443567943, -0.5000000183648049, 0, -1.075221999999485]
    [0.5000000183648049, 0.86602542443567943, 0, -24.73307399999976]
    [0, 0, 1.0000000270669016, -5.4009320000000045]
  #152 objects/buildingsets/human/hightech/prop/storage/crate/crate_dry_1_0125x0125x0125_b.cgf
    [0.86602542443567943, -0.5000000183648049, 0, -2.1577539999998407]
    [0.5000000183648049, 0.86602542443567943, 0, -25.358072999999877]
    [0, 0, 1.0000000270669016, -5.4009320000000045]
  #153 objects/planets/geology/scree/angular_01/angular_01_bld_a.cgf
    [0.34732251043446188, -0.82580579921379005, 0.44431081719369919, -13.683933000000252]
    [-0.55156878981968016, 0.2032764823750369, 0.80898132756883889, -1.9491619999998875]
    [-0.75837931827503891, -0.52604534048222584, -0.3848861596817717, 9.7447019999999895]
  #154 objects/buildingsets/human/hightech/prop/storage/crate/crate_dry_1_0125x0125x0125_b.cgf
    [0.89169767292178048, -0.45263160800711161, 0, -3.99308099999962]
    [0.45263160800711161, 0.89169767292178048, 0, -1.2737099999999373]
    [0, 0, 1.0000000562306095, -6.9145620000000036]
  #155 objects/planets/flora/mushroom/armillaria_01/armillaria_01_med_a.cgf
    [-0.99894074899700058, -0.025220428984186916, -0.038625543633266, 8.9041809999998804]
    [0.033627568605091043, -0.97130470449094752, -0.23547182491598298, 9.8509720000001835]
    [-0.031578304084001189, -0.2365200280344289, 0.97111879279291624, -6.8189560000000071]
  #156 objects/planets/geology/scree/angular_01/angular_01_bld_e.cgf
    [-0.84536082138249213, 1.195522775798191, 0.8453659283416679, 0.011655999999675259]
    [0.84536209021754771, 1.1955243498665258, -0.84536243344550377, -9.8182799999999588]
    [-1.1955254897643128, 2.3818638159489752E-06, -1.195521635897816, 23.562861999999996]
  #157 objects/planets/geology/scree/angular_01/angular_01_pil_b.cgf
    [-0.34439036479250879, -0.77362161186896328, 0.53188847590021493, 3.8941850000001068]
    [0.87451710413476913, -0.058272266077243708, 0.48148172352651564, -4.8703739999996287]
    [-0.34149023957050939, 0.63096308700556614, 0.6966135741015862, -1.218159]
  #158 objects/planets/flora/mushroom/armillaria_01/armillaria_01_med_b.cgf
    [0.17364779857205354, -0.98106017510241672, 0.085831147386414577, -24.375809999999547]
    [0.98480762234734298, 0.17298706596871152, -0.015133834830716945, -20.17566399999987]
    [-4.7570620220178723E-07, 0.087155142235702573, 0.99619455537772417, -6.6748850000000033]
  #159 objects/planets/geology/scree/angular_01/angular_01_bld_c.cgf
    [0.88922168358529563, 0.4248682477277923, 0.16962228012915051, 0.52999499999987165]
    [-0.45445684731692787, 0.8629191429469214, 0.22099654989224043, -1.7536190000000715]
    [-0.052475897040977222, -0.27360093788258527, 0.96041072225443147, -5.5987580000000037]
  #160 objects/planets/flora/mushroom/armillaria_01/armillaria_01_small_a.cgf
    [-0.2490553712716452, 0.94103116027226985, 0.22897770599981501, -0.76224699999966106]
    [-0.96485314245391562, -0.2615526052836637, 0.025449176287285317, -3.9310879999998178]
    [0.08383822484473441, -0.21459171110162384, 0.97309843386418526, -2.9349920000000083]
  #161 objects/planets/geology/scree/angular_01/angular_01_pil_a.cgf
    [0.67235002219658369, -0.74023335980574112, 0, 4.7411400000000867]
    [0.74023335980574112, 0.67235002219658369, 0, -10.884572999999818]
    [0, 0, 0.9999999896585211, -6.8143310000000028]
  #162 objects/planets/flora/mushroom/armillaria_01/armillaria_01_small_a.cgf
    [-0.73464501738725363, 0.67814116876021158, -0.020549242328026067, 7.6581560000004174]
    [-0.67843528363107808, -0.73450480294349474, 0.015141931085452668, -5.6845939999998336]
    [-0.0048251478879344431, 0.025065262518316016, 0.999674681215038, -3.3223370000000045]
  #163 objects/planets/flora/mushroom/armillaria_01/armillaria_01_med_b.cgf
    [-0.96363909862015151, -0.2639835260316028, -0.041471464799697579, 22.854575999999724]
    [0.26543477043961416, -0.96351479268736318, -0.034512660176597987, -9.51783099999966]
    [-0.030847480454322306, -0.044265551557820804, 0.99854719001811376, -6.7243100000000027]
  #164 objects/planets/flora/mushroom/armillaria_01/armillaria_01_med_b.cgf
    [0.34532343215601996, -0.93000460064574586, -0.12586998075545869, 31.929406000000199]
    [0.93689115134057066, 0.33381236875015563, 0.10394399974407437, -16.443133999999645]
    [-0.05465143929827182, -0.15382076362053004, 0.98658627343758964, -6.8804950000000034]
  #165 objects/planets/flora/mushroom/armillaria_01/armillaria_01_med_b.cgf
    [-0.0007085740337537291, -0.98832874007605209, -0.15232154796275427, -8.2644060000002355]
    [0.99755558082116125, -0.01133762006202285, 0.068922971897128663, 15.856663000000026]
    [-0.069845655603207407, -0.15190067288284201, 0.9859228288676275, -6.5396550000000033]
  #166 objects/planets/geology/scree/angular_01/angular_01_bld_b.cgf
    [-0.34338178359888599, -0.019784127645780011, -0.93898734905421455, -10.82003799999984]
    [0.31271819391477862, -0.94513867242496674, -0.094445348109732666, -32.936491999999816]
    [-0.88560486933239302, -0.32606928846210759, 0.33073030891451116, -3.1423600000000107]
  #167 objects/planets/geology/scree/angular_01/angular_01_pil_b.cgf
    [-0.62476998668562478, -0.7808081388978142, 0, 4.0716430000002219]
    [0.7808081388978142, -0.62476998668562478, 0, -1.313568000000032]
    [0, 0, 0.99999944301595656, -6.7021590000000018]
  #168 objects/planets/flora/mushroom/armillaria_01/armillaria_01_med_b.cgf
    [-0.80848188655146636, 0.58843224447870268, -0.01024494600712772, 17.290761000000202]
    [-0.5695198378085613, -0.78664763937982296, -0.23839687905552157, 24.955480999999963]
    [-0.14833954160453239, -0.18690481871439044, 0.97111399705732215, -3.1599560000000082]
  #169 objects/planets/flora/mushroom/armillaria_01/armillaria_01_small_a.cgf
    [-0.22389728572593873, -0.96073936797598602, 0.16387293276121678, 5.5195519999997487]
    [0.93632991174877422, -0.25870356713135439, -0.2374094070253906, 12.851329999999962]
    [0.27048247195556335, 0.10028358290726228, 0.95748989612955815, -6.7941370000000063]
  #170 objects/buildingsets/human/hightech/prop/storage/crate/crate_dry_1_0125x0125x0125_b.cgf
    [0.86602542443567943, -0.5000000183648049, 0, 0.17477700000017649]
    [0.5000000183648049, 0.86602542443567943, 0, -26.898136999999679]
    [0, 0, 1.0000000270669016, -5.4009320000000045]
  #171 objects/planets/geology/scree/angular_01/angular_01_grdc_a.cgf
    [0.85749245516848782, 0.51449661315935791, 0, 48.874055999999655]
    [-0.51449661315935791, 0.85749245516848782, -0, -15.781258999999864]
    [-0, 0, 1.0000000378116649, -6.9144000000000077]
  #172 objects/planets/geology/scree/angular_01/angular_01_grdc_c.cgf
    [-0.18861706540887696, -1.4880773148034738, -0.0070923096081178883, -30.989488000000165]
    [1.4878128465272173, -0.18871827627650015, 0.028269045961195706, -16.276855000000069]
    [-0.028936644533758105, -0.0034800026236374453, 1.4997170910663842, -6.4710600000000085]
  #173 objects/planets/geology/scree/angular_01/angular_01_bld_e.cgf
    [0.36343302281234535, 0.36343302281234563, 0.51397207437758463, 2.3393809999997757]
    [0.3634331391329067, 0.36343313913290654, -0.51397190987546948, -6.6739659999998366]
    [-0.51397199212653366, 0.51397199212653355, -2.420950646437641E-16, 2.1422779999999904]
  #174 objects/planets/geology/scree/angular_01/angular_01_grdc_a.cgf
    [-0.4717994573142365, 0.88166600489213753, -0.0084063326281360456, -4.3463910000000396]
    [-0.88120050582120757, -0.47118467010484971, 0.038353796831050349, -14.762177999999949]
    [0.029854298704968845, 0.025502960778051795, 0.99922903199072077, -7.1434870000000075]
  #175 objects/planets/geology/scree/angular_01/angular_01_pil_a.cgf
    [-0.014904949372754802, 0.99988860476819852, 0, 39.88600200000019]
    [-0.99988860476819852, -0.014904949372754802, -0, -11.527076999999736]
    [-0, 0, 0.99999968973050157, -6.3781140000000036]
  #176 objects/planets/geology/scree/angular_01/angular_01_plt_b.cgf
    [0.30235960430808123, 0.953193840335123, 0, 0.29449300000032963]
    [-0.953193840335123, 0.30235960430808123, -0, 3.570459000000028]
    [-0, 0, 0.99999991378507602, -8.3127560000000074]
  #177 objects/planets/flora/mushroom/armillaria_01/armillaria_01_small_a.cgf
    [-0.23811913358497108, -0.97094775511051645, 0.023643451058828951, 6.5359459999999672]
    [0.96826620466711688, -0.23922290237534274, -0.072334207606320797, -9.1466139999997722]
    [0.075888818884337725, 0.0056689978255191854, 0.99709980811520305, -2.8072470000000038]
  #178 objects/planets/geology/scree/angular_01/angular_01_pil_b.cgf
    [-0.42981477935876383, 0.90291749291348122, 0, 9.2662209999998595]
    [-0.90291749291348122, -0.42981477935876383, -0, 26.330828999999994]
    [-0, 0, 1.000000371782126, -6.5457740000000015]
  #179 objects/planets/flora/mushroom/armillaria_01/armillaria_01_med_b.cgf
    [-0.49816424729644909, -0.86692082444666319, -0.016600992360908562, -7.7362750000002052]
    [0.8609729681020738, -0.49229673955183445, -0.12792339315084503, -9.307875999999851]
    [0.10272709965804887, -0.078020064460611036, 0.99164254579384303, -6.9298150000000049]
  #180 objects/planets/geology/scree/angular_01/angular_01_grdc_a.cgf
    [0.96389477099708842, -0.2662835143780159, 0, 53.003923000000214]
    [0.2662835143780159, 0.96389477099708842, 0, -10.28897999999981]
    [0, 0, 1.0000000197925181, -6.9317450000000065]
  #181 objects/planets/geology/scree/angular_01/angular_01_grdc_c.cgf
    [1.2042680836155837, -0.89272757754714227, -0.052689663955215196, -20.81311900000037]
    [0.8899980083079021, 1.2050575910576504, -0.075763401839886307, -17.798503999999866]
    [0.087420098426332277, 0.029563831571634416, 1.4971586595514808, -6.6717430000000064]
  #182 objects/planets/flora/mushroom/armillaria_01/armillaria_01_med_a.cgf
    [-0.64497494614783824, -0.76420466487673056, 0, 17.02065599999969]
    [0.76420466487673056, -0.64497494614783824, 0, 27.574463000000378]
    [0, 0, 1.0000007254886183, -5.2806060000000059]
  #183 objects/planets/flora/mushroom/armillaria_01/armillaria_01_med_b.cgf
    [-0.98616045560191723, -0.025220442166301874, 0.16387466733927641, 5.9405980000001364]
    [-0.014611039085367846, -0.9713014177866135, -0.23740997206133438, 12.586289000000306]
    [0.16515899865120318, -0.23651830075969585, 0.95748891380625445, -6.9491340000000079]
  #184 objects/planets/flora/mushroom/armillaria_01/armillaria_01_med_b.cgf
    [-0.80848188655146636, 0.58843224447870268, -0.01024494600712772, 15.268632999999681]
    [-0.5695198378085613, -0.78664763937982296, -0.23839687905552157, 40.869599999999991]
    [-0.14833954160453239, -0.18690481871439044, 0.97111399705732215, -7.0623990000000063]
  #185 objects/planets/geology/scree/angular_01/angular_01_bld_e.cgf
    [1.1124955750432988, 0.063158102316829542, 1.1107007621139111, 21.689080000000104]
    [-8.837059763859678E-07, -1.5707684360977747, 0.089319950166670922, 1.1853120000000672]
    [1.1124950017181672, -0.063159382599059677, -1.110701263563433, -2.5728870000000086]
  #186 objects/planets/geology/scree/angular_01/angular_01_pil_b.cgf
    [0.36455203728717955, -0.91914318824296559, 0.1492559587581356, 2.1794110000000728]
    [0.93109258259241146, 0.36203573278505996, -0.044681768504222397, -12.593503999999939]
    [-0.012967048995323317, 0.15525996683571744, 0.98778840241572574, -4.6039440000000056]
  #187 objects/planets/geology/scree/angular_01/angular_01_pil_a.cgf
    [0.47332402857596745, 0.72523425867603686, -0.49999977238210475, 7.6170730000003459]
    [-0.52598239967218718, 0.68799869193290997, 0.50000045350040734, -26.627989000000071]
    [0.70661659871151128, 0.026328849350942485, 0.70710671930349456, 7.0673919999999981]
  #188 objects/planets/geology/scree/angular_01/angular_01_bld_b.cgf
    [-0.43926970406465138, 0.4224310174432746, -0.79283858034552401, 6.0216559999998935]
    [0.57665683460140527, -0.54413312186942386, -0.60941356457141238, -17.944637000000057]
    [-0.68884531942225879, -0.72489311838228054, -0.0045765405681165768, 14.554366000000002]
  #189 objects/buildingsets/human/hightech/prop/storage/crate/crate_dry_1_0125x0125x0125_b.cgf
    [0.89169767292178048, -0.45263160800711161, 0, -4.5419130000000223]
    [0.45263160800711161, 0.89169767292178048, 0, -2.9541139999996631]
    [0, 0, 1.0000000562306095, -5.6645680000000027]
  #190 objects/buildingsets/human/hightech/prop/storage/crate/crate_dry_1_0125x0125x0125_b.cgf
    [0.86602542443567943, -0.5000000183648049, 0, -1.075221999999485]
    [0.5000000183648049, 0.86602542443567943, 0, -24.73307399999976]
    [0, 0, 1.0000000270669016, -6.650931000000007]
  #191 objects/planets/flora/mushroom/armillaria_01/armillaria_01_med_b.cgf
    [0.76462755029510421, 0.64425526320456972, -0.016601914512945119, -1.2910499999998137]
    [-0.64067310866723626, 0.75707965802832922, -0.12792231092715861, -15.10874399999966]
    [-0.069845798463073788, 0.10844955341307522, 0.99164308962657377, -7.0111860000000021]
  #192 objects/planets/geology/scree/angular_01/angular_01_pil_b.cgf
    [1, 0, 0, 0.2217689999997674]
    [0, 1, 0, -3.1646809999997458]
    [0, 0, 1, -6.5088630000000052]
  #193 objects/planets/geology/scree/angular_01/angular_01_grdc_a.cgf
    [0.99427785551036874, -0.10682480672451336, 0, -3.8307210000002669]
    [0.10682480672451336, 0.99427785551036874, 0, -3.6139799999996285]
    [0, 0, 0.9999999966450136, -6.9648190000000056]
  #194 objects/planets/geology/scree/angular_01/angular_01_grdc_a.cgf
    [-0.99773673481599945, 0.067237930255252265, 0, 16.214570000000094]
    [-0.067237930255252265, -0.99773673481599945, 0, 33.079525999999987]
    [0, 0, 0.99999976563312387, -7.0657650000000061]
  #195 objects/planets/geology/scree/angular_01/angular_01_grdc_a.cgf
    [-0.55876112181008308, 0.50432235336205689, -0.65836555458636048, 13.545264000000316]
    [-0.57077827279536664, -0.80978232091768998, -0.13588593321903805, 2.4720010000000912]
    [-0.60166303099923557, 0.29985294302612331, 0.74033103440305481, 0.57731799999999112]
  #196 objects/planets/flora/mushroom/armillaria_01/armillaria_01_med_b.cgf
    [-0.99971005446056327, -0.023988225628022282, 0, 9.5046890000003259]
    [0.023988225628022282, -0.99971005446056327, 0, -16.161909999999807]
    [0, 0, 0.99999781397677268, -7.178756000000007]
  #197 objects/planets/geology/scree/angular_01/angular_01_grdc_c.cgf
    [1.1942805362566853, -0.90191781241252811, 0.1011834721904328, -20.283792999999605]
    [0.90360169107173194, 1.1972709954849572, 0.0067809981443964756, -21.052318999999898]
    [-0.084839962775916739, 0.055554097027379186, 1.4965679930069069, -6.8352000000000075]
  #198 objects/planets/geology/scree/angular_01/angular_01_bld_e.cgf
    [1.8214287405441436, 0.27391565079288965, -3.6735642010267806E-06, 21.509439000000384]
    [-0.27391565079288965, 1.8214287405478273, 2.7468009685652416E-07, -19.538958999999977]
    [3.6735641811621253E-06, 2.7468036252575469E-07, 1.8419099979720623, 0.97844299999999862]
  #199 objects/planets/geology/scree/angular_01/angular_01_bld_e.cgf
    [0.86611437028485816, 1.3012098221674697, 0.17886341978267642, 27.272543000000042]
    [3.4033581887820586E-06, -0.21425319215321514, 1.5586496708035338, -1.7417569999997795]
    [1.3134455162776524, -0.85804533388536564, -0.11795044477691211, -6.0379650000000069]
  #200 objects/planets/geology/scree/angular_01/angular_01_pil_b.cgf
    [0.087475082861517214, -0.99616704188538951, 0, 42.730599999999868]
    [0.99616704188538951, 0.087475082861517214, 0, -20.722957999999835]
    [0, 0, 1.000000332730103, -6.555455000000002]
  #201 objects/planets/geology/scree/angular_01/angular_01_bld_e.cgf
    [-0.70998657232178752, 1.0878513561500027, 0.74999963660505675, 10.073914000000514]
    [0.7889737708079485, 1.0319983895157991, -0.75000044925069342, -29.79294499999969]
    [-1.0599247223091852, 0.03949318702960735, -1.0606605640252675, 0.26563999999999055]
  #202 data/objects/buildingsets/human/colonialism/col_a/ext/habitation/col_a_ext_hab_addon_fuel_tank_a.cgf
    [0.21308219008240689, -0.97703469698974976, -3.0308991349905503E-07, -10.428918999999951]
    [0.97703469698574985, 0.21308219008240689, -2.8121433898768865E-06, 0.70328300000028321]
    [2.8121435760155336E-06, 3.0308818645354663E-07, 1.0000004094220458, -6.6027540000000045]
  #203 objects/planets/geology/scree/angular_01/angular_01_grdc_a.cgf
    [-0.77385369698369322, -0.63336520695715404, 0, 39.612731000000167]
    [0.63336520695715404, -0.77385369698369322, 0, -16.213625999999749]
    [0, 0, 1.0000005148594713, -6.9138970000000057]
  #204 data/objects/buildingsets/human/colonialism/col_a/ext/habitation/col_a_ext_hab_addon_fuel_tank_a.cgf
    [-0.70710679100340967, -5.4838252627875192E-07, 0.70710665512938753, 14.987602000000152]
    [0.70710665512936088, -1.3709467299210508E-06, 0.70710679100231977, -4.7712910000000193]
    [5.8164059578577134E-07, 0.99999991780476183, 1.3571707880003899E-06, -6.0318090000000026]
  #205 objects/planets/geology/scree/angular_01/angular_01_bld_b.cgf
    [-0.044006495505676674, 0.40777309958513208, -0.91202209138927948, 20.600983999999698]
    [0.19099291209958918, -0.89263428574104864, -0.40832034852713217, -8.9430049999996299]
    [-0.98060435622888187, -0.19215852504724859, -0.038600069567793133, 8.8442730000000012]
  #206 objects/buildingsets/human/hightech/prop/storage/crate/crate_dry_1_0125x0125x0125_b.cgf
    [0.86602542443567943, -0.5000000183648049, 0, -0.45022199999948498]
    [0.5000000183648049, 0.86602542443567943, 0, -25.815604999999778]
    [0, 0, 1.0000000270669016, -6.650931000000007]
  #207 objects/planets/geology/scree/angular_01/angular_01_bld_c.cgf
    [0.88922150356227225, 0.42486859030109142, 0.16962196769961138, 2.2295979999998963]
    [-0.18970192577251149, 0.0050541000313620212, 0.98182862495414447, -2.2258679999999913]
    [0.41629089625996535, -0.90524082453052734, 0.085092612150753005, -3.5028430000000057]
  #208 objects/planets/geology/scree/angular_01/angular_01_bld_c.cgf
    [0.72336929670728434, 0.28986728395729205, -1.0309227584308986, 14.460880999999972]
    [1.0286391794347027, -0.53411121251120863, 0.57158950898354466, 22.650278000000071]
    [-0.29786945914519658, -1.1405218480762964, -0.52969011218590711, -5.2245440000000016]
  #209 objects/planets/geology/scree/angular_01/angular_01_pil_a.cgf
    [0.4131725131360196, 0.57523860093054724, -0.70596619444898123, 17.98089600000003]
    [-0.84260208089878619, 0.53553509970751367, -0.056772630401832162, 3.2114860000001499]
    [0.34541199888009883, 0.61830570941660767, 0.70596589297849544, 4.8575589999999949]
  #210 objects/planets/geology/scree/angular_01/angular_01_grdc_a.cgf
    [-0.19897663876481037, -0.97681432456441808, 0.079004321364787328, 4.450966000000335]
    [0.97987486722133299, -0.19699403317039696, 0.032221199945505333, -14.958411000000069]
    [-0.015910752858550654, 0.083825631305185791, 0.99635321132741539, -5.1012830000000022]
  #211 objects/planets/flora/mushroom/armillaria_01/armillaria_01_med_a.cgf
    [-0.24679495576462063, 0.86507102072891695, 0.43674363325145699, 6.5089840000000549]
    [-0.92625768091281746, -0.34305237804574751, 0.1560845820338489, -7.2235670000000027]
    [0.2848501020548575, -0.36601614348782729, 0.88594199829737719, -2.0026090000000067]
  #212 objects/planets/geology/scree/angular_01/angular_01_plt_c.cgf
    [0.065494821545995507, 0.093655286134121982, 1.5691514106643141, 17.284316000000217]
    [1.5719424137766111, -0.0060238691327991018, -0.065251778756178921, 41.398102999999992]
    [0.0021236715453682663, 1.5705061076735169, -0.093824781584402092, -3.4932150000000064]
  #213 data/objects/buildingsets/human/colonialism/col_a/ext/habitation/col_a_ext_hab_addon_fuel_tank_a.cgf
    [-1.5632432091996655, -0.78661961155187865, 0, -9.6439350000000559]
    [0.78661961155187865, -1.5632432091996655, 0, -25.15563499999962]
    [0, 0, 1.7499999269676834, -6.9479350000000082]
  #214 objects/planets/geology/scree/angular_01/angular_01_bld_e.cgf
    [0.081014359491025104, -1.1108382711798315, 1.1112016230584887, 25.384732999999869]
    [-1.5599887665939589, -0.18966534544018498, -0.075869249957222981, 30.457344000000376]
    [0.18752535803532042, -1.0978886238005274, -1.1112015335088712, -1.8292420000000078]
  #215 objects/planets/flora/mushroom/armillaria_01/armillaria_01_med_a.cgf
    [-0.99971005446056327, -0.023988225628022282, 0, 3.6458160000001953]
    [0.023988225628022282, -0.99971005446056327, 0, -14.945874000000003]
    [0, 0, 0.99999781397677268, -4.9682690000000065]
  #216 data/objects/buildingsets/human/lowtech/bravo/int/walkway/addon/walkway_addon_railing_panel_c.cgf
    [1, 0, 0, 1.8650420000003578]
    [0, 1, 0, -17.73960599999964]
    [0, 0, 1, -7.0882680000000065]
  #217 objects/planets/geology/scree/angular_01/angular_01_pil_b.cgf
    [-0.28558055957416112, -0.9583544505344278, 0, -1.8296780000000581]
    [0.9583544505344278, -0.28558055957416112, 0, 9.2066520000003038]
    [0, 0, 0.99999975443288802, -6.9040610000000058]
  #218 objects/planets/geology/scree/angular_01/angular_01_pil_b.cgf
    [-0.30298233016152243, 0.95299572485290129, 0, -5.0262030000003506]
    [-0.95299572485290129, -0.30298233016152243, -0, -29.725817000000006]
    [-0, 0, 0.99999957198891454, -7.409940000000006]
  #219 objects/planets/flora/mushroom/armillaria_01/armillaria_01_small_a.cgf
    [0.94168212169353449, -0.30230779072961883, -0.14779974059147571, 8.2268590000003314]
    [0.32589203503515574, 0.92874102916787882, 0.17673274799199259, 48.685950999999932]
    [0.083839997348374037, -0.21459282927519577, 0.97309853275002856, -6.6800310000000067]
  #220 objects/planets/flora/mushroom/armillaria_01/armillaria_01_small_a.cgf
    [-0.69911796824834205, 0.69805039235245037, -0.15479207559943034, 15.049485000000459]
    [-0.63796497656894047, -0.70674919079120502, -0.30578937268461015, 41.557637000000341]
    [-0.32285542523423805, -0.11503087199550592, 0.93943235165936911, -6.5390020000000035]
  #221 objects/planets/geology/scree/angular_01/angular_01_grdc_a.cgf
    [0.62470845943886955, -0.78085809662958472, 0, 36.596827000000303]
    [0.78085809662958472, 0.62470845943886955, 0, -15.511144999999942]
    [0, 0, 1.0000000131832316, -6.8620690000000053]
  #222 objects/planets/geology/scree/angular_01/angular_01_grdc_a.cgf
    [0.28686849369664263, -0.95742441313952631, 0.032313753224071359, -5.8788279999998849]
    [0.9578515810743129, 0.28614055123373783, -0.025360437138673191, -16.146770999999717]
    [0.015034432361459248, 0.038226904960505022, 0.99915558737339905, -7.128025000000008]
  #223 objects/planets/flora/mushroom/armillaria_01/armillaria_01_med_a.cgf
    [-0.99580804545820012, 0.090891423663664137, -0.01024514814613829, 14.727979000000232]
    [-0.085842760577169122, -0.96736651520620098, -0.23839656681614874, 41.343243000000257]
    [-0.031579018550848381, -0.2365177619495584, 0.97111378902019607, -6.8656250000000085]
  #224 objects/planets/flora/mushroom/armillaria_01/armillaria_01_med_a.cgf
    [-0.836357826407779, -0.24032736931643989, 0.49269021227452808, 2.262510000000475]
    [0.47332909727987355, -0.76996387469271266, 0.42791412788505767, -3.5881460000000516]
    [0.27651483754384704, 0.5910953313407652, 0.75772102873846392, 3.9938579999999888]
  #225 objects/buildingsets/human/lowtech/alpha/ext/prop/shipping_container_1_025x025x025_b.cgf
    [-0.88334638006540123, -0.50999991996412608, 0, -25.071958999999879]
    [0.50999991996412608, -0.88334638006540123, 0, -16.100864000000001]
    [0, 0, 1.0200003654597694, -6.9793310000000019]
  #226 objects/planets/flora/mushroom/armillaria_01/armillaria_01_small_a.cgf
    [-0.9381538488968344, 0.312194046227316, 0.14967350571860505, 13.54510399999981]
    [-0.33591453215638356, -0.92546451319830392, -0.17514790010333911, 20.360998000000109]
    [0.083837389630395859, -0.21459319030357826, 0.97309864853935457, -6.9898760000000024]
  #227 objects/buildingsets/human/lowtech/alpha/ext/prop/shipping_container_1_025x025x025_b.cgf
    [-0.72807283274562706, -0.71435874414583356, 0, 15.119991999999911]
    [0.71435874414583356, -0.72807283274562706, 0, -5.6160159999999451]
    [0, 0, 1.0199992476074946, -6.8562500000000028]
  #228 objects/planets/flora/mushroom/armillaria_01/armillaria_01_med_a.cgf
    [0.78215940399015438, 0.44750975391163361, 0.43354540575671019, 6.4831110000004628]
    [-0.61155501002670898, 0.68457705292791837, 0.39667954354213042, -6.5248019999999087]
    [-0.11927727532951619, -0.57540351989496064, 0.80912523927479318, -2.3249250000000075]
  #229 objects/planets/geology/scree/angular_01/angular_01_grdc_a.cgf
    [0.79843891393724831, -0.60170236573976466, 0.021206438574710586, -6.3494199999995544]
    [0.6019858571452682, 0.7984333911227306, -0.010830373976869369, -27.791226999999708]
    [-0.010415266243805709, 0.021413366539908284, 0.99971652943504108, -6.8149590000000018]
  #230 objects/planets/geology/scree/angular_01/angular_01_plt_c.cgf
    [1.2257236138260681, -0.15032193211326347, 0.97483417382607795, 16.281334000000243]
    [-0.26053651486008961, -1.549046709395842, 0.088722848008519734, 12.018275000000358]
    [0.95132490462406949, -0.23055224149836406, -1.2317155990756778, 3.7177839999999946]
  #231 objects/planets/geology/scree/angular_01/angular_01_bld_e.cgf
    [-0.81687678728680246, 1.1552400019440805, 0.81687961331851033, 8.995480999999927]
    [0.81687607342500457, 1.1552402296765387, -0.81688000511569092, -18.802096999999776]
    [-1.1552425050234711, -5.5282982248863446E-07, -1.1552377265922178, 17.273376999999996]
  #232 objects/planets/flora/mushroom/armillaria_01/armillaria_01_small_a.cgf
    [0.19995338372934607, -0.95305222164058445, -0.22739840492666216, 45.799179999999978]
    [0.97621189156318044, 0.21363917921890366, -0.036994205970252401, -16.466269999999895]
    [0.083838621815254158, -0.21459191813924045, 0.97309882415071236, -6.5209110000000052]
  #233 objects/buildingsets/human/hightech/prop/storage/crate/crate_dry_1_0125x0125x0125_b.cgf
    [0.86602542443567943, -0.5000000183648049, 0, -0.90775399999984074]
    [0.5000000183648049, 0.86602542443567943, 0, -27.523135999999795]
    [0, 0, 1.0000000270669016, -6.650931000000007]
  #234 objects/planets/flora/mushroom/armillaria_01/armillaria_01_small_a.cgf
    [0.99548056359325565, 0.061749086286787401, -0.072149165722926178, 6.1824699999997392]
    [-0.044605424502929474, 0.97475011183942728, 0.2187980343550891, -5.3175049999999828]
    [0.083837985881584962, -0.21459094593082015, 0.97309913282848437, -2.5713620000000077]
  #235 objects/planets/geology/scree/angular_01/angular_01_bld_e.cgf
    [-0.92139413468192533, 1.0878511168511826, 0.46649965796515186, 0.6245600000002014]
    [0.9957462320789966, 1.0320026279291739, -0.43985128394718065, -35.608147999999801]
    [-0.6399464232390476, 0.03949250884834684, -1.356067126609386, -1.1216840000000019]
  #236 objects/planets/geology/scree/angular_01/angular_01_pil_b.cgf
    [-0.42981477935876383, 0.90291749291348122, 0, 10.16984500000035]
    [-0.90291749291348122, -0.42981477935876383, -0, 38.812885000000279]
    [-0, 0, 1.000000371782126, -6.5457740000000015]
  #237 objects/planets/geology/scree/angular_01/angular_01_bld_d.cgf
    [-0.089891485836074397, 0.98194974861308748, -0.16641694530613757, 2.5062310000002981]
    [-0.25303060612309752, -0.18412753474253987, -0.94977521078766913, 9.8108390000002146]
    [-0.96327328461413775, -0.043268115980221664, 0.26501478638061199, -6.9545560000000037]
  #238 objects/planets/geology/scree/angular_01/angular_01_pil_b.cgf
    [-0.28558055957416112, -0.9583544505344278, 0, -3.9511519999996381]
    [0.9583544505344278, -0.28558055957416112, 0, 11.57921000000033]
    [0, 0, 0.99999975443288802, -6.9040610000000058]
  #239 objects/planets/geology/scree/angular_01/angular_01_grdc_a.cgf
    [-0.62167069154736254, -0.78327926497211908, 0, 7.7994449999996505]
    [0.78327926497211908, -0.62167069154736254, 0, -0.18046899999990273]
    [0, 0, 1.0000004278320278, -6.9648190000000056]
  #240 objects/planets/geology/scree/angular_01/angular_01_pil_a.cgf
    [0.12239149852077175, -0.99248191325450674, 0, -17.353269999999611]
    [0.99248191325450674, 0.12239149852077175, 0, 0.72025299999995696]
    [0, 0, 1.000000013523743, -6.9482770000000045]
  #241 objects/planets/flora/mushroom/armillaria_01/armillaria_01_med_a.cgf
    [-0.99893872459391653, -0.025220377873733917, -0.038625465356681807, 14.442079999999805]
    [0.033627500457151703, -0.97130273609368134, -0.23547134772062484, 19.794862000000194]
    [-0.031578240088998254, -0.23651954871483502, 0.97111682477240979, -6.9409910000000039]
  #242 objects/planets/geology/scree/angular_01/angular_01_pil_b.cgf
    [-0.42981477935876383, 0.90291749291348122, 0, 17.03620200000023]
    [-0.90291749291348122, -0.42981477935876383, -0, 27.181232000000364]
    [-0, 0, 1.000000371782126, -6.5457740000000015]
  #243 objects/planets/geology/scree/angular_01/angular_01_pil_b.cgf
    [0.087475082861517214, -0.99616704188538951, 0, 7.5038210000002437]
    [0.99616704188538951, 0.087475082861517214, 0, -5.9756680000000415]
    [0, 0, 1.000000332730103, -6.5779970000000034]
  #244 objects/planets/geology/scree/angular_01/angular_01_grdc_a.cgf
    [-0.85626311603325111, -1.183242618445332, -0.34168833247301411, -2.023153000000093]
    [1.0053955016869718, -0.91192104129949902, 0.6384202645243704, -28.882662999999866]
    [-0.7113324791130774, 0.13541585897670677, 1.3136472828841737, 3.708826000000002]
  #245 objects/planets/geology/scree/angular_01/angular_01_grdc_a.cgf
    [0.86943236835782289, -0.49405190977913044, 0, -2.1588199999996505]
    [0.49405190977913044, 0.86943236835782289, 0, -15.003842999999961]
    [0, 0, 0.999999966352349, -7.0315500000000029]
  #246 objects/planets/geology/scree/angular_01/angular_01_pil_b.cgf
    [-0.086662348110418161, 0.99623800351457736, 0, 16.164050999999745]
    [-0.99623800351457736, -0.086662348110418161, -0, 43.935213000000203]
    [-0, 0, 1.000000261113327, -6.6199890000000039]
  #247 objects/planets/flora/mushroom/armillaria_01/armillaria_01_med_a.cgf
    [0.79713293457980738, 0.57448649252729511, -0.18586015607475884, 14.867029000000002]
    [-0.58828608065838917, 0.66960153340240536, -0.45337944028484761, 42.040201000000252]
    [-0.13600814319752697, 0.47074271048322824, 0.87172399795756905, -6.4711310000000068]
  #248 objects/planets/flora/mushroom/armillaria_01/armillaria_01_med_b.cgf
    [0.76462755029510421, 0.64425526320456972, -0.016601914512945119, -5.3907870000002731]
    [-0.64067310866723626, 0.75707965802832922, -0.12792231092715861, -4.063249999999698]
    [-0.069845798463073788, 0.10844955341307522, 0.99164308962657377, -7.1407190000000043]
  #249 objects/planets/geology/scree/angular_01/angular_01_grdc_a.cgf
    [0.31366267096535067, -0.94953422008629174, 0, 11.041374999999789]
    [0.94953422008629174, 0.31366267096535067, 0, 5.3486419999999271]
    [0, 0, 0.99999975313596956, -6.9544080000000079]
  #250 objects/planets/geology/scree/angular_01/angular_01_grdc_a.cgf
    [-0.15065292723312404, -0.98858251124437846, 0.0027076393421082354, -10.851294000000053]
    [0.98813603392444183, -0.15050111009902675, 0.030587769647239454, -11.257775000000038]
    [-0.029831046061493977, 0.0072836566144032682, 0.99952792575803395, -7.0916280000000071]
  #251 objects/planets/geology/scree/angular_01/angular_01_bld_b.cgf
    [-0.51378810304885081, 0.40300396453359472, 0.75736955149229102, 10.108927000000222]
    [0.39931849136787834, 0.89368024310423388, -0.20464460249125743, 18.638030000000072]
    [-0.75931915253673854, 0.19728779852623479, -0.62008950719676492, 1.4625949999999932]
  #252 objects/buildingsets/human/universal/prop/storage/box_plastic/box_plastic_grey_open_c.cgf
    [0.039269959752134424, -0.56155663255073962, 0, 2.3881700000001729]
    [0.56155663255073962, 0.039269959752134424, 0, -16.865796000000046]
    [0, 0, 0.56292804273784458, -7.0260100000000065]
  #253 objects/planets/geology/scree/angular_01/angular_01_bld_b.cgf
    [-0.24845995644812355, 0.76931529610036686, 0.58857658241487809, -18.164079999999558]
    [-0.17368473056908995, 0.56239968600664592, -0.80841881205606836, -28.233953999999812]
    [-0.95294387691422622, -0.30308635156504016, -0.0061154792170080539, -4.6194330000000079]
  #254 objects/planets/flora/mushroom/armillaria_01/armillaria_01_med_a.cgf
    [0.96342278838513795, 0.25148708252898233, 0.092578811451219656, 37.230774999999994]
    [-0.26235425580730137, 0.95555916964812049, 0.13445064503246323, -19.101065999999719]
    [-0.054651930143927746, -0.15382125604385485, 0.98658615736745869, -6.8610710000000026]
  #255 objects/planets/geology/scree/angular_01/angular_01_grdc_a.cgf
    [0.80435605993732295, -0.59414776071253639, 0, 14.229551000000356]
    [0.59414776071253639, 0.80435605993732295, 0, 3.162630000000263]
    [0, 0, 1.000000116358801, -6.9544080000000079]
  #256 objects/planets/geology/scree/angular_01/angular_01_bld_e.cgf
    [1.1124959259452756, -0.053644948415069171, 1.1112012927116344, 22.231353000000126]
    [1.4465635127262512E-06, -1.5714762155064232, -0.075866875214518098, 26.636914000000161]
    [1.1124954352321494, 0.053647015447761605, -1.1112016842052015, -10.947255000000006]
  #257 objects/planets/geology/scree/angular_01/angular_01_bld_e.cgf
    [-0.88095289214221484, 0.8868017376300974, 0, -0.14485299999978452]
    [0.8868017376300974, 0.88095289214221517, 0, -9.6617699999997058]
    [0, 0, -1.2499981280135954, 8.2825569999999971]
  #258 objects/planets/geology/scree/angular_01/angular_01_grdc_a.cgf
    [0.056282506298245542, -1.0281764237254198, -1.0907321443851026, 15.272187999999915]
    [1.4791022461970702, 0.21511842715622739, -0.12645828247901322, -0.63356699999985722]
    [0.24310473955581163, -1.0707886783151785, 1.0219211229896679, 1.4642300000000006]
  #259 objects/planets/geology/scree/angular_01/angular_01_bld_e.cgf
    [1.1124939628923196, 1.102132818944094, 0.15149748265501067, 23.883475999999973]
    [2.5502100729215709E-06, -0.21425208650245933, 1.5586491262433493, 2.2042960000003404]
    [1.1124963990224672, -1.1021299143712617, -0.15150072384762936, -3.7562130000000025]
  #260 objects/planets/flora/mushroom/armillaria_01/armillaria_01_med_a.cgf
    [0.1121375540045487, -0.93890712691786649, -0.32538487975062685, 0.36632600000029925]
    [0.99369105507985789, 0.10595565286350586, 0.036718260391294194, -2.4818809999997029]
    [1.3309986457548386E-06, -0.32745007346879806, 0.94486675957466248, -4.6140740000000022]
  #261 objects/planets/geology/scree/angular_01/angular_01_pil_b.cgf
    [-0.016341617821286375, -0.99986610866856918, 0, -5.8658040000000256]
    [0.99986610866856918, -0.016341617821286375, 0, 16.601891000000251]
    [0, 0, 0.99999964186845791, -6.6815360000000084]
  #262 objects/planets/geology/scree/angular_01/angular_01_bld_a.cgf
    [0.38133075401701172, -0.36337060658724551, 1.4044747318154707, -18.85073199999988]
    [0.022142988085693215, 1.4534730777142646, 0.37003555834184865, -14.917711999999938]
    [-1.4505506396256416, -0.073337770808391128, 0.37486667930532536, 12.30227099999999]
  #263 objects/planets/geology/scree/angular_01/angular_01_bld_a.cgf
    [-0.27936781034851538, 0.059856105400538387, 0.95831748406604234, 3.3035710000003746]
    [0.96013471617188262, 0.0072044927983662549, 0.2794475785623674, -8.839958999999908]
    [0.0098224448040286627, 0.99818178154538151, -0.059482582730358058, 2.7693009999999987]
  #264 objects/planets/flora/mushroom/armillaria_01/armillaria_01_small_a.cgf
    [-0.96166639717681257, 0.23844311839024296, 0.13543572707857113, -0.47288000000025932]
    [-0.26109215294694077, -0.94715118643701068, -0.18637525060074348, -2.5925269999997909]
    [0.083838204575813327, -0.21459199812503543, 0.97309899092035035, -5.1833340000000021]
  #265 objects/planets/flora/mushroom/armillaria_01/armillaria_01_med_a.cgf
    [-0.57357680983667392, -0.81915258519159717, 0, 52.400016999999934]
    [0.81915258519159717, -0.57357680983667392, 0, -8.9906799999998839]
    [0, 0, 1.0000006573040305, -6.6151440000000079]
  #266 objects/planets/flora/mushroom/armillaria_01/armillaria_01_med_a.cgf
    [0.42365546445317104, -0.90026966611402226, 0.10013644008266018, 4.7981700000000274]
    [0.73220092604103382, 0.40543648244793573, 0.54726574305670772, 1.0079560000003767]
    [-0.53328658548864105, -0.15853238752288132, 0.83094502270768478, -6.8941490000000059]
  #267 objects/planets/flora/mushroom/armillaria_01/armillaria_01_med_b.cgf
    [0.34532343215601996, -0.93000460064574586, -0.12586998075545869, 31.196659000000182]
    [0.93689115134057066, 0.33381236875015563, 0.10394399974407437, -18.789711999999781]
    [-0.05465143929827182, -0.15382076362053004, 0.98658627343758964, -5.6165640000000039]
  #268 objects/planets/geology/scree/angular_01/angular_01_grdc_a.cgf
    [0.86943236835782289, -0.49405190977913044, 0, -9.0029569999996966]
    [0.49405190977913044, 0.86943236835782289, 0, -9.1425249999997504]
    [0, 0, 0.999999966352349, -7.0422970000000049]
  #269 objects/planets/flora/mushroom/armillaria_01/armillaria_01_small_a.cgf
    [-0.86390790060945211, 0.47103185575630013, 0.17830297292708511, 9.5124519999999393]
    [-0.49662295161158237, -0.85561643904091655, -0.14589713226391082, -11.099293999999645]
    [0.083836765350654416, -0.21459105324549124, 0.97309911965319429, -6.8496080000000035]
  #270 objects/planets/geology/scree/angular_01/angular_01_pil_b.cgf
    [-0.62174796043985137, -0.78185854306744473, -0.046130621936439062, 7.8402420000002166]
    [0.77665823659402, -0.60786290517673347, -0.1652453146073245, -14.837258999999904]
    [0.10115729918526438, -0.13856857183885252, 0.98517373781429485, -7.066781000000006]
  #271 objects/planets/geology/scree/angular_01/angular_01_pil_a.cgf
    [1, 0, 0, 21.837996999999632]
    [0, 1, 0, -4.5476869999997689]
    [0, 0, 1, -6.0138370000000023]
  #272 objects/planets/geology/scree/angular_01/angular_01_bld_e.cgf
    [1.5733059644699097, 0, 0, 44.073679000000084]
    [0, 1.5733059644699097, 0, -8.6073750000000473]
    [0, 0, 1.5733059644699097, -6.9552720000000079]
  #273 objects/planets/flora/mushroom/armillaria_01/armillaria_01_med_a.cgf
    [-0.85081068360857093, -0.52547368429645136, 0, 8.1958610000001499]
    [0.52547368429645136, -0.85081068360857093, 0, -11.742332999999689]
    [0, 0, 1.0000007061150356, -6.3957660000000018]
  #274 objects/planets/geology/scree/angular_01/angular_01_pil_b.cgf
    [-0.79529000801307337, 0.60623430179744997, 0, -5.6525799999999435]
    [-0.60623430179744997, -0.79529000801307337, 0, -7.8723109999996268]
    [0, 0, 1.0000031127557933, -6.7021590000000018]
  #275 objects/planets/geology/scree/angular_01/angular_01_bld_a.cgf
    [0.43972265308073344, -0.36970407281468876, -0.81851227659004766, -2.5563249999995605]
    [0.78448613085033747, -0.28562512936557277, 0.55045368197071554, -8.1785589999999502]
    [-0.43729276107415571, -0.88415872106533089, 0.16443192236609711, -4.5913090000000025]
  #276 objects/planets/flora/mushroom/armillaria_01/armillaria_01_med_a.cgf
    [0.37576232576133467, -0.90313566199595008, -0.20774268167802312, 16.572597999999743]
    [0.92618239372916611, 0.35834774844560036, 0.11739436081553253, -13.563726999999744]
    [-0.031578779358159642, -0.23651900227320541, 0.97111786796410182, -6.9716340000000017]
  #277 objects/planets/geology/scree/angular_01/angular_01_pil_b.cgf
    [-0.30298233016152243, 0.95299572485290129, 0, -14.46448700000019]
    [-0.95299572485290129, -0.30298233016152243, -0, -29.113884999999755]
    [-0, 0, 0.99999957198891454, -7.1942260000000076]
  #278 objects/planets/flora/mushroom/armillaria_01/armillaria_01_med_a.cgf
    [-0.0049093724678547146, 0.99998551732478069, -7.3518955794472834E-07, 4.4924090000004071]
    [0.9980313614445131, 0.0048998245897296702, 0.062486239205757424, -4.2819700000000012]
    [0.062485489780117184, 0.00030603522429755944, -0.99804338919069968, 17.166804999999997]
  #279 objects/planets/geology/scree/angular_01/angular_01_grdc_a.cgf
    [0.040422018298210752, -0.99918308400063871, 0, 8.6475749999999607]
    [0.99918308400063871, 0.040422018298210752, 0, -19.278970999999729]
    [0, 0, 1.0000003874580892, -7.1625350000000054]
  #280 objects/planets/geology/scree/angular_01/angular_01_bld_d.cgf
    [-0.54672432830723494, 0.31391783850990929, 0.77623894895024104, -4.6140379999997094]
    [-0.59929261925494903, 0.50072745040411171, -0.62459521554639397, 5.0015620000003764]
    [-0.5847560788129107, -0.80667615400616, -0.085631286421987612, -6.9551810000000032]
  #281 objects/buildingsets/human/hightech/prop/storage/crate/crate_dry_1_0125x0125x0125_b.cgf
    [0.86602542443567943, -0.5000000183648049, 0, -0.45022199999948498]
    [0.5000000183648049, 0.86602542443567943, 0, -25.815604999999778]
    [0, 0, 1.0000000270669016, -5.4009320000000045]
  #282 objects/planets/geology/scree/angular_01/angular_01_grdc_a.cgf
    [0.57309348970610763, -0.81949015334499231, 0, 4.2585049999997864]
    [0.81949015334499231, 0.57309348970610763, 0, -16.876227999999628]
    [0, 0, 1.0000001296864534, -7.0884780000000021]
  #283 objects/planets/flora/mushroom/armillaria_01/armillaria_01_med_b.cgf
    [0.57357569411955656, 0.81915278145266102, 0, 46.146523999999772]
    [-0.81915278145266102, 0.57357569411955656, -0, -16.906793999999991]
    [-0, 0, 1.0000001781231651, -5.9405450000000073]
  #284 objects/planets/flora/mushroom/armillaria_01/armillaria_01_med_b.cgf
    [-0.1452705692253578, -0.96606633840903955, -0.213578482868199, 18.242261000000326]
    [0.96999368723984825, -0.096525731477059146, -0.22315579022748258, -7.332683999999972]
    [0.19496713893929418, -0.2395873322823219, 0.95109894426292785, -6.2072790000000069]
  #285 objects/buildingsets/human/lowtech/alpha/ext/prop/shipping_container_1_025x05x025_c.cgf
    [0.98524442080171182, 0.26399508239745284, 0, -10.306066000000101]
    [-0.26399508239745284, 0.98524442080171182, -0, 2.5066230000002179]
    [-0, 0, 1.0199999863975189, -6.8570060000000055]
  #286 objects/planets/geology/scree/angular_01/angular_01_grdc_a.cgf
    [0.57173417194800236, -0.82043866452946967, 0, 12.882021999999779]
    [0.82043866452946967, 0.57173417194800236, 0, 46.969421000000239]
    [0, 0, 0.99999978281396018, -6.9551840000000027]
  #287 objects/planets/geology/scree/angular_01/angular_01_bld_a.cgf
    [0.26067349650809724, -0.2996049594604116, -0.91776117082450115, -1.7149469999994835]
    [0.86071094424877126, -0.35846828012682636, 0.36149209228072243, -32.077820999999858]
    [-0.43729322983190855, -0.884158770016919, 0.16443013937091186, -3.6842900000000043]
  #288 objects/buildingsets/human/hightech/prop/storage/crate/crate_dry_1_0125x0125x0125_b.cgf
    [0.86602542443567943, -0.5000000183648049, 0, -2.1577539999998407]
    [0.5000000183648049, 0.86602542443567943, 0, -25.358072999999877]
    [0, 0, 1.0000000270669016, -6.650931000000007]
  #289 objects/planets/flora/mushroom/armillaria_01/armillaria_01_med_a.cgf
    [0.60790388992372923, 0.69131787189215232, 0.39055337498009129, 7.5506189999996423]
    [-0.75165293898890684, 0.34253872713456796, 0.56363512826349305, -6.2099159999997937]
    [0.2558714482219005, -0.63619674512352808, 0.72786192479706724, -3.0455770000000086]
  #290 objects/planets/geology/scree/angular_01/angular_01_pil_a.cgf
    [-0.8134232064610265, 0.58167150390580447, 0, 6.5404619999999341]
    [-0.58167150390580447, -0.8134232064610265, 0, 42.792323000000124]
    [0, 0, 0.99999952563257677, -6.308121000000007]
  #291 objects/planets/geology/scree/angular_01/angular_01_grdc_a.cgf
    [0.99963501379610753, 0.027015540360749074, 0, 15.839731000000029]
    [-0.027015540360749074, 0.99963501379610753, -0, -12.721231999999873]
    [-0, 0, 1.0000000001140636, -7.0468760000000046]
