# IncludedObjects
# Cgfs: 28, Materials: 0, Palettes: 4, Placements: 54

[CGFs]
      0: objects/buildingsets/citysets/lorville/skyline/plating/lrvl_skyl_plating_surface_decal_a.cgf
      1: objects/buildingsets/citysets/lorville/skyline/cityblock/lorv_skyl_ctybloc_lge_tunnel_decal_01a.cgf
      2: objects/buildingsets/citysets/hightech/addon/containers/containers_01x06x02_a.cgf
      3: objects/buildingsets/citysets/hightech/addon/containers/containers_01x06x03_a.cgf
      4: objects/buildingsets/citysets/lorville/skyline/industrial/lorv_skyl_addon_ind_streetlights_a.cgf
      5: objects/buildingsets/citysets/hightech/addon/containers/containers_06x04x04_b.cgf
      6: objects/buildingsets/citysets/lorville/skyline/industrial/lorv_skyl_addon_ind_overheadpipe_c.cgf
      7: objects/buildingsets/citysets/lorville/skyline/rooftop/lorv_skyl_rooftop_med_chimney_01a.cgf
      8: objects/buildingsets/citysets/lorville/skyline/cityblock/lorv_skyl_crntn_wall_fpanel_chevron.cgf
      9: objects/buildingsets/citysets/lorville/skyline/plating/lrvl_skyl_plating_surface_decal_c.cgf
     10: objects/buildingsets/citysets/lorville/skyline/cityblock/lorv_skyl_ctybloc_lge_tunnel_01a.cgf
     11: objects/buildingsets/citysets/lorville/skyline/addon/lorv_skyl_addon_antenna_05_a.cgf
     12: objects/buildingsets/citysets/hightech/addon/containers/containers_01x18x05_a.cgf
     13: objects/buildingsets/citysets/hightech/addon/containers/containers_01x04x02_a.cgf
     14: objects/buildingsets/citysets/hightech/addon/containers/containers_01x12x04_a.cgf
     15: objects/buildingsets/citysets/lorville/skyline/cityblock/lorv_skyl_crntn_wall_apt_01a.cgf
     16: objects/buildingsets/citysets/lorville/skyline/industrial/lorv_skyl_addon_ind_office_a.cgf
     17: objects/buildingsets/citysets/lorville/skyline/cityblock/lorv_skyl_ctybloc_comm_med_03a.cgf
     18: objects/buildingsets/citysets/hightech/addon/containers/containers_03x04x04_a.cgf
     19: objects/buildingsets/citysets/lorville/skyline/cityblock/lorv_skyl_crntn_wall_fpanel_01a.cgf
     20: objects/buildingsets/citysets/lorville/skyline/cityblock/lorv_skyl_ctybloc_lge_tunnel_floor_end_01a.cgf
     21: objects/buildingsets/citysets/lorville/skyline/cityblock/lorv_skyl_ctybloc_comm_med_03a_top.cgf
     22: objects/buildingsets/citysets/lorville/skyline/industrial/lorv_skyl_addon_ind_wall_light_a.cgf
     23: objects/buildingsets/citysets/lorville/skyline/industrial/lorv_skyl_addon_ind_warehouse_b.cgf
     24: objects/buildingsets/citysets/lorville/skyline/cityblock/lorv_skyl_crntn_wall_collumn_01a.cgf
     25: objects/buildingsets/citysets/hightech/addon/containers/containers_01x02x03_a.cgf
     26: objects/buildingsets/citysets/lorville/skyline/plating/lrvl_skyl_plating_surface_decal_hd_d.cgf
     27: objects/buildingsets/citysets/lorville/skyline/rooftop/lorv_skyl_rooftop_med_chimney_02a.cgf

[Palettes]
      0: Libs/Foundry/Records/TintPalettes/Brand/Lorville/Lorville_Skyl_Root|Building
      1: Libs/Foundry/Records/TintPalettes/brand/lorville/Lorville_Skyl_Orange|Trench
      2: Libs/Foundry/Records/TintPalettes/brand/lorville/Lorville_Skyl_Root|Int_Walls
      3: Libs/Foundry/Records/TintPalettes/default<111>

[Placements]
  #0 objects/buildingsets/citysets/lorville/skyline/plating/lrvl_skyl_plating_surface_decal_a.cgf
    [-0.00000000000000002, 0.06967800110578538, 0.00000000000000000, -187.67244399999981397]
    [-0.06967800110578538, -0.00000000000000002, -0.00000000000000000, -86.22711599999888676]
    [-0.00000000000000000, 0.00000000000000000, 0.06967800110578538, 16.05562999995891005]
  #1 objects/buildingsets/citysets/lorville/skyline/cityblock/lorv_skyl_ctybloc_lge_tunnel_decal_01a.cgf
    [-0.00000000000000009, 0.41062301397323614, 0.00000000000000000, -318.32944999999745050]
    [-0.41062301397323614, -0.00000000000000009, -0.00000000000000000, -50.90588800000428193]
    [-0.00000000000000000, 0.00000000000000000, 0.41062301397323614, -36.01033299998380244]
  #2 objects/buildingsets/citysets/hightech/addon/containers/containers_01x06x02_a.cgf
    [0.00000000000000022, -1.00000000000000000, 0.00000000000000000, -134.21308900000076392]
    [1.00000000000000000, 0.00000000000000022, 0.00000000000000000, -131.04456100000467700]
    [0.00000000000000000, 0.00000000000000000, 1.00000000000000000, -1.57019799994304776]
  #3 objects/buildingsets/citysets/hightech/addon/containers/containers_01x06x03_a.cgf
    [-1.00000042674731104, -0.00000064012100026, -0.00000000000000000, -142.89678500000081840]
    [0.00000064012100026, -1.00000042674731104, 0.00000000000000000, -113.39160800000720997]
    [0.00000000000000000, -0.00000000000000000, 1.00000042674751533, 15.99911800003610551]
  #4 objects/buildingsets/citysets/lorville/skyline/industrial/lorv_skyl_addon_ind_streetlights_a.cgf
    [0.00000000000000022, -1.00000000000000000, 0.00000000000000000, -122.48490699999456410]
    [1.00000000000000000, 0.00000000000000022, 0.00000000000000000, -89.65534000000350545]
    [0.00000000000000000, 0.00000000000000000, 1.00000000000000000, 15.87907300004735589]
  #5 objects/buildingsets/citysets/hightech/addon/containers/containers_06x04x04_b.cgf
    [-0.00000000000000022, 1.00000000000000000, 0.00000000000000000, -151.40279100000043400]
    [-1.00000000000000000, -0.00000000000000022, -0.00000000000000000, -183.34482200000087460]
    [-0.00000000000000000, 0.00000000000000000, 1.00000000000000000, -1.57019799994304776]
  #6 objects/buildingsets/citysets/lorville/skyline/cityblock/lorv_skyl_ctybloc_lge_tunnel_decal_01a.cgf
    [-0.00000000000000009, 0.41062301397323614, 0.00000000000000000, -221.91376599999784958]
    [-0.41062301397323614, -0.00000000000000009, -0.00000000000000000, -50.90588800000422509]
    [-0.00000000000000000, 0.00000000000000000, 0.41062301397323614, -36.01033299998380244]
  #7 objects/buildingsets/citysets/lorville/skyline/industrial/lorv_skyl_addon_ind_overheadpipe_c.cgf
    [1.00000042674731038, -0.00000064012099993, 0.00000000000000000, -192.89128199999686331]
    [0.00000064012099993, 1.00000042674731038, 0.00000000000000000, -209.31536000000266995]
    [0.00000000000000000, 0.00000000000000000, 1.00000042674751533, -240.75473000004421920]
  #8 objects/buildingsets/citysets/lorville/skyline/rooftop/lorv_skyl_rooftop_med_chimney_01a.cgf
    [0.00000000000000003, -0.12070266405649618, 0.00000000000000000, -136.59052099999826169]
    [0.12070266405649618, 0.00000000000000003, 0.00000000000000000, -32.23737999999977433]
    [0.00000000000000000, 0.00000000000000000, 0.12070266405649618, -34.79601900000125170]
  #9 objects/buildingsets/citysets/lorville/skyline/cityblock/lorv_skyl_crntn_wall_fpanel_chevron.cgf
    [0.97000107833817761, -0.00000062091779533, 0.00000000000000000, -215.32036699999298435]
    [0.00000062091779533, 0.97000107833817761, 0.00000000000000000, -8.00000000000119371]
    [0.00000000000000000, 0.00000000000000000, 0.97000107833837634, 0.00000000000000000]
  #10 objects/buildingsets/citysets/lorville/skyline/plating/lrvl_skyl_plating_surface_decal_c.cgf
    [0.00000000000000002, -0.06967800110578538, 0.00000000000000000, -121.17832999999518506]
    [0.06967800110578538, 0.00000000000000002, 0.00000000000000000, -191.88671400000276890]
    [0.00000000000000000, 0.00000000000000000, 0.06967800110578538, -1.57373399997595698]
  #11 objects/buildingsets/citysets/hightech/addon/containers/containers_01x06x02_a.cgf
    [0.00000000000000022, -1.00000000000000000, 0.00000000000000000, -134.21308900000076392]
    [1.00000000000000000, 0.00000000000000022, 0.00000000000000000, -150.00880400000653481]
    [0.00000000000000000, 0.00000000000000000, 1.00000000000000000, -1.57019799994304776]
  #12 objects/buildingsets/citysets/lorville/skyline/cityblock/lorv_skyl_ctybloc_lge_tunnel_01a.cgf
    [0.00000000000000006, -0.28703400492668152, 0.00000000000000000, -120.89423999999780790]
    [0.28703400492668152, 0.00000000000000006, 0.00000000000000000, -81.06848700000406893]
    [0.00000000000000000, 0.00000000000000000, 0.28703400492668152, -34.34452799998689443]
  #13 objects/buildingsets/citysets/lorville/skyline/addon/lorv_skyl_addon_antenna_05_a.cgf
    [0.00000000000000002, 0.41062318920558705, 0.00000000000000007, -318.27465400000073714]
    [0.00000026284841425, -0.00000000000000007, 0.41062318920550289, -109.41788000000229886]
    [0.41062318920550289, -0.00000000000000002, -0.00000026284841425, -36.01033299998380244]
  #14 objects/buildingsets/citysets/lorville/skyline/rooftop/lorv_skyl_rooftop_med_chimney_01a.cgf
    [0.00000000000000003, -0.12070266405649618, 0.00000000000000000, -125.70726599999761675]
    [0.12070266405649618, 0.00000000000000003, 0.00000000000000000, -32.23738000000186332]
    [0.00000000000000000, 0.00000000000000000, 0.12070266405649618, -34.79601900000125170]
  #15 objects/buildingsets/citysets/lorville/skyline/plating/lrvl_skyl_plating_surface_decal_a.cgf
    [0.00000000000000002, -0.06967800110578538, 0.00000000000000000, -166.05313699999533128]
    [0.06967800110578538, 0.00000000000000002, 0.00000000000000000, -191.88671400000293943]
    [0.00000000000000000, 0.00000000000000000, 0.06967800110578538, -1.57373399997595698]
  #16 objects/buildingsets/citysets/hightech/addon/containers/containers_01x18x05_a.cgf
    [0.00000000000000022, -1.00000000000000000, 0.00000000000000000, -26.08584100000007311]
    [1.00000000000000000, 0.00000000000000022, 0.00000000000000000, -193.64829700000043999]
    [0.00000000000000000, 0.00000000000000000, 1.00000000000000000, -1.57019799994304776]
  #17 objects/buildingsets/citysets/lorville/skyline/industrial/lorv_skyl_addon_ind_streetlights_a.cgf
    [0.00000000000000022, -1.00000000000000000, 0.00000000000000000, -211.74346299999888288]
    [1.00000000000000000, 0.00000000000000022, 0.00000000000000000, -164.08517700000257378]
    [0.00000000000000000, 0.00000000000000000, 1.00000000000000000, -1.62408300000242889]
  #18 objects/buildingsets/citysets/hightech/addon/containers/containers_01x18x05_a.cgf
    [-0.00000000000000022, 1.00000000000000000, 0.00000000000000000, -307.13544900000488269]
    [-1.00000000000000000, -0.00000000000000022, -0.00000000000000000, -184.26675000000312821]
    [-0.00000000000000000, 0.00000000000000000, 1.00000000000000000, -1.57019799994304776]
  #19 objects/buildingsets/citysets/hightech/addon/containers/containers_01x04x02_a.cgf
    [-1.00000042674731104, -0.00000064012100026, -0.00000000000000000, -170.49992299999939860]
    [0.00000064012100026, -1.00000042674731104, 0.00000000000000000, -107.82624900000293167]
    [0.00000000000000000, -0.00000000000000000, 1.00000042674751533, 9.69163899996783584]
  #20 objects/buildingsets/citysets/lorville/skyline/plating/lrvl_skyl_plating_surface_decal_c.cgf
    [0.00000000000000002, -0.06967800110578538, 0.00000000000000000, -236.58502800000132993]
    [0.06967800110578538, 0.00000000000000002, 0.00000000000000000, -191.88671400000072254]
    [0.00000000000000000, 0.00000000000000000, 0.06967800110578538, -1.57373399997595698]
  #21 objects/buildingsets/citysets/hightech/addon/containers/containers_01x12x04_a.cgf
    [-1.00000042674731104, -0.00000064012100026, -0.00000000000000000, -298.11420900000302936]
    [0.00000064012100026, -1.00000042674731104, 0.00000000000000000, -113.39160800000504992]
    [0.00000000000000000, -0.00000000000000000, 1.00000042674751533, 15.99911800003610551]
  #22 objects/buildingsets/citysets/lorville/skyline/cityblock/lorv_skyl_crntn_wall_apt_01a.cgf
    [0.97000107833817761, -0.00000062091779533, 0.00000000000000000, -215.32036700000026030]
    [0.00000062091779533, 0.97000107833817761, 0.00000000000000000, -0.00000000000180478]
    [0.00000000000000000, 0.00000000000000000, 0.97000107833837634, 0.00000000000000000]
  #23 objects/buildingsets/citysets/hightech/addon/containers/containers_01x06x03_a.cgf
    [-0.00000000000000022, 1.00000000000000000, 0.00000000000000000, -344.82093800000075134]
    [-1.00000000000000000, -0.00000000000000022, -0.00000000000000000, -95.05489799999932643]
    [-0.00000000000000000, 0.00000000000000000, 1.00000000000000000, -1.31626400002278388]
  #24 objects/buildingsets/citysets/lorville/skyline/industrial/lorv_skyl_addon_ind_office_a.cgf
    [0.00000000000000022, -1.00000000000000000, 0.00000000000000000, -408.67108199999347562]
    [1.00000000000000000, 0.00000000000000022, 0.00000000000000000, -103.47147500000468767]
    [0.00000000000000000, 0.00000000000000000, 1.00000000000000000, 13.16899899998679757]
  #25 objects/buildingsets/citysets/lorville/skyline/cityblock/lorv_skyl_ctybloc_comm_med_03a.cgf
    [0.97000107833817761, -0.00000062091779533, 0.00000000000000000, 0.00000000000000000]
    [0.00000062091779533, 0.97000107833817761, 0.00000000000000000, -0.00000000000116529]
    [0.00000000000000000, 0.00000000000000000, 0.97000107833837634, 0.00000000000000000]
  #26 objects/buildingsets/citysets/hightech/addon/containers/containers_01x12x04_a.cgf
    [0.00000000000000022, -1.00000000000000000, 0.00000000000000000, -220.72437999999601743]
    [1.00000000000000000, 0.00000000000000022, 0.00000000000000000, -150.00880400000468740]
    [0.00000000000000000, 0.00000000000000000, 1.00000000000000000, -1.57019799994304776]
  #27 objects/buildingsets/citysets/hightech/addon/containers/containers_03x04x04_a.cgf
    [-0.00000000000000022, 1.00000000000000000, 0.00000000000000000, -209.07720299999709823]
    [-1.00000000000000000, -0.00000000000000022, -0.00000000000000000, -103.34382700000355726]
    [-0.00000000000000000, 0.00000000000000000, 1.00000000000000000, 15.99911800003610551]
  #28 objects/buildingsets/citysets/lorville/skyline/addon/lorv_skyl_addon_antenna_05_a.cgf
    [0.00000000000000009, -0.41062301397323614, 0.00000000000000000, -12.16316899999947054]
    [0.41062301397323614, 0.00000000000000009, 0.00000000000000000, -198.75217200000219009]
    [0.00000000000000000, 0.00000000000000000, 0.41062301397323614, -0.53476299997419119]
  #29 objects/buildingsets/citysets/lorville/skyline/cityblock/lorv_skyl_crntn_wall_fpanel_01a.cgf
    [0.97000107833817761, -0.00000062091779533, 0.00000000000000000, -215.32036699999298435]
    [0.00000062091779533, 0.97000107833817761, 0.00000000000000000, -8.00000000000119371]
    [0.00000000000000000, 0.00000000000000000, 0.97000107833837634, 0.00000000000000000]
  #30 objects/buildingsets/citysets/hightech/addon/containers/containers_01x06x02_a.cgf
    [-1.00000042674731104, -0.00000064012100026, -0.00000000000000000, -376.84195299999191775]
    [0.00000064012100026, -1.00000042674731104, 0.00000000000000000, -113.39160800000347251]
    [0.00000000000000000, -0.00000000000000000, 1.00000042674751533, 15.99911800003610551]
  #31 objects/buildingsets/citysets/lorville/skyline/industrial/lorv_skyl_addon_ind_streetlights_a.cgf
    [0.00000000000000022, -1.00000000000000000, 0.00000000000000000, -28.57324699999298900]
    [1.00000000000000000, 0.00000000000000022, 0.00000000000000000, -164.08517700000655282]
    [0.00000000000000000, 0.00000000000000000, 1.00000000000000000, -1.62408300000242889]
  #32 objects/buildingsets/citysets/lorville/skyline/cityblock/lorv_skyl_ctybloc_lge_tunnel_floor_end_01a.cgf
    [-0.00000000000000009, 0.41062301397323614, 0.00000000000000000, -221.91376599999784958]
    [-0.41062301397323614, -0.00000000000000009, -0.00000000000000000, -50.90588800000422509]
    [-0.00000000000000000, 0.00000000000000000, 0.41062301397323614, -36.01033299998380244]
  #33 objects/buildingsets/citysets/lorville/skyline/cityblock/lorv_skyl_ctybloc_comm_med_03a_top.cgf
    [1.00000042674731038, -0.00000064012099993, 0.00000000000000000, 8.00000000000000000]
    [0.00000064012099993, 1.00000042674731038, 0.00000000000000000, -0.00000000000548539]
    [0.00000000000000000, 0.00000000000000000, 1.00000042674751533, 0.00000000000000000]
  #34 objects/buildingsets/citysets/lorville/skyline/addon/lorv_skyl_addon_antenna_05_a.cgf
    [0.00000000000000002, 0.41062318920558705, 0.00000000000000007, -114.94249199999467237]
    [0.00000026284841425, -0.00000000000000007, 0.41062318920550289, -109.41788000000417469]
    [0.41062318920550289, -0.00000000000000002, -0.00000026284841425, -36.01033299998380244]
  #35 objects/buildingsets/citysets/hightech/addon/containers/containers_01x12x04_a.cgf
    [0.00000000000000022, -1.00000000000000000, 0.00000000000000000, -324.76339099999677273]
    [1.00000000000000000, 0.00000000000000022, 0.00000000000000000, -150.00880400000474424]
    [0.00000000000000000, 0.00000000000000000, 1.00000000000000000, -1.57019799994304776]
  #36 objects/buildingsets/citysets/lorville/skyline/industrial/lorv_skyl_addon_ind_wall_light_a.cgf
    [0.42673519583139286, -0.00000027316204374, 0.00000000000000000, -19.33608800000365591]
    [0.00000027316204374, 0.42673519583139286, 0.00000000000000000, -209.02428400000255238]
    [0.00000000000000000, 0.00000000000000000, 0.42673519583148029, -11.50454899994656444]
  #37 objects/buildingsets/citysets/lorville/skyline/plating/lrvl_skyl_plating_surface_decal_a.cgf
    [-0.00000000000000002, 0.06967800110578538, 0.00000000000000000, -400.98059899999134359]
    [-0.06967800110578538, -0.00000000000000002, -0.00000000000000000, -86.22711599999956888]
    [-0.00000000000000000, 0.00000000000000000, 0.06967800110578538, 16.05562999995891005]
  #38 objects/buildingsets/citysets/lorville/skyline/industrial/lorv_skyl_addon_ind_warehouse_b.cgf
    [-0.61589793818776684, -0.00000039424903614, -0.00000000000000000, -111.39215500000500469]
    [0.00000039424903614, -0.61589793818776684, 0.00000000000000000, -190.21764300000290859]
    [0.00000000000000000, -0.00000000000000000, 0.61589793818789296, -2.83100100001320243]
  #39 objects/buildingsets/citysets/lorville/skyline/cityblock/lorv_skyl_crntn_wall_collumn_01a.cgf
    [0.97000107833817761, -0.00000062091779533, 0.00000000000000000, 0.00000000000000000]
    [0.00000062091779533, 0.97000107833817761, 0.00000000000000000, -0.00000000000116529]
    [0.00000000000000000, 0.00000000000000000, 0.97000107833837634, 0.00000000000000000]
  #40 objects/buildingsets/citysets/hightech/addon/containers/containers_01x02x03_a.cgf
    [-1.00000042674731104, -0.00000064012100026, -0.00000000000000000, -183.76143399999273242]
    [0.00000064012100026, -1.00000042674731104, 0.00000000000000000, -107.41134400000575511]
    [0.00000000000000000, -0.00000000000000000, 1.00000042674751533, 9.69163899996783584]
  #41 objects/buildingsets/citysets/lorville/skyline/plating/lrvl_skyl_plating_surface_decal_hd_d.cgf
    [0.00000000000000002, -0.08649700134992601, 0.00000000000000000, -385.74339600000166683]
    [0.08649700134992601, 0.00000000000000002, 0.00000000000000000, -68.18343100000294044]
    [0.00000000000000000, 0.00000000000000000, 0.08649700134992601, 24.19025700003840029]
  #42 objects/buildingsets/citysets/hightech/addon/containers/containers_01x06x03_a.cgf
    [0.00000000000000022, -1.00000000000000000, 0.00000000000000000, -153.02303699999902165]
    [1.00000000000000000, 0.00000000000000022, 0.00000000000000000, -136.68177799999915578]
    [0.00000000000000000, 0.00000000000000000, 1.00000000000000000, -1.57019799994304776]
  #43 objects/buildingsets/citysets/lorville/skyline/cityblock/lorv_skyl_ctybloc_lge_tunnel_01a.cgf
    [-0.00000000000000006, 0.28703400492668152, 0.00000000000000000, -311.33823199999096687]
    [-0.28703400492668152, -0.00000000000000006, -0.00000000000000000, -44.48471100000111278]
    [-0.00000000000000000, 0.00000000000000000, 0.28703400492668152, -34.34452799998689443]
  #44 objects/buildingsets/citysets/lorville/skyline/plating/lrvl_skyl_plating_surface_decal_a.cgf
    [0.00000000000000002, -0.06967800110578538, 0.00000000000000000, -283.39008800000010524]
    [0.06967800110578538, 0.00000000000000002, 0.00000000000000000, -191.88671400000058043]
    [0.00000000000000000, 0.00000000000000000, 0.06967800110578538, -1.57373399997595698]
  #45 objects/buildingsets/citysets/hightech/addon/containers/containers_01x12x04_a.cgf
    [-1.00000042674731104, -0.00000064012100026, -0.00000000000000000, -335.17783299999791780]
    [0.00000064012100026, -1.00000042674731104, 0.00000000000000000, -146.00463400000390379]
    [0.00000000000000000, -0.00000000000000000, 1.00000042674751533, -1.57019799994304776]
  #46 objects/buildingsets/citysets/lorville/skyline/industrial/lorv_skyl_addon_ind_overheadpipe_c.cgf
    [1.00000042674731038, -0.00000064012099993, 0.00000000000000000, -255.43966299999738112]
    [0.00000064012099993, 1.00000042674731038, 0.00000000000000000, -209.31536000000244258]
    [0.00000000000000000, 0.00000000000000000, 1.00000042674751533, -240.75473000004421920]
  #47 objects/buildingsets/citysets/lorville/skyline/plating/lrvl_skyl_plating_surface_decal_hd_d.cgf
    [0.00000000000000002, -0.08649700134992601, 0.00000000000000000, -58.68243599999550497]
    [0.08649700134992601, 0.00000000000000002, 0.00000000000000000, -108.71011300000441224]
    [0.00000000000000000, 0.00000000000000000, 0.08649700134992601, 16.05561100004706532]
  #48 objects/buildingsets/citysets/lorville/skyline/cityblock/lorv_skyl_ctybloc_lge_tunnel_floor_end_01a.cgf
    [-0.00000000000000009, 0.41062301397323614, 0.00000000000000000, -318.32944999999745050]
    [-0.41062301397323614, -0.00000000000000009, -0.00000000000000000, -50.90588800000428193]
    [-0.00000000000000000, 0.00000000000000000, 0.41062301397323614, -36.01033299998380244]
  #49 objects/buildingsets/citysets/hightech/addon/containers/containers_01x06x02_a.cgf
    [-1.00000042674731104, -0.00000064012100026, -0.00000000000000000, -120.77012399999148329]
    [0.00000064012100026, -1.00000042674731104, 0.00000000000000000, -113.39160800000323093]
    [0.00000000000000000, -0.00000000000000000, 1.00000042674751533, 15.99911800003610551]
  #50 objects/buildingsets/citysets/lorville/skyline/cityblock/lorv_skyl_crntn_wall_collumn_01a.cgf
    [0.97000107833817761, -0.00000062091779533, 0.00000000000000000, -368.00000000000000000]
    [0.00000062091779533, 0.97000107833817761, 0.00000000000000000, -0.00000000000095923]
    [0.00000000000000000, 0.00000000000000000, 0.97000107833837634, 0.00000000000000000]
  #51 objects/buildingsets/citysets/lorville/skyline/rooftop/lorv_skyl_rooftop_med_chimney_02a.cgf
    [-0.00000000000000011, 0.50956668456373078, 0.00000000000000000, -5.97296500000084052]
    [-0.50956668456373078, -0.00000000000000011, -0.00000000000000000, -199.38181300000113083]
    [-0.00000000000000000, 0.00000000000000000, 0.50956668456373078, 5.39984199998434633]
  #52 objects/buildingsets/citysets/lorville/skyline/industrial/lorv_skyl_addon_ind_warehouse_b.cgf
    [-0.61589793818776684, -0.00000039424903614, -0.00000000000000000, -372.28886899999997695]
    [0.00000039424903614, -0.61589793818776684, 0.00000000000000000, -190.21764300000151593]
    [0.00000000000000000, -0.00000000000000000, 0.61589793818789296, -2.83100100001320243]
  #53 objects/buildingsets/citysets/lorville/skyline/rooftop/lorv_skyl_rooftop_med_chimney_01a.cgf
    [0.50956690201994292, -0.00000032618433565, 0.00000000000000000, -19.42607599999246304]
    [0.00000032618433565, 0.50956690201994292, 0.00000000000000000, -102.71891400000242811]
    [0.00000000000000000, 0.00000000000000000, 0.50956690202004729, 19.52146299998275936]
