# IncludedObjects
# Cgfs: 2, Materials: 0, Palettes: 1, Placements: 7

[CGFs]
      0: objects/buildingsets/human/lowtech/prop/light/light_hung_3_floresent_a.cgf
      1: objects/buildingsets/human/lowtech/prop/light/light_wall_02_a.cgf

[Palettes]
      0: Libs/Foundry/Records/TintPalettes/default

[Placements]
  #0 objects/buildingsets/human/lowtech/prop/light/light_hung_3_floresent_a.cgf
    [-0.00000013230041785, 0.00000013122938833, -0.49999996646673833, -2.50528906636009197]
    [0.49969538838642036, 0.01744950693006661, -0.00000012764004971, 23.38895328510983518]
    [0.01744950693003188, -0.49969538838641941, -0.00000013576660357, 5.86525735008265769]
  #1 objects/buildingsets/human/lowtech/prop/light/light_wall_02_a.cgf
    [0.50000000000000000, 0.00000000278181433, 0.00000000030086296, 0.69673203727711552]
    [-0.00000000278181434, 0.49999999999999944, 0.00000002404663490, 12.13155819852812556]
    [-0.00000000030086282, -0.00000002404663491, 0.49999999999999944, 4.90338938507321132]
  #2 objects/buildingsets/human/lowtech/prop/light/light_hung_3_floresent_a.cgf
    [0.00000008896505226, 0.50000000181363480, -0.00000002508228645, 5.94856797771831225]
    [-0.05226416205138044, 0.00000003424425123, 0.49726095682117383, -9.08347033678467142]
    [0.49726095682116705, -0.00000008585588427, 0.05226416205138566, 4.11945342508258250]
  #3 objects/buildingsets/human/lowtech/prop/light/light_hung_3_floresent_a.cgf
    [-0.00000006452153761, -0.50000003758527123, 0.00000003132121415, 4.62498538809199999]
    [-0.05226429081621765, -0.00000002440528854, -0.49726097925611962, -8.74699971668121634]
    [0.49726097925611601, -0.00000006744204302, -0.05226429081621393, 4.15481863501035775]
  #4 objects/buildingsets/human/lowtech/prop/light/light_hung_3_floresent_a.cgf
    [-0.00000006452153761, -0.50000003758527123, 0.00000003132121415, 4.62498532848735522]
    [-0.05226429081621765, -0.00000002440528854, -0.49726097925611962, -8.74699974160279226]
    [0.49726097925611601, -0.00000006744204302, -0.05226429081621393, 4.15481887212284562]
  #5 objects/buildingsets/human/lowtech/prop/light/light_hung_3_floresent_a.cgf
    [0.00000012509391668, -0.00872622966973981, -0.49992384808211437, 5.14625710299742423]
    [-0.00000001110449169, 0.49992384808212975, -0.00872622966974286, -9.56776237621943437]
    [0.50000000096547792, 0.00000001328599691, 0.00000012488106345, 4.05219486744046264]
  #6 objects/buildingsets/human/lowtech/prop/light/light_wall_02_a.cgf
    [-0.00000006717942743, 0.50000001668838068, 0.00000006483090086, -2.57636845898628053]
    [-0.50000001668838345, -0.00000006717943226, 0.00000003757267804, 11.34586173370041706]
    [0.00000003757268675, -0.00000006483089581, 0.50000001668838367, 0.89195903796792209]
