# IncludedObjects
# Cgfs: 10, Materials: 2, Palettes: 1, Placements: 12

[CGFs]
      0: objects/buildingsets/human/lowtech/bravo/int/cable/cable_straight_08x01x02_a.cgf
      1: objects/buildingsets/human/lowtech/prop/storage/container/container_dry_3_025x025x025_a.cgf
      2: objects/buildingsets/human/lowtech/prop/utilitarian/machine/machine_forklift_1_a.cgf
      3: objects/buildingsets/human/lowtech/prop/storage/crate/crate_weapon_4_015x0075x0075_a.cgf
      4: objects/buildingsets/human/lowtech/bravo/int/cable/cable_straight_08x01x02_e.cgf
      5: objects/buildingsets/human/hightech/prop/machine/generator/generator_mobile_1_a.cgf
      6: objects/buildingsets/human/lowtech/prop/utilitarian/structure/structure_post_8_a.cgf
      7: objects/buildingsets/human/lowtech/prop/maintenance/trolley/trolley_mobile_1_a.cgf
      8: objects/buildingsets/human/universal/prop/tech/laptop/laptop_cased_1_open_a.cgf
      9: objects/buildingsets/human/lowtech/prop/light/light_hazard_2_b.cgf

[Materials]
      0: materials/decals/tracks/tyre_track_a
      1: materials/decals/weathered/weathered_big_c

[Palettes]
      0: Libs/Foundry/Records/TintPalettes/default

[Placements]
  #0 objects/buildingsets/human/lowtech/bravo/int/cable/cable_straight_08x01x02_a.cgf
    [0.96862950213697663, 0.31473009442563071, 0.00000000000000000, 9.69120800000000315]
    [-0.31473009442563071, 0.96862950213697663, -0.00000000000000000, -1.13674000000003161]
    [-0.00000000000000000, 0.00000000000000000, 1.01847834770666257, 0.01477800000000001]
  #1 objects/buildingsets/human/lowtech/prop/storage/container/container_dry_3_025x025x025_a.cgf
    [-0.89879388743922106, 0.43837105151875289, 0.00000000000000000, -8.17072300000000240]
    [-0.43837105151875289, -0.89879388743922106, 0.00000000000000000, -5.45070399999997335]
    [0.00000000000000000, 0.00000000000000000, 0.99999981545386529, -0.12500000000000000]
  #2 objects/buildingsets/human/lowtech/prop/utilitarian/machine/machine_forklift_1_a.cgf
    [0.92718309173995361, 0.37460848104176747, 0.00000000000000000, -6.51855499999999921]
    [-0.37460848104176747, 0.92718309173995361, -0.00000000000000000, -8.68127600000002531]
    [-0.00000000000000000, 0.00000000000000000, 0.99999999983843968, -0.00396000000000001]
  #3 objects/buildingsets/human/lowtech/prop/storage/crate/crate_weapon_4_015x0075x0075_a.cgf
    [-0.89879388743922106, 0.43837105151875289, 0.00000000000000000, 7.30330700000000377]
    [-0.43837105151875289, -0.89879388743922106, 0.00000000000000000, 1.31435999999996511]
    [0.00000000000000000, 0.00000000000000000, 0.99999981545386529, -0.00396000000000001]
  #4 objects/buildingsets/human/lowtech/prop/storage/crate/crate_weapon_4_015x0075x0075_a.cgf
    [-0.99026802499938316, 0.13917216578055047, 0.00000000000000000, 7.02690900000000340]
    [-0.13917216578055047, -0.99026802499938316, 0.00000000000000000, 2.25110800000004474]
    [0.00000000000000000, 0.00000000000000000, 0.99999982653209918, -0.00396000000000001]
  #5 objects/buildingsets/human/lowtech/bravo/int/cable/cable_straight_08x01x02_e.cgf
    [-0.16495739299642623, -0.02295801859549131, 0.00322649837506870, 7.41320805156199469]
    [0.02318363452073380, -0.16335201345613903, 0.02295781357200790, -3.45162940194302337]
    [-0.00000006546410543, 0.02318343149249277, 0.16495742153053092, 0.54389500000000002]
  #6 objects/buildingsets/human/hightech/prop/machine/generator/generator_mobile_1_a.cgf
    [-0.75470875100588886, -0.65606004867177226, 0.00000000000000000, 8.71305737978690331]
    [0.65606004867177226, -0.75470875100588886, 0.00000000000000000, -3.15234189198849890]
    [0.00000000000000000, 0.00000000000000000, 1.00000004315403745, 0.53198500000000004]
  #7 objects/buildingsets/human/lowtech/prop/utilitarian/structure/structure_post_8_a.cgf
    [0.73135347276076079, -0.68199873305980829, 0.00000000000000000, 10.34623027257806882]
    [0.68199873305980829, 0.73135347276076079, 0.00000000000000000, -3.03639305909291579]
    [0.00000000000000000, 0.00000000000000000, 1.00000008700720056, -0.12500000000000000]
  #8 objects/buildingsets/human/lowtech/prop/maintenance/trolley/trolley_mobile_1_a.cgf
    [-0.75470875100588886, -0.65606004867177226, 0.00000000000000000, 9.08919194674213315]
    [0.65606004867177226, -0.75470875100588886, 0.00000000000000000, -2.65319542726547297]
    [0.00000000000000000, 0.00000000000000000, 1.00000004315403745, -0.03995599999999999]
  #9 objects/buildingsets/human/universal/prop/tech/laptop/laptop_cased_1_open_a.cgf
    [-0.06975680543390320, -0.99756439440684508, 0.00000000000000000, 7.20348895420647750]
    [0.99756439440684508, -0.06975680543390320, 0.00000000000000000, -3.24845258345067123]
    [0.00000000000000000, 0.00000000000000000, 1.00000036644625245, 0.50323499999999999]
  #10 objects/buildingsets/human/hightech/prop/machine/generator/generator_mobile_1_a.cgf
    [-0.75470875100588886, -0.65606004867177226, 0.00000000000000000, 9.55155265670539677]
    [0.65606004867177226, -0.75470875100588886, 0.00000000000000000, -2.18776597481644330]
    [0.00000000000000000, 0.00000000000000000, 1.00000004315403745, 0.53198500000000004]
  #11 objects/buildingsets/human/lowtech/prop/light/light_hazard_2_b.cgf
    [0.73135350457726933, -0.68199876272920779, 0.00000000000000000, 10.46527341387161414]
    [0.68199876272920779, 0.73135350457726933, 0.00000000000000000, -2.92538343848468685]
    [0.00000000000000000, 0.00000000000000000, 1.00000013051080350, 7.83268300000000028]
