# IncludedObjects
# Cgfs: 12, Materials: 1, Palettes: 0, Placements: 50

[CGFs]
      0: objects/buildingsets/human/hightech/delta/int/roomsm_a/decal/decal_stripe_corner90_a.cgf
      1: objects/buildingsets/human/hightech/delta/int/roomsm_a/decal/decal_stripe_straight_1m_a.cgf
      2: Objects/buildingsets/human/hightech/delta/int/roomsm_a/decal/decal_txt_warning_english_a.cgf
      3: Objects/buildingsets/human/hightech/delta/int/roomsm_a/decal/decal_stripe_straight_warning_2m_a.cgf
      4: Objects/buildingsets/human/hightech/delta/int/roomsm_a/decal/decal_stripe_indent_1m5_a.cgf
      5: Objects/buildingsets/human/hightech/delta/int/roomsm_a/decal/decal_panel_a.cgf
      6: objects/buildingsets/human/hightech/delta/int/roomsm_a/decal/decal_stripe_straight_warning_1m_a.cgf
      7: Objects/buildingsets/human/hightech/delta/int/roomsm_a/decal/decal_panel_c.cgf
      8: Objects/buildingsets/human/hightech/delta/int/roomsm_a/decal/decal_stripe_indent_4m_a.cgf
      9: Objects/buildingsets/human/hightech/delta/int/roomsm_a/decal/decal_stripe_straight_2m_a.cgf
     10: Objects/buildingsets/human/hightech/delta/int/roomsm_a/decal/decal_stripe_straight_warning_2m_a_mirror.cgf
     11: objects/buildingsets/human/hightech/delta/int/roomsm_a/decal/decal_wall_arrow_a.cgf

[Materials]
      0: materials/decals/oil/oil_dirt

[Placements]
  #0 objects/buildingsets/human/hightech/delta/int/roomsm_a/decal/decal_stripe_corner90_a.cgf
    [-6.4012122785074649E-07, 1.0000000333766801, 1.3411038764295532E-07, 1.5000006053463721]
    [-1.0000000333765622, -6.4012116034918437E-07, -5.036629261418305E-07, 8.625]
    [-5.0366284029482869E-07, -1.341107100482307E-07, 1.000000033376758, 2.2500008732147307]
  #1 objects/buildingsets/human/hightech/delta/int/roomsm_a/decal/decal_stripe_straight_1m_a.cgf
    [-4.7153371075341039E-07, 0.99999997718083933, -4.3312587400768744E-07, -2.374999877476057]
    [-0.99999997718090461, -4.7153381400414936E-07, -2.384185310878136E-07, 9.2500001192092896]
    [-2.3841873532126467E-07, 4.3312576158524973E-07, 0.99999997718092215, 2.2499999513232396]
  #2 objects/buildingsets/human/hightech/delta/int/roomsm_a/decal/decal_stripe_straight_1m_a.cgf
    [2.0281583449513138E-07, -0.99999997718090838, 4.1822465286230827E-07, 1.4999998985920229]
    [0.999999977180977, 2.0281591543038802E-07, 1.9371500601045769E-07, 8.25]
    [-1.9371509083305449E-07, 4.1822461357382035E-07, 0.99999997718091016, 2.2500000968575478]
  #3 Objects/buildingsets/human/hightech/delta/int/roomsm_a/decal/decal_txt_warning_english_a.cgf
    [-0.99999995436186484, -5.3121780405752373E-08, -8.3671017529175566E-07, -2.5]
    [8.3671019502129356E-07, -3.7140309364945145E-07, -0.99999995436179712, 10.000000116467163]
    [5.3121469648968543E-08, -0.99999995436214573, 3.7140313772530351E-07, 3]
  #4 objects/buildingsets/human/hightech/delta/int/roomsm_a/decal/decal_stripe_straight_1m_a.cgf
    [0.99999999999982903, 3.9284996044381756E-07, -4.3312586648576064E-07, -0.62499886350497036]
    [-3.9285006370908473E-07, 0.99999999999989442, -2.3841855086823963E-07, 8.2499996792289494]
    [4.3312577282299662E-07, 2.3841872102172312E-07, 0.99999999999987776, 2.2500011349713418]
  #5 Objects/buildingsets/human/hightech/delta/int/roomsm_a/decal/decal_stripe_straight_warning_2m_a.cgf
    [5.9604493785061116E-08, -1.0000000596044287, -8.940696911709484E-07, -2.25]
    [5.9604387203644399E-08, 8.9406969472366229E-07, -1.0000000596044287, 10]
    [1.0000000596048266, 5.9604440494352757E-08, 5.9604440494352757E-08, 3]
  #6 objects/buildingsets/human/hightech/delta/int/roomsm_a/decal/decal_stripe_corner90_a.cgf
    [-6.4012116034918437E-07, 1.0000000333765622, -5.036629746002448E-07, -2.8750005819401849]
    [-1.0000000333766801, -6.4012122785074649E-07, -1.3411040933553982E-07, 9.250000885719146]
    [-1.3411073174084631E-07, 5.0366288875322902E-07, 1.000000033376758, 2.249998585870415]
  #7 Objects/buildingsets/human/hightech/delta/int/roomsm_a/decal/decal_stripe_indent_1m5_a.cgf
    [-1.1920929665620916E-07, -5.9604644775390691E-08, -1.0000000596046406, 2.9866477354772769]
    [-1.0000000596046406, 5.9604658986246253E-08, 1.1920929310349527E-07, 5.9175357298668132]
    [5.9604651880818472E-08, 1.0000000596046459, -5.9604651880818472E-08, 4.0456925707858362]
  #8 objects/buildingsets/human/hightech/delta/int/roomsm_a/decal/decal_stripe_straight_1m_a.cgf
    [-3.0294628513937172E-07, 0.99999997718088562, 4.1822471943423029E-07, 1.4999996673424221]
    [-0.99999997718095424, -3.0294636607462836E-07, 1.9371502953290642E-07, 7.9999999667538759]
    [1.9371515623254246E-07, -4.1822466074895332E-07, 0.99999997718091282, 2.2499998764427538]
  #9 Objects/buildingsets/human/hightech/delta/int/roomsm_a/decal/decal_stripe_straight_warning_2m_a.cgf
    [1.1920919718024169E-07, 0.9999999999998721, 7.152557301993567E-07, 2.2499999850988388]
    [1.1920938192135299E-07, -7.1525574441021142E-07, 0.9999999999998721, 4.000000074505806]
    [1.0000000000001208, -1.192091119151134E-07, -1.1920946718648128E-07, 3.000000014901139]
  #10 objects/buildingsets/human/hightech/delta/int/roomsm_a/decal/decal_stripe_straight_1m_a.cgf
    [0.99999999999982903, 3.9284996044381756E-07, -4.3312586648576064E-07, -0.62499931872787329]
    [-3.9285006370908473E-07, 0.99999999999989442, -2.3841855086823963E-07, 6.9999997283352968]
    [4.3312577282299662E-07, 2.3841872102172312E-07, 0.99999999999987776, 2.2500007441876946]
  #11 Objects/buildingsets/human/hightech/delta/int/roomsm_a/decal/decal_panel_a.cgf
    [-4.7153370736662687E-07, 3.3128040840100518E-07, -1.0000000333766672, 3.000000356942337]
    [5.1852960536030542E-08, 1.0000000333767769, 3.312803839506237E-07, 7.5051995871715462]
    [1.0000000333767207, -5.1852804326159511E-08, -4.7153372459507701E-07, 3.7135173510760069]
  #12 objects/buildingsets/human/hightech/delta/int/roomsm_a/decal/decal_stripe_straight_1m_a.cgf
    [0.99999999999982903, 3.9284996044381756E-07, -4.3312586648576064E-07, -1.1692140330463872]
    [-3.9285006370908473E-07, 0.99999999999989442, -2.3841855086823963E-07, 6.999999942129989]
    [4.3312577282299662E-07, 2.3841872102172312E-07, 0.99999999999987776, 2.2500005084742813]
  #13 Objects/buildingsets/human/hightech/delta/int/roomsm_a/decal/decal_panel_a.cgf
    [-4.7153370736662687E-07, 3.3128040840100518E-07, -1.0000000333766672, 3.0000000759569048]
    [5.1852960536030542E-08, 1.0000000333767769, 3.312803839506237E-07, 7.5051996180704919]
    [1.0000000333767207, -5.1852804326159511E-08, -4.7153372459507701E-07, 4.3094143103808165]
  #14 objects/buildingsets/human/hightech/delta/int/roomsm_a/decal/decal_stripe_straight_1m_a.cgf
    [-3.0294628513937172E-07, 0.99999997718088562, 4.1822471943423029E-07, 1.5000002682209015]
    [-0.99999997718095424, -3.0294636607462836E-07, 1.9371502953290642E-07, 7.0000001788139343]
    [1.9371515623254246E-07, -4.1822466074895332E-07, 0.99999997718091282, 2.2500000396115496]
  #15 objects/buildingsets/human/hightech/delta/int/roomsm_a/decal/decal_stripe_corner90_a.cgf
    [-0.99999999999999778, -7.0935622000796406E-07, -1.3411038579326123E-07, 2.5000000403597369]
    [7.093561524614517E-07, -0.99999999999987998, 5.036629225283834E-07, 9.8749992847442627]
    [-1.3411074306963735E-07, 5.0366282739622484E-07, 1.0000000000001223, 2.2499994963370114]
  #16 Objects/buildingsets/human/hightech/delta/int/roomsm_a/decal/decal_txt_warning_english_a.cgf
    [0.99999986478913094, 5.312176677611325E-08, 8.3670986986580837E-07, 2.5037432048931123]
    [-8.3670986272841017E-07, -1.343590635799384E-07, 0.9999998647891235, 3.9990308637109138]
    [5.3121879195663839E-08, -0.99999986478947211, -1.34359019132379E-07, 2.8754458427429199]
  #17 objects/buildingsets/human/hightech/delta/int/roomsm_a/decal/decal_stripe_straight_1m_a.cgf
    [-4.7153369728360008E-07, 1.0000000333766503, -4.3312588009264132E-07, 0.37500110143639631]
    [-1.0000000333767156, -4.7153380053434481E-07, -2.3841852623105138E-07, 7.9512959498001692]
    [-2.3841873046448803E-07, 4.3312576767021541E-07, 1.0000000333767332, 2.2500014968806417]
  #18 objects/buildingsets/human/hightech/delta/int/roomsm_a/decal/decal_stripe_straight_warning_1m_a.cgf
    [3.7140316107637821E-07, -1.0000000333766406, -5.0366325108449793E-07, -1.2464494646992534]
    [1.0000000333767449, 3.7140326799085903E-07, -2.1229872971630801E-07, 4.8401848493331272]
    [2.1229891677843778E-07, -5.0366317223603512E-07, 1.0000000333766867, 2.272259740752645]
  #19 objects/buildingsets/human/hightech/delta/int/roomsm_a/decal/decal_stripe_straight_1m_a.cgf
    [-3.0294628513937172E-07, 0.99999997718088562, 4.1822470938564031E-07, 2.0000003029463187]
    [-0.99999997718095424, -3.0294636607462836E-07, 1.9371503958149907E-07, 6.3749992400407791]
    [1.9371516628113209E-07, -4.1822465070036033E-07, 0.99999997718091282, 2.2499987365087293]
  #20 objects/buildingsets/human/hightech/delta/int/roomsm_a/decal/decal_stripe_straight_1m_a.cgf
    [0, 5.9604644775390691E-08, 1.0000000596046477, -3.4855246962091542]
    [1.0000000596046477, -5.9604644775390691E-08, 3.5527138905587543E-15, 7.7258220279204579]
    [5.9604644775390691E-08, 1.0000000596046459, -5.9604644775390691E-08, 3.5456925558846804]
  #21 objects/buildingsets/human/hightech/delta/int/roomsm_a/decal/decal_stripe_straight_1m_a.cgf
    [0.99999999999982903, 3.9284996044381756E-07, -4.3312586648576064E-07, -2.2499988635049704]
    [-3.9285006370908473E-07, 0.99999999999989442, -2.3841855086823963E-07, 8.2500003176103291]
    [4.3312577282299662E-07, 2.3841872102172312E-07, 0.99999999999987776, 2.2500004311419843]
  #22 Objects/buildingsets/human/hightech/delta/int/roomsm_a/decal/decal_panel_c.cgf
    [-3.5762793260120776E-07, -2.3841855778529229E-07, -0.99999999999995737, 2.9999999791040182]
    [-0.99999999999997868, 1.1920933218335132E-07, 3.5762790417949833E-07, 6.6514603495597839]
    [1.1920924691822303E-07, 1.0000000000000142, -2.3841860041785643E-07, 3.5648345462977886]
  #23 Objects/buildingsets/human/hightech/delta/int/roomsm_a/decal/decal_stripe_indent_4m_a.cgf
    [0, 1.192092895507821E-07, 1, -3]
    [1, -1.192092895507821E-07, 1.4210854715202105E-14, 5.75]
    [1.192092895507821E-07, 0.99999999999999289, -1.192092895507821E-07, 4.8749998956918716]
  #24 Objects/buildingsets/human/hightech/delta/int/roomsm_a/decal/decal_panel_a.cgf
    [-1.192093816993171E-07, 1.0000000298021772, 8.0466272589522731E-07, 2.5718337909693219]
    [2.3841879326363445E-07, -8.0466269736249473E-07, 1.0000000298021559, 3.9990308320441272]
    [1.0000000298024725, 1.1920957365688377E-07, -2.3841869722933997E-07, 3.3074702769517899]
  #25 Objects/buildingsets/human/hightech/delta/int/roomsm_a/decal/decal_panel_a.cgf
    [5.9604252200552762E-08, -0.99999997019774889, -5.0663948403261312E-07, -2.5874280005098171]
    [-7.1525593703394706E-07, 5.0663944128902794E-07, -0.99999997019749487, 9.9993306754283822]
    [0.99999997019762144, 5.9604614688359496E-08, -7.1525590694690394E-07, 3.8240256879266781]
  #26 objects/buildingsets/human/hightech/delta/int/roomsm_a/decal/decal_stripe_straight_1m_a.cgf
    [-3.0294628513937172E-07, 0.99999997718088562, 4.1822470938564031E-07, 2.0000006058926374]
    [-0.99999997718095424, -3.0294636607462836E-07, 1.9371503958149907E-07, 7.3749992400407791]
    [1.9371516628113209E-07, -4.1822465070036033E-07, 0.99999997718091282, 2.2499985427935485]
  #27 objects/buildingsets/human/hightech/delta/int/roomsm_a/decal/decal_stripe_straight_1m_a.cgf
    [-3.0294628513937172E-07, 0.99999997718088562, 4.1822470938564031E-07, 2.0000006816292171]
    [-0.99999997718095424, -3.0294636607462836E-07, 1.9371503958149907E-07, 7.6249992400407791]
    [1.9371516628113209E-07, -4.1822465070036033E-07, 0.99999997718091282, 2.2499984943647533]
  #28 objects/buildingsets/human/hightech/delta/int/roomsm_a/decal/decal_stripe_straight_1m_a.cgf
    [-4.7153371075341039E-07, 0.99999997718083933, -4.3312587400768744E-07, -2.3749995827674866]
    [-0.99999997718090461, -4.7153381400414936E-07, -2.384185310878136E-07, 9.8750001192092896]
    [-2.3841873532126467E-07, 4.3312576158524973E-07, 0.99999997718092215, 2.2500001003349652]
  #29 Objects/buildingsets/human/hightech/delta/int/roomsm_a/decal/decal_stripe_straight_2m_a.cgf
    [0, 1.192092895507821E-07, 1, -3]
    [1, -1.192092895507821E-07, 1.4210854715202105E-14, 4.125]
    [1.192092895507821E-07, 0.99999999999999289, -1.192092895507821E-07, 4.8749998062849045]
  #30 objects/buildingsets/human/hightech/delta/int/roomsm_a/decal/decal_stripe_corner90_a.cgf
    [0.99999999999980715, 6.06439220640915E-07, -1.3411036907834688E-07, -2.1250000053033773]
    [-6.0643915309437828E-07, 0.99999999999968936, 5.0366325668762522E-07, 4.3750006556510925]
    [1.3411067451945808E-07, -5.0366317535774953E-07, 0.99999999999986422, 2.24999972320974]
  #31 objects/buildingsets/human/hightech/delta/int/roomsm_a/decal/decal_stripe_corner90_a.cgf
    [-0.99999999999987998, -7.093561524614372E-07, -5.0366303621503615E-07, -1.8750001349053491]
    [7.093562200079792E-07, -0.99999999999999778, -1.341104142149823E-07, 9.8750002660085556]
    [-5.0366294108285748E-07, -1.3411077149143906E-07, 1.0000000000001223, 2.2499991733525633]
  #32 objects/buildingsets/human/hightech/delta/int/roomsm_a/decal/decal_stripe_straight_warning_1m_a.cgf
    [0.99999999999982148, 3.2165354806802165E-07, -5.036633070094454E-07, -1.2464487286347321]
    [-3.216536549951376E-07, 0.99999999999992573, -2.1229873396964769E-07, 8.0660487530940372]
    [5.0366323872276706E-07, 2.1229889597475334E-07, 0.99999999999985068, 2.2722602184251457]
  #33 objects/buildingsets/human/hightech/delta/int/roomsm_a/decal/decal_stripe_straight_1m_a.cgf
    [-3.0294628513937172E-07, 0.99999997718088562, 4.1822470938564031E-07, 2]
    [-0.99999997718095424, -3.0294636607462836E-07, 1.9371503958149907E-07, 5.3749992400407791]
    [1.9371516628113209E-07, -4.1822465070036033E-07, 0.99999997718091282, 2.2499989302239101]
  #34 objects/buildingsets/human/hightech/delta/int/roomsm_a/decal/decal_stripe_straight_1m_a.cgf
    [3.7140318705649304E-07, -0.99999997718087708, -4.3312586395908989E-07, -1.124999678465997]
    [0.99999997718094236, 3.7140329030723201E-07, -2.3841852789855435E-07, 5.9999999071492311]
    [2.3841868876289017E-07, -4.331257754096446E-07, 0.99999997718091771, 2.2500003819663519]
  #35 objects/buildingsets/human/hightech/delta/int/roomsm_a/decal/decal_stripe_straight_1m_a.cgf
    [3.7140318705649304E-07, -0.99999997718087708, -4.3312586395908989E-07, -1.1249999105930328]
    [0.99999997718094236, 3.7140329030723201E-07, -2.3841852789855435E-07, 5.3749999071492311]
    [2.3841868876289017E-07, -4.331257754096446E-07, 0.99999997718091771, 2.2500002329546689]
  #36 objects/buildingsets/human/hightech/delta/int/roomsm_a/decal/decal_stripe_straight_1m_a.cgf
    [0.99999999999982903, 3.9284996044381756E-07, -4.3312586648576064E-07, -1.3749988635049704]
    [-3.9285006370908473E-07, 0.99999999999989442, -2.3841855086823963E-07, 8.2499999738665792]
    [4.3312577282299662E-07, 2.3841872102172312E-07, 0.99999999999987776, 2.2500008101270339]
  #37 objects/buildingsets/human/hightech/delta/int/roomsm_a/decal/decal_stripe_straight_1m_a.cgf
    [-4.7153369728360008E-07, 1.0000000333766503, -4.3312588009264132E-07, 0.37500126215525142]
    [-1.0000000333767156, -4.7153380053434481E-07, -2.3841852623105138E-07, 8.2921339984072802]
    [-2.3841873046448803E-07, 4.3312576767021541E-07, 1.0000000333767332, 2.2500015781428138]
  #38 objects/buildingsets/human/hightech/delta/int/roomsm_a/decal/decal_stripe_straight_warning_1m_a.cgf
    [3.7140316107637821E-07, -1.0000000333766406, -5.0366325108449793E-07, -1.2464494646992534]
    [1.0000000333767449, 3.7140326799085903E-07, -2.1229872971630801E-07, 5.8160488425010044]
    [2.1229891677843778E-07, -5.0366317223603512E-07, 1.0000000333766867, 2.272259740752645]
  #39 objects/buildingsets/human/hightech/delta/int/roomsm_a/decal/decal_stripe_straight_1m_a.cgf
    [0.99999999999995182, 2.159933722833867E-07, 2.2310207368613119E-07, 2.2500000065887207]
    [-2.1599327683531191E-07, 0.9999999999998852, -4.27822381190659E-07, 7.6250000809975518]
    [-2.2310216609290443E-07, 4.2782233300209045E-07, 0.99999999999988365, 2.2500003944320213]
  #40 Objects/buildingsets/human/hightech/delta/int/roomsm_a/decal/decal_stripe_straight_warning_2m_a_mirror.cgf
    [5.9604493785061116E-08, -1.0000000596044287, -8.940696911709484E-07, 2.25]
    [5.9604387203644399E-08, 8.9406969472366229E-07, -1.0000000596044287, 10]
    [1.0000000596048266, 5.9604440494352757E-08, 5.9604440494352757E-08, 3]
  #41 objects/buildingsets/human/hightech/delta/int/roomsm_a/decal/decal_stripe_straight_1m_a.cgf
    [0.99999999999982903, 3.9284996044381756E-07, -4.3312586648576064E-07, 1.9999997615814209]
    [-3.9285006370908473E-07, 0.99999999999989442, -2.3841855086823963E-07, 4.3749987597598192]
    [4.3312577282299662E-07, 2.3841872102172312E-07, 0.99999999999987776, 2.2500013480540773]
  #42 Objects/buildingsets/human/hightech/delta/int/roomsm_a/decal/decal_stripe_straight_warning_2m_a_mirror.cgf
    [1.1920919718024169E-07, 0.9999999999998721, 7.152557301993567E-07, -2.2500000149011612]
    [1.1920938192135299E-07, -7.1525574441021142E-07, 0.9999999999998721, 3.9999999850988388]
    [1.0000000000001208, -1.192091119151134E-07, -1.1920946718648128E-07, 3]
  #43 objects/buildingsets/human/hightech/delta/int/roomsm_a/decal/decal_stripe_straight_1m_a.cgf
    [0.99999999999995182, 2.159933722833867E-07, 2.2310207368613119E-07, 2.2500000065887207]
    [-2.1599327683531191E-07, 0.9999999999998852, -4.27822381190659E-07, 9.8750000809975518]
    [-2.2310216609290443E-07, 4.2782233300209045E-07, 0.99999999999988365, 2.2500003944320213]
  #44 objects/buildingsets/human/hightech/delta/int/roomsm_a/decal/decal_stripe_straight_1m_a.cgf
    [-3.0294628513937172E-07, 0.99999997718088562, 4.1822471943423029E-07, 1.5000000410111625]
    [-0.99999997718095424, -3.0294636607462836E-07, 1.9371502953290642E-07, 6.2500001788139343]
    [1.9371515623254246E-07, -4.1822466074895332E-07, 0.99999997718091282, 2.2500001848979281]
  #45 objects/buildingsets/human/hightech/delta/int/roomsm_a/decal/decal_stripe_corner90_a.cgf
    [-6.4012116034918437E-07, 1.0000000333765622, -5.036631755720928E-07, 1.5000006402694908]
    [-1.0000000333766801, -6.4012122785074649E-07, -1.341104495298398E-07, 5.3749997019767761]
    [-1.3411077193527485E-07, 5.036630897250514E-07, 1.000000033376758, 2.2499997816961503]
  #46 objects/buildingsets/human/hightech/delta/int/roomsm_a/decal/decal_wall_arrow_a.cgf
    [3.7140330007717927E-07, -0.99999997718093014, 0, 2.1250000161288654]
    [0.99999997718093014, 3.7140330007717927E-07, 0, 2.6684268563985825]
    [0, 0, 0.99999997718099909, 2]
  #47 objects/buildingsets/human/hightech/delta/int/roomsm_a/decal/decal_wall_arrow_a.cgf
    [-4.7153368784668489E-07, 1.0000000333767036, 0, -2.1258220499298659]
    [-1.0000000333767036, -4.7153368784668489E-07, -0, 3.0955716494631815]
    [-0, 0, 1.0000000333768146, 2]
  #48 objects/buildingsets/human/hightech/delta/int/roomsm_a/decal/decal_wall_arrow_a.cgf
    [3.7140330007717927E-07, -0.99999997718093014, 0, 2.1249999414797003]
    [0.99999997718093014, 3.7140330007717927E-07, 0, 2.4674346446990967]
    [0, 0, 0.99999997718099909, 2]
  #49 objects/buildingsets/human/hightech/delta/int/roomsm_a/decal/decal_wall_arrow_a.cgf
    [-4.7153368784668489E-07, 1.0000000333767036, 0, -2.125822124579031]
    [-1.0000000333767036, -4.7153368784668489E-07, -0, 2.8945794377636958]
    [-0, 0, 1.0000000333768146, 2]
