# IncludedObjects
# Cgfs: 17, Materials: 1, Palettes: 6, Placements: 26

[CGFs]
      0: objects/buildingsets/human/universal/prop/utility/trench/trench_cover_1_d.cgf
      1: objects/buildingsets/human/lowtech/prop/storage/tank/tank_water_3_0125x0125x0125_a.cgf
      2: objects/buildingsets/human/lowtech/alpha/int/roomsm/partition/partition_wall_addon_001_a.cgf
      3: objects/buildingsets/human/lowtech/prop/utilitarian/improvised/improvised_panel_3_b.cgf
      4: objects/buildingsets/human/lowtech/bravo/int/walkway/addon/walkway_addon_railing_panel_c.cgf
      5: objects/buildingsets/human/lowtech/prop/vehicle/trolley/trolley_cargo_4_a.cgf
      6: objects/buildingsets/human/lowtech/alpha/int/roomsm/partition/partition_wall_4m_001_a.cgf
      7: objects/buildingsets/human/colonialism/col_a/ext/addons/col_a_ext_adn_floorplate_metal_1x4m_c.cgf
      8: objects/buildingsets/human/lowtech/prop/utilitarian/improvised/improvised_tarp_1_f.cgf
      9: objects/buildingsets/human/lowtech/alpha/int/roomsm/partition/partition_wall_addon_001_b.cgf
     10: objects/buildingsets/human/lowtech/prop/utilitarian/improvised/improvised_cablespool_1_b.cgf
     11: objects/buildingsets/human/lowtech/prop/storage/tank/tank_water_1_05x025x025_a.cgf
     12: objects/buildingsets/human/lowtech/prop/storage/tank/tank_water_2_05x025x025_a.cgf
     13: objects/buildingsets/human/universal/prop/utility/trench/trench_cover_1_b.cgf
     14: objects/buildingsets/human/lowtech/prop/utilitarian/improvised/improvised_cablespool_1_c.cgf
     15: objects/buildingsets/human/lowtech/prop/utilitarian/improvised/improvised_cablespool_1_a.cgf
     16: objects/buildingsets/human/lowtech/alpha/int/roomsm/partition/partition_wall_2m_001_a.cgf

[Materials]
      0: materials/decals/dirty_rust/dirty_rust_c

[Palettes]
      0: Libs/Foundry/Records/TintPalettes/Generic/gen_grey_darkgrey_lightteal_a<333>
      1: Libs/Foundry/Records/TintPalettes/default
      2: Libs/Foundry/Records/TintPalettes/Generic/gen_grey_darkgrey_lightteal_a<231>
      3: Libs/Foundry/Records/TintPalettes/Generic/gen_darkgrey_white_orange_a
      4: Libs/Foundry/Records/TintPalettes/generic/gen_yellow
      5: Libs/Foundry/Records/TintPalettes/Generic/gen_grey_darkgrey_yellow

[Placements]
  #0 objects/buildingsets/human/universal/prop/utility/trench/trench_cover_1_d.cgf
    [-0.02617292604659784, -0.74954304211591660, 0.00000000000000000, -1.39068300000008094]
    [0.74954304211591660, -0.02617292604659784, 0.00000000000000000, -0.03223200000002180]
    [0.00000000000000000, 0.00000000000000000, 0.74999986269480290, 2.53045499999998924]
  #1 objects/buildingsets/human/lowtech/prop/storage/tank/tank_water_3_0125x0125x0125_a.cgf
    [-1.00000000000000000, 0.00000000000000000, 0.00000000000000000, 5.63695600000005470]
    [0.00000000000000000, -1.00000000000000000, 0.00000000000000000, -0.65171999999984109]
    [0.00000000000000000, 0.00000000000000000, 1.00000000000000000, 0.00000000000000000]
  #2 objects/buildingsets/human/lowtech/alpha/int/roomsm/partition/partition_wall_addon_001_a.cgf
    [0.59771677861473127, 0.05229417216245124, 0.00000000000000000, 2.59813499999995656]
    [-0.05229417216245124, 0.59771677861473127, -0.00000000000000000, 1.53953400000000329]
    [-0.00000000000000000, 0.00000000000000000, 0.60000002323310597, 0.00000000000000000]
  #3 objects/buildingsets/human/lowtech/prop/utilitarian/improvised/improvised_panel_3_b.cgf
    [0.12186943568311163, 0.99254637732629858, 0.00000000000000000, 0.36595600000009654]
    [-0.99254637732629858, 0.12186943568311163, -0.00000000000000000, 2.15682699999979377]
    [-0.00000000000000000, 0.00000000000000000, 1.00000023524861192, 0.00000000000000000]
  #4 objects/buildingsets/human/lowtech/bravo/int/walkway/addon/walkway_addon_railing_panel_c.cgf
    [-0.89348101615905751, 0.00000000000000000, 0.00000000000000000, 3.16498799999999392]
    [0.00000000000000000, -0.89348101615905751, 0.00000000000000000, 0.00000000000000000]
    [0.00000000000000000, 0.00000000000000000, 0.89348101615905751, 2.46123399999999037]
  #5 objects/buildingsets/human/lowtech/prop/vehicle/trolley/trolley_cargo_4_a.cgf
    [0.69465714209521667, 0.71933821211143467, 0.00000000000000000, -2.08056600000008984]
    [-0.71933821211143467, 0.69465714209521667, -0.00000000000000000, 3.15727500000002692]
    [-0.00000000000000000, 0.00000000000000000, 0.99999800423179330, 0.00000000000000000]
  #6 objects/buildingsets/human/lowtech/alpha/int/roomsm/partition/partition_wall_4m_001_a.cgf
    [0.60000002384185791, 0.00000000000000000, 0.00000000000000000, -2.93170899999995527]
    [0.00000000000000000, 0.60000002384185791, 0.00000000000000000, -1.24189699999988079]
    [0.00000000000000000, 0.00000000000000000, 0.60000002384185791, 0.00000000000000000]
  #7 objects/buildingsets/human/colonialism/col_a/ext/addons/col_a_ext_adn_floorplate_metal_1x4m_c.cgf
    [0.01745309304552951, -0.99984796727091496, 0.00000000000000000, -2.77894700000001649]
    [0.99984796727091496, 0.01745309304552951, 0.00000000000000000, -1.80126699999982520]
    [0.00000000000000000, 0.00000000000000000, 1.00000028405627805, -0.06250000000000000]
  #8 objects/buildingsets/human/lowtech/prop/utilitarian/improvised/improvised_tarp_1_f.cgf
    [-0.75000000000000000, 0.00000000000000000, 0.00000000000000000, -3.54980399999999463]
    [0.00000000000000000, -0.75000000000000000, 0.00000000000000000, 1.32973799999990661]
    [0.00000000000000000, 0.00000000000000000, 0.75000000000000000, 2.55698000000001002]
  #9 objects/buildingsets/human/colonialism/col_a/ext/addons/col_a_ext_adn_floorplate_metal_1x4m_c.cgf
    [-0.01745396026359163, -0.99984796222583483, 0.00000000000000000, 1.26089900000010857]
    [0.99984796222583483, -0.01745396026359163, 0.00000000000000000, -1.84176399999978457]
    [0.00000000000000000, 0.00000000000000000, 1.00000029414797553, -0.06250000000000000]
  #10 objects/buildingsets/human/lowtech/bravo/int/walkway/addon/walkway_addon_railing_panel_c.cgf
    [-0.89348101615905751, 0.00000000000000000, 0.00000000000000000, -3.16101800000001276]
    [0.00000000000000000, -0.89348101615905751, 0.00000000000000000, 0.00000000000000000]
    [0.00000000000000000, 0.00000000000000000, 0.89348101615905751, 2.46123399999999037]
  #11 objects/buildingsets/human/lowtech/alpha/int/roomsm/partition/partition_wall_addon_001_b.cgf
    [0.06271646492677684, 0.59671349372641436, 0.00000000000000000, 5.05746599999997670]
    [-0.59671349372641436, 0.06271646492677684, -0.00000000000000000, 1.32570200000009208]
    [-0.00000000000000000, 0.00000000000000000, 0.60000029047334236, 0.00000000000000000]
  #12 objects/buildingsets/human/lowtech/prop/utilitarian/improvised/improvised_cablespool_1_b.cgf
    [0.61566174521430672, -0.78801047190090678, 0.00000000000000000, -0.81415999999990163]
    [0.78801047190090678, 0.61566174521430672, 0.00000000000000000, -1.66407200000003286]
    [0.00000000000000000, 0.00000000000000000, 0.99999994417290627, 0.06250000000000000]
  #13 objects/buildingsets/human/lowtech/alpha/int/roomsm/partition/partition_wall_addon_001_a.cgf
    [-0.59671487497709363, 0.06271603095113845, 0.00000000000000000, 2.58149600000001556]
    [-0.06271603095113845, -0.59671487497709363, 0.00000000000000000, 1.54292200000008961]
    [0.00000000000000000, 0.00000000000000000, 0.60000161879547687, 0.00000000000000000]
  #14 objects/buildingsets/human/lowtech/prop/utilitarian/improvised/improvised_panel_3_b.cgf
    [0.73077693742949190, 0.16871597697058846, 0.00000000000000000, 1.49814500000002226]
    [-0.16871597697058846, 0.73077693742949190, -0.00000000000000000, 0.06371600000011313]
    [-0.00000000000000000, 0.00000000000000000, 0.75000000877597839, 2.53045499999998924]
  #15 objects/buildingsets/human/lowtech/prop/storage/tank/tank_water_1_05x025x025_a.cgf
    [-0.00000064012100026, 1.00000042674731060, 0.00000000000000000, -2.50000000000000000]
    [-1.00000042674731060, -0.00000064012100026, -0.00000000000000000, 0.00000000000000000]
    [-0.00000000000000000, 0.00000000000000000, 1.00000042674751533, 0.00000000000000000]
  #16 objects/buildingsets/human/lowtech/prop/storage/tank/tank_water_2_05x025x025_a.cgf
    [-0.00000064012100026, 1.00000042674731060, 0.00000000000000000, 2.50000000000000000]
    [-1.00000042674731060, -0.00000064012100026, -0.00000000000000000, 0.00000000000000000]
    [-0.00000000000000000, 0.00000000000000000, 1.00000042674751533, 0.00000000000000000]
  #17 objects/buildingsets/human/universal/prop/utility/trench/trench_cover_1_b.cgf
    [-0.21927673001446960, -0.71722926307048529, 0.00000000000000000, 4.21496299999989787]
    [0.71722926307048529, -0.21927673001446960, 0.00000000000000000, -1.97954299999992145]
    [0.00000000000000000, 0.00000000000000000, 0.75000006675364361, 0.00000000000000000]
  #18 objects/buildingsets/human/lowtech/prop/utilitarian/improvised/improvised_cablespool_1_c.cgf
    [0.61566174521430672, -0.78801047190090678, 0.00000000000000000, -1.88110499999993408]
    [0.78801047190090678, 0.61566174521430672, 0.00000000000000000, -1.64266600000019025]
    [0.00000000000000000, 0.00000000000000000, 0.99999994417290627, 0.06250000000000000]
  #19 objects/buildingsets/human/lowtech/alpha/int/roomsm/partition/partition_wall_4m_001_a.cgf
    [0.59771677861473127, 0.05229417216245124, 0.00000000000000000, 2.59813499999995656]
    [-0.05229417216245124, 0.59771677861473127, -0.00000000000000000, 1.53953400000000329]
    [-0.00000000000000000, 0.00000000000000000, 0.60000002323310597, 0.00000000000000000]
  #20 objects/buildingsets/human/lowtech/alpha/int/roomsm/partition/partition_wall_addon_001_b.cgf
    [0.06271646492677684, 0.59671349372641436, 0.00000000000000000, 5.17578000000003158]
    [-0.59671349372641436, 0.06271646492677684, -0.00000000000000000, 0.20001400000001013]
    [-0.00000000000000000, 0.00000000000000000, 0.60000029047334236, 0.00000000000000000]
  #21 objects/buildingsets/human/lowtech/prop/utilitarian/improvised/improvised_cablespool_1_a.cgf
    [0.48329448613960263, -0.61858824110860877, 0.00000000000000000, -0.81415999999990163]
    [0.61858824110860877, 0.48329448613960263, 0.00000000000000000, -1.66407200000003286]
    [0.00000000000000000, 0.00000000000000000, 0.78499998240177360, 0.79554999999999154]
  #22 objects/buildingsets/human/lowtech/alpha/int/roomsm/partition/partition_wall_4m_001_a.cgf
    [-0.59671487497709363, 0.06271603095113845, 0.00000000000000000, 2.58149600000001556]
    [-0.06271603095113845, -0.59671487497709363, 0.00000000000000000, 1.54292200000008961]
    [0.00000000000000000, 0.00000000000000000, 0.60000161879547687, 0.00000000000000000]
  #23 objects/buildingsets/human/lowtech/alpha/int/roomsm/partition/partition_wall_2m_001_a.cgf
    [0.06271646492677684, 0.59671349372641436, 0.00000000000000000, 5.05414399999995112]
    [-0.59671349372641436, 0.06271646492677684, -0.00000000000000000, 1.35731299999997646]
    [-0.00000000000000000, 0.00000000000000000, 0.60000029047334236, 0.00000000000000000]
  #24 objects/buildingsets/human/lowtech/prop/utilitarian/improvised/improvised_panel_3_b.cgf
    [0.12186943568311163, 0.99254637732629858, 0.00000000000000000, 1.01232899999990877]
    [-0.99254637732629858, 0.12186943568311163, -0.00000000000000000, -1.81665000000020882]
    [-0.00000000000000000, 0.00000000000000000, 1.00000023524861192, 0.06250000000000000]
  #25 objects/buildingsets/human/lowtech/bravo/int/walkway/addon/walkway_addon_railing_panel_c.cgf
    [-0.89348101615905751, 0.00000000000000000, 0.00000000000000000, 0.00347299999998540]
    [0.00000000000000000, -0.89348101615905751, 0.00000000000000000, 0.00000000000000000]
    [0.00000000000000000, 0.00000000000000000, 0.89348101615905751, 2.46123399999999037]
