# IncludedObjects
# Cgfs: 21, Materials: 15, Palettes: 1, Placements: 79

[CGFs]
      0: objects/buildingsets/human/lowtech/prop/light/light_panel_1_a.cgf
      1: objects/buildingsets/human/lowtech/alpha/ext/light_fixture/light_fixture_circular_b.cgf
      2: objects/buildingsets/human/lowtech/prop/utilitarian/sign/sign_advert_2_4x1_screen_a.cgf
      3: objects/buildingsets/human/lowtech/alpha/int/universal/prop/prop_light_round_a.cgf
      4: objects/buildingsets/human/lowtech/alpha/int/roomsm/lights/roomsm_light_celing_a.cgf
      5: objects/buildingsets/human/brand/decal/number/primary_number_9.cgf
      6: objects/buildingsets/human/brand/decal/logo/primary_logo_large.cgf
      7: objects/buildingsets/human/brand/decal/ident/secondary_ident_arrow_c.cgf
      8: objects/buildingsets/human/brand/decal/number/primary_number_2.cgf
      9: objects/buildingsets/human/lowtech/alpha/ext/transit/a18_shuttle/a18_shuttle_ext_glass_a.cgf
     10: objects/buildingsets/human/lowtech/bravo/int/prop/light/light_fluorescent_f.cgf
     11: objects/buildingsets/human/universal/prop/dressing/poster/poster_universal_1_portrait_a.cgf
     12: objects/buildingsets/human/lowtech/alpha/ext/transit/a18_shuttle/a18_shuttle_car_a.cgf
     13: objects/buildingsets/human/lowtech/prop/utilitarian/sign/sign_advert_2_1x4_a.cgf
     14: objects/buildingsets/human/lowtech/alpha/ext/transit/a18_shuttle/a18_shuttle_center_a.cgf
     15: objects/buildingsets/human/lowtech/prop/utilitarian/sign/sign_advert_2_4x1_screen_c.cgf
     16: objects/buildingsets/human/lowtech/alpha/ext/transit/a18_shuttle/a18_shuttle_end_a.cgf
     17: objects/buildingsets/human/lowtech/prop/utilitarian/sign/sign_advert_2_16x9_screen_c.cgf
     18: objects/buildingsets/human/lowtech/prop/utilitarian/sign/sign_advert_2_16x9_a.cgf
     19: objects/buildingsets/human/lowtech/alpha/ext/light_fixture/light_fixture_rectangular_a.cgf
     20: objects/buildingsets/human/lowtech/prop/utilitarian/sign/sign_advert_2_16x9_screen_a.cgf

[Materials]
      0: objects/buildingsets/human/lowtech/alpha/ext/lowtech_alpha_ext_a_lorville_train
      1: objects/buildingsets/human/brand/cruz/pulse/ad_sml_flat_4x1_hrz_cruz_pulse_a
      2: objects/buildingsets/human/brand/astro_armada/ad_sml_flat_4x1_hrz_astro_armada_a_
      3: objects/buildingsets/human/brand/whammers/ad_sml_flat_4x1_hrz_whammers_a
      4: objects/buildingsets/human/brand/arccorp/arccorp_brand_a
      5: objects/buildingsets/human/lowtech/alpha/ext/lowtech_alpha_ext_a_a18
      6: objects/buildingsets/human/universal/prop/dressing/poster/poster_election_1_d
      7: objects/buildingsets/human/universal/prop/dressing/poster/poster_election_1_a
      8: objects/buildingsets/human/universal/prop/dressing/poster/poster_election_1_e
      9: objects/buildingsets/human/universal/prop/dressing/poster/poster_election_1_b
     10: objects/buildingsets/human/universal/prop/dressing/poster/poster_election_1_c
     11: objects/buildingsets/human/brand/torpedo_burrito/ad_sml_flat_16x9_hrz_torp_burrito_a
     12: objects/buildingsets/human/brand/gelbees/textures/ad_sml_flat_16x9_hrz_gelbees_a
     13: objects/buildingsets/human/lowtech/prop/screen/screen_advert_1_apollo_16x9_a
     14: objects/buildingsets/human/lowtech/prop/screen/screen_advert_1_vulture_16x9_a

[Palettes]
      0: Libs/Foundry/Records/TintPalettes/default

[Placements]
  #0 objects/buildingsets/human/lowtech/prop/light/light_panel_1_a.cgf
    [0.00000137124711757, -0.84804741438517606, -0.52992015948731686, 1.56068099999998822]
    [0.99999989623515773, 0.00000247379771390, -0.00000137124577498, 5.80449400000000537]
    [0.00000247379696972, -0.52992015948331683, 0.84804741438517617, -2.36775599999999997]
  #1 objects/buildingsets/human/lowtech/prop/light/light_panel_1_a.cgf
    [-0.00000092387980423, -0.35355415267542895, -0.35355310432314274, -2.23029999999999973]
    [-0.50000033645031194, 0.00000092387966789, 0.00000038268287913, -11.37839200000000517]
    [0.00000038268254947, 0.35355310432314274, -0.35355415267642881, 2.17238800000000021]
  #2 objects/buildingsets/human/lowtech/prop/light/light_panel_1_a.cgf
    [-0.00000092387980423, -0.35355415267542895, -0.35355310432314274, -2.23029700000000730]
    [-0.50000033645031194, 0.00000092387966789, 0.00000038268287913, 11.27371899999998561]
    [0.00000038268254947, 0.35355310432314274, -0.35355415267642881, 2.19766500000000020]
  #3 objects/buildingsets/human/lowtech/alpha/ext/light_fixture/light_fixture_circular_b.cgf
    [-0.00000000000000006, 0.50000042674733347, 0.00000000000000011, 2.33833500000000072]
    [-0.00000032006063641, 0.00000000000000006, -0.50000042674723100, 2.24999999999998579]
    [-0.50000042674723100, 0.00000000000000000, 0.00000032006063635, 0.25000000000000000]
  #4 objects/buildingsets/human/lowtech/prop/light/light_panel_1_a.cgf
    [0.69465656937624087, -0.71934202698047789, -0.00000021646224591, -1.86666399999998589]
    [0.00000086749337878, 0.00000053680674612, 1.00000035057841674, -10.30170599999999581]
    [-0.71934202697998739, -0.69465656937606679, 0.00000099692042874, -1.35080099999999992]
  #5 objects/buildingsets/human/lowtech/alpha/ext/light_fixture/light_fixture_circular_b.cgf
    [-0.00000000000000008, -0.50000021337375777, -0.00000000000000008, -2.33692299999998454]
    [-0.00000032006050002, -0.00000000000000019, 0.50000021337365530, -2.25000000000000711]
    [-0.50000021337365530, -0.00000000000000003, -0.00000032006050013, 0.25000000000000000]
  #6 objects/buildingsets/human/lowtech/prop/utilitarian/sign/sign_advert_2_4x1_screen_a.cgf
    [-0.00000000000000010, -0.45625901222229004, 0.00000000000000000, 2.24619700000000222]
    [0.45625901222229004, -0.00000000000000010, 0.00000000000000000, -5.87500199999998074]
    [0.00000000000000000, 0.00000000000000000, 0.45625901222229004, 0.32919499999999990]
  #7 objects/buildingsets/human/lowtech/alpha/int/universal/prop/prop_light_round_a.cgf
    [-0.00000113555104484, -0.59671221574266420, -0.06271833589284530, -0.02029400000000692]
    [-0.59999921505956744, 0.00000126116006357, -0.00000113555117843, -7.12715200000000237]
    [0.00000126116018363, 0.06271833589044530, -0.59671221574266409, -2.36339999999999995]
  #8 objects/buildingsets/human/lowtech/alpha/ext/light_fixture/light_fixture_circular_b.cgf
    [-0.00000000000000008, -0.50000021337375777, -0.00000000000000008, -2.33692299999998454]
    [-0.00000032006050002, -0.00000000000000019, 0.50000021337365530, 2.24999999999997158]
    [-0.50000021337365530, -0.00000000000000003, -0.00000032006050013, 0.25000000000000000]
  #9 objects/buildingsets/human/lowtech/prop/light/light_panel_1_a.cgf
    [0.49999969189775978, -0.00000002765564197, -0.00000031611318987, 0.23881000000000085]
    [0.00000031732063176, 0.04357646853186588, 0.49809716249758540, 0.86495500000002323]
    [-0.00000000000020064, -0.49809716249768576, 0.04357646853187466, -2.13328199999999990]
  #10 objects/buildingsets/human/lowtech/prop/light/light_panel_1_a.cgf
    [-0.00000000495730098, -0.11329847825544834, -1.29505344578818105, 0.02139999999997144]
    [1.06489819724356805, 0.74281135990035574, -0.06498527320265989, 12.66374799999998402]
    [0.74564857817221131, -1.06084622403571061, 0.09280872503044059, -1.89215800000000001]
  #11 objects/buildingsets/human/lowtech/prop/light/light_panel_1_a.cgf
    [0.69465656937624087, -0.71934202698047789, -0.00000021646224591, -1.86666400000001431]
    [0.00000086749337878, 0.00000053680674612, 1.00000035057841674, 10.32090800000000286]
    [-0.71934202697998739, -0.69465656937606679, 0.00000099692042874, -1.35080099999999992]
  #12 objects/buildingsets/human/lowtech/alpha/int/roomsm/lights/roomsm_light_celing_a.cgf
    [-0.49999999999999978, 0.00000000000000000, -0.00000000000000008, -0.01737100000002556]
    [-0.00000000000000008, 0.00000000000000011, 0.49999999999999989, 13.83383499999997923]
    [0.00000000000000000, 0.49999999999999989, 0.00000000000000011, -0.71497500000000003]
  #13 objects/buildingsets/human/lowtech/prop/light/light_panel_1_a.cgf
    [0.00000137124711757, -0.84804741438517606, -0.52992015948731686, 1.56068100000000243]
    [0.99999989623515773, 0.00000247379771390, -0.00000137124577498, -5.80223200000001071]
    [0.00000247379696972, -0.52992015948331683, 0.84804741438517617, -2.36775599999999997]
  #14 objects/buildingsets/human/lowtech/prop/light/light_panel_1_a.cgf
    [0.00000249675206386, -0.11329667594670850, -1.29505323503612835, 0.00741699999998957]
    [1.07774910566721860, -0.72418354998207068, 0.06335668499239008, -11.77039699999999556]
    [-0.72694971187257884, -1.07364848415072101, 0.09392586040906030, -1.91104500000000010]
  #15 objects/buildingsets/human/lowtech/prop/light/light_panel_1_a.cgf
    [0.49999969189775978, -0.00000002765564197, -0.00000031611318987, 0.23881000000000085]
    [0.00000031732063176, 0.04357646853186588, 0.49809716249758540, -0.88753099999998142]
    [-0.00000000000020064, -0.49809716249768576, 0.04357646853187466, -2.13328199999999990]
  #16 objects/buildingsets/human/lowtech/prop/light/light_panel_1_a.cgf
    [0.00000247379914517, 0.84804829588946451, 0.52992126890671409, -1.55522799999999961]
    [-1.00000123169866462, 0.00000137124709941, 0.00000247379847393, 5.81290799999997887]
    [0.00000137124588832, -0.52992126891071412, 0.84804829588946440, -2.36775599999999997]
  #17 objects/buildingsets/human/lowtech/prop/utilitarian/sign/sign_advert_2_4x1_screen_a.cgf
    [-0.00000000000000010, -0.45625901222229004, 0.00000000000000000, 2.25697999999999865]
    [0.45625901222229004, -0.00000000000000010, 0.00000000000000000, 5.87500199999998074]
    [0.00000000000000000, 0.00000000000000000, 0.45625901222229004, 0.32919499999999990]
  #18 objects/buildingsets/human/lowtech/prop/utilitarian/sign/sign_advert_2_4x1_screen_a.cgf
    [0.00000000000000010, 0.45625901222229004, 0.00000000000000000, -2.22795700000000352]
    [-0.45625901222229004, 0.00000000000000010, 0.00000000000000000, -5.87500000000000711]
    [0.00000000000000000, 0.00000000000000000, 0.45625901222229004, 0.32919499999999990]
  #19 objects/buildingsets/human/lowtech/alpha/ext/light_fixture/light_fixture_circular_b.cgf
    [-0.00000000000000006, 0.50000042674733347, 0.00000000000000011, 2.33833499999997940]
    [-0.00000032006063641, 0.00000000000000006, -0.50000042674723100, -2.25000000000001421]
    [-0.50000042674723100, 0.00000000000000000, 0.00000032006063635, 0.25000000000000000]
  #20 objects/buildingsets/human/brand/decal/number/primary_number_9.cgf
    [0.00000000000000011, -0.00000043138795644, -0.67391655742995749, -2.32431600000001026]
    [-0.67391655743009560, -0.00000000000000004, -0.00000000000000011, 3.16331700000000637]
    [-0.00000000000000004, 0.67391655742995749, -0.00000043138795644, 1.75000000000000000]
  #21 objects/buildingsets/human/brand/decal/logo/primary_logo_large.cgf
    [-0.00000000000000007, 0.00000028805444229, 0.45000018011535570, 2.32406500000000449]
    [0.45000018011544790, 0.00000000000000002, 0.00000000000000007, -9.88732600000003004]
    [-0.00000000000000002, 0.45000018011535570, -0.00000028805444229, 0.62500000000000000]
  #22 objects/buildingsets/human/lowtech/prop/utilitarian/sign/sign_advert_2_4x1_screen_a.cgf
    [0.00000000000000010, 0.45625901222229004, 0.00000000000000000, -2.22795700000000352]
    [-0.45625901222229004, 0.00000000000000010, 0.00000000000000000, 5.87499999999998579]
    [0.00000000000000000, 0.00000000000000000, 0.45625901222229004, 0.32919499999999990]
  #23 objects/buildingsets/human/brand/decal/ident/secondary_ident_arrow_c.cgf
    [0.00000000000000010, 0.00000000000000007, -0.44999998807907088, -2.32694200000000251]
    [0.00000000000000000, -0.44999998807907077, -0.00000000000000007, -9.51232599999999451]
    [-0.44999998807907088, 0.00000000000000000, 0.00000000000000010, -0.39583999999999997]
  #24 objects/buildingsets/human/lowtech/prop/light/light_panel_1_a.cgf
    [0.00000247379914517, 0.84804829588946451, 0.52992126890671409, -1.55522799999999961]
    [-1.00000123169866462, 0.00000137124709941, 0.00000247379847393, -5.79381700000000421]
    [0.00000137124588832, -0.52992126891071412, 0.84804829588946440, -2.34598400000000007]
  #25 objects/buildingsets/human/lowtech/prop/light/light_panel_1_a.cgf
    [-0.69465738294910107, 0.71934018402784827, -0.00000155836106973, 1.71573599999999260]
    [0.00000086749340573, -0.00000132864777032, -0.99999959002132788, -10.32124499999998335]
    [-0.71934018402901312, -0.69465738294957879, 0.00000029893223997, -1.55167199999999994]
  #26 objects/buildingsets/human/lowtech/prop/light/light_panel_1_a.cgf
    [-0.00000092388064608, 0.35355411783481805, 0.35355306948263510, 2.24317599999997697]
    [0.50000028717832046, 0.00000092388050941, 0.00000038268322786, 11.32994800000000168]
    [-0.00000038268289807, 0.35355306948263510, -0.35355411783581808, 2.17238800000000021]
  #27 objects/buildingsets/human/lowtech/prop/light/light_panel_1_a.cgf
    [-0.69465738294910107, 0.71934018402784827, -0.00000155836106973, 1.96774299999998448]
    [0.00000086749340573, -0.00000132864777032, -0.99999959002132788, 10.31478300000000559]
    [-0.71934018402901312, -0.69465738294957879, 0.00000029893223997, -1.35080099999999992]
  #28 objects/buildingsets/human/brand/decal/logo/primary_logo_large.cgf
    [-0.00000000000000007, 0.00000028805444229, 0.45000018011535570, 2.33680899999998815]
    [0.45000018011544790, 0.00000000000000002, 0.00000000000000007, 9.87500099999996905]
    [-0.00000000000000002, 0.45000018011535570, -0.00000028805444229, 0.62499900000000008]
  #29 objects/buildingsets/human/brand/decal/logo/primary_logo_large.cgf
    [0.00000000000000007, -0.00000028805456521, -0.45000037215156868, -2.32266899999999055]
    [-0.45000037215166089, -0.00000000000000002, -0.00000000000000007, 9.87500000000000000]
    [-0.00000000000000002, 0.45000037215156868, -0.00000028805456521, 0.62500000000000000]
  #30 objects/buildingsets/human/brand/decal/number/primary_number_2.cgf
    [0.00000000000000011, -0.00000043138795644, -0.67391655742995749, -2.32431600000001026]
    [-0.67391655743009560, -0.00000000000000004, -0.00000000000000011, 2.62499999999997158]
    [-0.00000000000000004, 0.67391655742995749, -0.00000043138795644, 1.75000000000000000]
  #31 objects/buildingsets/human/brand/decal/number/primary_number_9.cgf
    [-0.00000000000000011, 0.00000043138777235, 0.67391626983823194, 2.32571299999997905]
    [0.67391626983837005, 0.00000000000000004, 0.00000000000000011, -3.17564300000002220]
    [-0.00000000000000004, 0.67391626983823194, -0.00000043138777235, 1.75000000000000000]
  #32 objects/buildingsets/human/brand/decal/logo/primary_logo_large.cgf
    [0.00000000000000007, -0.00000028805456521, -0.45000037215156868, -2.32467699999999411]
    [-0.45000037215166089, -0.00000000000000002, -0.00000000000000007, -9.88732600000000872]
    [-0.00000000000000002, 0.45000037215156868, -0.00000028805456521, 0.62500099999999992]
  #33 objects/buildingsets/human/brand/decal/ident/secondary_ident_arrow_c.cgf
    [0.00000000000000010, 0.00000000000000007, 0.44999998807907088, 2.32179999999999609]
    [0.00000000000000000, -0.44999998807907077, 0.00000000000000007, -9.51232600000001582]
    [0.44999998807907088, 0.00000000000000000, 0.00000000000000010, -0.39584100000000000]
  #34 objects/buildingsets/human/lowtech/alpha/ext/transit/a18_shuttle/a18_shuttle_ext_glass_a.cgf
    [-1.00000042674731104, 0.00000064012100026, 0.00000000000000000, 0.00000000000000000]
    [-0.00000064012100026, -1.00000042674731104, 0.00000000000000000, -0.00000000000001421]
    [0.00000000000000000, 0.00000000000000000, 1.00000042674751533, 0.00000000000000000]
  #35 objects/buildingsets/human/lowtech/prop/light/light_panel_1_a.cgf
    [-0.00000092388064608, 0.35355411783481805, 0.35355306948263510, 2.24317200000000128]
    [0.50000028717832046, 0.00000092388050941, 0.00000038268322786, -11.32215699999998293]
    [-0.00000038268289807, 0.35355306948263510, -0.35355411783581808, 2.17239599999999999]
  #36 objects/buildingsets/human/brand/decal/ident/secondary_ident_arrow_c.cgf
    [0.00000000000000010, -0.00000000000000007, -0.44999998807907088, -2.32040299999999888]
    [0.00000000000000000, 0.44999998807907099, -0.00000000000000007, 9.49999999999998579]
    [0.44999998807907088, 0.00000000000000000, 0.00000000000000010, -0.39584100000000000]
  #37 objects/buildingsets/human/brand/decal/ident/secondary_ident_arrow_c.cgf
    [0.00000000000000010, -0.00000000000000007, 0.44999998807907088, 2.33907499999997981]
    [0.00000000000000000, 0.44999998807907099, 0.00000000000000007, 9.50000099999999748]
    [-0.44999998807907088, 0.00000000000000000, 0.00000000000000010, -0.39584100000000000]
  #38 objects/buildingsets/human/brand/decal/number/primary_number_2.cgf
    [-0.00000000000000011, 0.00000043138777235, 0.67391626983823194, 2.32571300000000747]
    [0.67391626983837005, 0.00000000000000004, 0.00000000000000011, -2.63732600000001582]
    [-0.00000000000000004, 0.67391626983823194, -0.00000043138777235, 1.75000000000000000]
  #39 objects/buildingsets/human/lowtech/bravo/int/prop/light/light_fluorescent_f.cgf
    [0.00000000000000002, -0.45000018011544790, 0.00000000000000007, 2.27117199999997865]
    [-0.00000028805444229, -0.00000000000000007, -0.45000018011535570, 1.98615100000000666]
    [0.45000018011535570, 0.00000000000000002, -0.00000028805444229, 0.54816099999999990]
  #40 objects/buildingsets/human/lowtech/bravo/int/prop/light/light_fluorescent_f.cgf
    [0.00000000000000005, 0.45000037215166089, -0.00000000000000007, 2.27387999999999124]
    [-0.00000028805456521, 0.00000000000000005, 0.45000037215156868, -1.98888200000000381]
    [0.45000037215156868, -0.00000000000000002, 0.00000028805456519, 0.54816099999999990]
  #41 objects/buildingsets/human/lowtech/bravo/int/prop/light/light_fluorescent_f.cgf
    [0.00000000000000005, 0.45000037215166089, -0.00000000000000007, -2.27005800000000590]
    [-0.00000028805456521, 0.00000000000000005, 0.45000037215156868, -1.98888199999999671]
    [0.45000037215156868, -0.00000000000000002, 0.00000028805456519, 0.54816099999999990]
  #42 objects/buildingsets/human/lowtech/bravo/int/prop/light/light_fluorescent_f.cgf
    [0.00000000000000002, -0.45000018011544790, 0.00000000000000007, -2.27276499999999260]
    [-0.00000028805444229, -0.00000000000000007, -0.45000018011535570, 1.98615100000000666]
    [0.45000018011535570, 0.00000000000000002, -0.00000028805444229, 0.54816099999999990]
  #43 objects/buildingsets/human/universal/prop/dressing/poster/poster_universal_1_portrait_a.cgf
    [0.00000139305883318, -0.49400511572173939, -0.58873174184477417, 1.65234200000000442]
    [0.76853504683547702, 0.00000139305891176, 0.00000064959348972, 10.66156599999997923]
    [0.00000064959365824, -0.58873174184477417, 0.49400511572327638, 2.46417900000000012]
  #44 objects/buildingsets/human/lowtech/alpha/ext/transit/a18_shuttle/a18_shuttle_car_a.cgf
    [1.00000042674731038, 0.00000064012099993, 0.00000000000000000, 0.00000000000000000]
    [-0.00000064012099993, 1.00000042674731038, -0.00000000000000000, -0.00000000000001421]
    [-0.00000000000000000, 0.00000000000000000, 1.00000042674751533, 0.00000000000000000]
  #45 objects/buildingsets/human/universal/prop/dressing/poster/poster_universal_1_portrait_a.cgf
    [-0.00000064959356538, 0.49400520106608681, 0.58873184355226627, -1.58982900000000882]
    [-0.76853517960523732, 0.00000064959339721, -0.00000139305871292, -9.85577900000001961]
    [-0.00000139305863450, -0.58873184355226627, 0.49400520106454987, 2.51629199999999997]
  #46 objects/buildingsets/human/universal/prop/dressing/poster/poster_universal_1_portrait_a.cgf
    [-0.00000064959356538, 0.49400520106608681, 0.58873184355226627, -1.58981800000000817]
    [-0.76853517960523732, 0.00000064959339721, -0.00000139305871292, 9.88832699999998965]
    [-0.00000139305863450, -0.58873184355226627, 0.49400520106454987, 2.51629900000000006]
  #47 objects/buildingsets/human/universal/prop/dressing/poster/poster_universal_1_portrait_a.cgf
    [0.00000139305883318, -0.49400511572173939, -0.58873174184477417, 1.65233199999998703]
    [0.76853504683547702, 0.00000139305891176, 0.00000064959348972, -10.59937799999999442]
    [0.00000064959365824, -0.58873174184477417, 0.49400511572327638, 2.46417699999999984]
  #48 objects/buildingsets/human/lowtech/prop/utilitarian/sign/sign_advert_2_1x4_a.cgf
    [-0.36042981658824053, -0.30243700320615741, -0.00000027530740935, -1.36480499999998983]
    [-0.00000058442050235, 0.00000026818223461, 0.47050801650324331, 1.00000000000000000]
    [-0.30243700320571798, 0.36042981658824585, -0.00000058109798220, 2.70241499999999979]
  #49 objects/buildingsets/human/universal/prop/dressing/poster/poster_universal_1_portrait_a.cgf
    [0.00000139305883318, -0.49400511572173939, -0.58873174184477417, 1.65234200000000442]
    [0.76853504683547702, 0.00000139305891176, 0.00000064959348972, 9.91796399999999778]
    [0.00000064959365824, -0.58873174184477417, 0.49400511572327638, 2.46417900000000012]
  #50 objects/buildingsets/human/lowtech/alpha/ext/transit/a18_shuttle/a18_shuttle_center_a.cgf
    [-1.00000042674731104, 0.00000064012100026, 0.00000000000000000, 0.00000000000000000]
    [-0.00000064012100026, -1.00000042674731104, 0.00000000000000000, -0.00000000000001421]
    [0.00000000000000000, 0.00000000000000000, 1.00000042674751533, 0.00000000000000000]
  #51 objects/buildingsets/human/lowtech/alpha/ext/transit/a18_shuttle/a18_shuttle_car_a.cgf
    [-1.00000042674731104, 0.00000064012100026, 0.00000000000000000, 0.00000000000000000]
    [-0.00000064012100026, -1.00000042674731104, 0.00000000000000000, -0.00000000000001421]
    [0.00000000000000000, 0.00000000000000000, 1.00000042674751533, 0.00000000000000000]
  #52 objects/buildingsets/human/universal/prop/dressing/poster/poster_universal_1_portrait_a.cgf
    [-0.00000064959356538, 0.49400520106608681, 0.58873184355226627, -1.58982900000002303]
    [-0.76853517960523732, 0.00000064959339721, -0.00000139305871292, -10.59938000000000358]
    [-0.00000139305863450, -0.58873184355226627, 0.49400520106454987, 2.51629199999999997]
  #53 objects/buildingsets/human/universal/prop/dressing/poster/poster_universal_1_portrait_a.cgf
    [-0.00000064959356538, 0.49400520106608681, 0.58873184355226627, -1.58981699999998227]
    [-0.76853517960523732, 0.00000064959339721, -0.00000139305871292, 10.63192800000001625]
    [-0.00000139305863450, -0.58873184355226627, 0.49400520106454987, 2.51629900000000006]
  #54 objects/buildingsets/human/lowtech/prop/utilitarian/sign/sign_advert_2_4x1_screen_c.cgf
    [-0.00000042891742856, 0.15210231309774586, 0.18126828423188826, -1.33721700000000965]
    [-0.23662904411339142, -0.00000042891745273, -0.00000020000732388, -1.00000000000000000]
    [0.00000020000737574, -0.18126828423188826, 0.15210231309821912, 2.66953700000000005]
  #55 objects/buildingsets/human/lowtech/alpha/ext/transit/a18_shuttle/a18_shuttle_end_a.cgf
    [-1.00000042674731104, 0.00000064012100026, 0.00000000000000000, 0.00000000000000000]
    [-0.00000064012100026, -1.00000042674731104, 0.00000000000000000, -0.00000000000001421]
    [0.00000000000000000, 0.00000000000000000, 1.00000042674751533, 0.00000000000000000]
  #56 objects/buildingsets/human/universal/prop/dressing/poster/poster_universal_1_portrait_a.cgf
    [0.00000139305883318, -0.49400511572173939, -0.58873174184477417, 1.65233200000000124]
    [0.76853504683547702, 0.00000139305891176, 0.00000064959348972, -9.85577700000001045]
    [0.00000064959365824, -0.58873174184477417, 0.49400511572327638, 2.46417699999999984]
  #57 objects/buildingsets/human/lowtech/prop/utilitarian/sign/sign_advert_2_1x4_a.cgf
    [-0.36042981658824053, -0.30243700320615741, -0.00000027530740935, -1.36480500000001825]
    [-0.00000058442050235, 0.00000026818223461, 0.47050801650324331, -1.00000000000000000]
    [-0.30243700320571798, 0.36042981658824585, -0.00000058109798220, 2.70241499999999979]
  #58 objects/buildingsets/human/lowtech/alpha/ext/transit/a18_shuttle/a18_shuttle_end_a.cgf
    [1.00000042674731038, 0.00000064012099993, 0.00000000000000000, 0.00000000000000000]
    [-0.00000064012099993, 1.00000042674731038, -0.00000000000000000, -0.00000000000001421]
    [-0.00000000000000000, 0.00000000000000000, 1.00000042674751533, 0.00000000000000000]
  #59 objects/buildingsets/human/lowtech/prop/utilitarian/sign/sign_advert_2_16x9_screen_c.cgf
    [-0.00000000000000011, -0.47991698980331421, 0.00000000000000000, 2.09881799999999430]
    [0.47991698980331421, -0.00000000000000011, 0.00000000000000000, 10.27908800000001577]
    [0.00000000000000000, 0.00000000000000000, 0.47991698980331421, 1.50000000000000000]
  #60 objects/buildingsets/human/lowtech/prop/utilitarian/sign/sign_advert_2_4x1_screen_c.cgf
    [-0.00000042891748992, -0.15210228682102073, -0.18126825291654020, 1.36303699999999139]
    [0.23662900323408970, -0.00000042891751406, -0.00000020000735250, 1.00000000000001421]
    [-0.00000020000740433, -0.18126825291654020, 0.15210228682149399, 2.67600799999999994]
  #61 objects/buildingsets/human/lowtech/prop/utilitarian/sign/sign_advert_2_16x9_screen_c.cgf
    [0.00000000000000011, 0.47991698980331421, 0.00000000000000000, -2.07440400000001546]
    [-0.47991698980331421, 0.00000000000000011, 0.00000000000000000, -10.27908800000000156]
    [0.00000000000000000, 0.00000000000000000, 0.47991698980331421, 1.50000000000000000]
  #62 objects/buildingsets/human/lowtech/prop/utilitarian/sign/sign_advert_2_16x9_a.cgf
    [-0.00000000000000010, -0.47050800919532776, 0.00000000000000000, -2.11480500000000404]
    [0.47050800919532776, -0.00000000000000010, 0.00000000000000000, -10.25000000000000711]
    [0.00000000000000000, 0.00000000000000000, 0.47050800919532776, 1.50000000000000000]
  #63 objects/buildingsets/human/lowtech/alpha/ext/light_fixture/light_fixture_rectangular_a.cgf
    [-0.22000009269231496, 0.00000014082661934, 0.00000000000000000, -1.67307300000001646]
    [-0.00000014082661934, -0.22000009269231496, 0.00000000000000000, 2.96535700000001157]
    [0.00000000000000000, 0.00000000000000000, 0.22000009269236001, 0.13694699999999993]
  #64 objects/buildingsets/human/lowtech/prop/utilitarian/sign/sign_advert_2_1x4_a.cgf
    [0.36043047747447299, 0.30243676006837505, 0.00000065384184569, 1.38519500000001017]
    [0.00000056581805882, 0.00000034288155205, -0.47050836648578542, 1.00000000000000000]
    [-0.30243676006855252, 0.36043047747490287, -0.00000010103798858, 2.70241499999999979]
  #65 objects/buildingsets/human/lowtech/bravo/int/prop/light/light_fluorescent_f.cgf
    [0.45000018011535570, 0.00000028805444239, 0.00000000000000000, 1.33517799999999909]
    [-0.00000028805444239, 0.45000018011535570, -0.00000000000000000, -13.01904399999998674]
    [-0.00000000000000000, 0.00000000000000000, 0.45000018011544790, -0.00639699999999999]
  #66 objects/buildingsets/human/lowtech/prop/utilitarian/sign/sign_advert_2_16x9_a.cgf
    [-0.00000000000000010, -0.47050800919532776, 0.00000000000000000, -2.11480900000000815]
    [0.47050800919532776, -0.00000000000000010, 0.00000000000000000, 10.24999999999998579]
    [0.00000000000000000, 0.00000000000000000, 0.47050800919532776, 1.50000000000000000]
  #67 objects/buildingsets/human/lowtech/prop/utilitarian/sign/sign_advert_2_16x9_a.cgf
    [0.00000000000000010, 0.47050800919532776, 0.00000000000000000, 2.13519100000002027]
    [-0.47050800919532776, 0.00000000000000010, 0.00000000000000000, 10.25000000000001421]
    [0.00000000000000000, 0.00000000000000000, 0.47050800919532776, 1.50000000000000000]
  #68 objects/buildingsets/human/lowtech/bravo/int/prop/light/light_fluorescent_f.cgf
    [0.45000018011535570, 0.00000028805444239, 0.00000000000000000, -1.36002500000000737]
    [-0.00000028805444239, 0.45000018011535570, -0.00000000000000000, 12.95779100000002870]
    [-0.00000000000000000, 0.00000000000000000, 0.45000018011544790, -0.00639699999999999]
  #69 objects/buildingsets/human/lowtech/bravo/int/prop/light/light_fluorescent_f.cgf
    [0.45000018011535570, 0.00000028805444239, 0.00000000000000000, 1.33517799999998488]
    [-0.00000028805444239, 0.45000018011535570, -0.00000000000000000, 12.95779100000001449]
    [-0.00000000000000000, 0.00000000000000000, 0.45000018011544790, -0.00639699999999999]
  #70 objects/buildingsets/human/lowtech/prop/utilitarian/sign/sign_advert_2_16x9_screen_c.cgf
    [-0.00000000000000011, -0.47991698980331421, 0.00000000000000000, 2.04631999999999437]
    [0.47991698980331421, -0.00000000000000011, 0.00000000000000000, -10.22091199999999844]
    [0.00000000000000000, 0.00000000000000000, 0.47991698980331421, 1.50000000000000000]
  #71 objects/buildingsets/human/lowtech/prop/utilitarian/sign/sign_advert_2_16x9_screen_a.cgf
    [-0.00000000000000011, -0.47991698980331421, 0.00000000000000000, -2.11504000000002179]
    [0.47991698980331421, -0.00000000000000011, 0.00000000000000000, 10.22091199999999844]
    [0.00000000000000000, 0.00000000000000000, 0.47991698980331421, 1.50000000000000000]
  #72 objects/buildingsets/human/lowtech/alpha/ext/light_fixture/light_fixture_rectangular_a.cgf
    [-0.22000009269231496, 0.00000014082661934, 0.00000000000000000, 1.70192699999998354]
    [-0.00000014082661934, -0.22000009269231496, 0.00000000000000000, 2.96535700000001157]
    [0.00000000000000000, 0.00000000000000000, 0.22000009269236001, 0.13694699999999993]
  #73 objects/buildingsets/human/lowtech/prop/utilitarian/sign/sign_advert_2_16x9_a.cgf
    [0.00000000000000010, 0.47050800919532776, 0.00000000000000000, 2.07796199999999942]
    [-0.47050800919532776, 0.00000000000000010, 0.00000000000000000, -10.25000000000000711]
    [0.00000000000000000, 0.00000000000000000, 0.47050800919532776, 1.50000000000000000]
  #74 objects/buildingsets/human/lowtech/alpha/ext/light_fixture/light_fixture_rectangular_a.cgf
    [0.22000009269231494, 0.00000014082661925, 0.00000000000000000, -1.67307300000001646]
    [-0.00000014082661925, 0.22000009269231494, -0.00000000000000000, -2.96477799999999547]
    [-0.00000000000000000, 0.00000000000000000, 0.22000009269236001, 0.13694699999999993]
  #75 objects/buildingsets/human/lowtech/bravo/int/prop/light/light_fluorescent_f.cgf
    [0.45000018011535570, 0.00000028805444239, 0.00000000000000000, -1.36002499999999316]
    [-0.00000028805444239, 0.45000018011535570, -0.00000000000000000, -13.01904399999998674]
    [-0.00000000000000000, 0.00000000000000000, 0.45000018011544790, -0.00639699999999999]
  #76 objects/buildingsets/human/lowtech/prop/utilitarian/sign/sign_advert_2_4x1_screen_c.cgf
    [-0.00000042891748992, -0.15210228682102073, -0.18126825291654020, 1.36572699999999259]
    [0.23662900323408970, -0.00000042891751406, -0.00000020000735250, -0.99999999999998579]
    [-0.00000020000740433, -0.18126825291654020, 0.15210228682149399, 2.67921399999999998]
  #77 objects/buildingsets/human/lowtech/alpha/ext/light_fixture/light_fixture_rectangular_a.cgf
    [0.22000009269231494, 0.00000014082661925, 0.00000000000000000, 1.70192699999998354]
    [-0.00000014082661925, 0.22000009269231494, -0.00000000000000000, -2.96477799999999547]
    [-0.00000000000000000, 0.00000000000000000, 0.22000009269236001, 0.13694699999999993]
  #78 objects/buildingsets/human/lowtech/prop/utilitarian/sign/sign_advert_2_1x4_a.cgf
    [0.36042983899062087, 0.30243699854097850, 0.00000092242780081, 1.38519500000001017]
    [-0.00000003129555355, 0.00000147233817770, -0.47050803066468783, -0.99999999999997158]
    [-0.30243699854238354, 0.36042983898879405, 0.00000114799219225, 2.70241499999999979]
