# IncludedObjects
# Cgfs: 43, Materials: 10, Palettes: 5, Placements: 74

[CGFs]
      0: objects/buildingsets/human/utilitarian/ugf/int/common/wall/set_f/util_ugf_wall_set_f_wall_pillar_1m_a.cgf
      1: objects/buildingsets/human/utilitarian/ugf/int/common/addon/greeble/addon_greeble_j.cgf
      2: objects/buildingsets/human/common/cable/tray/set_a/common_cable_tray_set_a_addon_bracket_a.cgf
      3: objects/buildingsets/human/common/cable/tray/set_a/common_cable_tray_set_a_cable_tray_slope_005m_a.cgf
      4: objects/buildingsets/human/lowtech/prop/storage/box/box_plastic_1_005x005x005_ftl_d.cgf
      5: objects/buildingsets/human/common/cable/tray/set_a/common_cable_tray_set_a_cable_tray_straight_02m_a.cgf
      6: objects/buildingsets/human/lowtech/prop/storage/box/box_plastic_1_open_005x005x005_b.cgf
      7: objects/buildingsets/human/lowtech/prop/storage/box/box_plastic_2_005x005x005_a_205.cgf
      8: objects/buildingsets/human/lowtech/prop/storage/box/box_plastic_1_005x0025x0025_a.cgf
      9: objects/buildingsets/human/lowtech/prop/storage/canister/canister_trolley_1_a.cgf
     10: objects/buildingsets/human/lowtech/prop/furniture/bed/bed_field_1_a.cgf
     11: objects/buildingsets/human/common/pipe/set_a/common_pipe_set_a_addon_greeble_d.cgf
     12: objects/buildingsets/human/common/pipe/set_a/common_pipe_set_a_pipe_corner_0025m_a.cgf
     13: objects/buildingsets/human/lowtech/prop/storage/canister/canister_gas_3_a.cgf
     14: objects/buildingsets/human/lowtech/prop/storage/box/box_plastic_2_005x0025x0025_a.cgf
     15: objects/buildingsets/human/lowtech/prop/storage/box/box_plastic_7_005x0025x0025_a.cgf
     16: objects/buildingsets/human/lowtech/prop/carpet/carpet_a.cgf
     17: objects/buildingsets/human/lowtech/prop/storage/box/box_fabric_1_005x005x005_a.cgf
     18: objects/buildingsets/human/lowtech/prop/storage/box/box_plastic_8_a.cgf
     19: objects/buildingsets/human/lowtech/prop/storage/tarp/tarp_bundle_1_b.cgf
     20: objects/buildingsets/human/lowtech/prop/storage/box/box_plastic_6_005x02x005_a.cgf
     21: objects/buildingsets/human/lowtech/prop/storage/box/box_plastic_1_005x005x005_c.cgf
     22: objects/buildingsets/human/lowtech/prop/storage/box/box_plastic_1_005x005x005_redwind_d.cgf
     23: objects/buildingsets/human/lowtech/prop/storage/canister/canister_gas_1_a.cgf
     24: objects/buildingsets/human/lowtech/prop/storage/box/box_plastic_1_01x005x0025_a.cgf
     25: objects/buildingsets/human/lowtech/prop/storage/canister/canister_liquid_3_a.cgf
     26: data/objects/buildingsets/human/lowtech/prop/utilitarian/fire/fire_hose_1_a.cgf
     27: objects/buildingsets/human/hightech/prop/maintenance/ladder/ladder_mobile_1_b.cgf
     28: objects/buildingsets/human/common/cable/tray/set_a/common_cable_tray_set_a_cable_tray_corner_005m_b.cgf
     29: data/objects/buildingsets/human/lowtech/prop/light/light_wall_03_a.cgf
     30: data/objects/buildingsets/human/common/pipe/set_a/common_pipe_set_a_pipe_straight_02m_a.cgf
     31: objects/buildingsets/human/common/pipe/set_a/common_pipe_set_a_pipe_corner_005m_a.cgf
     32: objects/buildingsets/human/common/pipe/set_a/common_pipe_set_a_pipe_straight_01m_a.cgf
     33: objects/buildingsets/human/common/pipe/set_a/common_pipe_set_a_addon_greeble_a.cgf
     34: objects/buildingsets/human/universal/prop/storage/ammo-box/ammo-box_1_ballistic_open_1x05x025_a.cgf
     35: objects/buildingsets/human/utilitarian/int/addons/cables/cables_hanging_alpha_4m_c.cgf
     36: data/objects/buildingsets/human/utilitarian/ugf/int/common/addon/greeble/addon_greeble_f.cgf
     37: objects/buildingsets/human/common/cable/tray/set_a/common_cable_tray_set_a_cable_tray_straight_04m_a.cgf
     38: objects/buildingsets/human/utilitarian/ugf/int/common/addon/greeble/addon_greeble_b.cgf
     39: objects/buildingsets/human/lowtech/prop/machine/generator/generator_mobile_1_pirate_a.cgf
     40: objects/buildingsets/human/common/pipe/set_a/common_pipe_set_a_addon_greeble_b.cgf
     41: objects/buildingsets/human/universal/prop/storage/ammo-box/ammo-box_1_grenade_1x05x025_a.cgf
     42: objects/buildingsets/human/common/cable/tray/set_a/common_cable_tray_set_a_cable_tray_corner_005_a.cgf

[Materials]
      0: materials/pu/decal/concrete/decal_concrete_crack_e
      1: materials/pu/decal/concrete/decal_concrete_damage_d
      2: materials/pu/decal/debris/road/decal_debris_road_rocks_b
      3: materials/decals/puddles/puddle_water_dirty_b_grey
      4: materials/decals/debris/debris
      5: materials/decals/puddles/puddle_water_dirty_c_grey
      6: materials/pu/decal/concrete/decal_concrete_damage_c
      7: materials/pu/decal/debris/road/decal_debris_road_rocks_c
      8: materials/pu/decal/concrete/decal_concrete_damage_b
      9: materials/pu/decal/concrete/decal_concrete_crack_c

[Palettes]
      0: Libs/Foundry/Records/TintPalettes/brand/util/util_yellow_a
      1: Libs/Foundry/Records/TintPalettes/default
      2: Libs/Foundry/Records/TintPalettes/Brand/Util/util_red_a<222>
      3: libs/foundry/records/tintpalettes/brand/util/util_red_a<312>
      4: Libs/Foundry/Records/TintPalettes/brand/colonialism/col_default|accent_b

[Placements]
  #0 objects/buildingsets/human/utilitarian/ugf/int/common/wall/set_f/util_ugf_wall_set_f_wall_pillar_1m_a.cgf
    [-0.00000064012100026, 1.00000042674731060, 0.00000000000000000, 1.00000000000000000]
    [-1.00000042674731060, -0.00000064012100026, -0.00000000000000000, 8.75000000000000000]
    [-0.00000000000000000, 0.00000000000000000, 1.00000042674751533, 0.00000000000000000]
  #1 objects/buildingsets/human/utilitarian/ugf/int/common/wall/set_f/util_ugf_wall_set_f_wall_pillar_1m_a.cgf
    [1.00000000000000000, 0.00000000000000000, 0.00000000000000000, 3.75000000000000000]
    [0.00000000000000000, 1.00000000000000000, 0.00000000000000000, 2.00000000000000000]
    [0.00000000000000000, 0.00000000000000000, 1.00000000000000000, 0.00000000000000000]
  #2 objects/buildingsets/human/utilitarian/ugf/int/common/addon/greeble/addon_greeble_j.cgf
    [0.00000000000000000, 0.00000000000000000, -0.81266200542449951, 3.50000000000000000]
    [-0.81266200542449951, 0.00000000000000000, 0.00000000000000000, 7.62500000000000000]
    [0.00000000000000000, 0.81266200542449951, 0.00000000000000000, 3.00000000000000000]
  #3 objects/buildingsets/human/common/cable/tray/set_a/common_cable_tray_set_a_addon_bracket_a.cgf
    [1.00000000000000000, 0.00000000000000000, 0.00000000000000000, 2.74663599999985308]
    [0.00000000000000000, 1.00000000000000000, 0.00000000000000000, 8.24538800000004812]
    [0.00000000000000000, 0.00000000000000000, 1.00000000000000000, 3.37632900000000014]
  #4 objects/buildingsets/human/common/cable/tray/set_a/common_cable_tray_set_a_cable_tray_slope_005m_a.cgf
    [-0.00000064012100026, -1.00000042674731060, 0.00000000000000000, 3.24663599999985308]
    [1.00000042674731060, -0.00000064012100026, 0.00000000000000000, 5.24538800000004812]
    [0.00000000000000000, 0.00000000000000000, 1.00000042674751533, 3.25132900000000014]
  #5 objects/buildingsets/human/lowtech/prop/storage/box/box_plastic_1_005x005x005_ftl_d.cgf
    [0.99965730389898866, 0.02617774738637020, 0.00000000000000000, 2.40954231765635996]
    [-0.02617774738637020, 0.99965730389898866, -0.00000000000000000, 1.81910131563927280]
    [-0.00000000000000000, 0.00000000000000000, 0.99999999984840982, 1.25918200000000002]
  #6 objects/buildingsets/human/common/cable/tray/set_a/common_cable_tray_set_a_cable_tray_straight_02m_a.cgf
    [-1.00000000000000000, 0.00000000000000000, 0.00000000000000000, -1.25336399999991954]
    [0.00000000000000000, -1.00000000000000000, 0.00000000000000000, 8.24538800000004812]
    [0.00000000000000000, 0.00000000000000000, 1.00000000000000000, 3.37632900000000014]
  #7 objects/buildingsets/human/lowtech/prop/storage/box/box_plastic_1_open_005x005x005_b.cgf
    [0.99965730389898866, 0.02617774738637020, 0.00000000000000000, 2.92688109146502029]
    [-0.02617774738637020, 0.99965730389898866, -0.00000000000000000, 2.87864565321206101]
    [-0.00000000000000000, 0.00000000000000000, 0.99999999984840982, 0.76411099999999998]
  #8 objects/buildingsets/human/common/cable/tray/set_a/common_cable_tray_set_a_addon_bracket_a.cgf
    [-0.00000064012100026, 1.00000042674731060, 0.00000000000000000, 3.24663599999985308]
    [-1.00000042674731060, -0.00000064012100026, -0.00000000000000000, 2.99538800000004812]
    [-0.00000000000000000, 0.00000000000000000, 1.00000042674751533, 3.25132900000000014]
  #9 objects/buildingsets/human/lowtech/prop/storage/box/box_plastic_2_005x005x005_a_205.cgf
    [-0.99965641890393464, -0.02617775896203045, 0.00000000000000000, 2.40564205142527499]
    [0.02617775896203045, -0.99965641890393464, 0.00000000000000000, 2.34214366019728004]
    [0.00000000000000000, 0.00000000000000000, 0.99999911545966547, 1.01563200000000009]
  #10 objects/buildingsets/human/lowtech/prop/storage/box/box_plastic_1_005x0025x0025_a.cgf
    [0.99965730389898866, 0.02617774738637020, 0.00000000000000000, 2.90948397963529715]
    [-0.02617774738637020, 0.99965730389898866, -0.00000000000000000, 2.20722997913162544]
    [-0.00000000000000000, 0.00000000000000000, 0.99999999984840982, 1.01563200000000009]
  #11 objects/buildingsets/human/lowtech/prop/storage/canister/canister_trolley_1_a.cgf
    [-0.99996188126652130, 0.00872489429925699, 0.00000000000000000, 2.66931090090338330]
    [-0.00872489429925699, -0.99996188126652130, 0.00000000000000000, 4.22349313407607951]
    [0.00000000000000000, 0.00000000000000000, 0.99999994388330493, 0.28311100000000000]
  #12 objects/buildingsets/human/lowtech/prop/furniture/bed/bed_field_1_a.cgf
    [0.99965730389898866, 0.02617774738637020, 0.00000000000000000, 2.67203958036543554]
    [-0.02617774738637020, 0.99965730389898866, -0.00000000000000000, 2.68752233277132291]
    [-0.00000000000000000, 0.00000000000000000, 0.99999999984840982, 0.26411099999999998]
  #13 objects/buildingsets/human/common/pipe/set_a/common_pipe_set_a_addon_greeble_d.cgf
    [1.00000042674751533, 0.00000000000000000, 0.00000000000000000, -0.99139599999989514]
    [0.00000000000000000, -0.00000064012100026, -1.00000042674731060, 8.31250000000000000]
    [0.00000000000000000, 1.00000042674731060, -0.00000064012100026, 3.53125000000000000]
  #14 objects/buildingsets/human/common/pipe/set_a/common_pipe_set_a_pipe_corner_0025m_a.cgf
    [-1.00000085349466716, 0.00000000000000000, 0.00000000000000000, 1.87500000000000000]
    [0.00000000000000000, 0.00000064012127265, 1.00000085349446199, 8.31250000000000000]
    [0.00000000000000000, 1.00000085349446199, -0.00000064012127299, 3.53125000000000000]
  #15 objects/buildingsets/human/lowtech/prop/storage/canister/canister_gas_3_a.cgf
    [0.89493371938757693, 0.44619902404098033, 0.00000000000000000, 2.65020216258790242]
    [-0.44619902404098033, 0.89493371938757693, -0.00000000000000000, 4.25152496418900228]
    [-0.00000000000000000, 0.00000000000000000, 0.99999996557600224, 0.30873600000000001]
  #16 objects/buildingsets/human/common/pipe/set_a/common_pipe_set_a_pipe_corner_0025m_a.cgf
    [0.00000000000000000, 0.50000000000000000, 0.00000000000000000, 3.34375000000000000]
    [0.00000000000000000, 0.00000000000000000, -0.50000000000000000, 6.31250000000000000]
    [-0.50000000000000000, 0.00000000000000000, 0.00000000000000000, 0.53125000000000000]
  #17 objects/buildingsets/human/lowtech/prop/storage/box/box_plastic_2_005x0025x0025_a.cgf
    [0.99965730389898866, 0.02617774738637020, 0.00000000000000000, 2.91705251162375134]
    [-0.02617774738637020, 0.99965730389898866, -0.00000000000000000, 2.46446900672754055]
    [-0.00000000000000000, 0.00000000000000000, 0.99999999984840982, 1.01563099999999995]
  #18 objects/buildingsets/human/lowtech/prop/storage/box/box_plastic_7_005x0025x0025_a.cgf
    [0.04362151787122834, -0.99904798706522646, 0.00000000000000000, 3.00149881204788471]
    [0.99904798706522646, 0.04362151787122834, 0.00000000000000000, 2.33101065720097722]
    [0.00000000000000000, 0.00000000000000000, 0.99999985864022534, 1.26563099999999995]
  #19 objects/buildingsets/human/common/pipe/set_a/common_pipe_set_a_pipe_corner_0025m_a.cgf
    [-1.00000085349466716, 0.00000000000000000, 0.00000000000000000, -3.31250000000000000]
    [0.00000000000000000, 0.00000064012127265, 1.00000085349446199, 8.31250000000000000]
    [0.00000000000000000, 1.00000085349446199, -0.00000064012127299, 3.53125000000000000]
  #20 objects/buildingsets/human/lowtech/prop/carpet/carpet_a.cgf
    [0.02617782504668873, -0.99965727110461200, 0.00000000000000000, 2.64269342255602169]
    [0.99965727110461200, 0.02617782504668873, 0.00000000000000000, 2.05178768553355440]
    [0.00000000000000000, 0.00000000000000000, 0.99999996909824695, 0.26411099999999998]
  #21 objects/buildingsets/human/lowtech/prop/storage/box/box_fabric_1_005x005x005_a.cgf
    [0.28401570245409541, 0.95881916166463343, 0.00000000000000000, 2.88547240127081750]
    [-0.95881916166463343, 0.28401570245409541, -0.00000000000000000, 3.61555017347063767]
    [-0.00000000000000000, 0.00000000000000000, 0.99999955200778146, 0.76411099999999998]
  #22 objects/buildingsets/human/common/pipe/set_a/common_pipe_set_a_addon_greeble_d.cgf
    [0.00000000000000000, -0.50000000000000000, 0.00000000000000000, 3.34375000000000000]
    [0.00000000000000000, 0.00000000000000000, 0.50000000000000000, 6.31250000000000000]
    [-0.50000000000000000, 0.00000000000000000, 0.00000000000000000, 0.75000000000000000]
  #23 objects/buildingsets/human/lowtech/prop/storage/box/box_plastic_8_a.cgf
    [0.02617550053509967, 0.99965697917691132, 0.00000000000000000, 2.43179493472644026]
    [-0.99965697917691132, 0.02617550053509967, -0.00000000000000000, 2.87904703111303206]
    [-0.00000000000000000, 0.00000000000000000, 0.99999961642261170, 0.76411099999999998]
  #24 objects/buildingsets/human/lowtech/prop/storage/tarp/tarp_bundle_1_b.cgf
    [-0.71325045088165595, -0.70090929743013408, 0.00000000000000000, 2.51588632714219784]
    [0.70090929743013408, -0.71325045088165595, 0.00000000000000000, 3.29713398449462147]
    [0.00000000000000000, 0.00000000000000000, 1.00000002445344438, 1.25326200000000010]
  #25 objects/buildingsets/human/lowtech/prop/storage/box/box_plastic_6_005x02x005_a.cgf
    [-0.02617772987111780, 0.99965727193501208, 0.00000000000000000, 2.66409389241016470]
    [-0.99965727193501208, -0.02617772987111780, -0.00000000000000000, 1.80471279793255235]
    [-0.00000000000000000, 0.00000000000000000, 0.99999996743687747, 0.76166299999999998]
  #26 objects/buildingsets/human/lowtech/prop/storage/box/box_plastic_1_005x005x005_c.cgf
    [0.98628566866170031, -0.16504715236783135, 0.00000000000000000, 2.37860601330203281]
    [0.16504715236783135, 0.98628566866170031, 0.00000000000000000, 3.46925465889171392]
    [0.00000000000000000, 0.00000000000000000, 0.99999999135609374, 0.76411099999999998]
  #27 objects/buildingsets/human/lowtech/prop/storage/box/box_plastic_1_005x005x005_redwind_d.cgf
    [0.99965730389898866, 0.02617774738637020, 0.00000000000000000, 2.90432302018825794]
    [-0.02617774738637020, 0.99965730389898866, -0.00000000000000000, 1.80142001208469082]
    [-0.00000000000000000, 0.00000000000000000, 0.99999999984840982, 1.25918200000000002]
  #28 objects/buildingsets/human/lowtech/prop/storage/canister/canister_gas_1_a.cgf
    [0.50753820863490728, -0.86162912656137958, 0.00000000000000000, 2.93780788868798481]
    [0.86162912656137958, 0.50753820863490728, 0.00000000000000000, 2.88781575682969560]
    [0.00000000000000000, 0.00000000000000000, 0.99999989248162247, 0.81063200000000002]
  #29 objects/buildingsets/human/lowtech/prop/storage/box/box_plastic_1_01x005x0025_a.cgf
    [0.99965730389898866, 0.02617774738637020, 0.00000000000000000, 2.64389118461258477]
    [-0.02617774738637020, 0.99965730389898866, -0.00000000000000000, 2.36859689998345857]
    [-0.00000000000000000, 0.00000000000000000, 0.99999999984840982, 0.76411099999999998]
  #30 objects/buildingsets/human/lowtech/prop/carpet/carpet_a.cgf
    [0.02617782504668873, -0.99965727110461200, 0.00000000000000000, 2.68792783705930560]
    [0.99965727110461200, 0.02617782504668873, 0.00000000000000000, 3.77916751613565793]
    [0.00000000000000000, 0.00000000000000000, 0.99999996909824695, 0.26411099999999998]
  #31 objects/buildingsets/human/lowtech/prop/storage/canister/canister_liquid_3_a.cgf
    [0.26723845085945447, -0.96362983027776106, 0.00000000000000000, 3.05548378661069364]
    [0.96362983027776106, 0.26723845085945447, 0.00000000000000000, 3.24103831475895277]
    [0.00000000000000000, 0.00000000000000000, 0.99999941970928552, 0.76411099999999998]
  #32 data/objects/buildingsets/human/lowtech/prop/utilitarian/fire/fire_hose_1_a.cgf
    [-0.00000064012100026, -1.00000042674731060, 0.00000000000000000, 3.49009599999999409]
    [1.00000042674731060, -0.00000064012100026, 0.00000000000000000, 6.08276999999998225]
    [0.00000000000000000, 0.00000000000000000, 1.00000042674751533, 1.63142499999999990]
  #33 objects/buildingsets/human/lowtech/prop/storage/canister/canister_trolley_1_a.cgf
    [-0.01745449654704567, -0.99984558533471712, 0.00061088534964713, -3.51158899999995811]
    [0.99984354973014489, -0.01745574265013293, -0.00209767859789344, 1.29053199999998469]
    [0.00210802211964281, 0.00057417693577007, 0.99999572684463711, 0.26088200000000000]
  #34 objects/buildingsets/human/hightech/prop/maintenance/ladder/ladder_mobile_1_b.cgf
    [0.30866688693420846, -0.95109679395467428, -0.01193214009048998, -3.29660594443839727]
    [0.95053197071506990, 0.30889502650022643, -0.03279588052796762, 7.86184808478515151]
    [0.03487778786742173, -0.00121887662170296, 0.99939220968592246, 0.25529200000000002]
  #35 objects/buildingsets/human/common/cable/tray/set_a/common_cable_tray_set_a_addon_bracket_a.cgf
    [1.00000000000000000, 0.00000000000000000, 0.00000000000000000, -1.25336399999991954]
    [0.00000000000000000, 1.00000000000000000, 0.00000000000000000, 8.24538800000004812]
    [0.00000000000000000, 0.00000000000000000, 1.00000000000000000, 3.37632900000000014]
  #36 objects/buildingsets/human/common/cable/tray/set_a/common_cable_tray_set_a_cable_tray_corner_005m_b.cgf
    [-1.00000000000000000, 0.00000000000000000, 0.00000000000000000, -3.25336399999991954]
    [0.00000000000000000, -1.00000000000000000, 0.00000000000000000, 8.24538800000004812]
    [0.00000000000000000, 0.00000000000000000, 1.00000000000000000, 3.37632900000000014]
  #37 objects/buildingsets/human/common/cable/tray/set_a/common_cable_tray_set_a_addon_bracket_a.cgf
    [1.00000000000000000, 0.00000000000000000, 0.00000000000000000, 0.74663599999985308]
    [0.00000000000000000, 1.00000000000000000, 0.00000000000000000, 8.24538800000004812]
    [0.00000000000000000, 0.00000000000000000, 1.00000000000000000, 3.37632900000000014]
  #38 data/objects/buildingsets/human/lowtech/prop/light/light_wall_03_a.cgf
    [-0.00000040520378693, 0.09240595324925194, 0.99572087156116618, 3.40896599999996397]
    [-0.99999945712850746, 0.00000101708611141, -0.00000050133364966, 4.96037500000011278]
    [-0.00000105906065811, -0.99572087156072919, 0.09240595324878031, 3.10435300000000014]
  #39 objects/buildingsets/human/common/cable/tray/set_a/common_cable_tray_set_a_cable_tray_straight_02m_a.cgf
    [-0.00000064012100026, -1.00000042674731060, 0.00000000000000000, 3.24663599999985308]
    [1.00000042674731060, -0.00000064012100026, 0.00000000000000000, 3.24538800000004812]
    [0.00000000000000000, 0.00000000000000000, 1.00000042674751533, 3.25132900000000014]
  #40 data/objects/buildingsets/human/lowtech/prop/light/light_wall_03_a.cgf
    [1.00000000317538151, -0.00000000000000000, 0.00000000000000000, 0.00176999999985128]
    [0.00000000000000000, 0.09240750553401814, 0.99572127589589210, 8.40945600000009108]
    [-0.00000000000000000, -0.99572127589589210, 0.09240750553401814, 3.10435300000000014]
  #41 data/objects/buildingsets/human/common/pipe/set_a/common_pipe_set_a_pipe_straight_02m_a.cgf
    [0.00000000000000000, -1.00000000000000000, 0.00000000000000000, 3.43750000000000000]
    [0.00000000000000000, 0.00000000000000000, -1.00000000000000000, 8.31250000000000000]
    [1.00000000000000000, 0.00000000000000000, 0.00000000000000000, 1.03125000000000000]
  #42 objects/buildingsets/human/common/pipe/set_a/common_pipe_set_a_pipe_corner_005m_a.cgf
    [1.00000042674766121, -0.00000000000000000, 0.00000000000000000, 2.93750000000000000]
    [0.00000000000000000, 0.00000222586295093, 1.00000042674518408, 8.31250000000000000]
    [-0.00000000000000000, -1.00000042674518408, 0.00000222586295093, 3.53125000000000000]
  #43 data/objects/buildingsets/human/common/pipe/set_a/common_pipe_set_a_pipe_straight_02m_a.cgf
    [1.00000042674751533, 0.00000000000000000, 0.00000000000000000, -1.31250000000000000]
    [0.00000000000000000, -0.00000064012100026, -1.00000042674731060, 8.31250000000000000]
    [0.00000000000000000, 1.00000042674731060, -0.00000064012100026, 3.53125000000000000]
  #44 objects/buildingsets/human/common/pipe/set_a/common_pipe_set_a_pipe_straight_01m_a.cgf
    [-1.00000085349466716, 0.00000000000000000, 0.00000000000000000, 2.93750000000000000]
    [0.00000000000000000, 0.00000064012127265, 1.00000085349446199, 8.31250000000000000]
    [0.00000000000000000, 1.00000085349446199, -0.00000064012127299, 3.53125000000000000]
  #45 objects/buildingsets/human/common/pipe/set_a/common_pipe_set_a_addon_greeble_a.cgf
    [1.00000042674751533, 0.00000000000000000, 0.00000000000000000, -3.31250000000000000]
    [0.00000000000000000, -0.00000064012100026, -1.00000042674731060, 8.31250000000000000]
    [0.00000000000000000, 1.00000042674731060, -0.00000064012100026, 3.53125000000000000]
  #46 objects/buildingsets/human/common/pipe/set_a/common_pipe_set_a_addon_greeble_a.cgf
    [0.00000000000000000, -0.50000000000000000, 0.00000000000000000, 3.34375000000000000]
    [0.00000000000000000, 0.00000000000000000, -0.50000000000000000, 6.31250000000000000]
    [0.50000000000000000, 0.00000000000000000, 0.00000000000000000, 1.21875000000000000]
  #47 objects/buildingsets/human/universal/prop/storage/ammo-box/ammo-box_1_ballistic_open_1x05x025_a.cgf
    [0.83443328254192140, 0.27080812037993568, -0.01046802631609220, -2.66198690348983291]
    [-0.27100825810276513, 0.83393770634520470, -0.02877406172507334, 7.59739330761931342]
    [0.00106849369355742, 0.03060040072187875, 0.87680556251043562, 1.29975799999999997]
  #48 data/objects/buildingsets/human/common/pipe/set_a/common_pipe_set_a_pipe_straight_02m_a.cgf
    [0.00000000000000000, -0.50000000000000000, 0.00000000000000000, 3.34375000000000000]
    [0.00000000000000000, 0.00000000000000000, -0.50000000000000000, 6.31250000000000000]
    [0.50000000000000000, 0.00000000000000000, 0.00000000000000000, 0.53125000000000000]
  #49 objects/buildingsets/human/common/pipe/set_a/common_pipe_set_a_addon_greeble_a.cgf
    [0.00000000000000000, -1.00000000000000000, 0.00000000000000000, 0.87500000000000000]
    [0.00000000000000000, 0.00000000000000000, -1.00000000000000000, 8.31250000000000000]
    [1.00000000000000000, 0.00000000000000000, 0.00000000000000000, 3.68750000000000000]
  #50 objects/buildingsets/human/lowtech/prop/storage/box/box_plastic_2_005x0025x0025_a.cgf
    [0.97800749787619534, -0.20823308887313408, -0.01193035710118582, -4.09058183733009173]
    [0.20775313328421044, 0.97763234614011008, -0.03279710376606057, 7.48483245781721962]
    [0.01849292656129538, 0.02959721445004741, 0.99939183266037401, 0.47891899999999998]
  #51 objects/buildingsets/human/common/pipe/set_a/common_pipe_set_a_pipe_corner_005m_a.cgf
    [0.00000000000000000, -1.00000000000000000, 0.00000000000000000, 3.43750000000000000]
    [0.00000000000000000, 0.00000000000000000, 1.00000000000000000, 8.31250000000000000]
    [-1.00000000000000000, 0.00000000000000000, 0.00000000000000000, 1.03125000000000000]
  #52 objects/buildingsets/human/common/pipe/set_a/common_pipe_set_a_addon_greeble_a.cgf
    [0.00000000000000000, -1.00000000000000000, 0.00000000000000000, -3.56250000000000000]
    [0.00000000000000000, 0.00000000000000000, -1.00000000000000000, 8.31250000000000000]
    [1.00000000000000000, 0.00000000000000000, 0.00000000000000000, 3.68750000000000000]
  #53 objects/buildingsets/human/common/cable/tray/set_a/common_cable_tray_set_a_addon_bracket_a.cgf
    [-0.00000064012100026, 1.00000042674731060, 0.00000000000000000, 3.24663599999985308]
    [-1.00000042674731060, -0.00000064012100026, -0.00000000000000000, 6.24538800000004812]
    [-0.00000000000000000, 0.00000000000000000, 1.00000042674751533, 3.37632900000000014]
  #54 objects/buildingsets/human/common/cable/tray/set_a/common_cable_tray_set_a_addon_bracket_a.cgf
    [1.00000000000000000, 0.00000000000000000, 0.00000000000000000, -3.25336399999991954]
    [0.00000000000000000, 1.00000000000000000, 0.00000000000000000, 8.24538800000004812]
    [0.00000000000000000, 0.00000000000000000, 1.00000000000000000, 3.37632900000000014]
  #55 objects/buildingsets/human/utilitarian/int/addons/cables/cables_hanging_alpha_4m_c.cgf
    [-0.24304699897766113, 0.00000000000000000, 0.00000000000000000, 3.26460700000006909]
    [0.00000000000000000, -0.24304699897766113, 0.00000000000000000, 4.30691999999999098]
    [0.00000000000000000, 0.00000000000000000, 0.24304699897766113, 3.30612700000000004]
  #56 data/objects/buildingsets/human/common/pipe/set_a/common_pipe_set_a_pipe_straight_02m_a.cgf
    [1.00000042674751533, 0.00000000000000000, 0.00000000000000000, -3.31250000000000000]
    [0.00000000000000000, -0.00000064012100026, -1.00000042674731060, 8.31250000000000000]
    [0.00000000000000000, 1.00000042674731060, -0.00000064012100026, 3.53125000000000000]
  #57 objects/buildingsets/human/common/cable/tray/set_a/common_cable_tray_set_a_addon_bracket_a.cgf
    [-0.00000064012100026, 1.00000042674731060, 0.00000000000000000, 3.24663599999985308]
    [-1.00000042674731060, -0.00000064012100026, -0.00000000000000000, 7.74538800000004812]
    [-0.00000000000000000, 0.00000000000000000, 1.00000042674751533, 3.37632900000000014]
  #58 data/objects/buildingsets/human/utilitarian/ugf/int/common/addon/greeble/addon_greeble_f.cgf
    [-0.00000052020223742, -0.00000000000000000, -0.81266269902702037, 3.50000000000000000]
    [0.00000000000000000, -0.81266269902718713, 0.00000000000000000, 1.50000000000000000]
    [-0.81266269902702037, 0.00000000000000000, 0.00000052020223715, 3.50000000000000000]
  #59 objects/buildingsets/human/common/cable/tray/set_a/common_cable_tray_set_a_cable_tray_straight_04m_a.cgf
    [-1.00000000000000000, 0.00000000000000000, 0.00000000000000000, 2.74663599999985308]
    [0.00000000000000000, -1.00000000000000000, 0.00000000000000000, 8.24538800000004812]
    [0.00000000000000000, 0.00000000000000000, 1.00000000000000000, 3.37632900000000014]
  #60 objects/buildingsets/human/utilitarian/ugf/int/common/addon/greeble/addon_greeble_b.cgf
    [-0.81266371230701284, 0.00000000000000000, 0.00000000000000000, 3.00000000000000000]
    [0.00000000000000000, 0.00000052020288604, -0.81266371230684642, 8.50000000000000000]
    [-0.00000000000000000, -0.81266371230684642, -0.00000052020288604, 0.75000000000000000]
  #61 objects/buildingsets/human/common/cable/tray/set_a/common_cable_tray_set_a_cable_tray_straight_02m_a.cgf
    [-0.00000064012100026, -1.00000042674731060, 0.00000000000000000, 3.24663599999985308]
    [1.00000042674731060, -0.00000064012100026, 0.00000000000000000, 5.74538800000004812]
    [0.00000000000000000, 0.00000000000000000, 1.00000042674751533, 3.37632900000000014]
  #62 objects/buildingsets/human/lowtech/prop/machine/generator/generator_mobile_1_pirate_a.cgf
    [0.86602542443567943, -0.50000001836480490, 0.00000000000000000, -3.18621600000005856]
    [0.50000001836480490, 0.86602542443567943, 0.00000000000000000, 1.02175899999997455]
    [0.00000000000000000, 0.00000000000000000, 1.00000002706690161, 0.25259900000000002]
  #63 objects/buildingsets/human/common/pipe/set_a/common_pipe_set_a_addon_greeble_a.cgf
    [0.50000021337375766, -0.00000000000000000, 0.00000000000000000, 3.46875000000000000]
    [0.00000000000000000, -0.00000032006050013, 0.50000021337365530, 6.31250000000000000]
    [-0.00000000000000000, -0.50000021337365530, -0.00000032006050013, 0.40625000000000000]
  #64 objects/buildingsets/human/common/pipe/set_a/common_pipe_set_a_pipe_corner_0025m_a.cgf
    [1.00000042674751533, 0.00000000000000000, 0.00000000000000000, 0.62500000000000000]
    [0.00000000000000000, -0.00000064012100026, -1.00000042674731060, 8.31250000000000000]
    [0.00000000000000000, 1.00000042674731060, -0.00000064012100026, 3.53125000000000000]
  #65 objects/buildingsets/human/common/pipe/set_a/common_pipe_set_a_addon_greeble_b.cgf
    [1.00000042674751533, 0.00000000000000000, 0.00000000000000000, 2.93750000000000000]
    [0.00000000000000000, -0.00000064012100026, -1.00000042674731060, 8.31250000000000000]
    [0.00000000000000000, 1.00000042674731060, -0.00000064012100026, 0.53125000000000000]
  #66 objects/buildingsets/human/universal/prop/storage/ammo-box/ammo-box_1_grenade_1x05x025_a.cgf
    [0.81710641265826855, 0.27080696320263603, -0.16949475781336285, -3.47387682876774306]
    [-0.27151837032070780, 0.83393941103367697, 0.02346501983165479, 7.86579604831445067]
    [0.16835278086099845, 0.03060100093590252, 0.86049328513974965, 1.23679899999999998]
  #67 objects/buildingsets/human/common/cable/tray/set_a/common_cable_tray_set_a_cable_tray_corner_005m_b.cgf
    [-0.00000064012100026, 1.00000042674731060, 0.00000000000000000, 3.24663599999985308]
    [-1.00000042674731060, -0.00000064012100026, -0.00000000000000000, 3.24538800000004812]
    [-0.00000000000000000, 0.00000000000000000, 1.00000042674751533, 3.25132900000000014]
  #68 objects/buildingsets/human/lowtech/prop/storage/box/box_plastic_2_005x0025x0025_a.cgf
    [0.80875580748149623, -0.58802303924516219, -0.01193134248201647, -4.09389827078871349]
    [0.58743199891925169, 0.80860835429588584, -0.03279609367316607, 7.49256283360068664]
    [0.02893265045364748, 0.01951518463579851, 0.99939054781298853, 0.23426100000000000]
  #69 objects/buildingsets/human/common/pipe/set_a/common_pipe_set_a_addon_greeble_a.cgf
    [0.00000000000000000, -1.00000000000000000, 0.00000000000000000, 1.62500000000000000]
    [0.00000000000000000, 0.00000000000000000, -1.00000000000000000, 8.31250000000000000]
    [1.00000000000000000, 0.00000000000000000, 0.00000000000000000, 3.68750000000000000]
  #70 objects/buildingsets/human/common/pipe/set_a/common_pipe_set_a_addon_greeble_d.cgf
    [0.00000000000000000, -1.00000000000000000, 0.00000000000000000, 3.43750000000000000]
    [0.00000000000000000, 0.00000000000000000, -1.00000000000000000, 8.31250000000000000]
    [1.00000000000000000, 0.00000000000000000, 0.00000000000000000, 1.96875000000000000]
  #71 objects/buildingsets/human/common/cable/tray/set_a/common_cable_tray_set_a_cable_tray_corner_005_a.cgf
    [-0.00000064012100026, -1.00000042674731060, 0.00000000000000000, 3.24663599999985308]
    [1.00000042674731060, -0.00000064012100026, 0.00000000000000000, 7.74538800000004812]
    [0.00000000000000000, 0.00000000000000000, 1.00000042674751533, 3.37632900000000014]
  #72 objects/buildingsets/human/common/cable/tray/set_a/common_cable_tray_set_a_addon_bracket_a.cgf
    [-0.00000064012100026, 1.00000042674731060, 0.00000000000000000, 3.24663599999985308]
    [-1.00000042674731060, -0.00000064012100026, -0.00000000000000000, 4.74538800000004812]
    [-0.00000000000000000, 0.00000000000000000, 1.00000042674751533, 3.25132900000000014]
  #73 objects/buildingsets/human/common/pipe/set_a/common_pipe_set_a_addon_greeble_d.cgf
    [1.00000042674751533, 0.00000000000000000, 0.00000000000000000, 1.87500000000000000]
    [0.00000000000000000, -0.00000064012100026, -1.00000042674731060, 8.31250000000000000]
    [0.00000000000000000, 1.00000042674731060, -0.00000064012100026, 3.53125000000000000]
