# IncludedObjects
# Cgfs: 21, Materials: 6, Palettes: 1, Placements: 46

[CGFs]
      0: objects/planets/terrain_extension/crashpile_01/crashpile_01_d.cgf
      1: objects/spaceships/derelicts/drak/caterpillar/drak_caterpillar_der_hull_module_b.cgf
      2: objects/spaceships/derelicts/drak/caterpillar/drak_caterpilllar_der_gear_rear_door_d.cgf
      3: objects/spaceships/derelicts/drak/caterpillar/drak_caterpilllar_der_gear_side_assembled.cgf
      4: objects/spaceships/derelicts/drak/caterpillar/drak_caterpilllar_der_gear_side_hydraulics.cgf
      5: objects/planets/terrain_extension/crashpile_01/crashpile_01_e.cgf
      6: objects/spaceships/derelicts/drak/caterpillar/drak_caterpillar_der_hull_module_door_btm.cgf
      7: objects/spaceships/derelicts/drak/caterpillar/drak_caterpillar_der_hull_module_door_top.cgf
      8: objects/spaceships/derelicts/drak/caterpillar/drak_caterpillar_door_double_grey_right.cgf
      9: objects/spaceships/derelicts/drak/caterpillar/drak_caterpilllar_der_gear_side.cgf
     10: Data/ObjectContainers/PU/derelict/DRAK/caterpillar/surface/component/ctplr_sfce_mid_med_vb//Brush/designer_95.cgf
     11: objects/spaceships/derelicts/drak/caterpillar/drak_caterpillar_der_hull_module_door_mid.cgf
     12: objects/planets/terrain_extension/crashpile_01/crashpile_01_a.cgf
     13: objects/spaceships/derelicts/drak/caterpillar/drak_caterpilllar_der_gear_rear_door_c.cgf
     14: objects/spaceships/derelicts/drak/caterpillar/drak_caterpillar_der_module_join_a.cgf
     15: objects/spaceships/derelicts/drak/caterpillar/drak_caterpilllar_der_gear_rear_door_b.cgf
     16: objects/spaceships/derelicts/drak/caterpillar/drak_caterpillar_door_double_grey_left.cgf
     17: objects/spaceships/derelicts/drak/caterpillar/drak_caterpillar_der_hull_module.cgf
     18: objects/spaceships/ships/drak/caterpillar/interiors/animating_objects/drak_caterpillar_door_single_grey.cga
     19: objects/spaceships/derelicts/drak/caterpillar/drak_caterpillar_der_module_join_b.cgf
     20: objects/spaceships/derelicts/drak/caterpillar/drak_caterpillar_der_module_join_clean.cgf

[Materials]
      0: objects/spaceships/derelicts/drak/caterpillar/drak_caterpillar_ext_delerict
      1: materials/bhvr/special/proxy_nodraw
      2: objects/spaceships/derelicts/materials/decals/scratches_generic_a
      3: objects/spaceships/derelicts/materials/decal_burned_01
      4: objects/spaceships/derelicts/materials/decals/desert_sand_black_01_ext
      5: objects/spaceships/derelicts/drak/caterpillar/drak_caterpillar_int_delerict

[Palettes]
      0: Libs/Foundry/Records/TintPalettes/default

[Placements]
  #0 objects/planets/terrain_extension/crashpile_01/crashpile_01_d.cgf
    [-1.06670660541829543, -0.03387741538138615, 0.01290500820552764, 1.89903100000003633]
    [0.03619722459280758, -0.97441322012189924, 0.43403437414124174, 24.66307000000000471]
    [-0.00199485375041889, 0.43422159979839625, 0.97499990942551684, -0.68309100000000456]
  #1 objects/spaceships/derelicts/drak/caterpillar/drak_caterpillar_der_hull_module_b.cgf
    [1.00000000000000000, 0.00000000000000000, 0.00000000000000000, 0.71812299999999141]
    [0.00000000000000000, 1.00000000000000000, 0.00000000000000000, 6.30737600000003340]
    [0.00000000000000000, 0.00000000000000000, 1.00000000000000000, 3.15515999999999508]
  #2 objects/spaceships/derelicts/drak/caterpillar/drak_caterpilllar_der_gear_rear_door_d.cgf
    [0.83184063400321784, -0.39482129183352604, 0.39007374324026106, 10.41409799999996721]
    [0.37259631555275108, 0.91815656812317126, 0.13476171592197073, 15.80488600000001043]
    [-0.41135551933464820, 0.03323976468967402, 0.91086880108264545, 1.24944899999999848]
  #3 objects/spaceships/derelicts/drak/caterpillar/drak_caterpilllar_der_gear_side_assembled.cgf
    [0.86602542443567943, -0.00000000000000000, -0.50000001836480490, -4.31054700000004232]
    [0.00000000000000000, 1.00000002706690161, -0.00000000000000000, -1.32333299999999099]
    [0.50000001836480490, 0.00000000000000000, 0.86602542443567943, 1.72821499999999162]
  #4 objects/spaceships/derelicts/drak/caterpillar/drak_caterpilllar_der_gear_side_hydraulics.cgf
    [-0.96881205790931235, 0.16586962481165696, 0.18409628004325049, 8.22884799999997085]
    [-0.15785384960631757, -0.98578866637304907, 0.05747907207245953, 8.89476300000001174]
    [0.19101396526272318, 0.02662609860052880, 0.98122662635057278, 1.83570399999999267]
  #5 objects/planets/terrain_extension/crashpile_01/crashpile_01_d.cgf
    [0.00000065620438322, -1.00295485280495722, 0.36504646597467461, 9.19228399999997237]
    [1.06732251877565698, 0.00000061663031499, -0.00000022443539644, 3.24783500000000913]
    [-0.00000000000013802, 0.36504646597474361, 1.00295485280514685, 0.12745699999999260]
  #6 objects/planets/terrain_extension/crashpile_01/crashpile_01_e.cgf
    [1.06732296943664551, 0.00000000000000000, 0.00000000000000000, 4.05850999999995565]
    [0.00000000000000000, 1.06732296943664551, 0.00000000000000000, 15.69195999999999458]
    [0.00000000000000000, 0.00000000000000000, 1.06732296943664551, 0.86800499999999658]
  #7 objects/planets/terrain_extension/crashpile_01/crashpile_01_d.cgf
    [-0.01750240165975477, 1.00280203535490564, 0.36504699224481268, 8.29183799999998428]
    [-1.06716008293287890, -0.01862579172471419, 0.00000032172540510, 12.95806300000003830]
    [0.00637071845371872, -0.36499139783489593, 1.00295476277631668, 0.20621099999999615]
  #8 objects/planets/terrain_extension/crashpile_01/crashpile_01_d.cgf
    [-0.23899781542992415, 0.97701630753908786, 0.35706883918672133, 7.55217000000004646]
    [-1.04020114574734568, -0.22671609476405016, -0.07589707278011425, -6.97865100000001348]
    [0.00637161685725441, -0.36499030682110850, 1.00295585910896379, -0.54378900000000385]
  #9 objects/spaceships/derelicts/drak/caterpillar/drak_caterpillar_der_hull_module_door_btm.cgf
    [-0.99999701976776123, 0.00000000000000000, 0.00000000000000000, -4.00062700000000859]
    [0.00000000000000000, -0.99999701976776123, 0.00000000000000000, 3.70760000000001355]
    [0.00000000000000000, 0.00000000000000000, 0.99999701976776123, 1.59265999999999508]
  #10 objects/spaceships/derelicts/drak/caterpillar/drak_caterpillar_der_hull_module_door_top.cgf
    [-1.00000000000000000, 0.00000000000000000, 0.00000000000000000, -4.03187700000000859]
    [0.00000000000000000, -1.00000000000000000, 0.00000000000000000, 3.70760000000001355]
    [0.00000000000000000, 0.00000000000000000, 1.00000000000000000, 7.37390999999999508]
  #11 objects/spaceships/derelicts/drak/caterpillar/drak_caterpilllar_der_gear_rear_door_d.cgf
    [0.50000006246586637, -0.86602507920230154, 0.00000000000000000, -0.15026899999998022]
    [0.86602507920230154, 0.50000006246586637, 0.00000000000000000, 11.85092200000002549]
    [0.00000000000000000, 0.00000000000000000, 0.99999975013658027, 8.08649400000000185]
  #12 objects/spaceships/derelicts/drak/caterpillar/drak_caterpillar_door_double_grey_right.cgf
    [1.00000000000000000, 0.00000000000000000, 0.00000000000000000, 1.88472000000001572]
    [0.00000000000000000, 1.00000000000000000, 0.00000000000000000, -1.42492399999997588]
    [0.00000000000000000, 0.00000000000000000, 1.00000000000000000, 1.70128499999999860]
  #13 objects/spaceships/derelicts/drak/caterpillar/drak_caterpilllar_der_gear_side.cgf
    [-0.26758826500029803, -0.20953699845158344, -0.94047377051881720, 8.08970799999997325]
    [0.13540263994620705, -0.97455950176125516, 0.17860584800700469, 8.23793100000000322]
    [-0.95397211272110960, -0.07954979652145287, 0.28915252781822165, 2.49816399999998850]
  #14 Data/ObjectContainers/PU/derelict/DRAK/caterpillar/surface/component/ctplr_sfce_mid_med_vb//Brush/designer_95.cgf
    [-0.00000064012127299, 0.00000000000000000, 1.00000085349446199, 0.86449800000002597]
    [0.00000000000000000, -1.00000085349466716, 0.00000000000000000, 3.67236900000000333]
    [1.00000085349446199, 0.00000000000000000, 0.00000064012127265, 1.33794799999999725]
  #15 objects/planets/terrain_extension/crashpile_01/crashpile_01_d.cgf
    [-0.00063252693032087, -0.99641655797280448, 0.38253390546317556, 12.87034099999993941]
    [1.06731199998419068, -0.00231831424698847, -0.00427387767695860, 0.63478900000001204]
    [0.00482084235666483, 0.38252740338213614, 0.99640759283653157, -0.59495900000000290]
  #16 objects/spaceships/derelicts/drak/caterpillar/drak_caterpillar_der_hull_module_door_mid.cgf
    [-0.99999600648879994, 0.00000000000000000, 0.00000000000000000, -4.65687700000000859]
    [0.00000000000000000, -0.99999600648879994, 0.00000000000000000, 3.70760000000001355]
    [0.00000000000000000, 0.00000000000000000, 0.99999600648879994, 3.37390999999999508]
  #17 objects/planets/terrain_extension/crashpile_01/crashpile_01_a.cgf
    [0.75471196405510199, -0.75471080349847375, 0.00000000000000000, -4.15679999999997563]
    [0.75471080349847375, 0.75471196405510199, 0.00000000000000000, 19.06626399999998966]
    [0.00000000000000000, 0.00000000000000000, 1.06732307461481479, 0.79488999999999521]
  #18 objects/planets/terrain_extension/crashpile_01/crashpile_01_d.cgf
    [-1.06671434818806921, -0.03617072388052449, 0.00243506498851967, 1.83042399999999361]
    [0.03619759571387692, -1.05874288130959160, 0.13018063134981150, 22.70662300000003597]
    [-0.00199621443592074, 0.13018810025520636, 1.05935868577064229, 0.50222499999999570]
  #19 objects/planets/terrain_extension/crashpile_01/crashpile_01_d.cgf
    [0.14916775009948990, 1.02102170528027125, 0.27284357251098507, -7.54671099999995931]
    [-1.05683759199094141, 0.14285254872119652, 0.04321352638214562, -7.36597999999997910]
    [0.00482098213835715, -0.27620242948634466, 1.03095534891710838, -0.09495900000000290]
  #20 objects/planets/terrain_extension/crashpile_01/crashpile_01_d.cgf
    [0.29358071399236912, -0.97066413846120891, 0.33286556194668460, 11.85797300000001542]
    [1.02614088366682488, 0.27607611032605744, -0.09997427582981092, -8.04843699999997853]
    [0.00482067341678133, 0.34752136519297050, 1.00914996382857547, -0.47972400000000448]
  #21 objects/spaceships/derelicts/drak/caterpillar/drak_caterpilllar_der_gear_rear_door_c.cgf
    [0.95469554841669191, -0.27165349982030873, 0.12149240491306162, -8.93678899999997611]
    [0.20953405362752495, 0.32374376063005611, -0.92265111304672265, 18.58910000000003038]
    [0.21130903621615260, 0.90630787929451240, 0.36599745589951072, 0.52504299999999660]
  #22 objects/planets/terrain_extension/crashpile_01/crashpile_01_e.cgf
    [1.06732296943664551, 0.00000000000000000, 0.00000000000000000, -1.69149000000004435]
    [0.00000000000000000, 1.06732296943664551, 0.00000000000000000, 12.44195999999999458]
    [0.00000000000000000, 0.00000000000000000, 1.06732296943664551, 0.86800499999999658]
  #23 objects/spaceships/derelicts/drak/caterpillar/drak_caterpillar_der_module_join_a.cgf
    [1.00000000000000000, 0.00000000000000000, 0.00000000000000000, 0.96812299999999141]
    [0.00000000000000000, 1.00000000000000000, 0.00000000000000000, -1.31762499999996407]
    [0.00000000000000000, 0.00000000000000000, 1.00000000000000000, 0.53015999999999508]
  #24 objects/planets/terrain_extension/crashpile_01/crashpile_01_d.cgf
    [-0.05522610935542878, 1.02951944094722814, 0.27607537374130020, -7.65772500000002765]
    [-1.06588209879370255, -0.05459134867109796, -0.00964108658979890, 0.30731800000000931]
    [0.00482107309876252, -0.27620159266594929, 1.03095453434775597, -0.09495900000000290]
  #25 objects/planets/terrain_extension/crashpile_01/crashpile_01_d.cgf
    [0.00000065620438322, -1.00295485280495722, 0.36504646597467461, 4.94228399999997237]
    [1.06732251877565698, 0.00000061663031499, -0.00000022443539644, -0.50216499999999087]
    [-0.00000000000013802, 0.36504646597474361, 1.00295485280514685, -0.37254300000000740]
  #26 objects/planets/terrain_extension/crashpile_01/crashpile_01_a.cgf
    [0.89513276539257658, 0.58130518931999409, 0.00000000000000000, 6.37043099999993956]
    [-0.58130518931999409, 0.89513276539257658, -0.00000000000000000, 19.99768199999999752]
    [-0.00000000000000000, 0.00000000000000000, 1.06732300209904385, 0.79488999999999521]
  #27 objects/spaceships/derelicts/drak/caterpillar/drak_caterpillar_der_hull_module_door_mid.cgf
    [-0.99999600648879994, 0.00000000000000000, 0.00000000000000000, -4.65687700000000859]
    [0.00000000000000000, -0.99999600648879994, 0.00000000000000000, 13.58260000000001355]
    [0.00000000000000000, 0.00000000000000000, 0.99999600648879994, 3.37390999999999508]
  #28 objects/spaceships/derelicts/drak/caterpillar/drak_caterpilllar_der_gear_rear_door_b.cgf
    [0.90767317520152402, -0.25881888718156287, -0.33036691261952678, -7.62472100000002229]
    [0.24320987608932515, 0.96592592362649354, -0.08852215844068409, -1.60170399999998381]
    [0.34202115356842433, 0.00000069274530328, 0.93969230964572736, 0.70422099999998977]
  #29 objects/spaceships/derelicts/drak/caterpillar/drak_caterpillar_door_double_grey_left.cgf
    [1.00000000000000000, 0.00000000000000000, 0.00000000000000000, 0.31038699999999153]
    [0.00000000000000000, 1.00000000000000000, 0.00000000000000000, -1.42239100000000462]
    [0.00000000000000000, 0.00000000000000000, 1.00000000000000000, 1.70128499999999860]
  #30 objects/spaceships/derelicts/drak/caterpillar/drak_caterpilllar_der_gear_side.cgf
    [0.87542612407594800, -0.23456943562208390, 0.42261849928982004, -7.05391199999996843]
    [0.25881873724379234, 0.96592596819642695, 0.00000005969683415, 8.22617999999999938]
    [-0.40821817367869756, 0.10938152778422799, 0.90630773959108202, 1.38401100000000099]
  #31 objects/planets/terrain_extension/crashpile_01/crashpile_01_d.cgf
    [0.14916780598888421, 1.01571052976719756, -0.29199355968030127, -9.70001200000001518]
    [-1.05683720793499636, 0.14470496004090472, -0.03653414816296999, -7.68258800000000974]
    [0.00482027996036187, 0.29423077299608080, 1.02595524787463543, -0.48675300000000732]
  #32 objects/spaceships/derelicts/drak/caterpillar/drak_caterpilllar_der_gear_side.cgf
    [0.84027672880419513, -0.22484171708480430, 0.49333632702551122, 9.77434300000004441]
    [-0.33947166366679310, 0.49129212855331073, 0.80211629098491766, -5.80834099999998443]
    [-0.42272156187254639, -0.84147356283751318, 0.33649403330240613, 0.86021499999999662]
  #33 objects/planets/terrain_extension/crashpile_01/crashpile_01_e.cgf
    [1.06732296943664551, 0.00000000000000000, 0.00000000000000000, 4.05850999999995565]
    [0.00000000000000000, 1.06732296943664551, 0.00000000000000000, 8.44195999999999458]
    [0.00000000000000000, 0.00000000000000000, 1.06732296943664551, 0.86800499999999658]
  #34 objects/spaceships/derelicts/drak/caterpillar/drak_caterpillar_der_hull_module_door_top.cgf
    [-1.00000000000000000, 0.00000000000000000, 0.00000000000000000, -4.03187700000000859]
    [0.00000000000000000, -1.00000000000000000, 0.00000000000000000, 13.61385000000001355]
    [0.00000000000000000, 0.00000000000000000, 1.00000000000000000, 7.37390999999999508]
  #35 objects/spaceships/derelicts/drak/caterpillar/drak_caterpillar_der_hull_module.cgf
    [1.00000000000000000, 0.00000000000000000, 0.00000000000000000, 0.71812299999999141]
    [0.00000000000000000, 1.00000000000000000, 0.00000000000000000, -3.69262499999996407]
    [0.00000000000000000, 0.00000000000000000, 1.00000000000000000, 3.15515999999999508]
  #36 objects/planets/terrain_extension/crashpile_01/crashpile_01_d.cgf
    [1.06588242428706481, 0.05175733854053133, -0.01985214970017470, 0.98086000000000695]
    [-0.05522395960647170, 1.02466006764774020, -0.29359893119372693, -9.56142799999997806]
    [0.00482122659704967, 0.29422983536670255, 1.02595508288558657, -0.46215200000000323]
  #37 objects/spaceships/ships/drak/caterpillar/interiors/animating_objects/drak_caterpillar_door_single_grey.cga
    [1.00000000000000000, 0.00000000000000000, 0.00000000000000000, -3.02109199999995326]
    [0.00000000000000000, 1.00000000000000000, 0.00000000000000000, -1.43247299999995903]
    [0.00000000000000000, 0.00000000000000000, 1.00000000000000000, 4.71319199999999228]
  #38 objects/planets/terrain_extension/crashpile_01/crashpile_01_d.cgf
    [-0.00112241452906206, -1.00297572034502402, -0.36499011847881868, -5.44597899999996571]
    [1.06730384044990911, 0.00112407762478693, -0.00637107632551995, 0.34592500000002246]
    [0.00637136952915919, -0.36499011336069170, 1.00295611309889798, -0.04378900000000385]
  #39 objects/spaceships/derelicts/drak/caterpillar/drak_caterpillar_der_hull_module_door_btm.cgf
    [-1.00000000000000000, 0.00000000000000000, 0.00000000000000000, -4.06312700000000859]
    [0.00000000000000000, -1.00000000000000000, 0.00000000000000000, 13.68237600000003340]
    [0.00000000000000000, 0.00000000000000000, 1.00000000000000000, 1.65515999999999508]
  #40 objects/spaceships/derelicts/drak/caterpillar/drak_caterpillar_der_module_join_b.cgf
    [1.00000000000000000, 0.00000000000000000, 0.00000000000000000, 0.96812299999999141]
    [0.00000000000000000, 1.00000000000000000, 0.00000000000000000, 18.55737500000003593]
    [0.00000000000000000, 0.00000000000000000, 1.00000000000000000, 0.53015999999999508]
  #41 objects/planets/terrain_extension/crashpile_01/crashpile_01_a.cgf
    [-0.90514220590308270, -0.56559431860958109, 0.00000000000000000, -2.65317700000002787]
    [0.56559431860958109, -0.90514220590308270, 0.00000000000000000, -3.58121799999997847]
    [0.00000000000000000, 0.00000000000000000, 1.06732344963958048, 0.19138499999999681]
  #42 objects/spaceships/derelicts/drak/caterpillar/drak_caterpilllar_der_gear_side_hydraulics.cgf
    [0.85639594718701595, -0.49302566898732636, -0.15333478943713635, -6.29763300000001891]
    [0.47968678042169460, 0.86960714094318925, -0.11697820053223154, 7.87928600000003598]
    [0.19101429428396355, 0.02662698688716574, 0.98122598275778861, 1.93633899999998960]
  #43 objects/spaceships/derelicts/drak/caterpillar/drak_caterpillar_der_module_join_clean.cgf
    [1.00000000000000000, 0.00000000000000000, 0.00000000000000000, 0.96812299999999141]
    [0.00000000000000000, 1.00000000000000000, 0.00000000000000000, 8.68237500000003593]
    [0.00000000000000000, 0.00000000000000000, 1.00000000000000000, 0.53015999999999508]
  #44 objects/spaceships/derelicts/drak/caterpillar/drak_caterpillar_der_hull_module_door_btm.cgf
    [-0.99999701976776123, 0.00000000000000000, 0.00000000000000000, -3.96937700000000859]
    [0.00000000000000000, -0.99999701976776123, 0.00000000000000000, 13.58260000000001355]
    [0.00000000000000000, 0.00000000000000000, 0.99999701976776123, 1.59265999999999508]
  #45 objects/spaceships/ships/drak/caterpillar/interiors/animating_objects/drak_caterpillar_door_single_grey.cga
    [1.00000000000000000, 0.00000000000000000, 0.00000000000000000, -3.28660700000000361]
    [0.00000000000000000, 1.00000000000000000, 0.00000000000000000, 18.66596400000003086]
    [0.00000000000000000, 0.00000000000000000, 1.00000000000000000, 4.71597799999999268]
