# IncludedObjects
# Cgfs: 35, Materials: 3, Palettes: 6, Placements: 105

[CGFs]
      0: data/objects/buildingsets/human/lowtech/delta/int/common/wall/wall_d/lt_delta_wall_set_d_wall_corner_out_2m_a.cgf
      1: data/objects/buildingsets/human/lowtech/delta/int/common/wall/wall_d/lt_delta_wall_set_d_addon_rib_a.cgf
      2: data/objects/buildingsets/human/lowtech/delta/int/common/wall/wall_d/lt_delta_wall_set_d_wall_straight_02m_a.cgf
      3: data/objects/buildingsets/human/lowtech/delta/int/common/wall/wall_d/lt_delta_wall_set_d_wall_doorframe_double_04m_a.cgf
      4: data/objects/buildingsets/human/lowtech/bravo/ext/roomsm_b/wall/roomsm_b_wall_cornerin_01x01x04_a.cgf
      5: data/objects/buildingsets/human/lowtech/delta/int/common/wall/wall_d/lt_delta_wall_set_d_wall_straight_04m_a.cgf
      6: data/objects/buildingsets/human/lowtech/delta/int/common/wall/wall_d/lt_delta_wall_set_d_wall_straight_01m_a.cgf
      7: data/objects/buildingsets/human/lowtech/delta/int/common/wall/wall_d/lt_delta_wall_set_d_wall_straight_window_04m_a.cgf
      8: data/objects/buildingsets/human/lowtech/delta/int/common/wall/wall_d/lt_delta_wall_set_d_wall_corner_in_1m_a.cgf
      9: data/objects/buildingsets/human/lowtech/delta/int/common/wall/wall_d/lt_delta_wall_set_d_addon_rib_cap_a.cgf
     10: data/objects/buildingsets/human/lowtech/delta/int/common/trim/set_a/lt_delta_trim_set_a_trim_corner_in_01m_a.cgf
     11: data/objects/buildingsets/human/lowtech/delta/int/common/trim/set_a/lt_delta_trim_set_a_trim_straight_01m_a.cgf
     12: data/objects/buildingsets/human/lowtech/delta/int/common/trim/set_a/lt_delta_trim_set_a_trim_straight_02m_a.cgf
     13: data/objects/buildingsets/human/lowtech/delta/int/common/trim/set_a/lt_delta_trim_set_a_trim_straight_04m_a.cgf
     14: data/objects/buildingsets/human/lowtech/delta/int/common/trim/set_a/lt_delta_trim_set_a_trim_corner_out_02m_a.cgf
     15: data/objects/buildingsets/human/lowtech/delta/int/common/ceiling/ceiling_straight_04x0025x04_a.cgf
     16: data/objects/buildingsets/human/lowtech/delta/int/common/ceiling/ceiling_straight_04x0025x04_b.cgf
     17: data/objects/buildingsets/human/lowtech/delta/int/common/wall/wall_d/lt_delta_wall_set_d_wall_straight_window_04m_a_addon_b.cgf
     18: data/objects/buildingsets/human/lowtech/delta/int/common/ceiling/ceiling_straight_04x02x0075_a.cgf
     19: data/objects/buildingsets/human/lowtech/alpha/int/roomsm/wall/roomsm_wall_window_glass_04x01x04_a.cgf
     20: data/objects/buildingsets/human/lowtech/delta/int/common/wall/wall_b/lt_delta_b_cornerout_01x01x04_b.cgf
     21: data/objects/buildingsets/human/lowtech/delta/int/common/wall/wall_b/lt_delta_b_door_04x01x04_d.cgf
     22: data/objects/buildingsets/human/lowtech/delta/int/common/wall/wall_b/lt_delta_b_strght_04x01x04_a.cgf
     23: data/objects/buildingsets/human/lowtech/delta/int/common/wall/wall_b/lt_delta_b_cornerin_01x01x04_a.cgf
     24: data/objects/buildingsets/human/lowtech/delta/int/common/wall/wall_b/lt_delta_b_strght_02x01x04_a.cgf
     25: data/objects/buildingsets/human/lowtech/delta/int/common/wall/wall_b/lt_delta_b_strght_01x01x04_a.cgf
     26: data/objects/buildingsets/human/utilitarian/ugf/int/common/floor/set_a/util_ugf_floor_set_a_floor_01x03_a.cgf
     27: data/objects/buildingsets/human/lowtech/delta/int/common/wall/wall_b/lt_delta_b_strght_window_04x01x04_a.cgf
     28: data/objects/buildingsets/human/utilitarian/ugf/int/common/floor/set_a/util_ugf_floor_set_a_floor_03x04_a.cgf
     29: data/objects/buildingsets/human/utilitarian/ugf/int/common/floor/set_a/util_ugf_floor_set_a_floor_01x04_b.cgf
     30: data/objects/buildingsets/human/lowtech/delta/int/common/wall/wall_b/lt_delta_b_cornerin_01x01x04_b.cgf
     31: data/objects/buildingsets/human/lowtech/delta/int/common/ceiling/ceiling_straight_01x04x0025_a.cgf
     32: data/objects/buildingsets/human/lowtech/delta/int/common/ceiling/ceiling_straight_02x04x0025_a.cgf
     33: data/objects/buildingsets/human/lowtech/delta/int/common/ceiling/ceiling_straight_01x02x0025_a.cgf
     34: data/objects/buildingsets/human/lowtech/delta/int/common/ceiling/ceiling_straight_02x02x0025_a.cgf

[Materials]
      0: objects/buildingsets/human/lowtech/delta/lt_delta_a_frosted
      1: materials/pu/glass/glass_util_a
      2: objects/buildingsets/human/lowtech/delta/lt_delta_a_default

[Palettes]
      0: Libs/Foundry/Records/TintPalettes/Brand/nyx/rockcracker/rockcracker_accent_red_a<312>
      1: Libs/Foundry/Records/TintPalettes/Brand/Levski/levski_default<121>
      2: Libs/Foundry/Records/TintPalettes/Brand/Levski/levski_default
      3: Libs/Foundry/Records/TintPalettes/Brand/nyx/rockcracker/rockcracker_accent_red_a<133>
      4: Libs/Foundry/Records/TintPalettes/Brand/nyx/rockcracker/rockcracker_accent_red_a<122>
      5: Libs/Foundry/Records/TintPalettes/Brand/nyx/rockcracker/rockcracker_accent_red_a

[Placements]
  #0 data/objects/buildingsets/human/lowtech/delta/int/common/wall/wall_d/lt_delta_wall_set_d_wall_corner_out_2m_a.cgf
    [1.00000000000000000, 0.00000000000000000, 0.00000000000000000, -5.00000000000000000]
    [0.00000000000000000, 1.00000000000000000, 0.00000000000000000, 10.00000000000000000]
    [0.00000000000000000, 0.00000000000000000, 1.00000000000000000, 0.00000000000000000]
  #1 data/objects/buildingsets/human/lowtech/delta/int/common/wall/wall_d/lt_delta_wall_set_d_addon_rib_a.cgf
    [-0.00000064012100026, 1.00000042674731060, 0.00000000000000000, -4.00000000000000000]
    [-1.00000042674731060, -0.00000064012100026, -0.00000000000000000, 10.00000000000000000]
    [-0.00000000000000000, 0.00000000000000000, 1.00000042674751533, 0.00000000000000000]
  #2 data/objects/buildingsets/human/lowtech/delta/int/common/wall/wall_d/lt_delta_wall_set_d_addon_rib_a.cgf
    [-1.00000000000000000, 0.00000000000000000, 0.00000000000000000, -6.00000000000000000]
    [0.00000000000000000, -1.00000000000000000, 0.00000000000000000, 2.00000000000000000]
    [0.00000000000000000, 0.00000000000000000, 1.00000000000000000, 0.00000000000000000]
  #3 data/objects/buildingsets/human/lowtech/delta/int/common/wall/wall_d/lt_delta_wall_set_d_wall_straight_02m_a.cgf
    [-1.00000000000000000, 0.00000000000000000, 0.00000000000000000, -6.00000000000000000]
    [0.00000000000000000, -1.00000000000000000, 0.00000000000000000, 2.00000000000000000]
    [0.00000000000000000, 0.00000000000000000, 1.00000000000000000, 0.00000000000000000]
  #4 data/objects/buildingsets/human/lowtech/delta/int/common/wall/wall_d/lt_delta_wall_set_d_wall_corner_out_2m_a.cgf
    [-0.00000064012100026, -1.00000042674731060, 0.00000000000000000, -8.00000000000000000]
    [1.00000042674731060, -0.00000064012100026, 0.00000000000000000, 10.00000000000000000]
    [0.00000000000000000, 0.00000000000000000, 1.00000042674751533, 0.00000000000000000]
  #5 data/objects/buildingsets/human/lowtech/delta/int/common/wall/wall_d/lt_delta_wall_set_d_wall_corner_out_2m_a.cgf
    [-0.00000064012100026, 1.00000042674731060, 0.00000000000000000, 2.00000000000000000]
    [-1.00000042674731060, -0.00000064012100026, -0.00000000000000000, 3.00000000000000000]
    [-0.00000000000000000, 0.00000000000000000, 1.00000042674751533, 0.00000000000000000]
  #6 data/objects/buildingsets/human/lowtech/delta/int/common/wall/wall_d/lt_delta_wall_set_d_wall_doorframe_double_04m_a.cgf
    [-1.00000000000000000, 0.00000000000000000, 0.00000000000000000, 2.00000000000000000]
    [0.00000000000000000, -1.00000000000000000, 0.00000000000000000, 2.00000000000000000]
    [0.00000000000000000, 0.00000000000000000, 1.00000000000000000, 0.00000000000000000]
  #7 data/objects/buildingsets/human/lowtech/bravo/ext/roomsm_b/wall/roomsm_b_wall_cornerin_01x01x04_a.cgf
    [-0.00000064012100026, -1.00000042674731060, 0.00000000000000000, -3.00000000000000000]
    [1.00000042674731060, -0.00000064012100026, 0.00000000000000000, 8.00000000000000000]
    [0.00000000000000000, 0.00000000000000000, 1.00000042674751533, 0.00000000000000000]
  #8 data/objects/buildingsets/human/lowtech/delta/int/common/wall/wall_d/lt_delta_wall_set_d_addon_rib_a.cgf
    [1.00000000000000000, 0.00000000000000000, 0.00000000000000000, 2.00000000000000000]
    [0.00000000000000000, 1.00000000000000000, 0.00000000000000000, 8.00000000000000000]
    [0.00000000000000000, 0.00000000000000000, 1.00000000000000000, 0.00000000000000000]
  #9 data/objects/buildingsets/human/lowtech/delta/int/common/wall/wall_d/lt_delta_wall_set_d_wall_straight_04m_a.cgf
    [-0.00000064012100026, 1.00000042674731060, 0.00000000000000000, 3.00000000000000000]
    [-1.00000042674731060, -0.00000064012100026, -0.00000000000000000, 7.00000000000000000]
    [-0.00000000000000000, 0.00000000000000000, 1.00000042674751533, 0.00000000000000000]
  #10 data/objects/buildingsets/human/lowtech/delta/int/common/wall/wall_d/lt_delta_wall_set_d_wall_straight_01m_a.cgf
    [1.00000000000000000, 0.00000000000000000, 0.00000000000000000, -8.00000000000000000]
    [0.00000000000000000, 1.00000000000000000, 0.00000000000000000, 11.00000000000000000]
    [0.00000000000000000, 0.00000000000000000, 1.00000000000000000, 0.00000000000000000]
  #11 data/objects/buildingsets/human/lowtech/delta/int/common/wall/wall_d/lt_delta_wall_set_d_addon_rib_a.cgf
    [-0.00000064012100026, 1.00000042674731060, 0.00000000000000000, 3.00000000000000000]
    [-1.00000042674731060, -0.00000064012100026, -0.00000000000000000, 3.00000000000000000]
    [-0.00000000000000000, 0.00000000000000000, 1.00000042674751533, 0.00000000000000000]
  #12 data/objects/buildingsets/human/lowtech/delta/int/common/wall/wall_d/lt_delta_wall_set_d_wall_straight_01m_a.cgf
    [1.00000000000000000, 0.00000000000000000, 0.00000000000000000, 1.00000000000000000]
    [0.00000000000000000, 1.00000000000000000, 0.00000000000000000, 8.00000000000000000]
    [0.00000000000000000, 0.00000000000000000, 1.00000000000000000, 0.00000000000000000]
  #13 data/objects/buildingsets/human/lowtech/delta/int/common/wall/wall_d/lt_delta_wall_set_d_wall_corner_out_2m_a.cgf
    [-1.00000000000000000, 0.00000000000000000, 0.00000000000000000, -8.00000000000000000]
    [0.00000000000000000, -1.00000000000000000, 0.00000000000000000, 3.00000000000000000]
    [0.00000000000000000, 0.00000000000000000, 1.00000000000000000, 0.00000000000000000]
  #14 data/objects/buildingsets/human/lowtech/delta/int/common/wall/wall_d/lt_delta_wall_set_d_addon_rib_a.cgf
    [1.00000000000000000, 0.00000000000000000, 0.00000000000000000, 1.00000000000000000]
    [0.00000000000000000, 1.00000000000000000, 0.00000000000000000, 8.00000000000000000]
    [0.00000000000000000, 0.00000000000000000, 1.00000000000000000, 0.00000000000000000]
  #15 data/objects/buildingsets/human/lowtech/delta/int/common/wall/wall_d/lt_delta_wall_set_d_addon_rib_a.cgf
    [-0.00000064012100026, -1.00000042674731060, 0.00000000000000000, -9.00000000000000000]
    [1.00000042674731060, -0.00000064012100026, 0.00000000000000000, 10.00000000000000000]
    [0.00000000000000000, 0.00000000000000000, 1.00000042674751533, 0.00000000000000000]
  #16 data/objects/buildingsets/human/lowtech/delta/int/common/wall/wall_d/lt_delta_wall_set_d_wall_straight_04m_a.cgf
    [1.00000000000000000, 0.00000000000000000, 0.00000000000000000, -3.00000000000000000]
    [0.00000000000000000, 1.00000000000000000, 0.00000000000000000, 8.00000000000000000]
    [0.00000000000000000, 0.00000000000000000, 1.00000000000000000, 0.00000000000000000]
  #17 data/objects/buildingsets/human/lowtech/delta/int/common/wall/wall_d/lt_delta_wall_set_d_addon_rib_a.cgf
    [-0.00000064012100026, -1.00000042674731060, 0.00000000000000000, -9.00000000000000000]
    [1.00000042674731060, -0.00000064012100026, 0.00000000000000000, 3.00000000000000000]
    [0.00000000000000000, 0.00000000000000000, 1.00000042674751533, 0.00000000000000000]
  #18 data/objects/buildingsets/human/lowtech/delta/int/common/wall/wall_d/lt_delta_wall_set_d_addon_rib_a.cgf
    [-1.00000000000000000, 0.00000000000000000, 0.00000000000000000, -2.00000000000000000]
    [0.00000000000000000, -1.00000000000000000, 0.00000000000000000, 2.00000000000000000]
    [0.00000000000000000, 0.00000000000000000, 1.00000000000000000, 0.00000000000000000]
  #19 data/objects/buildingsets/human/lowtech/delta/int/common/wall/wall_d/lt_delta_wall_set_d_addon_rib_a.cgf
    [1.00000000000000000, 0.00000000000000000, 0.00000000000000000, -7.00000000000000000]
    [0.00000000000000000, 1.00000000000000000, 0.00000000000000000, 11.00000000000000000]
    [0.00000000000000000, 0.00000000000000000, 1.00000000000000000, 0.00000000000000000]
  #20 data/objects/buildingsets/human/lowtech/delta/int/common/wall/wall_d/lt_delta_wall_set_d_wall_straight_04m_a.cgf
    [-0.00000064012100026, -1.00000042674731060, 0.00000000000000000, -9.00000000000000000]
    [1.00000042674731060, -0.00000064012100026, 0.00000000000000000, 4.00000000000000000]
    [0.00000000000000000, 0.00000000000000000, 1.00000042674751533, 0.00000000000000000]
  #21 data/objects/buildingsets/human/lowtech/delta/int/common/wall/wall_d/lt_delta_wall_set_d_wall_straight_window_04m_a.cgf
    [-1.00000000000000000, 0.00000000000000000, 0.00000000000000000, -2.00000000000000000]
    [0.00000000000000000, -1.00000000000000000, 0.00000000000000000, 2.00000000000000000]
    [0.00000000000000000, 0.00000000000000000, 1.00000000000000000, 0.00000000000000000]
  #22 data/objects/buildingsets/human/lowtech/delta/int/common/wall/wall_d/lt_delta_wall_set_d_addon_rib_a.cgf
    [-0.00000064012100026, 1.00000042674731060, 0.00000000000000000, 3.00000000000000000]
    [-1.00000042674731060, -0.00000064012100026, -0.00000000000000000, 7.00000000000000000]
    [-0.00000000000000000, 0.00000000000000000, 1.00000042674751533, 0.00000000000000000]
  #23 data/objects/buildingsets/human/lowtech/delta/int/common/wall/wall_d/lt_delta_wall_set_d_addon_rib_a.cgf
    [-1.00000000000000000, 0.00000000000000000, 0.00000000000000000, -8.00000000000000000]
    [0.00000000000000000, -1.00000000000000000, 0.00000000000000000, 2.00000000000000000]
    [0.00000000000000000, 0.00000000000000000, 1.00000000000000000, 0.00000000000000000]
  #24 data/objects/buildingsets/human/lowtech/delta/int/common/wall/wall_d/lt_delta_wall_set_d_wall_corner_in_1m_a.cgf
    [-0.00000064012100026, 1.00000042674731060, 0.00000000000000000, -4.00000000000000000]
    [-1.00000042674731060, -0.00000064012100026, -0.00000000000000000, 9.00000000000000000]
    [-0.00000000000000000, 0.00000000000000000, 1.00000042674751533, 0.00000000000000000]
  #25 data/objects/buildingsets/human/lowtech/delta/int/common/wall/wall_d/lt_delta_wall_set_d_wall_straight_01m_a.cgf
    [-0.00000064012100026, 1.00000042674731060, 0.00000000000000000, -4.00000000000000000]
    [-1.00000042674731060, -0.00000064012100026, -0.00000000000000000, 10.00000000000000000]
    [-0.00000000000000000, 0.00000000000000000, 1.00000042674751533, 0.00000000000000000]
  #26 data/objects/buildingsets/human/lowtech/delta/int/common/wall/wall_d/lt_delta_wall_set_d_wall_straight_02m_a.cgf
    [-0.00000064012100026, -1.00000042674731060, 0.00000000000000000, -9.00000000000000000]
    [1.00000042674731060, -0.00000064012100026, 0.00000000000000000, 8.00000000000000000]
    [0.00000000000000000, 0.00000000000000000, 1.00000042674751533, 0.00000000000000000]
  #27 data/objects/buildingsets/human/lowtech/delta/int/common/wall/wall_d/lt_delta_wall_set_d_addon_rib_a.cgf
    [-0.00000064012100026, -1.00000042674731060, 0.00000000000000000, -9.00000000000000000]
    [1.00000042674731060, -0.00000064012100026, 0.00000000000000000, 4.00000000000000000]
    [0.00000000000000000, 0.00000000000000000, 1.00000042674751533, 0.00000000000000000]
  #28 data/objects/buildingsets/human/lowtech/delta/int/common/wall/wall_d/lt_delta_wall_set_d_wall_straight_01m_a.cgf
    [-0.00000064012100026, -1.00000042674731060, 0.00000000000000000, -9.00000000000000000]
    [1.00000042674731060, -0.00000064012100026, 0.00000000000000000, 3.00000000000000000]
    [0.00000000000000000, 0.00000000000000000, 1.00000042674751533, 0.00000000000000000]
  #29 data/objects/buildingsets/human/lowtech/delta/int/common/wall/wall_d/lt_delta_wall_set_d_addon_rib_a.cgf
    [-1.00000000000000000, 0.00000000000000000, 0.00000000000000000, 2.00000000000000000]
    [0.00000000000000000, -1.00000000000000000, 0.00000000000000000, 2.00000000000000000]
    [0.00000000000000000, 0.00000000000000000, 1.00000000000000000, 0.00000000000000000]
  #30 data/objects/buildingsets/human/lowtech/delta/int/common/wall/wall_d/lt_delta_wall_set_d_wall_straight_02m_a.cgf
    [1.00000000000000000, 0.00000000000000000, 0.00000000000000000, -7.00000000000000000]
    [0.00000000000000000, 1.00000000000000000, 0.00000000000000000, 11.00000000000000000]
    [0.00000000000000000, 0.00000000000000000, 1.00000000000000000, 0.00000000000000000]
  #31 data/objects/buildingsets/human/lowtech/delta/int/common/wall/wall_d/lt_delta_wall_set_d_addon_rib_a.cgf
    [-0.00000064012100026, -1.00000042674731060, 0.00000000000000000, -9.00000000000000000]
    [1.00000042674731060, -0.00000064012100026, 0.00000000000000000, 8.00000000000000000]
    [0.00000000000000000, 0.00000000000000000, 1.00000042674751533, 0.00000000000000000]
  #32 data/objects/buildingsets/human/lowtech/delta/int/common/wall/wall_d/lt_delta_wall_set_d_addon_rib_a.cgf
    [1.00000000000000000, 0.00000000000000000, 0.00000000000000000, -8.00000000000000000]
    [0.00000000000000000, 1.00000000000000000, 0.00000000000000000, 11.00000000000000000]
    [0.00000000000000000, 0.00000000000000000, 1.00000000000000000, 0.00000000000000000]
  #33 data/objects/buildingsets/human/lowtech/delta/int/common/wall/wall_d/lt_delta_wall_set_d_addon_rib_a.cgf
    [1.00000000000000000, 0.00000000000000000, 0.00000000000000000, -5.00000000000000000]
    [0.00000000000000000, 1.00000000000000000, 0.00000000000000000, 11.00000000000000000]
    [0.00000000000000000, 0.00000000000000000, 1.00000000000000000, 0.00000000000000000]
  #34 data/objects/buildingsets/human/lowtech/delta/int/common/wall/wall_d/lt_delta_wall_set_d_wall_corner_out_2m_a.cgf
    [1.00000000000000000, 0.00000000000000000, 0.00000000000000000, 2.00000000000000000]
    [0.00000000000000000, 1.00000000000000000, 0.00000000000000000, 7.00000000000000000]
    [0.00000000000000000, 0.00000000000000000, 1.00000000000000000, 0.00000000000000000]
  #35 data/objects/buildingsets/human/lowtech/delta/int/common/wall/wall_d/lt_delta_wall_set_d_addon_rib_cap_a.cgf
    [-0.00000064012100026, -1.00000042674731060, 0.00000000000000000, -9.00000000000000000]
    [1.00000042674731060, -0.00000064012100026, 0.00000000000000000, 10.00000000000000000]
    [0.00000000000000000, 0.00000000000000000, 1.00000042674751533, 4.00000000000000000]
  #36 data/objects/buildingsets/human/lowtech/delta/int/common/wall/wall_d/lt_delta_wall_set_d_addon_rib_cap_a.cgf
    [-0.00000064012100026, -1.00000042674731060, 0.00000000000000000, -9.00000000000000000]
    [1.00000042674731060, -0.00000064012100026, 0.00000000000000000, 4.00000000000000000]
    [0.00000000000000000, 0.00000000000000000, 1.00000042674751533, 4.00000000000000000]
  #37 data/objects/buildingsets/human/lowtech/delta/int/common/wall/wall_d/lt_delta_wall_set_d_addon_rib_cap_a.cgf
    [-1.00000000000000000, 0.00000000000000000, 0.00000000000000000, 2.00000000000000000]
    [0.00000000000000000, -1.00000000000000000, 0.00000000000000000, 2.00000000000000000]
    [0.00000000000000000, 0.00000000000000000, 1.00000000000000000, 4.00000000000000000]
  #38 data/objects/buildingsets/human/lowtech/delta/int/common/wall/wall_d/lt_delta_wall_set_d_addon_rib_cap_a.cgf
    [-0.00000064012100026, 1.00000042674731060, 0.00000000000000000, -4.00000000000000000]
    [-1.00000042674731060, -0.00000064012100026, -0.00000000000000000, 10.00000000000000000]
    [-0.00000000000000000, 0.00000000000000000, 1.00000042674751533, 4.00000000000000000]
  #39 data/objects/buildingsets/human/lowtech/delta/int/common/wall/wall_d/lt_delta_wall_set_d_addon_rib_cap_a.cgf
    [1.00000000000000000, 0.00000000000000000, 0.00000000000000000, -8.00000000000000000]
    [0.00000000000000000, 1.00000000000000000, 0.00000000000000000, 11.00000000000000000]
    [0.00000000000000000, 0.00000000000000000, 1.00000000000000000, 4.00000000000000000]
  #40 data/objects/buildingsets/human/lowtech/delta/int/common/wall/wall_d/lt_delta_wall_set_d_addon_rib_cap_a.cgf
    [-1.00000000000000000, 0.00000000000000000, 0.00000000000000000, -6.00000000000000000]
    [0.00000000000000000, -1.00000000000000000, 0.00000000000000000, 2.00000000000000000]
    [0.00000000000000000, 0.00000000000000000, 1.00000000000000000, 4.00000000000000000]
  #41 data/objects/buildingsets/human/lowtech/delta/int/common/wall/wall_d/lt_delta_wall_set_d_addon_rib_cap_a.cgf
    [-0.00000064012100026, 1.00000042674731060, 0.00000000000000000, 3.00000000000000000]
    [-1.00000042674731060, -0.00000064012100026, -0.00000000000000000, 7.00000000000000000]
    [-0.00000000000000000, 0.00000000000000000, 1.00000042674751533, 4.00000000000000000]
  #42 data/objects/buildingsets/human/lowtech/delta/int/common/trim/set_a/lt_delta_trim_set_a_trim_corner_in_01m_a.cgf
    [-0.00000064012100026, 1.00000042674731060, 0.00000000000000000, -4.00000000000000000]
    [-1.00000042674731060, -0.00000064012100026, -0.00000000000000000, 9.00000000000000000]
    [-0.00000000000000000, 0.00000000000000000, 1.00000042674751533, 4.00000000000000000]
  #43 data/objects/buildingsets/human/lowtech/delta/int/common/trim/set_a/lt_delta_trim_set_a_trim_straight_01m_a.cgf
    [-0.00000064012100026, 1.00000042674731060, 0.00000000000000000, -4.00000000000000000]
    [-1.00000042674731060, -0.00000064012100026, -0.00000000000000000, 10.00000000000000000]
    [-0.00000000000000000, 0.00000000000000000, 1.00000042674751533, 4.00000000000000000]
  #44 data/objects/buildingsets/human/lowtech/delta/int/common/trim/set_a/lt_delta_trim_set_a_trim_straight_02m_a.cgf
    [-0.00000064012100026, -1.00000042674731060, 0.00000000000000000, -9.00000000000000000]
    [1.00000042674731060, -0.00000064012100026, 0.00000000000000000, 8.00000000000000000]
    [0.00000000000000000, 0.00000000000000000, 1.00000042674751533, 4.00000000000000000]
  #45 data/objects/buildingsets/human/lowtech/delta/int/common/wall/wall_d/lt_delta_wall_set_d_addon_rib_cap_a.cgf
    [1.00000000000000000, 0.00000000000000000, 0.00000000000000000, 2.00000000000000000]
    [0.00000000000000000, 1.00000000000000000, 0.00000000000000000, 8.00000000000000000]
    [0.00000000000000000, 0.00000000000000000, 1.00000000000000000, 4.00000000000000000]
  #46 data/objects/buildingsets/human/lowtech/delta/int/common/trim/set_a/lt_delta_trim_set_a_trim_straight_01m_a.cgf
    [1.00000000000000000, 0.00000000000000000, 0.00000000000000000, 1.00000000000000000]
    [0.00000000000000000, 1.00000000000000000, 0.00000000000000000, 8.00000000000000000]
    [0.00000000000000000, 0.00000000000000000, 1.00000000000000000, 4.00000000000000000]
  #47 data/objects/buildingsets/human/lowtech/delta/int/common/wall/wall_d/lt_delta_wall_set_d_addon_rib_cap_a.cgf
    [-1.00000000000000000, 0.00000000000000000, 0.00000000000000000, -2.00000000000000000]
    [0.00000000000000000, -1.00000000000000000, 0.00000000000000000, 2.00000000000000000]
    [0.00000000000000000, 0.00000000000000000, 1.00000000000000000, 4.00000000000000000]
  #48 data/objects/buildingsets/human/lowtech/delta/int/common/wall/wall_d/lt_delta_wall_set_d_addon_rib_cap_a.cgf
    [1.00000000000000000, 0.00000000000000000, 0.00000000000000000, -7.00000000000000000]
    [0.00000000000000000, 1.00000000000000000, 0.00000000000000000, 11.00000000000000000]
    [0.00000000000000000, 0.00000000000000000, 1.00000000000000000, 4.00000000000000000]
  #49 data/objects/buildingsets/human/lowtech/delta/int/common/trim/set_a/lt_delta_trim_set_a_trim_straight_04m_a.cgf
    [1.00000000000000000, 0.00000000000000000, 0.00000000000000000, -3.00000000000000000]
    [0.00000000000000000, 1.00000000000000000, 0.00000000000000000, 8.00000000000000000]
    [0.00000000000000000, 0.00000000000000000, 1.00000000000000000, 4.00000000000000000]
  #50 data/objects/buildingsets/human/lowtech/delta/int/common/trim/set_a/lt_delta_trim_set_a_trim_corner_out_02m_a.cgf
    [-1.00000000000000000, 0.00000000000000000, 0.00000000000000000, -8.00000000000000000]
    [0.00000000000000000, -1.00000000000000000, 0.00000000000000000, 3.00000000000000000]
    [0.00000000000000000, 0.00000000000000000, 1.00000000000000000, 4.00000000000000000]
  #51 data/objects/buildingsets/human/lowtech/delta/int/common/wall/wall_d/lt_delta_wall_set_d_addon_rib_cap_a.cgf
    [1.00000000000000000, 0.00000000000000000, 0.00000000000000000, 1.00000000000000000]
    [0.00000000000000000, 1.00000000000000000, 0.00000000000000000, 8.00000000000000000]
    [0.00000000000000000, 0.00000000000000000, 1.00000000000000000, 4.00000000000000000]
  #52 data/objects/buildingsets/human/lowtech/delta/int/common/trim/set_a/lt_delta_trim_set_a_trim_straight_02m_a.cgf
    [-1.00000000000000000, 0.00000000000000000, 0.00000000000000000, -6.00000000000000000]
    [0.00000000000000000, -1.00000000000000000, 0.00000000000000000, 2.00000000000000000]
    [0.00000000000000000, 0.00000000000000000, 1.00000000000000000, 4.00000000000000000]
  #53 data/objects/buildingsets/human/lowtech/delta/int/common/trim/set_a/lt_delta_trim_set_a_trim_straight_02m_a.cgf
    [1.00000000000000000, 0.00000000000000000, 0.00000000000000000, -7.00000000000000000]
    [0.00000000000000000, 1.00000000000000000, 0.00000000000000000, 11.00000000000000000]
    [0.00000000000000000, 0.00000000000000000, 1.00000000000000000, 4.00000000000000000]
  #54 data/objects/buildingsets/human/lowtech/delta/int/common/ceiling/ceiling_straight_04x0025x04_a.cgf
    [1.00000000000000000, 0.00000000000000000, 0.00000000000000000, -1.00000000000000000]
    [0.00000000000000000, -1.00000000000000000, 0.00000000000000000, 6.00000000000000000]
    [0.00000000000000000, 0.00000000000000000, -1.00000000000000000, 4.50000000000000000]
  #55 data/objects/buildingsets/human/lowtech/delta/int/common/trim/set_a/lt_delta_trim_set_a_trim_corner_out_02m_a.cgf
    [1.00000000000000000, 0.00000000000000000, 0.00000000000000000, -5.00000000000000000]
    [0.00000000000000000, 1.00000000000000000, 0.00000000000000000, 10.00000000000000000]
    [0.00000000000000000, 0.00000000000000000, 1.00000000000000000, 4.00000000000000000]
  #56 data/objects/buildingsets/human/lowtech/delta/int/common/trim/set_a/lt_delta_trim_set_a_trim_straight_04m_a.cgf
    [-1.00000000000000000, 0.00000000000000000, 0.00000000000000000, -2.00000000000000000]
    [0.00000000000000000, -1.00000000000000000, 0.00000000000000000, 2.00000000000000000]
    [0.00000000000000000, 0.00000000000000000, 1.00000000000000000, 4.00000000000000000]
  #57 data/objects/buildingsets/human/lowtech/delta/int/common/wall/wall_d/lt_delta_wall_set_d_addon_rib_cap_a.cgf
    [1.00000000000000000, 0.00000000000000000, 0.00000000000000000, -5.00000000000000000]
    [0.00000000000000000, 1.00000000000000000, 0.00000000000000000, 11.00000000000000000]
    [0.00000000000000000, 0.00000000000000000, 1.00000000000000000, 4.00000000000000000]
  #58 data/objects/buildingsets/human/lowtech/delta/int/common/trim/set_a/lt_delta_trim_set_a_trim_straight_04m_a.cgf
    [-1.00000000000000000, 0.00000000000000000, 0.00000000000000000, 2.00000000000000000]
    [0.00000000000000000, -1.00000000000000000, 0.00000000000000000, 2.00000000000000000]
    [0.00000000000000000, 0.00000000000000000, 1.00000000000000000, 4.00000000000000000]
  #59 data/objects/buildingsets/human/lowtech/delta/int/common/wall/wall_d/lt_delta_wall_set_d_addon_rib_cap_a.cgf
    [-1.00000000000000000, 0.00000000000000000, 0.00000000000000000, -8.00000000000000000]
    [0.00000000000000000, -1.00000000000000000, 0.00000000000000000, 2.00000000000000000]
    [0.00000000000000000, 0.00000000000000000, 1.00000000000000000, 4.00000000000000000]
  #60 data/objects/buildingsets/human/lowtech/delta/int/common/ceiling/ceiling_straight_04x0025x04_b.cgf
    [1.00000000000000000, 0.00000000000000000, 0.00000000000000000, -5.00000000000000000]
    [0.00000000000000000, -1.00000000000000000, 0.00000000000000000, 6.00000000000000000]
    [0.00000000000000000, 0.00000000000000000, -1.00000000000000000, 4.50000000000000000]
  #61 data/objects/buildingsets/human/lowtech/delta/int/common/ceiling/ceiling_straight_04x0025x04_b.cgf
    [1.00000000000000000, 0.00000000000000000, 0.00000000000000000, -9.00000000000000000]
    [0.00000000000000000, -1.00000000000000000, 0.00000000000000000, 10.00000000000000000]
    [0.00000000000000000, 0.00000000000000000, -1.00000000000000000, 4.50000000000000000]
  #62 data/objects/buildingsets/human/lowtech/delta/int/common/wall/wall_d/lt_delta_wall_set_d_addon_rib_cap_a.cgf
    [-0.00000064012100026, 1.00000042674731060, 0.00000000000000000, 3.00000000000000000]
    [-1.00000042674731060, -0.00000064012100026, -0.00000000000000000, 3.00000000000000000]
    [-0.00000000000000000, 0.00000000000000000, 1.00000042674751533, 4.00000000000000000]
  #63 data/objects/buildingsets/human/lowtech/delta/int/common/ceiling/ceiling_straight_04x0025x04_b.cgf
    [1.00000000000000000, 0.00000000000000000, 0.00000000000000000, -9.00000000000000000]
    [0.00000000000000000, -1.00000000000000000, 0.00000000000000000, 6.00000000000000000]
    [0.00000000000000000, 0.00000000000000000, -1.00000000000000000, 4.50000000000000000]
  #64 data/objects/buildingsets/human/lowtech/delta/int/common/wall/wall_d/lt_delta_wall_set_d_wall_straight_window_04m_a_addon_b.cgf
    [-1.00000000000000000, 0.00000000000000000, 0.00000000000000000, -2.00000000000000000]
    [0.00000000000000000, -1.00000000000000000, 0.00000000000000000, 2.00000000000000000]
    [0.00000000000000000, 0.00000000000000000, 1.00000000000000000, 0.00000000000000000]
  #65 data/objects/buildingsets/human/lowtech/delta/int/common/ceiling/ceiling_straight_04x0025x04_a.cgf
    [1.00000000000000000, 0.00000000000000000, 0.00000000000000000, -8.00000000000000000]
    [0.00000000000000000, -1.00000000000000000, 0.00000000000000000, 11.00000000000000000]
    [0.00000000000000000, 0.00000000000000000, -1.00000000000000000, 4.37500000000000000]
  #66 data/objects/buildingsets/human/lowtech/delta/int/common/ceiling/ceiling_straight_04x02x0075_a.cgf
    [-0.00000064012127343, 1.00000085349446177, 0.00000000000000000, -1.00000000000000000]
    [1.00000085349446177, 0.00000064012127299, 0.00000000000000000, 8.00000000000000000]
    [0.00000000000000000, 0.00000000000000000, -1.00000085349466694, 4.50000000000000000]
  #67 data/objects/buildingsets/human/lowtech/delta/int/common/ceiling/ceiling_straight_04x02x0075_a.cgf
    [-0.00000064012127343, 1.00000085349446177, 0.00000000000000000, 3.00000000000000000]
    [1.00000085349446177, 0.00000064012127299, 0.00000000000000000, 8.00000000000000000]
    [0.00000000000000000, 0.00000000000000000, -1.00000085349466694, 4.50000000000000000]
  #68 data/objects/buildingsets/human/lowtech/delta/int/common/wall/wall_d/lt_delta_wall_set_d_addon_rib_cap_a.cgf
    [-0.00000064012100026, -1.00000042674731060, 0.00000000000000000, -9.00000000000000000]
    [1.00000042674731060, -0.00000064012100026, 0.00000000000000000, 8.00000000000000000]
    [0.00000000000000000, 0.00000000000000000, 1.00000042674751533, 4.00000000000000000]
  #69 data/objects/buildingsets/human/lowtech/delta/int/common/trim/set_a/lt_delta_trim_set_a_trim_corner_out_02m_a.cgf
    [-0.00000064012100026, 1.00000042674731060, 0.00000000000000000, 2.00000000000000000]
    [-1.00000042674731060, -0.00000064012100026, -0.00000000000000000, 3.00000000000000000]
    [-0.00000000000000000, 0.00000000000000000, 1.00000042674751533, 4.00000000000000000]
  #70 data/objects/buildingsets/human/lowtech/delta/int/common/ceiling/ceiling_straight_04x0025x04_a.cgf
    [-1.00000000000000000, 0.00000000000000000, 0.00000000000000000, -5.00000000000000000]
    [0.00000000000000000, 1.00000000000000000, 0.00000000000000000, 7.00000000000000000]
    [0.00000000000000000, 0.00000000000000000, -1.00000000000000000, 4.43750000000000000]
  #71 data/objects/buildingsets/human/lowtech/delta/int/common/trim/set_a/lt_delta_trim_set_a_trim_corner_out_02m_a.cgf
    [1.00000000000000000, 0.00000000000000000, 0.00000000000000000, 2.00000000000000000]
    [0.00000000000000000, 1.00000000000000000, 0.00000000000000000, 7.00000000000000000]
    [0.00000000000000000, 0.00000000000000000, 1.00000000000000000, 4.00000000000000000]
  #72 data/objects/buildingsets/human/lowtech/delta/int/common/trim/set_a/lt_delta_trim_set_a_trim_straight_01m_a.cgf
    [1.00000000000000000, 0.00000000000000000, 0.00000000000000000, -8.00000000000000000]
    [0.00000000000000000, 1.00000000000000000, 0.00000000000000000, 11.00000000000000000]
    [0.00000000000000000, 0.00000000000000000, 1.00000000000000000, 4.00000000000000000]
  #73 data/objects/buildingsets/human/lowtech/delta/int/common/trim/set_a/lt_delta_trim_set_a_trim_straight_01m_a.cgf
    [-0.00000064012100026, -1.00000042674731060, 0.00000000000000000, -9.00000000000000000]
    [1.00000042674731060, -0.00000064012100026, 0.00000000000000000, 3.00000000000000000]
    [0.00000000000000000, 0.00000000000000000, 1.00000042674751533, 4.00000000000000000]
  #74 data/objects/buildingsets/human/lowtech/delta/int/common/trim/set_a/lt_delta_trim_set_a_trim_straight_04m_a.cgf
    [-0.00000064012100026, 1.00000042674731060, 0.00000000000000000, 3.00000000000000000]
    [-1.00000042674731060, -0.00000064012100026, -0.00000000000000000, 7.00000000000000000]
    [-0.00000000000000000, 0.00000000000000000, 1.00000042674751533, 4.00000000000000000]
  #75 data/objects/buildingsets/human/lowtech/delta/int/common/wall/wall_d/lt_delta_wall_set_d_addon_rib_cap_a.cgf
    [-0.00000064012100026, -1.00000042674731060, 0.00000000000000000, -9.00000000000000000]
    [1.00000042674731060, -0.00000064012100026, 0.00000000000000000, 3.00000000000000000]
    [0.00000000000000000, 0.00000000000000000, 1.00000042674751533, 4.00000000000000000]
  #76 data/objects/buildingsets/human/lowtech/delta/int/common/trim/set_a/lt_delta_trim_set_a_trim_corner_out_02m_a.cgf
    [-0.00000064012100026, -1.00000042674731060, 0.00000000000000000, -8.00000000000000000]
    [1.00000042674731060, -0.00000064012100026, 0.00000000000000000, 10.00000000000000000]
    [0.00000000000000000, 0.00000000000000000, 1.00000042674751533, 4.00000000000000000]
  #77 data/objects/buildingsets/human/lowtech/delta/int/common/trim/set_a/lt_delta_trim_set_a_trim_straight_04m_a.cgf
    [-0.00000064012100026, -1.00000042674731060, 0.00000000000000000, -9.00000000000000000]
    [1.00000042674731060, -0.00000064012100026, 0.00000000000000000, 4.00000000000000000]
    [0.00000000000000000, 0.00000000000000000, 1.00000042674751533, 4.00000000000000000]
  #78 data/objects/buildingsets/human/lowtech/alpha/int/roomsm/wall/roomsm_wall_window_glass_04x01x04_a.cgf
    [1.00000000000000000, 0.00000000000000000, 0.00000000000000000, -6.00000000000000000]
    [0.00000000000000000, 1.00000000000000000, 0.00000000000000000, 2.00000000000000000]
    [0.00000000000000000, 0.00000000000000000, 1.00000000000000000, 0.00000000000000000]
  #79 data/objects/buildingsets/human/lowtech/alpha/int/roomsm/wall/roomsm_wall_window_glass_04x01x04_a.cgf
    [-1.00000000000000000, 0.00000000000000000, 0.00000000000000000, -2.00000000000000000]
    [0.00000000000000000, -1.00000000000000000, 0.00000000000000000, 2.00000000000000000]
    [0.00000000000000000, 0.00000000000000000, 1.00000000000000000, 0.00000000000000000]
  #80 data/objects/buildingsets/human/lowtech/delta/int/common/wall/wall_b/lt_delta_b_cornerout_01x01x04_b.cgf
    [-0.00000064012100026, 1.00000042674731060, 0.00000000000000000, -3.00000000000000000]
    [-1.00000042674731060, -0.00000064012100026, -0.00000000000000000, 7.00000000000000000]
    [-0.00000000000000000, 0.00000000000000000, 1.00000042674751533, 0.00000000000000000]
  #81 data/objects/buildingsets/human/lowtech/delta/int/common/wall/wall_b/lt_delta_b_door_04x01x04_d.cgf
    [-1.00000000000000000, 0.00000000000000000, 0.00000000000000000, -4.00000000000000000]
    [0.00000000000000000, -1.00000000000000000, 0.00000000000000000, 7.00000000000000000]
    [0.00000000000000000, 0.00000000000000000, 1.00000000000000000, 0.00000000000000000]
  #82 data/objects/buildingsets/human/lowtech/delta/int/common/wall/wall_b/lt_delta_b_strght_04x01x04_a.cgf
    [-1.00000000000000000, 0.00000000000000000, 0.00000000000000000, 2.00000000000000000]
    [0.00000000000000000, -1.00000000000000000, 0.00000000000000000, 8.00000000000000000]
    [0.00000000000000000, 0.00000000000000000, 1.00000000000000000, 0.00000000000000000]
  #83 data/objects/buildingsets/human/lowtech/delta/int/common/wall/wall_b/lt_delta_b_cornerin_01x01x04_a.cgf
    [-0.00000064012100026, 1.00000042674731060, 0.00000000000000000, -3.00000000000000000]
    [-1.00000042674731060, -0.00000064012100026, -0.00000000000000000, 8.00000000000000000]
    [-0.00000000000000000, 0.00000000000000000, 1.00000042674751533, 0.00000000000000000]
  #84 data/objects/buildingsets/human/lowtech/delta/int/common/wall/wall_b/lt_delta_b_cornerin_01x01x04_a.cgf
    [-0.00000064012100026, -1.00000042674731060, 0.00000000000000000, 3.00000000000000000]
    [1.00000042674731060, -0.00000064012100026, 0.00000000000000000, 2.00000000000000000]
    [0.00000000000000000, 0.00000000000000000, 1.00000042674751533, 0.00000000000000000]
  #85 data/objects/buildingsets/human/lowtech/delta/int/common/wall/wall_b/lt_delta_b_strght_02x01x04_a.cgf
    [1.00000000000000000, 0.00000000000000000, 0.00000000000000000, -8.00000000000000000]
    [0.00000000000000000, 1.00000000000000000, 0.00000000000000000, 2.00000000000000000]
    [0.00000000000000000, 0.00000000000000000, 1.00000000000000000, 0.00000000000000000]
  #86 data/objects/buildingsets/human/lowtech/delta/int/common/wall/wall_b/lt_delta_b_cornerin_01x01x04_a.cgf
    [-1.00000000000000000, 0.00000000000000000, 0.00000000000000000, 3.00000000000000000]
    [0.00000000000000000, -1.00000000000000000, 0.00000000000000000, 8.00000000000000000]
    [0.00000000000000000, 0.00000000000000000, 1.00000000000000000, 0.00000000000000000]
  #87 data/objects/buildingsets/human/lowtech/delta/int/common/wall/wall_b/lt_delta_b_door_04x01x04_d.cgf
    [1.00000000000000000, 0.00000000000000000, 0.00000000000000000, -2.00000000000000000]
    [0.00000000000000000, 1.00000000000000000, 0.00000000000000000, 2.00000000000000000]
    [0.00000000000000000, 0.00000000000000000, 1.00000000000000000, 0.00000000000000000]
  #88 data/objects/buildingsets/human/lowtech/delta/int/common/wall/wall_b/lt_delta_b_strght_04x01x04_a.cgf
    [-0.00000064012100026, -1.00000042674731060, 0.00000000000000000, 3.00000000000000000]
    [1.00000042674731060, -0.00000064012100026, 0.00000000000000000, 3.00000000000000000]
    [0.00000000000000000, 0.00000000000000000, 1.00000042674751533, 0.00000000000000000]
  #89 data/objects/buildingsets/human/lowtech/delta/int/common/wall/wall_b/lt_delta_b_strght_01x01x04_a.cgf
    [-0.00000064012100026, 1.00000042674731060, 0.00000000000000000, -9.00000000000000000]
    [-1.00000042674731060, -0.00000064012100026, -0.00000000000000000, 6.00000000000000000]
    [-0.00000000000000000, 0.00000000000000000, 1.00000042674751533, 0.00000000000000000]
  #90 data/objects/buildingsets/human/lowtech/delta/int/common/wall/wall_b/lt_delta_b_strght_01x01x04_a.cgf
    [-1.00000000000000000, 0.00000000000000000, 0.00000000000000000, -3.00000000000000000]
    [0.00000000000000000, -1.00000000000000000, 0.00000000000000000, 7.00000000000000000]
    [0.00000000000000000, 0.00000000000000000, 1.00000000000000000, 0.00000000000000000]
  #91 data/objects/buildingsets/human/lowtech/delta/int/common/wall/wall_b/lt_delta_b_strght_02x01x04_a.cgf
    [-0.00000064012100026, 1.00000042674731060, 0.00000000000000000, -9.00000000000000000]
    [-1.00000042674731060, -0.00000064012100026, -0.00000000000000000, 5.00000000000000000]
    [-0.00000000000000000, 0.00000000000000000, 1.00000042674751533, 0.00000000000000000]
  #92 data/objects/buildingsets/human/utilitarian/ugf/int/common/floor/set_a/util_ugf_floor_set_a_floor_01x03_a.cgf
    [0.99981302022933960, 0.00000000000000000, 0.00000000000000000, -3.00000000000000000]
    [0.00000000000000000, 0.99981302022933960, 0.00000000000000000, 3.00000000000000000]
    [0.00000000000000000, 0.00000000000000000, 0.99981302022933960, 0.00000000000000000]
  #93 data/objects/buildingsets/human/utilitarian/ugf/int/common/floor/set_a/util_ugf_floor_set_a_floor_01x03_a.cgf
    [0.99981302022933960, 0.00000000000000000, 0.00000000000000000, -8.00000000000000000]
    [0.00000000000000000, 0.99981302022933960, 0.00000000000000000, 3.00000000000000000]
    [0.00000000000000000, 0.00000000000000000, 0.99981302022933960, 0.00000000000000000]
  #94 data/objects/buildingsets/human/lowtech/delta/int/common/wall/wall_b/lt_delta_b_strght_window_04x01x04_a.cgf
    [1.00000000000000000, 0.00000000000000000, 0.00000000000000000, -6.00000000000000000]
    [0.00000000000000000, 1.00000000000000000, 0.00000000000000000, 2.00000000000000000]
    [0.00000000000000000, 0.00000000000000000, 1.00000000000000000, 0.00000000000000000]
  #95 data/objects/buildingsets/human/utilitarian/ugf/int/common/floor/set_a/util_ugf_floor_set_a_floor_03x04_a.cgf
    [-0.00000064000131058, -0.99981344689685703, 0.00000000000000000, 2.00000000000000000]
    [0.99981344689685703, -0.00000064000131058, 0.00000000000000000, 3.00000000000000000]
    [0.00000000000000000, 0.00000000000000000, 0.99981344689706186, 0.00000000000000000]
  #96 data/objects/buildingsets/human/utilitarian/ugf/int/common/floor/set_a/util_ugf_floor_set_a_floor_03x04_a.cgf
    [-0.00000064000131058, -0.99981344689685703, 0.00000000000000000, -3.00000000000000000]
    [0.99981344689685703, -0.00000064000131058, 0.00000000000000000, 3.00000000000000000]
    [0.00000000000000000, 0.00000000000000000, 0.99981344689706186, 0.00000000000000000]
  #97 data/objects/buildingsets/human/utilitarian/ugf/int/common/floor/set_a/util_ugf_floor_set_a_floor_01x04_b.cgf
    [-0.00000064000131058, -0.99981344689685703, 0.00000000000000000, 2.00000000000000000]
    [0.99981344689685703, -0.00000064000131058, 0.00000000000000000, 6.00000000000000000]
    [0.00000000000000000, 0.00000000000000000, 0.99981344689706186, 0.00000000000000000]
  #98 data/objects/buildingsets/human/lowtech/delta/int/common/wall/wall_b/lt_delta_b_cornerin_01x01x04_b.cgf
    [1.00000000000000000, 0.00000000000000000, 0.00000000000000000, -9.00000000000000000]
    [0.00000000000000000, 1.00000000000000000, 0.00000000000000000, 2.00000000000000000]
    [0.00000000000000000, 0.00000000000000000, 1.00000000000000000, 0.00000000000000000]
  #99 data/objects/buildingsets/human/lowtech/delta/int/common/ceiling/ceiling_straight_01x04x0025_a.cgf
    [-0.00000064012100026, 1.00000042674731060, 0.00000000000000000, -6.00000000000000000]
    [-1.00000042674731060, -0.00000064012100026, -0.00000000000000000, 4.00000000000000000]
    [-0.00000000000000000, 0.00000000000000000, 1.00000042674751533, 4.00000000000000000]
  #100 data/objects/buildingsets/human/lowtech/delta/int/common/ceiling/ceiling_straight_04x0025x04_b.cgf
    [1.00000000000000000, 0.00000000000000000, 0.00000000000000000, -2.00000000000000000]
    [0.00000000000000000, 1.00000000000000000, 0.00000000000000000, 3.00000000000000000]
    [0.00000000000000000, 0.00000000000000000, 1.00000000000000000, 4.00000000000000000]
  #101 data/objects/buildingsets/human/lowtech/delta/int/common/wall/wall_b/lt_delta_b_cornerin_01x01x04_b.cgf
    [-0.00000064012100026, 1.00000042674731060, 0.00000000000000000, -9.00000000000000000]
    [-1.00000042674731060, -0.00000064012100026, -0.00000000000000000, 7.00000000000000000]
    [-0.00000000000000000, 0.00000000000000000, 1.00000042674751533, 0.00000000000000000]
  #102 data/objects/buildingsets/human/lowtech/delta/int/common/ceiling/ceiling_straight_02x04x0025_a.cgf
    [-0.00000064012100026, 1.00000042674731060, 0.00000000000000000, -8.00000000000000000]
    [-1.00000042674731060, -0.00000064012100026, -0.00000000000000000, 6.00000000000000000]
    [-0.00000000000000000, 0.00000000000000000, 1.00000042674751533, 4.00000000000000000]
  #103 data/objects/buildingsets/human/lowtech/delta/int/common/ceiling/ceiling_straight_01x02x0025_a.cgf
    [1.00000000000000000, 0.00000000000000000, 0.00000000000000000, -8.00000000000000000]
    [0.00000000000000000, 1.00000000000000000, 0.00000000000000000, 3.00000000000000000]
    [0.00000000000000000, 0.00000000000000000, 1.00000000000000000, 4.00000000000000000]
  #104 data/objects/buildingsets/human/lowtech/delta/int/common/ceiling/ceiling_straight_02x02x0025_a.cgf
    [-0.00000064012100026, 1.00000042674731060, 0.00000000000000000, -4.00000000000000000]
    [-1.00000042674731060, -0.00000064012100026, -0.00000000000000000, 6.00000000000000000]
    [-0.00000000000000000, 0.00000000000000000, 1.00000042674751533, 4.00000000000000000]
