# IncludedObjects
# Cgfs: 20, Materials: 6, Palettes: 8, Placements: 30

[CGFs]
      0: objects/buildingsets/human/lowtech/alpha/int/roomsm/partition/partition_barrier_frame_3m_002_a.cgf
      1: objects/planets/terrain_extension/biome_embed_piles/pile_wall_20x05x05_a.cgf
      2: objects/planets/terrain_extension/biome_embed_piles/pile_mound_10x5x04_c.cgf
      3: objects/buildingsets/human/universal/prop/junk/debris/debris_pile_1_a.cgf
      4: objects/planets/terrain_extension/biome_embed_piles/pile_mound_20x05x04_a.cgf
      5: objects/planets/terrain_extension/biome_embed_piles/pile_wall_20x10x04_a.cgf
      6: objects/buildingsets/human/lowtech/bravo/int/walkway/addon/walkway_addon_railing_panel_b.cgf
      7: objects/buildingsets/human/lowtech/bravo/int/walkway/addon/walkway_addon_railing_panel_c.cgf
      8: objects/planets/terrain_extension/biome_embed_piles/pile_wall_incorner_05x05x04_a.cgf
      9: objects/buildingsets/human/lowtech/prop/utilitarian/improvised/improvised_panel_1_a.cgf
     10: objects/buildingsets/human/lowtech/prop/storage/crate/crate_weapon_1_01x005x00375_b.cgf
     11: objects/buildingsets/human/colonialism/col_a/int/addons/decal/col_decal_stuc_panel_c.cgf
     12: objects/buildingsets/human/universal/prop/utility/waste/trash_bag_pile_1_c.cgf
     13: objects/buildingsets/human/lowtech/prop/storage/crate/crate_weapon_3_open_01x005x0025_a.cgf
     14: objects/buildingsets/human/universal/prop/utility/waste/trash_bag_pile_1_h.cgf
     15: objects/buildingsets/human/universal/prop/utility/waste/trash_bag_pile_1_small_d.cgf
     16: objects/buildingsets/human/universal/prop/utility/waste/trash_bag_pile_1_i.cgf
     17: objects/buildingsets/human/lowtech/prop/storage/crate/crate_weapon_1_01x005x0025_b.cgf
     18: objects/spaceships/ammo_boxes/ammo_box_generic.cgf
     19: objects/buildingsets/human/colonialism/col_a/ext/habitation/col_a_ext_hab_addon_f.cgf

[Materials]
      0: objects/planets/terrain_extension/biome_embed_piles/biome_embed_sand_piles_02
      1: materials/decals/streaks/dirt_streak001c
      2: materials/decals/garbage/garbage_pile_05
      3: materials/decals/dirty_rust/dirty_rust_e
      4: materials/decals/stucco/decal_stucco_paint_peel_a
      5: materials/decals/garbage/garbage_pile_01

[Palettes]
      0: Libs/Foundry/Records/TintPalettes/Generic/gen_matte_dark_a
      1: Libs/Foundry/Records/TintPalettes/Generic/gen_grey_darkgrey_blue_a<131>
      2: Libs/Foundry/Records/TintPalettes/default
      3: Libs/Foundry/Records/TintPalettes/Brand/Colonialism/col_default|accent_a
      4: Libs/Foundry/Records/TintPalettes/Brand/AEGS/Hammerhead/aegs_hammerhead_navy
      5: Libs/Foundry/Records/TintPalettes/Loot/Lootable_Container_Medical
      6: Libs/Foundry/Records/TintPalettes/generic/gen_purple_pink_burgandy<321>
      7: Libs/Foundry/Records/TintPalettes/Generic/gen_grey_darkgrey_blue_a<222>

[Placements]
  #0 objects/buildingsets/human/lowtech/alpha/int/roomsm/partition/partition_barrier_frame_3m_002_a.cgf
    [-0.99984782088827373, -0.01745333521480037, 0.00000000000000000, 3.62050499999999431]
    [0.01745333521480037, -0.99984782088827373, 0.00000000000000000, -14.13531799999998384]
    [0.00000000000000000, 0.00000000000000000, 1.00000014192256481, -0.01372200000000000]
  #1 objects/planets/terrain_extension/biome_embed_piles/pile_wall_20x05x05_a.cgf
    [-0.00000035898995498, -0.56081426234226384, 0.00000158622175986, 11.11763799999999947]
    [0.56081426234450704, -0.00000035898995498, 0.00000000000101538, 5.03269099999999980]
    [-0.00000000000000000, 0.00000158622175987, 0.56081426234237874, -0.43814300000000000]
  #2 objects/planets/terrain_extension/biome_embed_piles/pile_mound_10x5x04_c.cgf
    [0.08167542823769199, 0.38425076480734882, -0.00000110503889612, 6.63850200000000257]
    [-0.38425076480892018, 0.08167542823769199, -0.00000011614088243, 7.55290100000001985]
    [0.00000011614869927, 0.00000110503807453, 0.39283524005978560, -0.32439600000000002]
  #3 objects/buildingsets/human/universal/prop/junk/debris/debris_pile_1_a.cgf
    [-0.11428831232386104, -1.08737489758516115, 0.00000000000000000, 1.99764500000000567]
    [1.08737489758516115, -0.11428831232386104, 0.00000000000000000, -13.76542699999998831]
    [0.00000000000000000, 0.00000000000000000, 1.09336452577910914, -0.02694300000000000]
  #4 objects/planets/terrain_extension/biome_embed_piles/pile_mound_10x5x04_c.cgf
    [0.25926433937695958, 0.12645162121439413, -0.00000056212962576, 6.12426700000000324]
    [-0.12645162121439413, 0.25926433937753646, 0.00000012977778839, 9.71813500000001795]
    [0.00000056212961747, 0.00000012977782431, 0.28845798685476370, -0.30582300000000001]
  #5 objects/planets/terrain_extension/biome_embed_piles/pile_mound_20x05x04_a.cgf
    [0.03323910756086986, 0.47533491115257887, 0.00000134692631844, 18.15547100000000569]
    [-0.47533491115448490, 0.03323910756086986, 0.00000004703538345, 2.47549800000001596]
    [-0.00000004703729906, -0.00000134692625155, 0.47649566213331984, -0.95277800000000001]
  #6 objects/planets/terrain_extension/biome_embed_piles/pile_wall_20x10x04_a.cgf
    [0.00000058062082270, -0.26085212037533728, 0.00000000000000000, 8.98066099999999778]
    [0.26085212037533728, 0.00000058062082270, 0.00000000000000000, 5.11517099999997527]
    [0.00000000000000000, 0.00000000000000000, 0.26085212037598349, -0.27503000000000000]
  #7 objects/buildingsets/human/lowtech/bravo/int/walkway/addon/walkway_addon_railing_panel_b.cgf
    [-0.43695272506224575, -0.00602997627428792, -0.00680485036802951, 3.95865399999999568]
    [0.00749538101203010, -0.05374850838914114, -0.43366492554868818, -14.15030100000001312]
    [0.00514644206071001, -0.43368777683236165, 0.05384029069425453, 0.59188799999999997]
  #8 objects/planets/terrain_extension/biome_embed_piles/pile_mound_10x5x04_c.cgf
    [0.09906912591194399, 0.46608127097511254, -0.00000134034541570, 2.25581300000000340]
    [-0.46608127097701846, 0.09906912591194399, -0.00000014087689633, -9.93614300000001549]
    [0.00000014087644134, 0.00000134034546352, 0.47649390642768247, -0.34424800000000000]
  #9 objects/buildingsets/human/lowtech/bravo/int/walkway/addon/walkway_addon_railing_panel_c.cgf
    [-0.43695260759135029, 0.00515603438519546, 0.00748936237746759, 3.65005399999999725]
    [0.00749573896479108, 0.00049677274891758, 0.43698263539240390, -14.01081599999997707]
    [0.00514675983256044, 0.43701650431824379, -0.00058509569416232, 0.59158100000000002]
  #10 objects/planets/terrain_extension/biome_embed_piles/pile_wall_incorner_05x05x04_a.cgf
    [-0.00000019550383634, -0.30541713158328992, 0.00000000000000000, 7.18005100000000596]
    [0.30541713158328992, -0.00000019550383634, 0.00000000000000000, 4.84749399999998332]
    [0.00000000000000000, 0.00000000000000000, 0.30541713158335249, -0.27503000000000000]
  #11 objects/planets/terrain_extension/biome_embed_piles/pile_mound_10x5x04_c.cgf
    [0.09906912591194399, 0.46608127097511254, -0.00000134034541570, 8.53706300000000340]
    [-0.46608127097701846, 0.09906912591194399, -0.00000014087689633, -5.84239300000001549]
    [0.00000014087644134, 0.00000134034546352, 0.47649390642768247, -0.50049800000000000]
  #12 objects/planets/terrain_extension/biome_embed_piles/pile_mound_10x5x04_c.cgf
    [0.39962168611854354, 0.25951698886068136, -0.00000118440684127, 5.66206300000000340]
    [-0.25951698886258728, 0.39962168611854354, -0.00000064308090730, -8.81114300000001549]
    [0.00000064308096167, 0.00000118440681175, 0.47649402884310021, -0.34424800000000000]
  #13 objects/planets/terrain_extension/biome_embed_piles/pile_mound_20x05x04_a.cgf
    [0.03323910756086986, 0.47533491115257887, 0.00000134692631844, 18.32502300000000162]
    [-0.47533491115448490, 0.03323910756086986, 0.00000004703538345, -3.17120799999997871]
    [-0.00000004703729906, -0.00000134692625155, 0.47649566213331984, -0.95877199999999996]
  #14 objects/buildingsets/human/lowtech/prop/utilitarian/improvised/improvised_panel_1_a.cgf
    [-0.98890476891798740, 0.05113177377429159, -0.13947397105859449, 2.69086299999999312]
    [-0.05158996606350370, -0.99866834081097644, -0.00033067251923778, -0.13466499999998405]
    [-0.13930514094506896, 0.00686845349719347, 0.99022572726309677, 8.52749099999999949]
  #15 objects/buildingsets/human/lowtech/prop/storage/crate/crate_weapon_1_01x005x00375_b.cgf
    [-0.01742557708916501, -0.99847734126207310, 0.05233682133912879, 3.98846199999999840]
    [0.99984764332327447, -0.01744949166729368, 0.00000000267145661, 2.16163399999999228]
    [0.00091324835424301, 0.05232885289519890, 0.99862938658476730, 8.39519300000000079]
  #16 objects/buildingsets/human/colonialism/col_a/int/addons/decal/col_decal_stuc_panel_c.cgf
    [-0.00000051261849001, 0.80081532797458443, 0.00000000000000000, 1.06615499999999486]
    [-0.80081532797458443, -0.00000051261849001, -0.00000000000000000, -3.18955999999997175]
    [-0.00000000000000000, 0.00000000000000000, 0.80081532797474853, 7.75128099999999964]
  #17 objects/buildingsets/human/universal/prop/utility/waste/trash_bag_pile_1_c.cgf
    [-0.99999898672103882, 0.00000000000000000, 0.00000000000000000, 2.64068199999999820]
    [0.00000000000000000, -0.99999898672103882, 0.00000000000000000, 0.24315599999999904]
    [0.00000000000000000, 0.00000000000000000, 0.99999898672103882, 7.75520700000000041]
  #18 objects/buildingsets/human/lowtech/prop/storage/crate/crate_weapon_3_open_01x005x0025_a.cgf
    [0.03485263942217098, -0.99802148724627593, 0.05233573704092407, 3.98277299999999457]
    [0.99939110592294822, 0.03490046208385397, -0.00000012958539121, 2.18608000000000402]
    [-0.00182641150660449, 0.05230385829594301, 0.99862985909692459, 9.02806400000000053]
  #19 objects/buildingsets/human/universal/prop/utility/waste/trash_bag_pile_1_h.cgf
    [0.65605860294336449, -0.75470794080322545, 0.00000000000000000, 1.78798799999999858]
    [0.75470794080322545, 0.65605860294336449, 0.00000000000000000, -0.27129000000002179]
    [0.00000000000000000, 0.00000000000000000, 0.99999848320257168, 7.80733000000000033]
  #20 objects/buildingsets/human/universal/prop/utility/waste/trash_bag_pile_1_small_d.cgf
    [-0.00000064012100026, -1.00000042674731060, 0.00000000000000000, 1.98161399999999333]
    [1.00000042674731060, -0.00000064012100026, 0.00000000000000000, 4.29917299999999614]
    [0.00000000000000000, 0.00000000000000000, 1.00000042674751533, 7.75192600000000009]
  #21 objects/buildingsets/human/universal/prop/utility/waste/trash_bag_pile_1_i.cgf
    [0.37460863050192306, 0.92718291463672675, 0.00000000000000000, 1.56953500000000190]
    [-0.92718291463672675, 0.37460863050192306, -0.00000000000000000, -1.22854399999999941]
    [-0.00000000000000000, 0.00000000000000000, 0.99999989162038505, 7.80733000000000033]
  #22 objects/buildingsets/human/lowtech/bravo/int/walkway/addon/walkway_addon_railing_panel_c.cgf
    [0.00332285755368439, 0.28216440445372482, 0.00492559817798076, 2.13195199999999829]
    [-0.00005755813673246, -0.00492526188829187, 0.28218396928750367, -13.98477900000000318]
    [0.28220738712017623, -0.00332335599428429, -0.00000044321172966, 0.66510000000000002]
  #23 objects/buildingsets/human/universal/prop/utility/waste/trash_bag_pile_1_c.cgf
    [-0.00000064012035164, 0.99999941346791710, 0.00000000000000000, 2.64068199999999820]
    [-0.99999941346791710, -0.00000064012035164, -0.00000000000000000, -0.63253500000001850]
    [-0.00000000000000000, 0.00000000000000000, 0.99999941346812193, 7.75387000000000004]
  #24 objects/buildingsets/human/lowtech/prop/storage/crate/crate_weapon_1_01x005x0025_b.cgf
    [-0.12169909104606981, -0.99118611948141366, 0.05233490136341206, 3.97409799999999791]
    [0.99254631451440090, -0.12186610545446253, -0.00000015026668940, 2.06669099999999162]
    [0.00637800103646760, 0.05194480728157019, 0.99862935677559583, 8.77145999999999937]
  #25 objects/buildingsets/human/universal/prop/utility/waste/trash_bag_pile_1_h.cgf
    [0.65605815976281201, -0.75470743098309556, 0.00000000000000000, 0.91558600000000467]
    [0.75470743098309556, 0.65605815976281201, 0.00000000000000000, -0.27129000000002179]
    [0.00000000000000000, 0.00000000000000000, 0.99999780768383262, 7.76298599999999972]
  #26 objects/buildingsets/human/lowtech/bravo/int/walkway/addon/walkway_addon_railing_panel_b.cgf
    [-0.38522518973745995, 0.00803834985483355, -0.00249383035522714, 3.01527299999999343]
    [0.00147835485293580, -0.04777043876268567, -0.38234157596819202, -14.14826499999998077]
    [-0.00828545262240730, -0.38225992620012261, 0.04772820091738286, 0.65509300000000004]
  #27 objects/spaceships/ammo_boxes/ammo_box_generic.cgf
    [-0.98738251782921627, 0.15833400668494288, 0.00000199367900463, 4.09753399999999601]
    [-0.15833400668494288, -0.98738251783121611, 0.00000015883576634, 3.10670299999998178]
    [0.00000199367898515, -0.00000015883601087, 0.99999694708916209, 8.37511800000000051]
  #28 objects/buildingsets/human/colonialism/col_a/ext/habitation/col_a_ext_hab_addon_f.cgf
    [-1.00000000000000000, 0.00000000000000000, 0.00000000000000000, 5.18516300000000285]
    [0.00000000000000000, -1.00000000000000000, 0.00000000000000000, 1.06559700000002522]
    [0.00000000000000000, 0.00000000000000000, 1.00000000000000000, 6.66731199999999991]
  #29 objects/buildingsets/human/universal/prop/utility/waste/trash_bag_pile_1_small_d.cgf
    [-0.00000064012100026, -1.00000042674731060, 0.00000000000000000, 1.98161399999999333]
    [1.00000042674731060, -0.00000064012100026, 0.00000000000000000, -4.31429300000002058]
    [0.00000000000000000, 0.00000000000000000, 1.00000042674751533, 7.75123400000000018]
