# IncludedObjects
# Cgfs: 21, Materials: 5, Palettes: 4, Placements: 91

[CGFs]
      0: data/objects/buildingsets/human/utilitarian/ugf/ext/struct/bg/greeble/ugf_ext_struct_bg_greeble_b.cgf
      1: data/objects/buildingsets/human/utilitarian/ugf/ext/struct/bg/greeble/ugf_ext_struct_bg_greeble_c.cgf
      2: objects/buildingsets/human/lowtech/prop/light/light_wall_04_a.cgf
      3: objects/buildingsets/human/lowtech/prop/light/light_landing_1_a.cgf
      4: objects/buildingsets/human/lowtech/prop/light/light_hazard_1_b.cgf
      5: objects/buildingsets/human/utilitarian/ugf/ext/common/pipes/set_d/framework/util_ugf_pipe_set_d_framework_a_addon_a.cgf
      6: objects/buildingsets/human/utilitarian/ugf/ext/common/pipes/set_d/framework/util_ugf_pipe_set_d_framework_a_str.cgf
      7: objects/buildingsets/human/utilitarian/ugf/ext/common/pipes/set_d/framework/util_ugf_pipe_set_d_framework_a_top.cgf
      8: data/objects/buildingsets/human/utilitarian/ugf/ext/common/pipes/set_d/pipe/util_ugf_pipe_set_d_pipe_a_45_crnr_a_mirror.cgf
      9: objects/buildingsets/human/utilitarian/ugf/ext/common/pipes/set_d/pipe/util_ugf_pipe_set_d_pipe_a_str_04m.cgf
     10: data/objects/buildingsets/human/utilitarian/ugf/ext/struct/bg/pipe/ugf_ext_struct_bg_pipe_mid_a.cgf
     11: objects/buildingsets/human/utilitarian/ugf/ext/common/pipes/set_d/pipe/util_ugf_pipe_set_d_pipe_a_str_16m.cgf
     12: data/objects/buildingsets/human/utilitarian/ugf/ext/struct/bg/greeble/ugf_ext_struct_bg_greeble_i.cgf
     13: data/objects/buildingsets/human/utilitarian/ugf/ext/struct/bg/greeble/ugf_ext_struct_bg_greeble_f.cgf
     14: data/objects/buildingsets/human/utilitarian/ugf/ext/common/pipes/set_d/pipe/util_ugf_pipe_set_d_pipe_a_str_16m.cgf
     15: data/objects/buildingsets/human/utilitarian/ugf/ext/common/pipes/set_d/pipe/util_ugf_pipe_set_d_pipe_a_str_32m.cgf
     16: objects/buildingsets/human/utilitarian/ugf/ext/common/pipes/set_d/pipe/util_ugf_pipe_set_d_pipe_a_str_64m.cgf
     17: data/objects/buildingsets/human/utilitarian/ugf/ext/struct/bg/pipe/ugf_ext_struct_bg_pipe_base_b.cgf
     18: data/objects/buildingsets/human/utilitarian/ugf/ext/struct/bg/pipe/ugf_ext_struct_bg_pipe_base_a.cgf
     19: data/objects/buildingsets/human/utilitarian/ugf/ext/struct/bg/greeble/ugf_ext_struct_bg_greeble_a.cgf
     20: data/objects/buildingsets/human/utilitarian/ugf/ext/struct/bg/pipe/ugf_ext_struct_bg_pipe_mid_b.cgf

[Materials]
      0: materials/decals/leakings/rust_leakings_b
      1: materials/decals/dirty_rust/dirty_rust_c
      2: materials/decals/dirty_rust/dirty_rust_f
      3: materials/decals/dirty_rust/dirty_rust_g
      4: materials/decals/streaks/leakingwet_streak001a

[Palettes]
      0: Libs/Foundry/Records/TintPalettes/Brand/DistributionCentres/dc_default|ext_maintenance
      1: Libs/Foundry/Records/TintPalettes/default
      2: Libs/Foundry/Records/TintPalettes/Brand/DistributionCentres/dc_default|ext_maintenance<222>
      3: Libs/Foundry/Records/TintPalettes/Brand/DistributionCentres/dc_default|ext_pipes

[Placements]
  #0 data/objects/buildingsets/human/utilitarian/ugf/ext/struct/bg/greeble/ugf_ext_struct_bg_greeble_b.cgf
    [0.00000000000000007, -0.59452700614929177, 0.00000000000000000, -15.77082000000000050]
    [-0.00000000000000007, 0.00000000000000007, 0.59452700614929177, 2.74889200000000011]
    [-0.59452700614929177, 0.00000000000000000, 0.00000000000000000, 0.50000100000000003]
  #1 data/objects/buildingsets/human/utilitarian/ugf/ext/struct/bg/greeble/ugf_ext_struct_bg_greeble_b.cgf
    [0.00000000000000007, 0.59452700614929177, 0.00000000000000000, 15.79165399999999941]
    [0.00000000000000007, 0.00000000000000007, 0.59452700614929177, 2.74889200000000011]
    [0.59452700614929177, 0.00000000000000000, 0.00000000000000000, 0.50000100000000003]
  #2 data/objects/buildingsets/human/utilitarian/ugf/ext/struct/bg/greeble/ugf_ext_struct_bg_greeble_b.cgf
    [0.59452725986221466, -0.00000000000000000, 0.00000000000000000, -15.95832000000000050]
    [0.00000000000000000, -0.00000038056922159, 0.59452725986209287, 2.56139200000000011]
    [-0.00000000000000000, -0.59452725986209287, -0.00000038056922159, 1.12500099999999992]
  #3 data/objects/buildingsets/human/utilitarian/ugf/ext/struct/bg/greeble/ugf_ext_struct_bg_greeble_b.cgf
    [-0.59452751357654865, 0.00000000000000000, 0.00000000000000000, -15.97916099999999950]
    [0.00000000000000000, 0.00000208447741114, -0.59452751357289446, 95.55555300000000329]
    [-0.00000000000000000, -0.59452751357289446, -0.00000208447741107, 1.12500099999999992]
  #4 data/objects/buildingsets/human/utilitarian/ugf/ext/struct/bg/greeble/ugf_ext_struct_bg_greeble_b.cgf
    [0.59452725986221466, -0.00000000000000000, 0.00000000000000000, 15.97915399999999941]
    [0.00000000000000000, -0.00000038056922159, 0.59452725986209287, 2.56139200000000011]
    [-0.00000000000000000, -0.59452725986209287, -0.00000038056922159, 1.12500099999999992]
  #5 data/objects/buildingsets/human/utilitarian/ugf/ext/struct/bg/greeble/ugf_ext_struct_bg_greeble_c.cgf
    [0.00000000000000000, 0.00000000000000000, 0.95938700437545776, -5.50000000000000000]
    [0.95938700437545776, 0.00000000000000000, 0.00000000000000000, 2.87500000000000000]
    [0.00000000000000000, 0.95938700437545776, 0.00000000000000000, 8.00000000000000000]
  #6 objects/buildingsets/human/lowtech/prop/light/light_wall_04_a.cgf
    [1.00000008880430102, 0.00000000000000000, 0.00000000000000000, -2.96735799999999994]
    [0.00000000000000000, 0.76604459836237759, -0.64278756282961280, 1.80539699999999992]
    [0.00000000000000000, 0.64278756282961280, 0.76604459836237759, 9.22405099999999933]
  #7 objects/buildingsets/human/lowtech/prop/light/light_landing_1_a.cgf
    [-0.00000064012100026, 0.00000000000000000, 1.00000042674731060, 8.68216900000000003]
    [0.00000000000000000, 1.00000042674751533, 0.00000000000000000, 64.83410899999999799]
    [-1.00000042674731060, 0.00000000000000000, -0.00000064012100026, 10.08120899999999942]
  #8 objects/buildingsets/human/lowtech/prop/light/light_wall_04_a.cgf
    [-0.00000066676641097, -0.81915274546797423, 0.57357628002129246, -16.37486000000000175]
    [1.00000048470527458, -0.00000054618312512, 0.00000038244142105, 93.07620500000000163]
    [-0.00000000000025491, 0.57357628002142003, 0.81915274546815631, 0.53338799999999997]
  #9 objects/buildingsets/human/lowtech/prop/light/light_landing_1_a.cgf
    [-0.00000064012100026, 0.00000000000000000, 1.00000042674731060, 8.68216900000000003]
    [0.00000000000000000, 1.00000042674751533, 0.00000000000000000, 67.13140699999999583]
    [-1.00000042674731060, 0.00000000000000000, -0.00000064012100026, 10.08120899999999942]
  #10 objects/buildingsets/human/lowtech/prop/light/light_landing_1_a.cgf
    [-0.00000072967077187, -0.08715691761826910, -0.99619365667796544, -16.02250000000000085]
    [0.00000012368762912, -0.99619365667823090, 0.08715691761820173, -78.54490300000000502]
    [-0.99999906494662216, -0.00000005962103193, 0.00000073767431669, 1.64448700000000003]
  #11 objects/buildingsets/human/lowtech/prop/light/light_hazard_1_b.cgf
    [-0.00000083215726982, 1.30000050708776738, 0.00000000000000000, -3.73117099999999979]
    [-1.30000050708776738, -0.00000083215726982, -0.00000000000000000, 65.99923699999999371]
    [-0.00000000000000000, 0.00000000000000000, 1.30000050708803361, 14.36735999999999969]
  #12 objects/buildingsets/human/lowtech/prop/light/light_landing_1_a.cgf
    [-0.00000064012100026, 0.00000000000000000, 1.00000042674731060, 16.26222399999999979]
    [0.00000000000000000, 1.00000042674751533, 0.00000000000000000, 88.76355200000000423]
    [-1.00000042674731060, 0.00000000000000000, -0.00000064012100026, 0.78092300000000003]
  #13 objects/buildingsets/human/lowtech/prop/light/light_wall_04_a.cgf
    [1.00000008880430102, 0.00000000000000000, 0.00000000000000000, -4.25717600000000029]
    [0.00000000000000000, 0.76604459836237759, -0.64278756282961280, 1.80539699999999992]
    [0.00000000000000000, 0.64278756282961280, 0.76604459836237759, 9.22405099999999933]
  #14 objects/buildingsets/human/utilitarian/ugf/ext/common/pipes/set_d/framework/util_ugf_pipe_set_d_framework_a_addon_a.cgf
    [-0.00000125739659902, -0.70710682426050553, 0.70710662187137752, 12.00000000000000000]
    [-0.99999991780491060, 0.00000127687869524, -0.00000050134851790, 91.00000000000000000]
    [-0.00000054838246733, -0.70710662187134266, -0.70710682426144555, 3.75000000000000000]
  #15 objects/buildingsets/human/utilitarian/ugf/ext/common/pipes/set_d/framework/util_ugf_pipe_set_d_framework_a_str.cgf
    [-0.00000064012127343, -1.00000085349446177, 0.00000000000000000, 4.99999000000000038]
    [-1.00000085349446177, 0.00000064012127299, 0.00000000000000000, 20.00000000000000000]
    [-0.00000000000000000, 0.00000000000000000, -1.00000085349466694, 5.99999600000000033]
  #16 objects/buildingsets/human/utilitarian/ugf/ext/common/pipes/set_d/framework/util_ugf_pipe_set_d_framework_a_top.cgf
    [0.00000000000000000, 0.00000000000000000, -1.00000000000000000, -0.00001000000000000]
    [1.00000000000000000, 0.00000000000000000, 0.00000000000000000, 66.00000000000000000]
    [0.00000000000000000, -1.00000000000000000, 0.00000000000000000, 5.99999600000000033]
  #17 objects/buildingsets/human/utilitarian/ugf/ext/common/pipes/set_d/framework/util_ugf_pipe_set_d_framework_a_str.cgf
    [-0.00000064012127343, -1.00000085349446177, 0.00000000000000000, 4.99999000000000038]
    [-1.00000085349446177, 0.00000064012127299, 0.00000000000000000, 66.00000000000000000]
    [-0.00000000000000000, 0.00000000000000000, -1.00000085349466694, 5.99999600000000033]
  #18 data/objects/buildingsets/human/utilitarian/ugf/ext/common/pipes/set_d/pipe/util_ugf_pipe_set_d_pipe_a_45_crnr_a_mirror.cgf
    [0.00000000000000000, 0.00000000000000000, 1.00000000000000000, 4.00000000000000000]
    [1.00000000000000000, 0.00000000000000000, 0.00000000000000000, 67.00000000000000000]
    [0.00000000000000000, 1.00000000000000000, 0.00000000000000000, 10.00000000000000000]
  #19 data/objects/buildingsets/human/utilitarian/ugf/ext/common/pipes/set_d/pipe/util_ugf_pipe_set_d_pipe_a_45_crnr_a_mirror.cgf
    [0.00000000000000000, 0.00000000000000000, 1.00000000000000000, -4.00000000000000000]
    [1.00000000000000000, 0.00000000000000000, 0.00000000000000000, 67.00000000000000000]
    [0.00000000000000000, 1.00000000000000000, 0.00000000000000000, 10.00000000000000000]
  #20 objects/buildingsets/human/utilitarian/ugf/ext/common/pipes/set_d/framework/util_ugf_pipe_set_d_framework_a_addon_a.cgf
    [-0.00000125739663853, -0.00000054838251783, 0.99999994916086765, 4.00000300000000042]
    [-0.70710664404340873, 0.70710684643343447, -0.00000050134851003, 8.46393400000000007]
    [-0.70710684643249411, -0.70710664404337387, -0.00000127687875854, 4.46393000000000040]
  #21 objects/buildingsets/human/utilitarian/ugf/ext/common/pipes/set_d/pipe/util_ugf_pipe_set_d_pipe_a_str_04m.cgf
    [-0.00000064012100026, 0.00000000000000000, 1.00000042674731060, -12.00000000000000000]
    [0.00000000000000000, 1.00000042674751533, 0.00000000000000000, 89.99999599999999589]
    [-1.00000042674731060, 0.00000000000000000, -0.00000064012100026, 3.75000000000000000]
  #22 data/objects/buildingsets/human/utilitarian/ugf/ext/struct/bg/pipe/ugf_ext_struct_bg_pipe_mid_a.cgf
    [1.00000000000000000, 0.00000000000000000, 0.00000000000000000, 0.00000000000000000]
    [0.00000000000000000, 1.00000000000000000, 0.00000000000000000, 0.00000000000000000]
    [0.00000000000000000, 0.00000000000000000, 1.00000000000000000, 0.00000000000000000]
  #23 objects/buildingsets/human/utilitarian/ugf/ext/common/pipes/set_d/framework/util_ugf_pipe_set_d_framework_a_addon_a.cgf
    [-0.00000125739659902, -0.70710682426050553, 0.70710662187137752, 4.00000000000000000]
    [-0.99999991780491060, 0.00000127687869524, -0.00000050134851790, 32.00000000000000000]
    [-0.00000054838246733, -0.70710662187134266, -0.70710682426144555, 10.00000000000000000]
  #24 objects/buildingsets/human/utilitarian/ugf/ext/common/pipes/set_d/pipe/util_ugf_pipe_set_d_pipe_a_str_16m.cgf
    [-0.00000064012100026, 0.00000000000000000, 1.00000042674731060, 4.00000000000000000]
    [0.00000000000000000, 1.00000042674751533, 0.00000000000000000, 35.00000000000000000]
    [-1.00000042674731060, 0.00000000000000000, -0.00000064012100026, 10.00000000000000000]
  #25 data/objects/buildingsets/human/utilitarian/ugf/ext/struct/bg/greeble/ugf_ext_struct_bg_greeble_c.cgf
    [0.00000000000000000, 0.00000000000000000, 0.95938700437545776, 1.50000000000000000]
    [0.95938700437545776, 0.00000000000000000, 0.00000000000000000, 2.87500000000000000]
    [0.00000000000000000, 0.95938700437545776, 0.00000000000000000, 8.00000000000000000]
  #26 data/objects/buildingsets/human/utilitarian/ugf/ext/struct/bg/greeble/ugf_ext_struct_bg_greeble_i.cgf
    [0.00000000000000000, 0.00000000000000000, 1.00000000000000000, 12.75000000000000000]
    [1.00000000000000000, 0.00000000000000000, 0.00000000000000000, 96.75000000000000000]
    [0.00000000000000000, 1.00000000000000000, 0.00000000000000000, 7.75000000000000000]
  #27 objects/buildingsets/human/lowtech/prop/light/light_wall_04_a.cgf
    [1.00000008880430102, 0.00000000000000000, 0.00000000000000000, 4.07645700000000044]
    [0.00000000000000000, 0.76604459836237759, -0.64278756282961280, 1.80539699999999992]
    [0.00000000000000000, 0.64278756282961280, 0.76604459836237759, 9.22405099999999933]
  #28 data/objects/buildingsets/human/utilitarian/ugf/ext/struct/bg/greeble/ugf_ext_struct_bg_greeble_f.cgf
    [0.00000000000000007, 0.00000000000000000, -0.59452700614929177, 16.47915300000000016]
    [-0.59452700614929177, 0.00000000000000000, 0.00000000000000000, 7.56138800000000000]
    [-0.00000000000000007, 0.59452700614929177, 0.00000000000000007, 0.12500200000000000]
  #29 data/objects/buildingsets/human/utilitarian/ugf/ext/struct/bg/greeble/ugf_ext_struct_bg_greeble_f.cgf
    [0.00000000000000007, 0.00000000000000000, 0.59452700614929177, -16.52082100000000153]
    [0.59452700614929177, 0.00000000000000000, 0.00000000000000000, 12.56138400000000033]
    [0.00000000000000007, 0.59452700614929177, 0.00000000000000007, 0.12500200000000000]
  #30 data/objects/buildingsets/human/utilitarian/ugf/ext/struct/bg/greeble/ugf_ext_struct_bg_greeble_f.cgf
    [0.00000000000000000, 0.00000000000000000, 1.00000000000000000, 3.25000000000000000]
    [1.00000000000000000, 0.00000000000000000, 0.00000000000000000, 94.75000000000000000]
    [0.00000000000000000, 1.00000000000000000, 0.00000000000000000, 7.00000000000000000]
  #31 objects/buildingsets/human/lowtech/prop/light/light_landing_1_a.cgf
    [-0.00000064012100026, 0.00000000000000000, 1.00000042674731060, 16.07756300000000138]
    [0.00000000000000000, 1.00000042674751533, 0.00000000000000000, 8.77155800000000063]
    [-1.00000042674731060, 0.00000000000000000, -0.00000064012100026, 0.83853999999999995]
  #32 objects/buildingsets/human/lowtech/prop/light/light_landing_1_a.cgf
    [-0.00000064012100026, 0.00000000000000000, 1.00000042674731060, 8.68216900000000003]
    [0.00000000000000000, 1.00000042674751533, 0.00000000000000000, 18.86903999999999826]
    [-1.00000042674731060, 0.00000000000000000, -0.00000064012100026, 10.03823500000000024]
  #33 objects/buildingsets/human/lowtech/prop/light/light_landing_1_a.cgf
    [-0.00000064012100026, 0.00000000000000000, 1.00000042674731060, 16.26222399999999979]
    [0.00000000000000000, 1.00000042674751533, 0.00000000000000000, 85.96714699999999709]
    [-1.00000042674731060, 0.00000000000000000, -0.00000064012100026, 0.78092300000000003]
  #34 objects/buildingsets/human/lowtech/prop/light/light_landing_1_a.cgf
    [-0.00000072967077187, -0.08715691761826910, -0.99619365667796544, -16.22961499999999901]
    [0.00000012368762912, -0.99619365667823090, 0.08715691761820173, 11.26103699999999996]
    [-0.99999906494662216, -0.00000005962103193, 0.00000073767431669, 0.73598100000000000]
  #35 objects/buildingsets/human/lowtech/prop/light/light_hazard_1_b.cgf
    [-0.00000083215726982, 1.30000050708776738, 0.00000000000000000, 3.71065500000000004]
    [-1.30000050708776738, -0.00000083215726982, -0.00000000000000000, 19.98060100000000006]
    [-0.00000000000000000, 0.00000000000000000, 1.30000050708803361, 14.35231100000000026]
  #36 objects/buildingsets/human/lowtech/prop/light/light_wall_04_a.cgf
    [-0.00000011813515883, 0.76604408509896138, -0.64278817321421133, 16.48256100000000046]
    [-1.00000008796957984, -0.00000009049672586, 0.00000007593588327, 5.07019000000000020]
    [0.00000000000000905, 0.64278817321421577, 0.76604408509896682, 0.54386699999999999]
  #37 objects/buildingsets/human/lowtech/prop/light/light_wall_04_a.cgf
    [-0.00000066676641097, -0.81915274546797423, 0.57357628002129246, -16.32358100000000078]
    [1.00000048470527458, -0.00000054618312512, 0.00000038244142105, 4.96046199999999970]
    [-0.00000000000025491, 0.57357628002142003, 0.81915274546815631, 0.48907800000000001]
  #38 objects/buildingsets/human/utilitarian/ugf/ext/common/pipes/set_d/framework/util_ugf_pipe_set_d_framework_a_str.cgf
    [-0.00000064012127343, -1.00000085349446177, 0.00000000000000000, -4.00000999999999962]
    [-1.00000085349446177, 0.00000064012127299, 0.00000000000000000, 20.00000000000000000]
    [-0.00000000000000000, 0.00000000000000000, -1.00000085349466694, 5.99999600000000033]
  #39 objects/buildingsets/human/utilitarian/ugf/ext/common/pipes/set_d/pipe/util_ugf_pipe_set_d_pipe_a_str_04m.cgf
    [-0.70710823567003778, 0.00000000000000000, 0.70710613896567265, 12.00000000000000000]
    [0.00000000000000000, 1.00000057435750267, 0.00000000000000000, 90.00000000000000000]
    [-0.70710613896567265, 0.00000000000000000, -0.70710823567003778, 3.75000000000000000]
  #40 data/objects/buildingsets/human/utilitarian/ugf/ext/common/pipes/set_d/pipe/util_ugf_pipe_set_d_pipe_a_str_16m.cgf
    [-0.00000064012100026, 0.00000000000000000, 1.00000042674731060, -12.00000000000000000]
    [0.00000000000000000, 1.00000042674751533, 0.00000000000000000, 22.00000400000000056]
    [-1.00000042674731060, 0.00000000000000000, -0.00000064012100026, 3.75000000000000000]
  #41 data/objects/buildingsets/human/utilitarian/ugf/ext/common/pipes/set_d/pipe/util_ugf_pipe_set_d_pipe_a_45_crnr_a_mirror.cgf
    [0.00000000000000000, 0.00000000000000000, -1.00000000000000000, 3.99999800000000016]
    [-1.00000000000000000, 0.00000000000000000, 0.00000000000000000, 19.00000000000000000]
    [0.00000000000000000, 1.00000000000000000, 0.00000000000000000, 10.00000000000000000]
  #42 objects/buildingsets/human/utilitarian/ugf/ext/common/pipes/set_d/framework/util_ugf_pipe_set_d_framework_a_top.cgf
    [0.00000000000000000, 0.00000000000000000, -1.00000000000000000, -0.00001000000000000]
    [1.00000000000000000, 0.00000000000000000, 0.00000000000000000, 20.00000000000000000]
    [0.00000000000000000, -1.00000000000000000, 0.00000000000000000, 5.99999600000000033]
  #43 objects/buildingsets/human/utilitarian/ugf/ext/common/pipes/set_d/framework/util_ugf_pipe_set_d_framework_a_str.cgf
    [-0.00000064012127343, -1.00000085349446177, 0.00000000000000000, -4.00000999999999962]
    [-1.00000085349446177, 0.00000064012127299, 0.00000000000000000, 20.00000000000000000]
    [-0.00000000000000000, 0.00000000000000000, -1.00000085349466694, -2.00000400000000012]
  #44 data/objects/buildingsets/human/utilitarian/ugf/ext/common/pipes/set_d/pipe/util_ugf_pipe_set_d_pipe_a_str_32m.cgf
    [1.00000000000000000, 0.00000000000000000, 0.00000000000000000, 4.00000000000000000]
    [0.00000000000000000, 1.00000000000000000, 0.00000000000000000, 67.00000000000000000]
    [0.00000000000000000, 0.00000000000000000, 1.00000000000000000, 10.00000000000000000]
  #45 data/objects/buildingsets/human/utilitarian/ugf/ext/common/pipes/set_d/pipe/util_ugf_pipe_set_d_pipe_a_45_crnr_a_mirror.cgf
    [0.00000000000000000, 0.00000000000000000, -1.00000000000000000, -3.99999800000000016]
    [-1.00000000000000000, 0.00000000000000000, 0.00000000000000000, 19.00000000000000000]
    [0.00000000000000000, 1.00000000000000000, 0.00000000000000000, 10.00000000000000000]
  #46 objects/buildingsets/human/utilitarian/ugf/ext/common/pipes/set_d/pipe/util_ugf_pipe_set_d_pipe_a_str_64m.cgf
    [-0.70710823567003778, 0.00000000000000000, 0.70710613896567265, 12.00000000000000000]
    [0.00000000000000000, 1.00000057435750267, 0.00000000000000000, 86.00000000000000000]
    [-0.70710613896567265, 0.00000000000000000, -0.70710823567003778, 3.75000000000000000]
  #47 objects/buildingsets/human/utilitarian/ugf/ext/common/pipes/set_d/framework/util_ugf_pipe_set_d_framework_a_top.cgf
    [0.00000000000000000, 0.00000000000000000, 1.00000000000000000, -0.00001000000000000]
    [-1.00000000000000000, 0.00000000000000000, 0.00000000000000000, 66.00000000000000000]
    [0.00000000000000000, -1.00000000000000000, 0.00000000000000000, 5.99999600000000033]
  #48 objects/buildingsets/human/utilitarian/ugf/ext/common/pipes/set_d/pipe/util_ugf_pipe_set_d_pipe_a_str_16m.cgf
    [1.00000000000000000, 0.00000000000000000, 0.00000000000000000, -4.00000000000000000]
    [0.00000000000000000, 1.00000000000000000, 0.00000000000000000, 35.00000000000000000]
    [0.00000000000000000, 0.00000000000000000, 1.00000000000000000, 10.00000000000000000]
  #49 data/objects/buildingsets/human/utilitarian/ugf/ext/struct/bg/greeble/ugf_ext_struct_bg_greeble_i.cgf
    [0.00000000000000000, 0.00000000000000000, 1.00000000000000000, -14.75000000000000000]
    [1.00000000000000000, 0.00000000000000000, 0.00000000000000000, 96.75000000000000000]
    [0.00000000000000000, 1.00000000000000000, 0.00000000000000000, 7.75000000000000000]
  #50 data/objects/buildingsets/human/utilitarian/ugf/ext/struct/bg/greeble/ugf_ext_struct_bg_greeble_b.cgf
    [-0.82407068014822693, 0.00000000000000000, 0.00000000000000000, -1.88541599999999998]
    [0.00000000000000000, 0.00000288928044306, 0.82407068014316198, 80.80555900000000236]
    [0.00000000000000000, 0.82407068014316198, -0.00000288928044315, 8.24999799999999972]
  #51 data/objects/buildingsets/human/utilitarian/ugf/ext/struct/bg/greeble/ugf_ext_struct_bg_greeble_f.cgf
    [0.00000000000000007, 0.00000000000000000, -0.59452700614929177, 16.52082700000000060]
    [-0.59452700614929177, 0.00000000000000000, 0.00000000000000000, 85.55555699999999320]
    [-0.00000000000000007, 0.59452700614929177, 0.00000000000000007, 0.12500100000000000]
  #52 data/objects/buildingsets/human/utilitarian/ugf/ext/struct/bg/greeble/ugf_ext_struct_bg_greeble_b.cgf
    [-0.59452751357654865, 0.00000000000000000, 0.00000000000000000, 15.95832599999999957]
    [0.00000000000000000, 0.00000208447741114, -0.59452751357289446, 95.55555300000000329]
    [-0.00000000000000000, -0.59452751357289446, -0.00000208447741107, 1.12500099999999992]
  #53 objects/buildingsets/human/lowtech/prop/light/light_wall_04_a.cgf
    [1.00000008880430102, 0.00000000000000000, 0.00000000000000000, 2.80603600000000020]
    [0.00000000000000000, 0.76604459836237759, -0.64278756282961280, 1.80539699999999992]
    [0.00000000000000000, 0.64278756282961280, 0.76604459836237759, 9.22405099999999933]
  #54 objects/buildingsets/human/lowtech/prop/light/light_landing_1_a.cgf
    [-0.00000064012100026, 0.00000000000000000, 1.00000042674731060, 8.68216900000000003]
    [0.00000000000000000, 1.00000042674751533, 0.00000000000000000, 21.16633699999999862]
    [-1.00000042674731060, 0.00000000000000000, -0.00000064012100026, 10.03823500000000024]
  #55 objects/buildingsets/human/lowtech/prop/light/light_landing_1_a.cgf
    [-0.00000072967077187, -0.08715691761826910, -0.99619365667796544, -16.02250000000000085]
    [0.00000012368762912, -0.99619365667823090, 0.08715691761820173, -87.60550600000000543]
    [-0.99999906494662216, -0.00000005962103193, 0.00000073767431669, 1.64448700000000003]
  #56 data/objects/buildingsets/human/utilitarian/ugf/ext/struct/bg/greeble/ugf_ext_struct_bg_greeble_b.cgf
    [-0.82407068014822693, 0.00000000000000000, 0.00000000000000000, 1.95833199999999996]
    [0.00000000000000000, 0.00000288928044306, 0.82407068014316198, 80.80555900000000236]
    [0.00000000000000000, 0.82407068014316198, -0.00000288928044315, 8.24999799999999972]
  #57 objects/buildingsets/human/lowtech/prop/light/light_landing_1_a.cgf
    [-0.00000064012100026, -0.00000000000000000, -1.00000042674731060, -8.68316599999999994]
    [0.00000000000000000, 1.00000042674751533, -0.00000000000000000, 64.86753400000000624]
    [1.00000042674731060, 0.00000000000000000, -0.00000064012100026, 10.03238799999999920]
  #58 objects/buildingsets/human/lowtech/prop/light/light_landing_1_a.cgf
    [-0.00000064012100026, -0.00000000000000000, -1.00000042674731060, -8.68316599999999994]
    [0.00000000000000000, 1.00000042674751533, -0.00000000000000000, 18.93315799999999882]
    [1.00000042674731060, 0.00000000000000000, -0.00000064012100026, 10.02513700000000085]
  #59 objects/buildingsets/human/lowtech/prop/light/light_wall_04_a.cgf
    [-0.00000011813515883, 0.76604408509896138, -0.64278817321421133, 16.33689599999999942]
    [-1.00000008796957984, -0.00000009049672586, 0.00000007593588327, 93.18593300000000568]
    [0.00000000000000905, 0.64278817321421577, 0.76604408509896682, 0.58817699999999995]
  #60 objects/buildingsets/human/lowtech/prop/light/light_landing_1_a.cgf
    [-0.00000064012100026, -0.00000000000000000, -1.00000042674731060, -8.68316599999999994]
    [0.00000000000000000, 1.00000042674751533, -0.00000000000000000, 67.16483100000000661]
    [1.00000042674731060, 0.00000000000000000, -0.00000064012100026, 10.03238799999999920]
  #61 objects/buildingsets/human/lowtech/prop/light/light_landing_1_a.cgf
    [-0.00000072967077187, -0.08715691761826910, -0.99619365667796544, -16.22964100000000087]
    [0.00000012368762912, -0.99619365667823090, 0.08715691761820173, 90.12208499999999844]
    [-0.99999906494662216, -0.00000005962103193, 0.00000073767431669, 0.76125200000000004]
  #62 objects/buildingsets/human/utilitarian/ugf/ext/common/pipes/set_d/framework/util_ugf_pipe_set_d_framework_a_addon_a.cgf
    [-0.00000125739659902, -0.70710682426050553, 0.70710662187137752, 12.00000000000000000]
    [-0.99999991780491060, 0.00000127687869524, -0.00000050134851790, 7.00000000000000000]
    [-0.00000054838246733, -0.70710662187134266, -0.70710682426144555, 3.75000000000000000]
  #63 objects/buildingsets/human/utilitarian/ugf/ext/common/pipes/set_d/framework/util_ugf_pipe_set_d_framework_a_addon_a.cgf
    [-0.00000125739663853, -0.00000054838251783, 0.99999994916086765, -3.99999800000000016]
    [-0.70710664404340873, 0.70710684643343447, -0.00000050134851003, 8.46393400000000007]
    [-0.70710684643249411, -0.70710664404337387, -0.00000127687875854, 4.46393000000000040]
  #64 objects/buildingsets/human/utilitarian/ugf/ext/common/pipes/set_d/framework/util_ugf_pipe_set_d_framework_a_str.cgf
    [-0.00000064012127343, -1.00000085349446177, 0.00000000000000000, 4.99999000000000038]
    [-1.00000085349446177, 0.00000064012127299, 0.00000000000000000, 20.00000000000000000]
    [-0.00000000000000000, 0.00000000000000000, -1.00000085349466694, -2.00000400000000012]
  #65 objects/buildingsets/human/utilitarian/ugf/ext/common/pipes/set_d/framework/util_ugf_pipe_set_d_framework_a_addon_a.cgf
    [-0.00000125739659902, -0.70710682426050553, 0.70710662187137752, -4.00000000000000000]
    [-0.99999991780491060, 0.00000127687869524, -0.00000050134851790, 32.00000000000000000]
    [-0.00000054838246733, -0.70710662187134266, -0.70710682426144555, 10.00000000000000000]
  #66 data/objects/buildingsets/human/utilitarian/ugf/ext/struct/bg/pipe/ugf_ext_struct_bg_pipe_base_b.cgf
    [-1.00000000000000000, 0.00000000000000000, 0.00000000000000000, 0.00000000000000000]
    [0.00000000000000000, -1.00000000000000000, 0.00000000000000000, 98.00000000000000000]
    [0.00000000000000000, 0.00000000000000000, 1.00000000000000000, 0.00000000000000000]
  #67 objects/buildingsets/human/utilitarian/ugf/ext/common/pipes/set_d/framework/util_ugf_pipe_set_d_framework_a_addon_a.cgf
    [0.00000139042887732, 0.00000054838250063, -0.99999991780473474, 4.00000100000000014]
    [0.70710662187128193, -0.70710682426146876, 0.00000059541650690, 77.46393399999999474]
    [-0.70710682426035232, -0.70710662187132001, -0.00000137094675801, 4.46393000000000040]
  #68 data/objects/buildingsets/human/utilitarian/ugf/ext/struct/bg/greeble/ugf_ext_struct_bg_greeble_b.cgf
    [0.00000000000000007, -0.59452700614929177, 0.00000000000000000, -15.79166099999999950]
    [-0.00000000000000007, 0.00000000000000007, -0.59452700614929177, 95.36805300000000329]
    [0.59452700614929177, 0.00000000000000000, 0.00000000000000000, 0.50000100000000003]
  #69 data/objects/buildingsets/human/utilitarian/ugf/ext/struct/bg/pipe/ugf_ext_struct_bg_pipe_base_a.cgf
    [1.00000000000000000, 0.00000000000000000, 0.00000000000000000, 0.00000000000000000]
    [0.00000000000000000, 1.00000000000000000, 0.00000000000000000, 0.00000000000000000]
    [0.00000000000000000, 0.00000000000000000, 1.00000000000000000, 0.00000000000000000]
  #70 data/objects/buildingsets/human/utilitarian/ugf/ext/struct/bg/greeble/ugf_ext_struct_bg_greeble_a.cgf
    [1.00000042674751533, 0.00000000000000000, 0.00000000000000000, 0.02083300000000000]
    [0.00000000000000000, -0.00000064012100026, -1.00000042674731060, 95.18055200000000582]
    [0.00000000000000000, 1.00000042674731060, -0.00000064012100026, 8.24999799999999972]
  #71 data/objects/buildingsets/human/utilitarian/ugf/ext/struct/bg/greeble/ugf_ext_struct_bg_greeble_b.cgf
    [0.00000000000000007, 0.59452700614929177, 0.00000000000000000, 15.77082599999999957]
    [0.00000000000000007, 0.00000000000000007, -0.59452700614929177, 95.36805300000000329]
    [-0.59452700614929177, 0.00000000000000000, 0.00000000000000000, 0.50000100000000003]
  #72 objects/buildingsets/human/utilitarian/ugf/ext/common/pipes/set_d/framework/util_ugf_pipe_set_d_framework_a_top.cgf
    [0.00000000000000000, 0.00000000000000000, 1.00000000000000000, -0.00001000000000000]
    [-1.00000000000000000, 0.00000000000000000, 0.00000000000000000, 20.00000000000000000]
    [0.00000000000000000, -1.00000000000000000, 0.00000000000000000, 5.99999600000000033]
  #73 objects/buildingsets/human/lowtech/prop/light/light_wall_04_a.cgf
    [0.99999970147371886, 0.00000000000000000, 0.00000000000000000, 0.06772000000000000]
    [0.00000000000000000, -0.86602529398616446, -0.49999959312353981, 91.06295799999999474]
    [0.00000000000000000, 0.49999959312353981, -0.86602529398616446, 9.15339400000000047]
  #74 objects/buildingsets/human/utilitarian/ugf/ext/common/pipes/set_d/framework/util_ugf_pipe_set_d_framework_a_addon_a.cgf
    [-0.00000125739659902, -0.70710682426050553, 0.70710662187137752, -12.00000000000000000]
    [-0.99999991780491060, 0.00000127687869524, -0.00000050134851790, 91.00000000000000000]
    [-0.00000054838246733, -0.70710662187134266, -0.70710682426144555, 3.75000000000000000]
  #75 objects/buildingsets/human/utilitarian/ugf/ext/common/pipes/set_d/framework/util_ugf_pipe_set_d_framework_a_addon_a.cgf
    [-0.00000125739659902, -0.70710682426050553, 0.70710662187137752, -12.00000000000000000]
    [-0.99999991780491060, 0.00000127687869524, -0.00000050134851790, 7.00000000000000000]
    [-0.00000054838246733, -0.70710662187134266, -0.70710682426144555, 3.75000000000000000]
  #76 objects/buildingsets/human/utilitarian/ugf/ext/common/pipes/set_d/framework/util_ugf_pipe_set_d_framework_a_str.cgf
    [-0.00000064012127343, -1.00000085349446177, 0.00000000000000000, -4.00000999999999962]
    [-1.00000085349446177, 0.00000064012127299, 0.00000000000000000, 66.00000000000000000]
    [-0.00000000000000000, 0.00000000000000000, -1.00000085349466694, 5.99999600000000033]
  #77 objects/buildingsets/human/utilitarian/ugf/ext/common/pipes/set_d/framework/util_ugf_pipe_set_d_framework_a_addon_a.cgf
    [0.00000139042887732, 0.00000054838250063, -0.99999991780473474, -3.99999599999999988]
    [0.70710662187128193, -0.70710682426146876, 0.00000059541650690, 77.46393399999999474]
    [-0.70710682426035232, -0.70710662187132001, -0.00000137094675801, 4.46393000000000040]
  #78 data/objects/buildingsets/human/utilitarian/ugf/ext/struct/bg/pipe/ugf_ext_struct_bg_pipe_mid_b.cgf
    [-1.00000000000000000, 0.00000000000000000, 0.00000000000000000, 0.00000000000000000]
    [0.00000000000000000, -1.00000000000000000, 0.00000000000000000, 98.00000000000000000]
    [0.00000000000000000, 0.00000000000000000, 1.00000000000000000, 0.00000000000000000]
  #79 objects/buildingsets/human/utilitarian/ugf/ext/common/pipes/set_d/framework/util_ugf_pipe_set_d_framework_a_str.cgf
    [-0.00000064012127343, -1.00000085349446177, 0.00000000000000000, -4.00000999999999962]
    [-1.00000085349446177, 0.00000064012127299, 0.00000000000000000, 66.00000000000000000]
    [-0.00000000000000000, 0.00000000000000000, -1.00000085349466694, -2.00000400000000012]
  #80 objects/buildingsets/human/utilitarian/ugf/ext/common/pipes/set_d/framework/util_ugf_pipe_set_d_framework_a_str.cgf
    [-0.00000064012127343, -1.00000085349446177, 0.00000000000000000, 4.99999000000000038]
    [-1.00000085349446177, 0.00000064012127299, 0.00000000000000000, 66.00000000000000000]
    [-0.00000000000000000, 0.00000000000000000, -1.00000085349466694, -2.00000400000000012]
  #81 data/objects/buildingsets/human/utilitarian/ugf/ext/common/pipes/set_d/pipe/util_ugf_pipe_set_d_pipe_a_str_32m.cgf
    [-0.00000064012100026, 0.00000000000000000, 1.00000042674731060, -4.00000000000000000]
    [0.00000000000000000, 1.00000042674751533, 0.00000000000000000, 67.00000000000000000]
    [-1.00000042674731060, 0.00000000000000000, -0.00000064012100026, 10.00000000000000000]
  #82 data/objects/buildingsets/human/utilitarian/ugf/ext/struct/bg/greeble/ugf_ext_struct_bg_greeble_f.cgf
    [0.00000000000000007, 0.00000000000000000, 0.59452700614929177, -16.47915899999999922]
    [0.59452700614929177, 0.00000000000000000, 0.00000000000000000, 90.55555499999999824]
    [0.00000000000000007, 0.59452700614929177, 0.00000000000000007, 0.12500100000000000]
  #83 objects/buildingsets/human/lowtech/prop/light/light_landing_1_a.cgf
    [-0.00000072967077187, -0.08715691761826910, -0.99619365667796544, -16.22964100000000087]
    [0.00000012368762912, -0.99619365667823090, 0.08715691761820173, 87.19622400000000084]
    [-0.99999906494662216, -0.00000005962103193, 0.00000073767431669, 0.76450899999999999]
  #84 objects/buildingsets/human/lowtech/prop/light/light_landing_1_a.cgf
    [-0.00000072967077187, -0.08715691761826910, -0.99619365667796544, -16.22961499999999901]
    [0.00000012368762912, -0.99619365667823090, 0.08715691761820173, 8.28341700000000003]
    [-0.99999906494662216, -0.00000005962103193, 0.00000073767431669, 0.68349599999999999]
  #85 objects/buildingsets/human/lowtech/prop/light/light_hazard_1_b.cgf
    [-0.00000083215726982, 1.30000050708776738, 0.00000000000000000, -3.73117099999999979]
    [-1.30000050708776738, -0.00000083215726982, -0.00000000000000000, 19.98059999999999903]
    [-0.00000000000000000, 0.00000000000000000, 1.30000050708803361, 14.36735999999999969]
  #86 objects/buildingsets/human/lowtech/prop/light/light_landing_1_a.cgf
    [-0.00000064012100026, -0.00000000000000000, -1.00000042674731060, -8.68316599999999994]
    [0.00000000000000000, 1.00000042674751533, -0.00000000000000000, 21.23045499999999919]
    [1.00000042674731060, 0.00000000000000000, -0.00000064012100026, 10.02513700000000085]
  #87 objects/buildingsets/human/utilitarian/ugf/ext/common/pipes/set_d/pipe/util_ugf_pipe_set_d_pipe_a_str_64m.cgf
    [-0.00000064012100026, 0.00000000000000000, 1.00000042674731060, -12.00000000000000000]
    [0.00000000000000000, 1.00000042674751533, 0.00000000000000000, 85.99999599999999589]
    [-1.00000042674731060, 0.00000000000000000, -0.00000064012100026, 3.75000000000000000]
  #88 data/objects/buildingsets/human/utilitarian/ugf/ext/common/pipes/set_d/pipe/util_ugf_pipe_set_d_pipe_a_str_16m.cgf
    [1.00000000000000000, 0.00000000000000000, 0.00000000000000000, 12.00000000000000000]
    [0.00000000000000000, 1.00000000000000000, 0.00000000000000000, 22.00000000000000000]
    [0.00000000000000000, 0.00000000000000000, 1.00000000000000000, 3.75000000000000000]
  #89 objects/buildingsets/human/lowtech/prop/light/light_hazard_1_b.cgf
    [-0.00000083215726982, 1.30000050708776738, 0.00000000000000000, 3.71065399999999990]
    [-1.30000050708776738, -0.00000083215726982, -0.00000000000000000, 65.99923699999999371]
    [-0.00000000000000000, 0.00000000000000000, 1.30000050708803361, 14.35231100000000026]
  #90 objects/buildingsets/human/lowtech/prop/light/light_landing_1_a.cgf
    [-0.00000064012100026, 0.00000000000000000, 1.00000042674731060, 16.07756300000000138]
    [0.00000000000000000, 1.00000042674751533, 0.00000000000000000, 10.17361999999999966]
    [-1.00000042674731060, 0.00000000000000000, -0.00000064012100026, 0.83853999999999995]
