# IncludedObjects
# Cgfs: 6, Materials: 7, Palettes: 1, Placements: 24

[CGFs]
      0: objects/buildingsets/human/hightech/delta/ext/outpost/comms/dish/comms_dish_a.cgf
      1: objects/buildingsets/human/brand/decal/logo/primary_logo_large.cgf
      2: objects/buildingsets/human/station/alpha/location/crusader/2d/pad_decal_warning_tri_02x02_a.cgf
      3: objects/buildingsets/human/brand/decal/ident/primary_ident_arrow_b.cgf
      4: objects/buildingsets/human/hightech/prop/tech/sensor/sensor_perimeter_1_a.cgf
      5: objects/buildingsets/human/brand/decal/ident/primary_ident_line_thick_a_2m.cgf

[Materials]
      0: materials/decals/weathered/gloss_wear_dark_c
      1: materials/decals/frost/frost_square_a
      2: materials/decals/weathered/weathered_big_c
      3: materials/decals/frost/frost_streak_b
      4: objects/buildingsets/human/hightech/delta/ext/hightech_delta_ext_op_a
      5: objects/buildingsets/human/brand/platbay/platbay_brand_a
      6: objects/buildingsets/human/hightech/prop/tech/sensor/sensor_perimeter_1_a1

[Palettes]
      0: Libs/Foundry/Records/TintPalettes/default

[Placements]
  #0 objects/buildingsets/human/hightech/delta/ext/outpost/comms/dish/comms_dish_a.cgf
    [0.00000016380105202, 1.00000028515135697, -0.00000037555562468, -12.00000443690805696]
    [-1.00000028515142625, 0.00000016380103282, -0.00000005121882606, 8.25002060733822873]
    [-0.00000005121876455, 0.00000037555563307, 1.00000028515136874, -0.05326140450779349]
  #1 objects/buildingsets/human/brand/decal/logo/primary_logo_large.cgf
    [2.54534454147440314, 0.00000021318055161, 0.00000027442076764, -23.12502198439324275]
    [-0.00000021318057536, 2.54534454147440803, 0.00000022026321227, 2.13662709588243160]
    [-0.00000027442074919, -0.00000022026323525, 2.54534454147440226, 1.47492476715706289]
  #2 objects/buildingsets/human/station/alpha/location/crusader/2d/pad_decal_warning_tri_02x02_a.cgf
    [0.40000001172637795, 0.00000015284294853, -0.00000002208289367, -28.62502127664629370]
    [-0.00000015284294939, 0.40000001172637828, -0.00000001554204722, 5.37498642228456447]
    [0.00000002208288773, 0.00000001554205565, 0.40000001172640687, 1.43773715393035673]
  #3 objects/buildingsets/human/brand/decal/ident/primary_ident_arrow_b.cgf
    [-0.93306483266645168, 0.93306362546826316, 0.00000005826287762, -27.37502265756484121]
    [-0.93306362546740385, -0.93306483266547657, -0.00000185114292594, 7.38662578898947686]
    [-0.00000126775676661, -0.00000135015461184, 1.31955208731123053, 1.47492515534395352]
  #4 objects/buildingsets/human/hightech/prop/tech/sensor/sensor_perimeter_1_a.cgf
    [-0.99950984182802749, 0.00000005392129550, 0.03130557263096510, 15.37838945872499608]
    [-0.00000248249204889, -0.99999997838531318, -0.00007753743940119, -17.88107342561852420]
    [0.03130557253258232, -0.00007757715107014, 0.99950983882052713, -0.39784619541023858]
  #5 objects/buildingsets/human/brand/decal/ident/primary_ident_arrow_b.cgf
    [0.93306399428400144, 0.93306448656691543, 0.00000023850806739, -4.37500019907020032]
    [-0.93306448656578034, 0.93306399428333842, -0.00000184730213065, -3.36336258400842780]
    [-0.00000147489083540, 0.00000113758880258, 1.31955210337378648, 1.28860795433865860]
  #6 objects/buildingsets/human/brand/decal/ident/primary_ident_arrow_b.cgf
    [0.93306452551230079, -0.93306373688720312, 0.00000013111700503, 4.37500109101529233]
    [0.93306373688647581, 0.93306452551132191, -0.00000178914069782, -3.36336154235323193]
    [0.00000117239922272, 0.00000135782773877, 1.31955194890546323, 1.28860690246801823]
  #7 objects/buildingsets/human/brand/decal/ident/primary_ident_arrow_b.cgf
    [-0.93306483266645168, 0.93306362546826316, 0.00000005826287762, -4.37500100320903584]
    [-0.93306362546740385, -0.93306483266547657, -0.00000185114292594, 7.38663760641793488]
    [-0.00000126775676661, -0.00000135015461184, 1.31955208731123053, 1.28860799752874300]
  #8 objects/buildingsets/human/station/alpha/location/crusader/2d/pad_decal_warning_tri_02x02_a.cgf
    [0.40000000676357317, 0.00000021481899701, 0.00000005644957520, -5.62499962234869599]
    [-0.00000021481900166, 0.40000000676357578, 0.00000003293558303, 5.37499823968391865]
    [-0.00000005644955751, -0.00000003293561334, 0.40000000676362946, 1.25141999608604237]
  #9 objects/buildingsets/human/brand/decal/ident/primary_ident_arrow_b.cgf
    [-0.93306396494432864, -0.93306442275739021, 0.00000033669463992, -18.62502317997859791]
    [0.93306442275612644, -0.93306396494374566, -0.00000188660511636, 7.38662763169122627]
    [0.00000157211060314, -0.00000109595182244, 1.31955203750729555, 1.47492488854913972]
  #10 objects/buildingsets/human/hightech/delta/ext/outpost/comms/dish/comms_dish_a.cgf
    [0.00000029077761074, 1.00000011713559411, -0.00000032955333257, -12.00000333093339577]
    [-1.00000011713545511, 0.00000029077781569, 0.00000062178715148, 6.75001827105006669]
    [0.00000062178724731, 0.00000032955315177, 1.00000011713544312, -0.05326035135658458]
  #11 objects/buildingsets/human/brand/decal/ident/primary_ident_arrow_b.cgf
    [-0.93306396494432864, -0.93306442275739021, 0.00000033669463992, 4.37499847431899980]
    [0.93306442275612644, -0.93306396494374566, -0.00000188660511636, 7.38663944905420067]
    [0.00000157211060314, -0.00000109595182244, 1.31955203750729555, 1.28860773070482537]
  #12 objects/buildingsets/human/hightech/delta/ext/outpost/comms/dish/comms_dish_a.cgf
    [0.00000016380105202, 1.00000028515135697, -0.00000037555562468, -12.00000279338564724]
    [-1.00000028515142625, 0.00000016380103282, -0.00000005121882606, -0.74999863698030822]
    [-0.00000005121876455, 0.00000037555563307, 1.00000028515136874, 0.00929979491047561]
  #13 objects/buildingsets/human/hightech/delta/ext/outpost/comms/dish/comms_dish_a.cgf
    [0.00000029077761074, 1.00000011713559411, -0.00000032955333257, -12.00000168752740137]
    [-1.00000011713545511, 0.00000029077781569, 0.00000062178715148, -2.25000097329757409]
    [0.00000062178724731, 0.00000032955315177, 1.00000011713544312, 0.00930084823630750]
  #14 objects/buildingsets/human/hightech/delta/ext/outpost/comms/dish/comms_dish_a.cgf
    [0.00000029077761074, 1.00000011713559411, -0.00000032955333257, -12.00000378806726076]
    [-1.00000011713545511, 0.00000029077781569, 0.00000062178715148, -3.75000275571073871]
    [0.00000062178724731, 0.00000032955315177, 1.00000011713544312, 0.00930199548020028]
  #15 objects/buildingsets/human/hightech/delta/ext/outpost/comms/dish/comms_dish_a.cgf
    [0.00000016380105202, 1.00000028515135697, -0.00000037555562468, -12.00000273191835731]
    [-1.00000028515142625, 0.00000016380103282, -0.00000005121882606, -5.25000526990334038]
    [-0.00000005121876455, 0.00000037555563307, 1.00000028515136874, 0.00930309313116595]
  #16 objects/buildingsets/human/brand/decal/ident/primary_ident_line_thick_a_2m.cgf
    [0.00000021483574148, 2.54534461148687452, -0.00000013198172803, -25.62501983507536352]
    [-2.54534461148686386, 0.00000021483572763, -0.00000026922772624, -8.38668154163315194]
    [-0.00000026922771511, 0.00000013198175075, 2.54534461148686963, 1.46215004497207701]
  #17 objects/buildingsets/human/brand/decal/ident/primary_ident_arrow_b.cgf
    [0.93306452551230079, -0.93306373688720312, 0.00000013111700503, -18.62502056331140921]
    [0.93306373688647581, 0.93306452551132191, -0.00000178914069782, -3.36337335971620632]
    [0.00000117239922272, 0.00000135782773877, 1.31955194890546323, 1.47492406028322875]
  #18 objects/buildingsets/human/brand/decal/ident/primary_ident_arrow_b.cgf
    [0.93306399428400144, 0.93306448656691543, 0.00000023850806739, -27.37502185342600569]
    [-0.93306448656578034, 0.93306399428333842, -0.00000184730213065, -3.36337440140050603]
    [-0.00000147489083540, 0.00000113758880258, 1.31955210337378648, 1.47492511221207678]
  #19 objects/buildingsets/human/hightech/prop/tech/sensor/sensor_perimeter_1_a.cgf
    [-0.99406058967152766, -0.00168988939376576, 0.10881515560511044, 22.37835433063446544]
    [-0.00000870946738195, -0.99987821913402919, -0.01560758082281008, -17.88105348724639043]
    [0.10882827637922388, -0.01551582833213261, 0.99393949266800341, -0.64843613229459152]
  #20 objects/buildingsets/human/hightech/delta/ext/outpost/comms/dish/comms_dish_a.cgf
    [0.00000016380105202, 1.00000028515135697, -0.00000037555562468, -12.00000437538255937]
    [-1.00000028515142625, 0.00000016380103282, -0.00000005121882606, 3.75001397448068019]
    [-0.00000005121876455, 0.00000037555563307, 1.00000028515136874, -0.05325810634531081]
  #21 objects/buildingsets/human/hightech/delta/ext/outpost/comms/dish/comms_dish_a.cgf
    [0.00000029077761074, 1.00000011713559411, -0.00000032955333257, -12.00000543150235899]
    [-1.00000011713545511, 0.00000029077781569, 0.00000062178715148, 5.25001648865145398]
    [0.00000062178724731, 0.00000032955315177, 1.00000011713544312, -0.05325920417089947]
  #22 objects/buildingsets/human/brand/decal/logo/primary_logo_large.cgf
    [2.54534454147440314, 0.00000021318055161, 0.00000027442076764, -0.12500033006654121]
    [-0.00000021318057536, 2.54534454147440803, 0.00000022026321227, 2.13663891320175026]
    [-0.00000027442074919, -0.00000022026323525, 2.54534454147440226, 1.28860760940006003]
  #23 objects/buildingsets/human/brand/decal/ident/primary_ident_line_thick_a_2m.cgf
    [0.00000021483574148, 2.54534461148687452, -0.00000013198172803, -2.62499818074866198]
    [-2.54534461148686386, 0.00000021483572763, -0.00000026922772624, -8.38666972422652179]
    [-0.00000026922771511, 0.00000013198175075, 2.54534461148686963, 1.27583288715686649]
