# IncludedObjects
# Cgfs: 4, Materials: 0, Palettes: 1, Placements: 7

[CGFs]
      0: objects/space/3d/asteroid/asteroid_huge_cluster_04.cgf
      1: objects/space/3d/asteroid/asteroid_huge_cluster_05.cgf
      2: objects/space/3d/asteroid/asteroid_huge_cluster_06.cgf
      3: objects/space/3d/asteroid/asteroid_huge_cluster_03.cgf

[Palettes]
      0: Libs/Foundry/Records/TintPalettes/default

[Placements]
  #0 objects/space/3d/asteroid/asteroid_huge_cluster_04.cgf
    [0.54463851699173826, -2.2652168350200944E-07, 0.83867089825930374, -3200]
    [-0.36764870527808452, 0.89879422040768131, 0.23875378247721044, 3072]
    [-0.75379261411509391, -0.43837077815449293, 0.48951787050508805, 2240]
  #1 objects/space/3d/asteroid/asteroid_huge_cluster_05.cgf
    [0.98576208651744768, 0.09510015755484677, -0.13866900435737528, 3584]
    [0.047711952738041165, 0.63259620302155328, 0.77301076152941839, -3456]
    [0.16123492891537294, -0.76862086096294024, 0.61905193137724535, 384]
  #2 objects/space/3d/asteroid/asteroid_huge_cluster_04.cgf
    [0.98576208651744768, 0.09510015755484677, -0.13866900435737528, 0]
    [0.047711952738041165, 0.63259620302155328, 0.77301076152941839, -4416]
    [0.16123492891537294, -0.76862086096294024, 0.61905193137724535, -1920]
  #3 objects/space/3d/asteroid/asteroid_huge_cluster_06.cgf
    [0.12325677422231518, 0.94476758078654899, -0.30368057746591298, 1728]
    [-0.58940780444162943, 0.31588663503351394, 0.74351461390983509, 4352]
    [0.79837717583770951, 0.087348493569864891, 0.59578858078975305, 960]
  #4 objects/space/3d/asteroid/asteroid_huge_cluster_04.cgf
    [0.42447840137357351, -0.6061960675444058, 0.67256545639230658, -3776]
    [-0.89819794270352638, -0.37566643623839213, 0.228287238097659, -3456]
    [0.11427344906690384, -0.70099995367246826, -0.70394639175203499, 1408]
  #5 objects/space/3d/asteroid/asteroid_huge_cluster_03.cgf
    [0.048292105894903611, 0.46201358146988941, 0.88555700938390425, -5120]
    [0.47841454872662681, -0.78897518546237966, 0.3855354330209666, 640]
    [0.87680515845785056, 0.40504506056157763, -0.25913530604634788, -256]
  #6 objects/space/3d/asteroid/asteroid_huge_cluster_06.cgf
    [0.32285075531396834, -0.36346838205930615, 0.87387536328688997, 4224]
    [-0.94287519524002417, -0.043344259741763404, 0.33031449691457454, -768]
    [-0.0821813939872649, -0.9305976767185874, -0.35669904414181042, 1536]
