# IncludedObjects
# Cgfs: 10, Materials: 0, Palettes: 5, Placements: 68

[CGFs]
      0: objects/buildingsets/human/colonialism/col_a/int/addons/pipes/util_pipe_a_cnr_1m_c.cgf
      1: objects/buildingsets/human/colonialism/col_a/int/addons/pipes/col_a_pipe_a_str_4m_a.cgf
      2: objects/buildingsets/human/colonialism/col_a/int/addons/pipes/col_a_pipe_a_str_cap_a.cgf
      3: objects/buildingsets/human/colonialism/col_a/int/addons/pipes/col_a_pipe_a_45_crnr_b.cgf
      4: objects/buildingsets/human/colonialism/col_a/int/addons/pipes/col_a_pipe_a_str_tsection_1m_a.cgf
      5: objects/buildingsets/human/colonialism/col_a/int/addons/pipes/col_a_pipe_a_str_1m_a.cgf
      6: objects/buildingsets/human/colonialism/col_a/int/addons/pipes/col_a_pipe_a_str_2m_a.cgf
      7: objects/buildingsets/human/colonialism/col_a/ext/addons/col_a_pipe_a_str_support_ground.cgf
      8: objects/buildingsets/human/colonialism/col_a/int/garage/col_garage_sml_a_int_addon_g.cgf
      9: objects/buildingsets/human/colonialism/col_a/int/garage/col_garage_sml_a_int_machinery_j.cgf

[Palettes]
      0: Libs/Foundry/Records/TintPalettes/brand/colonialism/col_default<111>
      1: Libs/Foundry/Records/TintPalettes/Generic/gen_purple_pink_burgandy<111>
      2: Libs/Foundry/Records/TintPalettes/Generic/gen_faded_blue_red_grey_a
      3: Libs/Foundry/Records/TintPalettes/Generic/gen_greylght_greymid_greydrk_a
      4: Libs/Foundry/Records/TintPalettes/Generic/gen_grey_midgrey_darkblue

[Placements]
  #0 objects/buildingsets/human/colonialism/col_a/int/addons/pipes/util_pipe_a_cnr_1m_c.cgf
    [2.2724378485269757E-06, 0.96571746375514855, -1.0725378403941843, 10.355702999999949]
    [3.2615150067390257E-06, 1.0725378403893386, 0.96571746375769596, 24.44756899999993]
    [1.4432420583077739, -3.944335702232822E-06, -4.936291966915294E-07, 4.169048000000001]
  #1 objects/buildingsets/human/colonialism/col_a/int/addons/pipes/col_a_pipe_a_str_4m_a.cgf
    [-6.4012100026111661E-07, -1.0000004267473106, 0, 6.2564050000000861]
    [1.0000004267473106, -6.4012100026111661E-07, 0, 15.910026000000016]
    [0, 0, 1.0000004267475153, 5.0512800000000002]
  #2 objects/buildingsets/human/colonialism/col_a/int/addons/pipes/col_a_pipe_a_str_4m_a.cgf
    [-6.4012100026111661E-07, -1.0000004267473106, 0, 6.2563990000001013]
    [1.0000004267473106, -6.4012100026111661E-07, 0, 35.892183999999929]
    [0, 0, 1.0000004267475153, 5.0512800000000002]
  #3 objects/buildingsets/human/colonialism/col_a/int/addons/pipes/col_a_pipe_a_str_cap_a.cgf
    [-1.4413144527335182E-06, -0.51555821317600492, 0.96454489508845398, 6.2429990000000544]
    [1.0936851127329943, -1.3900154413923783E-06, 8.9131183731627818E-07, 29.968263999999976]
    [8.0572474624117575E-07, 0.96454489508852936, 0.51555821317724926, 5.044277000000001]
  #4 objects/buildingsets/human/colonialism/col_a/int/addons/pipes/util_pipe_a_cnr_1m_c.cgf
    [1.6023186826169858E-16, -1.6023186826169858E-16, -1.443240364392528, -3.3412450000000717]
    [-1.443240364392528, 1.6023186826169858E-16, 0, 10.899035000000026]
    [0, 1.443240364392528, 0, 5.0371550000000003]
  #5 objects/buildingsets/human/colonialism/col_a/int/addons/pipes/col_a_pipe_a_45_crnr_b.cgf
    [1, 0, 0, 1.7295919999999114]
    [0, -1, 0, 34.640867999999955]
    [0, 0, -1, 5.0512800000000002]
  #6 objects/buildingsets/human/colonialism/col_a/int/addons/pipes/col_a_pipe_a_str_cap_a.cgf
    [-1.4413144527335182E-06, -0.51555821317600492, 0.96454489508845398, 6.2726379999999153]
    [1.0936851127329943, -1.3900154413923783E-06, 8.9131183731627818E-07, 43.927939999999921]
    [8.0572474624117575E-07, 0.96454489508852936, 0.51555821317724926, 5.044277000000001]
  #7 objects/buildingsets/human/colonialism/col_a/int/addons/pipes/col_a_pipe_a_45_crnr_b.cgf
    [-1, 0, 0, 8.7684469999999237]
    [0, -1, 0, 23.294494999999984]
    [0, 0, 1, 5.0512800000000002]
  #8 objects/buildingsets/human/colonialism/col_a/int/addons/pipes/col_a_pipe_a_str_tsection_1m_a.cgf
    [-6.4012127343081335E-07, 1.0000008534944618, 0, 6.2809730000001309]
    [1.0000008534944618, 6.4012127298672371E-07, 0, 34.145670999999993]
    [0, 0, -1.0000008534946669, 5.0473350000000003]
  #9 objects/buildingsets/human/colonialism/col_a/int/addons/pipes/util_pipe_a_cnr_1m_c.cgf
    [-9.2385412405910647E-07, -2.0410577837335158E-06, -1.4432432850044412, 6.2533700000001318]
    [2.0410536112182942E-06, 1.4432432850032939, -2.0410590902585304E-06, 50.752624999999966]
    [1.4432432850044412, -2.0410549177459795E-06, -9.2385123756653088E-07, 4.1690400000000007]
  #10 objects/buildingsets/human/colonialism/col_a/int/addons/pipes/col_a_pipe_a_str_cap_a.cgf
    [-1.4413144527335182E-06, -0.51555821317600492, 0.96454489508845398, 6.2726440000001276]
    [1.0936851127329943, -1.3900154413923783E-06, 8.9131183731627818E-07, 27.718670999999972]
    [8.0572474624117575E-07, 0.96454489508852936, 0.51555821317724926, 5.044277000000001]
  #11 objects/buildingsets/human/colonialism/col_a/int/addons/pipes/col_a_pipe_a_str_1m_a.cgf
    [-6.4012100026111661E-07, -1.0000004267473106, 0, 6.2563990000001013]
    [1.0000004267473106, -6.4012100026111661E-07, 0, 33.023255999999947]
    [0, 0, 1.0000004267475153, 5.0512800000000002]
  #12 objects/buildingsets/human/colonialism/col_a/int/addons/pipes/col_a_pipe_a_str_2m_a.cgf
    [-6.4012100026111661E-07, -1.0000004267473106, 0, 6.293664999999919]
    [1.0000004267473106, -6.4012100026111661E-07, 0, 20.052956999999992]
    [0, 0, 1.0000004267475153, 5.0512800000000002]
  #13 objects/buildingsets/human/colonialism/col_a/ext/addons/col_a_pipe_a_str_support_ground.cgf
    [2.22586295115191E-06, 1.0000004267451841, 0, -3.3297499999998763]
    [-1.0000004267451841, 2.22586295115191E-06, -0, 14.231004999999982]
    [-0, 0, 1.0000004267476612, 5.0418860000000008]
  #14 objects/buildingsets/human/colonialism/col_a/int/addons/pipes/col_a_pipe_a_str_tsection_1m_a.cgf
    [-6.4012127343081335E-07, -1.0000008534944618, 0, 6.2737099999999373]
    [-1.0000008534944618, 6.4012127298672371E-07, 0, 23.788992000000007]
    [-0, 0, -1.0000008534946669, 5.0287950000000006]
  #15 objects/buildingsets/human/colonialism/col_a/int/addons/pipes/col_a_pipe_a_str_4m_a.cgf
    [-6.4012100026111661E-07, -1.0000004267473106, 0, 6.2563990000001013]
    [1.0000004267473106, -6.4012100026111661E-07, 0, 23.893110999999976]
    [0, 0, 1.0000004267475153, 5.0512800000000002]
  #16 objects/buildingsets/human/colonialism/col_a/int/addons/pipes/col_a_pipe_a_str_cap_a.cgf
    [-1.4413144527335182E-06, -0.51555821317600492, 0.96454489508845398, 6.2726500000001124]
    [1.0936851127329943, -1.3900154413923783E-06, 8.9131183731627818E-07, 19.733672999999953]
    [8.0572474624117575E-07, 0.96454489508852936, 0.51555821317724926, 5.044277000000001]
  #17 objects/buildingsets/human/colonialism/col_a/int/addons/pipes/col_a_pipe_a_str_tsection_1m_a.cgf
    [-6.4012127343081335E-07, 1.0000008534944618, 0, 6.2150380000000496]
    [1.0000008534944618, 6.4012127298672371E-07, 0, 27.877276999999935]
    [0, 0, -1.0000008534946669, 5.0287950000000006]
  #18 objects/buildingsets/human/colonialism/col_a/ext/addons/col_a_pipe_a_str_support_ground.cgf
    [-6.4012100026111661E-07, -1.0000004267473106, 0, 6.2680680000000848]
    [1.0000004267473106, -6.4012100026111661E-07, 0, 49.276357999999959]
    [0, 0, 1.0000004267475153, 5.0582250000000002]
  #19 objects/buildingsets/human/colonialism/col_a/int/garage/col_garage_sml_a_int_addon_g.cgf
    [-3.545503554934622E-07, 0.55388044900607525, 0, 6.2733410000000731]
    [0.55388044900607525, 3.545503554934622E-07, 0, 50.758041999999932]
    [0, 0, -0.55388044900618871, 0.039564000000000377]
  #20 objects/buildingsets/human/colonialism/col_a/int/addons/pipes/col_a_pipe_a_str_4m_a.cgf
    [-6.4012100026111661E-07, -1.0000004267473106, 0, 6.2563930000001164]
    [1.0000004267473106, -6.4012100026111661E-07, 0, 39.88593400000002]
    [0, 0, 1.0000004267475153, 5.0512800000000002]
  #21 objects/buildingsets/human/colonialism/col_a/int/addons/pipes/col_a_pipe_a_str_4m_a.cgf
    [2.22586295115191E-06, 1.0000004267451841, 0, -3.3297499999998763]
    [-1.0000004267451841, 2.22586295115191E-06, -0, 14.892181999999934]
    [-0, 0, 1.0000004267476612, 5.0418860000000008]
  #22 objects/buildingsets/human/colonialism/col_a/int/addons/pipes/col_a_pipe_a_45_crnr_b.cgf
    [1, 0, 0, 1.7476420000000417]
    [0, -1, 0, 28.371773999999959]
    [0, 0, -1, 5.0512800000000002]
  #23 objects/buildingsets/human/colonialism/col_a/int/addons/pipes/col_a_pipe_a_str_cap_a.cgf
    [-0.087154648485092218, 0.9961951728047076, 0, -3.4121489999999994]
    [-0.9961951728047076, -0.087154648485092218, -0, 9.2666970000000219]
    [-0, 0, 1.0000003775359094, 3.2660880000000008]
  #24 objects/buildingsets/human/colonialism/col_a/int/addons/pipes/col_a_pipe_a_str_cap_a.cgf
    [-1.4413144527335182E-06, -0.51555821317600492, 0.96454489508845398, 6.2726310000000467]
    [1.0936851127329943, -1.3900154413923783E-06, 8.9131183731627818E-07, 47.761572999999999]
    [8.0572474624117575E-07, 0.96454489508852936, 0.51555821317724926, 5.044277000000001]
  #25 objects/buildingsets/human/colonialism/col_a/int/addons/pipes/col_a_pipe_a_str_4m_a.cgf
    [-0.70710823567003778, -0.70710613896567265, 0, 0.77080900000009933]
    [0.70710613896567265, -0.70710823567003778, 0, 35.098056999999926]
    [0, 0, 1.0000005743575027, 5.0512800000000002]
  #26 objects/buildingsets/human/colonialism/col_a/int/addons/pipes/col_a_pipe_a_str_cap_a.cgf
    [-1.0936825417400773, 1.8761672120214255E-06, -1.1245347777139914E-06, 7.0487940000000435]
    [-1.8761706900299148E-06, -0.51555877206174439, 0.9645416811410934, 23.284897000000001]
    [1.1245289750047253E-06, 0.9645416811410934, 0.51555877206393186, 5.044277000000001]
  #27 objects/buildingsets/human/colonialism/col_a/int/addons/pipes/col_a_pipe_a_str_2m_a.cgf
    [-0.9999999999993332, 1.9999999949491522E-06, 0, 8.7681999999999789]
    [-1.9999999949491522E-06, -0.9999999999993332, 0, 23.294494999999984]
    [0, 0, 1.0000000000013334, 5.0512800000000002]
  #28 objects/buildingsets/human/colonialism/col_a/int/addons/pipes/col_a_pipe_a_str_1m_a.cgf
    [-6.4012100026111661E-07, -1.0000004267473106, 0, 6.2563990000001013]
    [1.0000004267473106, -6.4012100026111661E-07, 0, 29.002182999999945]
    [0, 0, 1.0000004267475153, 5.0512800000000002]
  #29 objects/buildingsets/human/colonialism/col_a/int/garage/col_garage_sml_a_int_machinery_j.cgf
    [-0.087154766234348008, -0.99619651870239923, 0, -2.7193680000000313]
    [0.99619651870239923, -0.087154766234348008, 0, 32.373136999999929]
    [0, 0, 1.0000017285745779, -0.10685499999999948]
  #30 objects/buildingsets/human/colonialism/col_a/int/addons/pipes/util_pipe_a_cnr_1m_c.cgf
    [-8.7532144947288409E-07, 0.12578643737052503, 1.4377490673120963, -3.3412450000000717]
    [2.1198343179546734E-06, 1.4377490673109221, -0.1257864373691317, 10.019167999999922]
    [-1.4432410084177481, 2.0354786412308476E-06, -1.0567458902560968E-06, 4.1500150000000007]
  #31 objects/buildingsets/human/colonialism/col_a/int/garage/col_garage_sml_a_int_machinery_j.cgf
    [0.99026953889377101, -0.13917234179551177, 0, 10.420538000000079]
    [0.13917234179551177, 0.99026953889377101, 0, 24.477899999999977]
    [0, 0, 1.0000013501899527, -0.10685499999999948]
  #32 objects/buildingsets/human/colonialism/col_a/int/addons/pipes/col_a_pipe_a_str_cap_a.cgf
    [-1.4413144527335182E-06, -0.51555821317600492, 0.96454489508845398, 6.2429990000000544]
    [1.0936851127329943, -1.3900154413923783E-06, 8.9131183731627818E-07, 28.735659999999939]
    [8.0572474624117575E-07, 0.96454489508852936, 0.51555821317724926, 5.044277000000001]
  #33 objects/buildingsets/human/colonialism/col_a/int/addons/pipes/util_pipe_a_cnr_1m_c.cgf
    [1.420128071943854E-16, 1.2791376511249442, 0, 7.4442770000000564]
    [1.420128071943854E-16, 1.420128071943854E-16, 1.2791376511249442, 50.643697999999972]
    [1.2791376511249442, 0, 0, -0.22993299999999905]
  #34 objects/buildingsets/human/colonialism/col_a/int/addons/pipes/col_a_pipe_a_str_cap_a.cgf
    [2.22586295115191E-06, 1.0000004267451841, 0, -3.3327830000000631]
    [-1.0000004267451841, 2.22586295115191E-06, -0, 11.142986999999948]
    [-0, 0, 1.0000004267476612, 5.0455570000000005]
  #35 objects/buildingsets/human/colonialism/col_a/int/addons/pipes/col_a_pipe_a_str_4m_a.cgf
    [2.785725301533018E-06, 0.70710435607794353, 0.70710267276458194, 6.2563760000000457]
    [1.8480612466974227E-06, -0.70710267276975836, 0.70710435607583921, 50.754181000000017]
    [0.99999538009522981, -6.630325115641838E-07, -3.2765811013160568E-06, 0.62810699999999997]
  #36 objects/buildingsets/human/colonialism/col_a/int/addons/pipes/col_a_pipe_a_str_2m_a.cgf
    [-6.4012100026111661E-07, -1.0000004267473106, 0, 6.2563809999999194]
    [1.0000004267473106, -6.4012100026111661E-07, 0, 47.800370999999927]
    [0, 0, 1.0000004267475153, 5.0512800000000002]
  #37 objects/buildingsets/human/colonialism/col_a/int/addons/pipes/col_a_pipe_a_str_cap_a.cgf
    [-1.4413144527335182E-06, -0.51555821317600492, 0.96454489508845398, 6.2726440000001276]
    [1.0936851127329943, -1.3900154413923783E-06, 8.9131183731627818E-07, 23.736635999999976]
    [8.0572474624117575E-07, 0.96454489508852936, 0.51555821317724926, 5.044277000000001]
  #38 objects/buildingsets/human/colonialism/col_a/int/addons/pipes/col_a_pipe_a_str_cap_a.cgf
    [-1.4413144527335182E-06, -0.51555821317600492, 0.96454489508845398, 6.2726440000001276]
    [1.0936851127329943, -1.3900154413923783E-06, 8.9131183731627818E-07, 35.791637999999921]
    [8.0572474624117575E-07, 0.96454489508852936, 0.51555821317724926, 5.044277000000001]
  #39 objects/buildingsets/human/colonialism/col_a/int/addons/pipes/col_a_pipe_a_str_cap_a.cgf
    [-1.4413144527335182E-06, -0.51555821317600492, 0.96454489508845398, 6.2726500000001124]
    [1.0936851127329943, -1.3900154413923783E-06, 8.9131183731627818E-07, 22.476852000000008]
    [8.0572474624117575E-07, 0.96454489508852936, 0.51555821317724926, 5.044277000000001]
  #40 objects/buildingsets/human/colonialism/col_a/int/addons/pipes/col_a_pipe_a_str_cap_a.cgf
    [1.0936849985142716, -1.8761707142401455E-06, 1.1245312482580531E-06, 5.0437019999999393]
    [1.8761707976647633E-06, 0.51556127629763837, -0.964543128304161, 15.122138999999947]
    [1.1245311090722022E-06, 0.964543128304161, 0.51556127629982573, 5.044277000000001]
  #41 objects/buildingsets/human/colonialism/col_a/int/addons/pipes/col_a_pipe_a_str_1m_a.cgf
    [-6.4012100026111661E-07, -1.0000004267473106, 0, 6.2563990000001013]
    [1.0000004267473106, -6.4012100026111661E-07, 0, 30.075707999999963]
    [0, 0, 1.0000004267475153, 5.0512800000000002]
  #42 objects/buildingsets/human/colonialism/col_a/int/addons/pipes/col_a_pipe_a_str_cap_a.cgf
    [1.0936849985142716, -1.8761707142401455E-06, 1.1245312482580531E-06, -2.5832410000000436]
    [1.8761707976647633E-06, 0.51556127629763837, -0.964543128304161, 15.122126999999978]
    [1.1245311090722022E-06, 0.964543128304161, 0.51556127629982573, 5.044277000000001]
  #43 objects/buildingsets/human/colonialism/col_a/int/addons/pipes/col_a_pipe_a_str_4m_a.cgf
    [1, 0, 0, 1.3692699999999149]
    [0, 1, 0, 15.125786999999946]
    [0, 0, 1, 5.0512800000000002]
  #44 objects/buildingsets/human/colonialism/col_a/int/addons/pipes/util_pipe_a_cnr_1m_c.cgf
    [-3.3976303655433727E-06, -1.0205293127778841, -1.0205247953563867, -5.4739899999999579]
    [6.2751744779908771E-07, 1.0205247953580736, -1.0205293127816604, 41.33936499999993]
    [1.4432432006338023, -2.8462136494136094E-06, -1.9587593293134441E-06, 4.1690500000000004]
  #45 objects/buildingsets/human/colonialism/col_a/int/addons/pipes/col_a_pipe_a_str_4m_a.cgf
    [1, 0, 0, -2.5252129999998942]
    [0, 1, 0, 15.125779999999963]
    [0, 0, 1, 5.0512800000000002]
  #46 objects/buildingsets/human/colonialism/col_a/int/addons/pipes/util_pipe_a_cnr_1m_c.cgf
    [-9.238490761558423E-07, -1.4432409802914723, 0, -3.3412450000000717]
    [1.4432409802914723, -9.238490761558423E-07, 0, 14.232291000000032]
    [0, 0, 1.4432409802917678, 5.0371550000000003]
  #47 objects/buildingsets/human/colonialism/col_a/int/addons/pipes/col_a_pipe_a_str_4m_a.cgf
    [-0.70710823567003778, -0.70710613896567265, 0, 0.76279599999998027]
    [0.70710613896567265, -0.70710823567003778, 0, 28.855024999999955]
    [0, 0, 1.0000005743575027, 5.0512800000000002]
  #48 objects/buildingsets/human/colonialism/col_a/int/addons/pipes/col_a_pipe_a_str_4m_a.cgf
    [-6.4012100026111661E-07, -1.0000004267473106, 0, 6.2563870000001316]
    [1.0000004267473106, -6.4012100026111661E-07, 0, 43.863217999999961]
    [0, 0, 1.0000004267475153, 5.0512800000000002]
  #49 objects/buildingsets/human/colonialism/col_a/int/addons/pipes/col_a_pipe_a_str_cap_a.cgf
    [-1.4413144527335182E-06, -0.51555821317600492, 0.96454489508845398, 6.2726440000001276]
    [1.0936851127329943, -1.3900154413923783E-06, 8.9131183731627818E-07, 31.875209999999925]
    [8.0572474624117575E-07, 0.96454489508852936, 0.51555821317724926, 5.044277000000001]
  #50 objects/buildingsets/human/colonialism/col_a/int/addons/pipes/col_a_pipe_a_str_4m_a.cgf
    [1, 0, 0, 1.7188960000000861]
    [0, 1, 0, 34.640867999999955]
    [0, 0, 1, 5.0512800000000002]
  #51 objects/buildingsets/human/colonialism/col_a/int/addons/pipes/col_a_pipe_a_str_cap_a.cgf
    [-1.4413144527335182E-06, -0.51555821317600492, 0.96454489508845398, 6.2726440000001276]
    [1.0936851127329943, -1.3900154413923783E-06, 8.9131183731627818E-07, 33.953498999999965]
    [8.0572474624117575E-07, 0.96454489508852936, 0.51555821317724926, 5.044277000000001]
  #52 objects/buildingsets/human/colonialism/col_a/int/addons/pipes/col_a_pipe_a_str_1m_a.cgf
    [-6.4012100026111661E-07, -1.0000004267473106, 0, 6.2563990000001013]
    [1.0000004267473106, -6.4012100026111661E-07, 0, 35.05986299999995]
    [0, 0, 1.0000004267475153, 5.0512800000000002]
  #53 objects/buildingsets/human/colonialism/col_a/int/addons/pipes/col_a_pipe_a_str_cap_a.cgf
    [1.0936847301178765, -1.8761680374019454E-06, 1.1245331887072656E-06, 5.4658200000001216]
    [1.8761688114598292E-06, 0.51555906062811296, -0.96454400827465336, 34.615387999999939]
    [1.124531897270242E-06, 0.96454400827465336, 0.51555906063030033, 5.044276]
  #54 objects/buildingsets/human/colonialism/col_a/int/addons/pipes/col_a_pipe_a_str_1m_a.cgf
    [-6.4012100026111661E-07, -1.0000004267473106, 0, 6.2563990000001013]
    [1.0000004267473106, -6.4012100026111661E-07, 0, 32.019298999999933]
    [0, 0, 1.0000004267475153, 5.0512800000000002]
  #55 objects/buildingsets/human/colonialism/col_a/int/addons/pipes/col_a_pipe_a_str_4m_a.cgf
    [1, 0, 0, 1.736945999999989]
    [0, 1, 0, 28.371773999999959]
    [0, 0, 1, 5.0512800000000002]
  #56 objects/buildingsets/human/colonialism/col_a/int/addons/pipes/col_a_pipe_a_str_cap_a.cgf
    [-1.4413144527335182E-06, -0.51555821317600492, 0.96454489508845398, 6.2726440000001276]
    [1.0936851127329943, -1.3900154413923783E-06, 8.9131183731627818E-07, 35.018605999999977]
    [8.0572474624117575E-07, 0.96454489508852936, 0.51555821317724926, 5.044277000000001]
  #57 objects/buildingsets/human/colonialism/col_a/int/addons/pipes/col_a_pipe_a_str_cap_a.cgf
    [-1.4413144527335182E-06, -0.51555821317600492, 0.96454489508845398, 6.2726490000000013]
    [1.0936851127329943, -1.3900154413923783E-06, 8.9131183731627818E-07, 27.090166999999951]
    [8.0572474624117575E-07, 0.96454489508852936, 0.51555821317724926, 5.0442740000000006]
  #58 objects/buildingsets/human/colonialism/col_a/int/addons/pipes/util_pipe_a_cnr_1m_c.cgf
    [7.3487548766320281E-06, 1.4432412170651665, 0, 6.2597120000000359]
    [-1.4432412170651665, 7.3487548766320281E-06, -0, 16.012666999999965]
    [-0, 0, 1.443241217083876, 5.0514060000000001]
  #59 objects/buildingsets/human/colonialism/col_a/int/addons/pipes/col_a_pipe_a_str_4m_a.cgf
    [-0.70710823567003778, -0.70710613896567265, 0, -2.0187220000000252]
    [0.70710613896567265, -0.70710823567003778, 0, 37.88758699999994]
    [0, 0, 1.0000005743575027, 5.0512820000000005]
  #60 objects/buildingsets/human/colonialism/col_a/int/addons/pipes/util_pipe_a_cnr_1m_c.cgf
    [-3.3976303655433727E-06, -1.0205293127778841, -1.0205247953563867, -2.6924710000000687]
    [6.2751744779908771E-07, 1.0205247953580736, -1.0205293127816604, 32.306802999999945]
    [1.4432432006338023, -2.8462136494136094E-06, -1.9587593293134441E-06, 4.169048000000001]
  #61 objects/buildingsets/human/colonialism/col_a/int/addons/pipes/col_a_pipe_a_str_cap_a.cgf
    [-1.4413144527335182E-06, -0.51555821317600492, 0.96454489508845398, 6.2726279999999406]
    [1.0936851127329943, -1.3900154413923783E-06, 8.9131183731627818E-07, 49.560615999999982]
    [8.0572474624117575E-07, 0.96454489508852936, 0.51555821317724926, 5.044277000000001]
  #62 objects/buildingsets/human/colonialism/col_a/int/addons/pipes/col_a_pipe_a_str_cap_a.cgf
    [2.22586295115191E-06, 1.0000004267451841, 0, -3.3405450000000201]
    [-1.0000004267451841, 2.22586295115191E-06, -0, 14.925563000000011]
    [-0, 0, 1.0000004267476612, 5.0407740000000008]
  #63 objects/buildingsets/human/colonialism/col_a/int/addons/pipes/col_a_pipe_a_str_1m_a.cgf
    [-6.4012100026111661E-07, -1.0000004267473106, 0, 6.2563979999999901]
    [1.0000004267473106, -6.4012100026111661E-07, 0, 31.034810999999991]
    [0, 0, 1.0000004267475153, 5.0512800000000002]
  #64 objects/buildingsets/human/colonialism/col_a/ext/addons/col_a_pipe_a_str_support_ground.cgf
    [1, 0, 0, 5.7654689999999391]
    [0, 1, 0, 15.128233000000023]
    [0, 0, 1, 5.0582250000000002]
  #65 objects/buildingsets/human/colonialism/col_a/int/addons/pipes/col_a_pipe_a_str_cap_a.cgf
    [1.0936847301178765, -1.8761680374019454E-06, 1.1245331887072656E-06, 5.4399539999999433]
    [1.8761688114598292E-06, 0.51555906062811296, -0.96454400827465336, 28.381371999999942]
    [1.124531897270242E-06, 0.96454400827465336, 0.51555906063030033, 5.044277000000001]
  #66 objects/buildingsets/human/colonialism/col_a/int/garage/col_garage_sml_a_int_machinery_j.cgf
    [-0.087154766234348008, -0.99619651870239923, 0, -5.5008860000000368]
    [0.99619651870239923, -0.087154766234348008, 0, 41.405699000000027]
    [0, 0, 1.0000017285745779, -0.1068529999999992]
  #67 objects/buildingsets/human/colonialism/col_a/int/addons/pipes/col_a_pipe_a_str_1m_a.cgf
    [-6.4012100026111661E-07, -1.0000004267473106, 0, 6.293664999999919]
    [1.0000004267473106, -6.4012100026111661E-07, 0, 21.995070999999939]
    [0, 0, 1.0000004267475153, 5.0512800000000002]
