# IncludedObjects
# Cgfs: 10, Materials: 0, Palettes: 1, Placements: 74

[CGFs]
      0: data/objects/buildingsets/human/lowtech/bravo/int/roomlg/ceiling/roomlg_ceiling_center_08x08x02_a.cgf
      1: objects/buildingsets/human/lowtech/bravo/org/rock/rock_boulder_a.cgf
      2: objects/buildingsets/human/lowtech/bravo/org/rock/rock_flat_c.cgf
      3: data/objects/buildingsets/human/lowtech/bravo/org/rock/rock_flat_a.cgf
      4: data/objects/buildingsets/human/lowtech/bravo/int/roomlg/ceiling/roomlg_ceiling_cornerin_16x16x16_a.cgf
      5: data/objects/buildingsets/human/lowtech/bravo/org/rock/rock_pillar_mid_a.cgf
      6: objects/buildingsets/human/lowtech/bravo/org/rock/rock_pillar_top_a.cgf
      7: objects/buildingsets/human/lowtech/bravo/org/rock/rock_flat_b.cgf
      8: data/objects/buildingsets/human/lowtech/bravo/org/rock/rock_flat_b.cgf
      9: objects/buildingsets/human/lowtech/bravo/levski/rock_shell/cavernleft_shell_b_2.cgf

[Palettes]
      0: Libs/Foundry/Records/TintPalettes/default

[Placements]
  #0 data/objects/buildingsets/human/lowtech/bravo/int/roomlg/ceiling/roomlg_ceiling_center_08x08x02_a.cgf
    [0.033062960710107593, -0.89859836101349966, -0.078748843148155986, 4.415508]
    [0.89470300027363792, 0.042700584887720015, -0.11160983574863027, 0.00216]
    [0.11483438515824211, -0.073967558553311816, 0.89225300131253682, 8.6204020000000128]
  #1 objects/buildingsets/human/lowtech/bravo/org/rock/rock_boulder_a.cgf
    [-0.059832637910376782, 0.53058937838657649, 0.45923485293778071, 6.581709]
    [0.23939110810745837, 0.44868557871752945, -0.4872112806357749, 1.737393]
    [-0.65963143949369341, 0.11470765520668183, -0.21847242626294086, -6.5012189999999919]
  #2 objects/buildingsets/human/lowtech/bravo/org/rock/rock_boulder_a.cgf
    [-0.059832608497632007, 0.46062142282581908, 0.52938631923260548, 3.583898]
    [0.23939075145170394, 0.51283284358215564, -0.4191616082839501, 9.0129970000000004]
    [-0.65963174444239459, 0.14433395502693461, -0.20013890762799033, -6.1802850000000262]
  #3 objects/buildingsets/human/lowtech/bravo/org/rock/rock_flat_c.cgf
    [-0.035329464290839045, 0.32005715427357651, 0.015691748069802527, -7.1599170000000001]
    [-0.056544848092561703, 0.0093123760650734178, -0.31724902491966078, 0.40432000000000001]
    [-0.31541321011234646, -0.037519083898550555, 0.055116324589926019, 2.9250429999999596]
  #4 objects/buildingsets/human/lowtech/bravo/org/rock/rock_flat_c.cgf
    [-0.034777302206546276, -0.32050173443553137, 0, -9.9695129999999992]
    [0.32050173443553137, -0.034777302206546276, 0, 4.4759830000000003]
    [0, 0, 0.32238303696836984, 7.5395800000000008]
  #5 objects/buildingsets/human/lowtech/bravo/org/rock/rock_flat_c.cgf
    [0.14635849900442674, -0.28724552476531334, 0, -5.6416380000000004]
    [0.28724552476531334, 0.14635849900442674, 0, 4.2405099999999996]
    [0, 0, 0.32238300471415832, -4.2884480000000167]
  #6 objects/buildingsets/human/lowtech/bravo/org/rock/rock_flat_c.cgf
    [0.31584831447562606, -0.054417115270081584, 0.034777642160417739, 5.0505360000000001]
    [0.034272577388543439, -0.0059054918398738264, -0.32050176316351964, 0.95795799999999998]
    [0.054736617247521907, 0.31770232501110407, -6.9746031046511872E-07, 6.3688469999999597]
  #7 data/objects/buildingsets/human/lowtech/bravo/int/roomlg/ceiling/roomlg_ceiling_center_08x08x02_a.cgf
    [-0.0044836776311951753, 1.1981848668344779, -0.22868827096112626, -11.54369]
    [0.075430957571901949, -0.22797980183648006, -1.1959518319505309, 0.75037699999999996]
    [-1.2174791460333645, -0.018537491601866119, -0.073254993894104628, -0.46812899999997626]
  #8 data/objects/buildingsets/human/lowtech/bravo/int/roomlg/ceiling/roomlg_ceiling_center_08x08x02_a.cgf
    [0.02792834617413676, -0.89483483918347351, -0.11516736613830457, 2.4727869999999998]
    [0.8871870830336398, 0.048181453827051975, -0.15921850195609427, 5.8921020000000004]
    [0.16398777801412126, -0.10826847302132037, 0.88099878011912836, 8.9135099999999738]
  #9 objects/buildingsets/human/lowtech/bravo/org/rock/rock_flat_c.cgf
    [-0.2015830044276781, 0.0030160018432101206, -0.25156701667985576, -14.936354]
    [0.25157981010375058, 0.00032704072039509141, -0.20158933507241486, 5.4346719999999999]
    [-0.0016307349514543563, -0.32236867806854203, -0.0025581099016947703, 5.9967659999999796]
  #10 data/objects/buildingsets/human/lowtech/bravo/org/rock/rock_flat_a.cgf
    [0.084676211478589017, 0.14413853303899782, 0.46555749572951693, -1.2286870000000001]
    [-0.037319818054868503, -0.46922703690293027, 0.1520624159566982, 22.821919999999999]
    [0.48592893484225136, -0.061154153248999643, -0.069447816023350345, -3.8181900000000155]
  #11 objects/buildingsets/human/lowtech/bravo/org/rock/rock_flat_c.cgf
    [0.25792055567634453, 0.1934109185851362, 0, 6.400728]
    [-0.1934109185851362, 0.25792055567634453, -0, 18.860205000000001]
    [-0, 0, 0.32238299655586761, -6.7557360000000131]
  #12 objects/buildingsets/human/lowtech/bravo/org/rock/rock_flat_c.cgf
    [0.26169186290565472, -0.18563041754851603, 0.031456554242713, -8.5753959999999996]
    [0.18267694920997338, 0.26337831267639256, 0.034522376426983449, 4.0862470000000002]
    [-0.045577395180044715, -0.010198545366527775, 0.31898195647418998, -4.0482989999999859]
  #13 objects/buildingsets/human/lowtech/bravo/org/rock/rock_flat_c.cgf
    [0.25792055567634453, 0.1934109185851362, 0, 0.82169199999999998]
    [-0.1934109185851362, 0.25792055567634453, -0, 11.050936]
    [-0, 0, 0.32238299655586761, -6.0671709999999734]
  #14 objects/buildingsets/human/lowtech/bravo/org/rock/rock_boulder_a.cgf
    [-0.059832825209526118, 0.53054399989289858, 0.45920976387660256, -5.0577629999999996]
    [0.2393506241033144, 0.44866601932019112, -0.48717614051105024, 22.965392999999999]
    [-0.65959216323673442, 0.11468381454910206, -0.21844063475385464, 2.5510540000000219]
  #15 objects/buildingsets/human/lowtech/bravo/org/rock/rock_flat_c.cgf
    [0.31763374438200526, -0.054416994179931732, 0.0088508102659131619, 0.079937999999999995]
    [0.0079671997194031077, -0.0059052900615941062, -0.32223034144225865, 0.58966600000000002]
    [0.054553366775782604, 0.31770215605466817, -0.0044734639505896604, 6.3880209999999806]
  #16 data/objects/buildingsets/human/lowtech/bravo/int/roomlg/ceiling/roomlg_ceiling_cornerin_16x16x16_a.cgf
    [-0.15599808665578521, -0.66888112064189309, 0.39970828704710176, 9.3656419999999994]
    [-0.0011346425884740613, 0.40783433569858207, 0.68203661084801148, 0.18797700000000001]
    [-0.77920945892069327, 0.13331643709494564, -0.081014924886584239, 8.5569020000000364]
  #17 objects/buildingsets/human/lowtech/bravo/org/rock/rock_flat_c.cgf
    [-0.034777302206546276, -0.32050173443553137, 0, -5.2985800000000003]
    [0.32050173443553137, -0.034777302206546276, 0, 4.9828239999999999]
    [0, 0, 0.32238303696836984, 7.5395800000000008]
  #18 objects/buildingsets/human/lowtech/bravo/org/rock/rock_flat_c.cgf
    [5.0504184310636104E-08, 0.31657139385022903, 0.060936951828055405, -10.992637999999999]
    [-4.9593753529619643E-08, 0.060936951828063066, -0.31657139385022776, 2.4388190000000001]
    [-0.3223829392234786, 4.0219522427908901E-08, 5.8246055990184048E-08, 0.98225899999999911]
  #19 objects/buildingsets/human/lowtech/bravo/org/rock/rock_flat_c.cgf
    [0.25792055567634453, 0.1934109185851362, 0, 5.423921]
    [-0.1934109185851362, 0.25792055567634453, -0, 14.365812999999999]
    [-0, 0, 0.32238299655586761, -6.7542270000000144]
  #20 objects/buildingsets/human/lowtech/bravo/org/rock/rock_flat_c.cgf
    [0.35813340015206008, -0.21478141912706375, 0, -3.336074]
    [0.21478141912706375, 0.35813340015206008, 0, 12.419715]
    [0, 0, 0.41760099413999363, -6.0671709999999734]
  #21 data/objects/buildingsets/human/lowtech/bravo/int/roomlg/ceiling/roomlg_ceiling_center_08x08x02_a.cgf
    [0.22594279243293133, 1.1781570555235537, -0.22104551221987451, -6.7318030000000002]
    [1.1973054484095798, -0.23270829813179073, -0.016487043222117977, 13.670313999999999]
    [-0.058093279828321388, -0.21391145809783782, -1.1995133889782608, -5.3628120000000195]
  #22 data/objects/buildingsets/human/lowtech/bravo/int/roomlg/ceiling/roomlg_ceiling_center_08x08x02_a.cgf
    [0.22594176388652651, 1.196873269559664, -0.06640740480676624, -6.8297189999999999]
    [1.1813385672965298, -0.23378896816500255, -0.19428627138810062, 2.1019260000000002]
    [-0.20335868857118544, -0.028325649960204161, -1.2024176266192643, -6.6840240000000222]
  #23 objects/buildingsets/human/lowtech/bravo/org/rock/rock_boulder_a.cgf
    [-0.072623140702670855, -0.45092567186381399, -0.017491786344395986, 1.151349]
    [-0.14272927067459323, 0.006145176674560604, 0.43417120678046711, 22.310400000000001]
    [-0.42809844595378849, 0.074446759222120337, -0.14178661895307637, -4.1112469999999917]
  #24 data/objects/buildingsets/human/lowtech/bravo/int/roomlg/ceiling/roomlg_ceiling_center_08x08x02_a.cgf
    [-0.0049693152086161358, 1.3516452115534892, 0.046457470270879084, -4.2995299999999999]
    [0.083629562607373975, 0.046675979737174113, -1.3490571588063878, -0.16180600000000001]
    [-1.3498552406526951, -0.0020841192833203973, -0.083751144961464088, -1.6761999999999944]
  #25 data/objects/buildingsets/human/lowtech/bravo/int/roomlg/ceiling/roomlg_ceiling_center_08x08x02_a.cgf
    [1.116371763903976E-06, 0.89983835867903172, -0.071160718542038981, -11.836582]
    [-1.1877912081126155E-06, -0.071160718540567089, -0.89983835867905659, 0.310809]
    [-0.90264772730682818, 1.2065373659366593E-06, 1.0960846015774521E-06, 7.08624999999995]
  #26 data/objects/buildingsets/human/lowtech/bravo/int/roomlg/ceiling/roomlg_ceiling_cornerin_16x16x16_a.cgf
    [-0.63551495322336893, 0.049614698085909612, 0.31332624344169313, 8.0412710000000001]
    [0.31659535532219335, 0.054836843861827522, 0.63346231964468713, 1.065526]
    [0.020058267219609419, 0.70643153323946228, -0.071178392978692162, -7.9510480000000143]
  #27 objects/buildingsets/human/lowtech/bravo/org/rock/rock_boulder_a.cgf
    [0.034205417739191647, 0.66003288428154139, 0.24328392775619154, -1.7296720000000001]
    [0.24437165611385572, 0.21725206265664823, -0.62376640130725713, 23.948073000000001]
    [-0.65963093584644872, 0.11471103424964914, -0.21846943844830349, -2.6264059999999745]
  #28 data/objects/buildingsets/human/lowtech/bravo/int/roomlg/ceiling/roomlg_ceiling_cornerin_16x16x16_a.cgf
    [0.0085777882136352322, -0.1392077787022615, -0.89180720751800613, 6.2468279999999998]
    [-0.084259903649016532, -0.88807645014567327, 0.13781497312207444, 24.419799999999999]
    [-0.89866521556658707, 0.081938345897155082, -0.021434021676243982, 8.2791409999999814]
  #29 objects/buildingsets/human/lowtech/bravo/org/rock/rock_flat_c.cgf
    [0.089376567896990861, 0.30778717155564783, 0.034777751578469907, 6.7224050000000002]
    [0.0096982049852542343, 0.033398156010865633, -0.32050134767776384, 0.95795799999999998]
    [-0.30959389496426376, 0.089901201710394577, 9.1434066012185798E-08, -0.20262700000000677]
  #30 data/objects/buildingsets/human/lowtech/bravo/int/roomlg/ceiling/roomlg_ceiling_cornerin_16x16x16_a.cgf
    [-2.2022949286514775E-06, 0.11066197710875271, -0.68229345500861716, -3.437484]
    [-1.0866032743697796E-07, -0.68229345501212746, -0.1106619771089713, 22.200585]
    [-0.69120939803014991, -2.4532664228171832E-07, 2.1912838375909971E-06, 8.4619470000000092]
  #31 data/objects/buildingsets/human/lowtech/bravo/int/roomlg/ceiling/roomlg_ceiling_center_08x08x02_a.cgf
    [-2.0223814070058694E-06, 0.46435390221200595, -0.77404695845370863, -17.293205]
    [-1.943570195528936E-06, -0.77404695845609706, -0.46435390220836087, 8.394266]
    [-0.90264790499240466, 6.262839553684035E-07, 2.7340921837214276E-06, 4.6149349999999458]
  #32 data/objects/buildingsets/human/lowtech/bravo/org/rock/rock_pillar_mid_a.cgf
    [0.27054601550586066, -0.075287525247315454, -0.15227030084417384, -10.412735]
    [-0.16914186523163058, -0.092986279976392666, -0.25454701657111312, 16.540299000000001]
    [0.015667973800248852, 0.2962008486845108, -0.1186135503165973, -5.8904870000000074]
  #33 data/objects/buildingsets/human/lowtech/bravo/org/rock/rock_flat_a.cgf
    [0.0053297947991725863, -0.78047406155845089, 0.19581117931338482, -14.027709]
    [-0.77615137906839105, -0.056649565497878619, -0.20467058636106136, 11.516780000000001]
    [0.21229888242729356, -0.18751333655396729, -0.75317867638214853, 8.543139999999994]
  #34 data/objects/buildingsets/human/lowtech/bravo/org/rock/rock_pillar_mid_a.cgf
    [0.27054601550586066, -0.075287525247315454, -0.15227030084417384, -11.343491999999999]
    [-0.16914186523163058, -0.092986279976392666, -0.25454701657111312, 17.254128000000001]
    [0.015667973800248852, 0.2962008486845108, -0.1186135503165973, -2.4264329999999745]
  #35 data/objects/buildingsets/human/lowtech/bravo/int/roomlg/ceiling/roomlg_ceiling_center_08x08x02_a.cgf
    [-1.7086595479103427E-06, -0.30475361512805488, -0.90565839850736607, -13.234700999999999]
    [1.3786229493179801E-06, -0.90565839850865748, 0.3047536151258885, 23.323551999999999]
    [-0.95555842349834641, -7.6169207481262519E-07, 2.0591123986498278E-06, 6.2187209999999595]
  #36 data/objects/buildingsets/human/lowtech/bravo/org/rock/rock_pillar_mid_a.cgf
    [0.27371537449554811, -0.075287311403255494, 0.14649683239647637, -8.1522600000000001]
    [0.12394102604881731, -0.092986633325604653, -0.27935947358288415, 14.297613]
    [0.10848098092522229, 0.29620080040440305, -0.050463551332251388, -6.0199739999999906]
  #37 objects/buildingsets/human/lowtech/bravo/org/rock/rock_boulder_a.cgf
    [-0.043140059928730684, 0.38256139760094354, 0.33111325584060475, -15.300212999999999]
    [0.17260359038206019, 0.32350717807168761, -0.35128532878804214, 8.6514209999999991]
    [-0.4756019467106658, 0.082705251950004263, -0.15752112710147431, 6.7078709999999546]
  #38 objects/buildingsets/human/lowtech/bravo/org/rock/rock_flat_c.cgf
    [0.0056116941566205858, -0.14787292390185708, -0.31240722853273412, -15.169889]
    [0.32930718368082151, 0.097189998566252517, -0.040088054692057021, 12.634116000000001]
    [0.10498312644893981, -0.29695769350111684, 0.14244592168819187, 5.001386000000025]
  #39 data/objects/buildingsets/human/lowtech/bravo/org/rock/rock_flat_a.cgf
    [0.044282402194082249, -0.48495970549095074, 0.11337408373834375, -13.457072999999999]
    [-0.49685923978426016, -0.035198955940798013, 0.043502405670742587, 7.8349970000000004]
    [-0.034212492665481736, -0.11651458066810864, -0.4850302957494575, 8.6082330000000411]
  #40 objects/buildingsets/human/lowtech/bravo/org/rock/rock_boulder_a.cgf
    [-0.031289639413245113, 0.27747314686479108, 0.2401581052792883, -13.664244]
    [0.12519022582022032, 0.23464133386570737, -0.25478845361947311, 15.542949999999999]
    [-0.34495604085371501, 0.05998667775156627, -0.11425074471467757, -2.7096119999999928]
  #41 data/objects/buildingsets/human/lowtech/bravo/int/roomlg/ceiling/roomlg_ceiling_center_08x08x02_a.cgf
    [1.1456705620591101, 0.2444225199071979, -0.40743865432171511, -16.849]
    [0.20322606604833798, -1.2134712239673526, -0.15651331165049004, 13.153798999999999]
    [-0.42947385409567279, 0.077813124905135964, -1.1609508983082868, -3.9137499999999932]
  #42 objects/buildingsets/human/lowtech/bravo/org/rock/rock_boulder_a.cgf
    [0.55932404762460186, 0.37511666912754754, -0.25397631744816612, -6.1459330000000003]
    [0.45300202654983646, -0.46526304331494078, 0.31045022145282175, 17.579058]
    [-0.0023768095461951851, -0.40109557539446739, -0.5976425066111074, -4.2492290000000139]
  #43 objects/buildingsets/human/lowtech/bravo/org/rock/rock_boulder_a.cgf
    [-0.043140059928730684, 0.38256139760094354, 0.33111325584060475, -13.67408]
    [0.17260359038206019, 0.32350717807168761, -0.35128532878804214, 16.976299999999998]
    [-0.4756019467106658, 0.082705251950004263, -0.15752112710147431, -1.5660199999999804]
  #44 objects/buildingsets/human/lowtech/bravo/org/rock/rock_boulder_a.cgf
    [-0.063730091000319816, -0.68159009901953327, -0.16545226831009338, -14.182759000000001]
    [-0.23838435081678161, -0.13519477684471351, 0.6487652227646693, 17.853331000000001]
    [-0.6596305158617769, 0.11470985093605653, -0.21847259167107241, 1.8009399999999687]
  #45 objects/buildingsets/human/lowtech/bravo/org/rock/rock_boulder_a.cgf
    [0.077637180883114804, -0.44500604361163942, 0.11040186153971916, -11.914761]
    [-0.38746163453290861, -0.12354565412501033, -0.22551371321874708, 18.143530999999999]
    [0.24513757697955335, -0.054337595030845495, -0.39140960112988366, 4.5394049999999879]
  #46 data/objects/buildingsets/human/lowtech/bravo/org/rock/rock_flat_a.cgf
    [-0.043232595669666356, -0.78047333918600248, 0.19105133565673962, -13.677564]
    [-0.7014797566405867, -0.05665010299263544, -0.39016050571411898, 18.136113000000002]
    [0.39187421076135692, -0.18751116237569659, -0.67733482878808826, 5.0859580000000051]
  #47 objects/buildingsets/human/lowtech/bravo/org/rock/rock_flat_c.cgf
    [-0.31657134802570158, 0.06093694392218877, 0, -10.001760000000001]
    [-0.06093694392218877, -0.31657134802570158, 0, 8.6211690000000001]
    [0, 0, 0.32238289273065618, 7.5395800000000008]
  #48 objects/buildingsets/human/lowtech/bravo/org/rock/rock_boulder_a.cgf
    [0.55940179284861857, -0.3749185446536728, -0.25398865348357258, -9.6844300000000008]
    [-0.25834811438697414, -0.59574828636336696, 0.31039450406487828, 16.496364]
    [-0.37192795406680751, -0.15008191508559168, -0.59761988990812143, -4.2492290000000139]
  #49 objects/buildingsets/human/lowtech/bravo/org/rock/rock_boulder_a.cgf
    [-0.059832825209526118, 0.53054399989289858, 0.45920976387660256, -5.6827620000000003]
    [0.2393506241033144, 0.44866601932019112, -0.48717614051105024, 19.465392999999999]
    [-0.65959216323673442, 0.11468381454910206, -0.21844063475385464, -4.0749569999999835]
  #50 data/objects/buildingsets/human/lowtech/bravo/org/rock/rock_flat_a.cgf
    [-0.062393511793937963, -0.47124234981315716, 0.13684837104624373, 6.907978]
    [0.03479064199365061, 0.13335489271300097, 0.47507458682673215, 22.251835]
    [-0.48947567880856552, 0.069547822118989883, 0.016322975305255304, 1.6457370000000537]
  #51 data/objects/buildingsets/human/lowtech/bravo/org/rock/rock_flat_a.cgf
    [-0.17816669258555751, 0.096205117133605744, -0.33328936783928209, 12.989001]
    [-0.061663036379726331, 0.35992809226527867, 0.13685772161988266, 22.818311999999999]
    [0.34137208031974675, 0.11522561112817735, -0.14922720577221185, -3.8993110000000115]
  #52 objects/buildingsets/human/lowtech/bravo/org/rock/rock_flat_c.cgf
    [0.25792055567634453, 0.1934109185851362, 0, 8.1433800000000005]
    [-0.1934109185851362, 0.25792055567634453, -0, 14.365812999999999]
    [-0, 0, 0.32238299655586761, -6.5880379999999832]
  #53 objects/buildingsets/human/lowtech/bravo/org/rock/rock_pillar_top_a.cgf
    [-0.30722774196185887, -0.068098458878513984, 0.039953405941717986, 6.5070499999999996]
    [0.065678638609172071, -0.30951904966025456, -0.022512985293238173, 23.010231999999998]
    [0.043817703938227266, -0.013532109027757915, 0.31387808306060122, 5.7687670000000253]
  #54 data/objects/buildingsets/human/lowtech/bravo/org/rock/rock_flat_a.cgf
    [0.076334280436356011, 0.46918603371671924, 0.13684811571474861, 5.51187]
    [-0.038726734053360835, -0.13226504765590233, 0.47507479476118497, 22.251835]
    [0.48719932376704295, -0.084025509894289557, 0.016321641681541214, -2.0783930000000055]
  #55 data/objects/buildingsets/human/lowtech/bravo/org/rock/rock_flat_a.cgf
    [0.019419123637539136, -0.12640430617938814, 0.47784380744497124, 7.546729]
    [-0.020307406167755164, -0.47801270665006179, -0.1256237112684902, 22.687474999999999]
    [0.49386269568467817, -0.014685331369726532, -0.02395483564279946, -1.7628690000000233]
  #56 objects/buildingsets/human/lowtech/bravo/org/rock/rock_boulder_a.cgf
    [-0.059832637910376782, 0.53058937838657649, 0.45923485293778071, 6.7510219999999999]
    [0.23939110810745837, 0.44868557871752945, -0.4872112806357749, 11.605326]
    [-0.65963143949369341, 0.11470765520668183, -0.21847242626294086, -4.8049530000000118]
  #57 objects/buildingsets/human/lowtech/bravo/org/rock/rock_flat_b.cgf
    [-0.050211115520131036, -0.047170448155993729, -0.25586326523343467, 9.7750730000000008]
    [-0.2029043731717701, -0.15600907870697192, 0.068579884118457432, 9.6285570000000007]
    [-0.16285231660287572, 0.20892183700774963, -0.006557956641529728, -0.52793400000001611]
  #58 data/objects/buildingsets/human/lowtech/bravo/org/rock/rock_flat_a.cgf
    [0.24168564739365495, -0.66136264505922182, -0.029357448247980995, 10.790168]
    [0.59822520659424439, 0.23156804808749834, -0.29185133459292728, 16.955086999999999]
    [0.28352955796995249, 0.075166821328755379, 0.64080831684065043, 6.9860300000000279]
  #59 objects/buildingsets/human/lowtech/bravo/org/rock/rock_flat_b.cgf
    [-0.17293463766566977, -0.014362405232881011, -0.073598574747789816, 18.938694000000002]
    [-0.044811993617407356, 0.1681284640076145, 0.072485326873855588, 22.825445999999999]
    [0.060124155852809558, 0.083999754165728135, -0.15766592839488272, 9.3024599999999964]
  #60 data/objects/buildingsets/human/lowtech/bravo/int/roomlg/ceiling/roomlg_ceiling_center_08x08x02_a.cgf
    [-0.8822776890959465, 0.047876932484275748, 0.18457511789731978, 12.842745000000001]
    [-0.056189539558164449, -0.90021446458429122, -0.035082030797207842, 19.755687999999999]
    [0.18221665800676642, -0.045780045614993312, 0.88287902481355329, 7.488474999999994]
  #61 data/objects/buildingsets/human/lowtech/bravo/int/roomlg/ceiling/roomlg_ceiling_center_08x08x02_a.cgf
    [0, -0.79687601327896118, 0, 19.265574000000001]
    [0, 0, 0.79687601327896118, 23.947476999999999]
    [-0.79687601327896118, 0, 0, -2.5284470000000283]
  #62 data/objects/buildingsets/human/lowtech/bravo/org/rock/rock_flat_a.cgf
    [-0.11741300638160608, 0.12039970178480508, -0.35185041315247473, 9.2979009999999995]
    [-0.092712300171963219, 0.34784337563981355, 0.14996676602943601, 13.711988]
    [0.36013779421529885, 0.12880028465276705, -0.076104345106632817, -1.8960630000000265]
  #63 objects/buildingsets/human/lowtech/bravo/org/rock/rock_boulder_a.cgf
    [-0.46496995210436171, 0.1808548863206694, 0.51880099389348477, 20.428436999999999]
    [-0.48107265973685676, -0.4623122510919937, -0.26999351117169862, 16.875036999999999]
    [0.26539038645858354, -0.52117071110630675, 0.41953432540278818, 2.4826789999999619]
  #64 data/objects/buildingsets/human/lowtech/bravo/org/rock/rock_flat_a.cgf
    [-0.17583874467302177, 0.17303623565878803, -0.45424151915321026, 11.479619]
    [0.014250344299241127, 0.48467658728023383, 0.17911363468899619, 22.871417000000001]
    [0.48587428853658537, 0.048406896132539359, -0.16964406517071148, -3.8993110000000115]
  #65 data/objects/buildingsets/human/lowtech/bravo/org/rock/rock_flat_a.cgf
    [-0.5435340982204655, 0.12720485521140229, -0.057703997396586923, 14.867744999999999]
    [0.11619532227029168, 0.54042494334725766, 0.096848697068417935, 22.409200999999999]
    [0.077520794548315786, 0.081853209173454594, -0.54975514640050283, 8.6125690000000077]
  #66 data/objects/buildingsets/human/lowtech/bravo/org/rock/rock_flat_b.cgf
    [0.087782782586995289, -0.302193187658021, 0.039953445753170495, 5.9842649999999997]
    [0.30463589190746798, 0.085515926242728843, -0.022512599445038986, 18.126512999999999]
    [0.010675853886641766, 0.044599563956561075, 0.31387851543528555, 8.0729069999999865]
  #67 objects/buildingsets/human/lowtech/bravo/org/rock/rock_pillar_top_a.cgf
    [-0.18175590945722983, -0.040287043243759764, 0.023636432004738556, 10.711236]
    [0.038855477751110083, -0.18311144692239778, -0.013318680436995609, 21.690303]
    [0.025922550414112181, -0.0080055947015353623, 0.18569025076014761, 8.1489149999999881]
  #68 data/objects/buildingsets/human/lowtech/bravo/org/rock/rock_pillar_mid_a.cgf
    [-0.19570953789010664, 0.043718973861752684, -0.0093273259925423894, 9.6864869999999996]
    [-0.043426215202626892, -0.19587468431775779, -0.0069168477971353025, 23.560838]
    [-0.010607144708681468, -0.0047254920113130117, 0.20041389451142097, 2.8402760000000171]
  #69 data/objects/buildingsets/human/lowtech/bravo/org/rock/rock_flat_a.cgf
    [0.16335635652841102, 0.14794606621164688, -0.31548558746900995, 4.5513669999999999]
    [-0.060852026221873787, 0.35519157004682872, 0.13505729561473467, 23.508042]
    [0.34309798208800318, -0.0074433652720012492, 0.17416332744574134, 0.28539200000000164]
  #70 objects/buildingsets/human/lowtech/bravo/org/rock/rock_boulder_a.cgf
    [-0.19057328155780751, -0.063586811777424604, -0.33151359192187579, 9.8153769999999998]
    [0.061432381430098215, -0.38087335659036442, 0.037739484046406958, 3.610026]
    [-0.33191957877291373, -0.033984165610537749, 0.1973250861386861, 0.24903099999994538]
  #71 objects/buildingsets/human/lowtech/bravo/levski/rock_shell/cavernleft_shell_b_2.cgf
    [-6.4011970301883221E-07, -0.99999840018852326, 0, 13.999971]
    [0.99999840018852326, -6.4011970301883221E-07, 0, 19.010026]
    [0, 0, 0.9999984001887281, 2.1131219999999757]
  #72 data/objects/buildingsets/human/lowtech/bravo/org/rock/rock_flat_a.cgf
    [0.20583034049318347, -0.4305487836848943, -0.51859013716653002, 9.4281860000000002]
    [-0.035046826570367194, 0.53466167493267924, -0.45780206189139278, 11.501863]
    [0.6731119561011295, 0.15949530648932017, 0.13474292682018996, -2.2072059999999851]
  #73 objects/buildingsets/human/lowtech/bravo/org/rock/rock_flat_b.cgf
    [-0.1319010712500352, 0.060436558144465267, -0.22172464342032888, 10.204497]
    [-0.062995259867940426, 0.2363487448165433, 0.10189777090272062, 12.862726]
    [0.22101129449508228, 0.1034358783035333, -0.10328269188161612, 2.4041770000000042]
