# IncludedObjects
# Cgfs: 40, Materials: 21, Palettes: 1, Placements: 189

[CGFs]
      0: objects/buildingsets/human/lowtech/bravo/int/roomsm/wall/roomsm_wall_straight_door_04x01x04_b.cgf
      1: objects/buildingsets/human/lowtech/prop/light/light_wall_02_a.cgf
      2: objects/buildingsets/human/lowtech/bravo/int/roomsm/door/roomsm_door_garage_a_ext.cgf
      3: objects/planet/flora/plants/leafy_weeds_01/leafy_weeds_01.cgf
      4: objects/buildingsets/human/lowtech/bravo/int/roomsm/wall/wall_fs/roomsm_wall_straight_04x01x04_f.cgf
      5: objects/buildingsets/human/lowtech/bravo/int/roomsm/wall/roomsm_wall_cornerin_03x03x04_b.cgf
      6: objects/buildingsets/human/lowtech/bravo/int/roomsm/floor/roomsm_floor_straight_04x04x0025_d.cgf
      7: objects/buildingsets/human/lowtech/bravo/int/roomsm_b/wall/roomsm_b_wall_cornerin_01x01x04_a.cgf
      8: objects/buildingsets/human/lowtech/bravo/int/roomsm_b/wall/roomsm_b_wall_straight_door_04x01x04_b.cgf
      9: objects/buildingsets/human/lowtech/bravo/int/roomsm/floor/fs_roomsm_floor_straight_04x02x0025_d.cgf
     10: objects/buildingsets/human/lowtech/bravo/int/roomsm/wall/wall_fs/roomsm_wall_straight_02x01x04_f.cgf
     11: objects/planet/flora/grass/high_grass_dry_01/high_grass_dry_fs_01.cgf
     12: objects/planet/flora/plants/clover_01/clover_fs_01_a.cgf
     13: objects/buildingsets/human/lowtech/bravo/int/roomsm/ceiling/roomsm_ceiling_center_04x04x0025_a.cgf
     14: objects/buildingsets/human/lowtech/bravo/int/roomsm/wall/wall_fs/roomsm_wall_straight_08x01x08_f.cgf
     15: objects/buildingsets/human/lowtech/bravo/int/roomsm_b/wall/roomsm_wall_cornerout_02x02x04_b.cgf
     16: objects/buildingsets/human/lowtech/alpha/int/universal/prop/cable_hanging_f.cgf
     17: objects/buildingsets/human/lowtech/bravo/int/roomsm/ceiling/roomsm_ceiling_straight_04x02x005_a.cgf
     18: objects/buildingsets/human/lowtech/bravo/int/roomsm/floor/roomsm_floor_end_02x02x0025_a.cgf
     19: objects/buildingsets/human/lowtech/bravo/int/roomlg/addon/roomlg_addon_beam_straight_04x005x005_a.cgf
     20: objects/buildingsets/human/lowtech/bravo/int/roomsm/floor/roomsm_floor_straight_04x02x0025_a.cgf
     21: objects/buildingsets/human/lowtech/bravo/int/roomlg/addon/roomlg_addon_beam_straight_04x005x0025_a_back.cgf
     22: objects/buildingsets/human/lowtech/bravo/int/roomsm/wall/wall_fs/roomsm_wall_straight_08x01x04_f.cgf
     23: objects/buildingsets/human/lowtech/bravo/int/roomsm_b/addon/roomsm_b_addon_support_c.cgf
     24: objects/buildingsets/human/lowtech/bravo/int/roomsm_b/ceiling/rooms_b_ceiling_supportbeam_02.cgf
     25: objects/buildingsets/human/lowtech/bravo/int/roomsm_b/signage/roomsm_b_signage_technicalarea_c.cgf
     26: objects/buildingsets/human/lowtech/bravo/decal/arrow/decal_arrow_015x01x001_a.cgf
     27: objects/buildingsets/human/lowtech/bravo/int/roomsm_b/wall/roomsm_wall_cornerout_01x01x04_a.cgf
     28: objects/buildingsets/human/lowtech/bravo/int/roomlg/addon/roomlg_addon_bumper.cgf
     29: objects/buildingsets/human/lowtech/bravo/ext/roomsm_b/wall/roomsm_b_wall_garage_door_frame_04x01x04_a.cgf
     30: objects/buildingsets/human/lowtech/bravo/int/roomsm/wall/wall_fs/roomsm_wall_straight_01x01x04_b.cgf
     31: objects/buildingsets/human/lowtech/bravo/int/roomsm/wall/wall_fs/roomsm_wall_straight_02x01x08_f.cgf
     32: objects/buildingsets/human/lowtech/bravo/int/roomlg/addon/roomlg_addon_beam_straight_04x005x0025_a_front.cgf
     33: objects/buildingsets/human/lowtech/bravo/int/roomsm/wall/roomsm_wall_straight_01x01x04_a.cgf
     34: objects/buildingsets/human/lowtech/bravo/int/walkway/addon/walkway_addon_railing_cable_g.cgf
     35: objects/buildingsets/human/lowtech/prop/furniture/seat/seat_chair_office_a.cgf
     36: objects/buildingsets/human/lowtech/prop/interactive/console/crate_pirate_1_closed_a.cgf
     37: objects/buildingsets/human/lowtech/prop/interactive/console/console_desk_2_corner_a.cgf
     38: objects/buildingsets/human/lowtech/prop/interactive/console/console_desk_2_a.cgf
     39: objects/buildingsets/human/lowtech/prop/light/light_wall_04_a.cgf

[Materials]
      0: objects/buildingsets/human/lowtech/bravo/ext/lowtech_bravo_ext_b
      1: objects/buildingsets/human/lowtech/bravo/ext/lowtech_bravo_ext_a_chemline
      2: materials/decals/weathered/weathered_big_a
      3: materials/decals/streaks/dirt_streak001a
      4: materials/decals/garbage/garbage_pile_02
      5: materials/decals/sand/fs_sand_square_b
      6: materials/decals/garbage/garbage_pile_01
      7: materials/decals/garbage/garbage_pile_01b
      8: materials/decals/garbage/garbage_pile_02b
      9: materials/decals/garbage/garbage_pile_03
     10: materials/decals/garbage/garbage_pile_04b
     11: materials/decals/garbage/garbage_pile_04
     12: objects/buildingsets/human/lowtech/bravo/int/lowtech_bravo_int_chemline_a
     13: objects/buildingsets/human/lowtech/bravo/int/lowtech_bravo_int_b
     14: objects/buildingsets/human/lowtech/bravo/int/lowtech_bravo_int_tow
     15: objects/buildingsets/human/lowtech/bravo/int/lowtech_bravo_int_chemline_e
     16: objects/buildingsets/human/lowtech/bravo/int/lowtech_bravo_int_chemline_d
     17: materials/decals/debris/debris
     18: materials/decals/cracks/cracks_b
     19: materials/decals/cracks/cracks_a
     20: materials/decals/garbage/garbage_pile_05

[Palettes]
      0: Libs/Foundry/Records/TintPalettes/default

[Placements]
  #0 objects/buildingsets/human/lowtech/bravo/int/roomsm/wall/roomsm_wall_straight_door_04x01x04_b.cgf
    [-0.00000043730524102, -1.00000000000002931, 0.00000000640989287, 17.00000215996260522]
    [1.00000000000002531, -0.00000043730524046, 0.00000009064754722, 15.99999751052817487]
    [-0.00000009064754442, 0.00000000640993251, 1.00000000000012079, -0.00000009064754636]
  #1 objects/buildingsets/human/lowtech/prop/light/light_wall_02_a.cgf
    [0.00000023704448060, -0.99999999999997324, 0.00000000000000000, 29.57424304747917176]
    [0.99999999999997324, 0.00000023704448060, 0.00000000000000000, 19.62523820753976622]
    [0.00000000000000000, 0.00000000000000000, 1.00000000000000155, -0.25110311806201935]
  #2 objects/buildingsets/human/lowtech/prop/light/light_wall_02_a.cgf
    [0.00000023704448060, -0.99999999999997324, 0.00000000000000000, 29.54569337292849696]
    [0.99999999999997324, 0.00000023704448060, 0.00000000000000000, 14.73548342015700996]
    [0.00000000000000000, 0.00000000000000000, 1.00000000000000155, -0.37971434742212296]
  #3 objects/buildingsets/human/lowtech/bravo/int/roomsm/door/roomsm_door_garage_a_ext.cgf
    [-0.00000006983115752, -1.00000000000002176, 0.00000000000000000, 23.50000539479640338]
    [1.00000000000002176, -0.00000006983115752, 0.00000000000000000, 31.99999603819574645]
    [0.00000000000000000, 0.00000000000000000, 1.00000000000002420, 2.50000000000000000]
  #4 objects/planet/flora/plants/leafy_weeds_01/leafy_weeds_01.cgf
    [-0.19080972204978849, 0.98162704283320890, 0.00000000000000000, 21.50487855649168978]
    [-0.98162704283320890, -0.19080972204978849, -0.00000000000000000, 15.61258346015780774]
    [-0.00000000000000000, 0.00000000000000000, 1.00000000062509398, 0.28353543400771741]
  #5 objects/buildingsets/human/lowtech/bravo/int/roomsm/wall/wall_fs/roomsm_wall_straight_04x01x04_f.cgf
    [-0.99999997718087175, -0.00000047153366523, -0.00000000000000000, 26.00000432248083371]
    [0.00000047153366523, -0.99999997718087175, 0.00000000000000000, 22.99999565095585297]
    [0.00000000000000000, -0.00000000000000000, 0.99999997718098366, 0.00000000000000000]
  #6 objects/buildingsets/human/lowtech/bravo/int/roomsm/wall/roomsm_wall_cornerin_03x03x04_b.cgf
    [0.99999997718085332, 0.00000053999069294, 0.00000000000000000, 17.00000219163598558]
    [-0.00000053999069294, 0.99999997718085332, -0.00000000000000000, 12.99999713401406609]
    [-0.00000000000000000, 0.00000000000000000, 0.99999997718099909, 0.00000000000000000]
  #7 objects/buildingsets/human/lowtech/bravo/int/roomsm/wall/wall_fs/roomsm_wall_straight_04x01x04_f.cgf
    [0.99999997718085332, 0.00000053999069294, 0.00000000000000000, 24.00000263660689370]
    [-0.00000053999069294, 0.99999997718085332, -0.00000000000000000, 12.99999598813079160]
    [-0.00000000000000000, 0.00000000000000000, 0.99999997718099909, 0.00000000000000000]
  #8 objects/buildingsets/human/lowtech/bravo/int/roomsm/floor/roomsm_floor_straight_04x04x0025_d.cgf
    [-0.00000043730524046, -1.00000000000002665, 0.00000000000000000, 22.00000262008887830]
    [1.00000000000002665, -0.00000043730524046, 0.00000000000000000, 15.99999692253334160]
    [0.00000000000000000, 0.00000000000000000, 1.00000000000012235, 0.00000000000000000]
  #9 objects/buildingsets/human/lowtech/bravo/int/roomsm_b/wall/roomsm_b_wall_cornerin_01x01x04_a.cgf
    [-0.00000070383020145, 0.99999999999975231, 0.00000000000000000, 31.00000219163575821]
    [-0.99999999999975231, -0.00000070383020145, -0.00000000000000000, 12.99999477379051882]
    [-0.00000000000000000, 0.00000000000000000, 1.00000000000000000, 0.00000000000000000]
  #10 objects/buildingsets/human/lowtech/bravo/int/roomsm_b/wall/roomsm_b_wall_straight_door_04x01x04_b.cgf
    [-0.00000000000000511, 0.99999999999999967, 0.00000000000000000, 17.00000361134755167]
    [-0.99999999999999967, -0.00000000000000511, -0.00000000000000000, 19.99999737361372354]
    [-0.00000000000000000, 0.00000000000000000, 1.00000000000000000, 0.00000000000000000]
  #11 objects/buildingsets/human/lowtech/bravo/int/roomsm/floor/fs_roomsm_floor_straight_04x02x0025_d.cgf
    [-0.99999997718095734, 0.00000037140326455, 0.00000000000000000, 30.00000275700284647]
    [-0.00000037140326455, -0.99999997718095734, -0.00000000000000000, 15.99999543692000259]
    [-0.00000000000000000, 0.00000000000000000, 0.99999997718102662, 0.00000000000000000]
  #12 objects/buildingsets/human/lowtech/bravo/int/roomsm/wall/wall_fs/roomsm_wall_straight_02x01x04_f.cgf
    [1.00000003337664056, 0.00000053999069187, 0.00000000000000000, 28.00000263660689370]
    [-0.00000053999069187, 1.00000003337664056, -0.00000000000000000, 12.99999531378118434]
    [-0.00000000000000000, 0.00000000000000000, 1.00000003337678645, 0.00000000000000000]
  #13 objects/buildingsets/human/lowtech/bravo/int/roomsm/wall/roomsm_wall_cornerin_03x03x04_b.cgf
    [-0.00000049024105464, 0.99999999999987943, 0.00000000000000000, 17.00000387750981190]
    [-0.99999999999987943, -0.00000049024105464, -0.00000000000000000, 22.99999713401393819]
    [-0.00000000000000000, 0.00000000000000000, 1.00000000000000000, 0.00000000000000000]
  #14 objects/planet/flora/grass/high_grass_dry_01/high_grass_dry_fs_01.cgf
    [-0.49726091715884130, -0.05226464643835401, -0.00000000000000000, 21.50000278169170542]
    [0.05226464643835401, -0.49726091715884130, 0.00000000000000000, 16.49999637537074193]
    [0.00000000000000000, -0.00000000000000000, 0.50000001300097796, 0.25000000000000000]
  #15 objects/planet/flora/plants/clover_01/clover_fs_01_a.cgf
    [-0.99254605278124985, -0.12187006453401476, -0.00000000000000000, 21.85118643350602952]
    [0.12187006453401476, -0.99254605278124985, 0.00000000000000000, 15.36925986335489824]
    [0.00000000000000000, -0.00000000000000000, 0.99999998976058224, 0.27931219176389277]
  #16 objects/buildingsets/human/lowtech/bravo/int/roomsm/floor/fs_roomsm_floor_straight_04x02x0025_d.cgf
    [-0.99999997718095734, 0.00000037140326455, 0.00000000000000000, 22.00000275700296015]
    [-0.00000037140326455, -0.99999997718095734, -0.00000000000000000, 15.99999678561914607]
    [-0.00000000000000000, 0.00000000000000000, 0.99999997718102662, 0.00000000000000000]
  #17 objects/buildingsets/human/lowtech/bravo/int/roomsm/ceiling/roomsm_ceiling_center_04x04x0025_a.cgf
    [0.00000016858738539, 0.99999999999998157, -0.00000009064748951, 22.00000398275085445]
    [-0.99999999999998557, 0.00000016858738594, 0.00000000640990017, 21.99999642799113531]
    [0.00000000640991545, 0.00000009064748843, 0.99999999999999589, 3.75000000000000000]
  #18 objects/buildingsets/human/lowtech/bravo/int/roomsm/wall/wall_fs/roomsm_wall_straight_02x01x04_f.cgf
    [0.00000055975379221, -0.99999999999989420, 0.00000000000000000, 31.00000381671856076]
    [0.99999999999989420, 0.00000055975379221, 0.00000000000000000, 19.99999480801888296]
    [0.00000000000000000, 0.00000000000000000, 1.00000000000005107, 0.00000000000000000]
  #19 objects/buildingsets/human/lowtech/bravo/int/roomsm/ceiling/roomsm_ceiling_center_04x04x0025_a.cgf
    [0.00000016858738539, 0.99999999999998157, -0.00000009064748951, 22.00000317148709428]
    [-0.99999999999998557, 0.00000016858738594, 0.00000000640990017, 17.99999656490530242]
    [0.00000000640991545, 0.00000009064748843, 0.99999999999999589, 3.75000000000000000]
  #20 objects/buildingsets/human/lowtech/bravo/int/roomsm/floor/fs_roomsm_floor_straight_04x02x0025_d.cgf
    [-0.99999997718095734, 0.00000037140326455, 0.00000000000000000, 26.00000376852727868]
    [-0.00000037140326455, -0.99999997718095734, -0.00000000000000000, 21.99999611126949617]
    [-0.00000000000000000, 0.00000000000000000, 0.99999997718102662, 0.00000000000000000]
  #21 objects/buildingsets/human/lowtech/bravo/int/roomsm/floor/fs_roomsm_floor_straight_04x02x0025_d.cgf
    [-0.99999997718095734, 0.00000037140326455, 0.00000000000000000, 26.00000275700296015]
    [-0.00000037140326455, -0.99999997718095734, -0.00000000000000000, 15.99999611126955301]
    [-0.00000000000000000, 0.00000000000000000, 0.99999997718102662, 0.00000000000000000]
  #22 objects/buildingsets/human/lowtech/bravo/int/roomsm/wall/wall_fs/roomsm_wall_straight_02x01x04_f.cgf
    [0.00000055975379221, -0.99999999999989420, 0.00000000000000000, 31.00000280519412854]
    [0.99999999999989420, 0.00000055975379221, 0.00000000000000000, 13.99999480801901086]
    [0.00000000000000000, 0.00000000000000000, 1.00000000000005107, 0.00000000000000000]
  #23 objects/buildingsets/human/lowtech/bravo/int/roomsm/floor/fs_roomsm_floor_straight_04x02x0025_d.cgf
    [-0.99999997718095734, 0.00000037140326455, 0.00000000000000000, 30.00000376852727868]
    [-0.00000037140326455, -0.99999997718095734, -0.00000000000000000, 21.99999543691990311]
    [-0.00000000000000000, 0.00000000000000000, 0.99999997718102662, 0.00000000000000000]
  #24 objects/buildingsets/human/lowtech/bravo/int/roomsm/ceiling/roomsm_ceiling_center_04x04x0025_a.cgf
    [0.00000016858738539, 0.99999999999998157, -0.00000009064748951, 26.00000317148709428]
    [-0.99999999999998557, 0.00000016858738594, 0.00000000640990017, 17.99999589055576621]
    [0.00000000640991545, 0.00000009064748843, 0.99999999999999589, 3.75000000000000000]
  #25 objects/buildingsets/human/lowtech/bravo/int/roomsm/wall/roomsm_wall_straight_door_04x01x04_b.cgf
    [-1.00000003337669674, 0.00000053999057669, 0.00000000640989204, 30.00000354544533820]
    [-0.00000053999057611, -1.00000003337669274, 0.00000009064756436, 22.99999477123512293]
    [0.00000000640994099, 0.00000009064756090, 1.00000003337683863, -0.00000009064754636]
  #26 objects/buildingsets/human/lowtech/bravo/int/roomsm/wall/wall_fs/roomsm_wall_straight_04x01x04_f.cgf
    [0.99999997718085332, 0.00000053999069294, 0.00000000000000000, 20.00000263660689370]
    [-0.00000053999069294, 0.99999997718085332, -0.00000000000000000, 12.99999666248032781]
    [-0.00000000000000000, 0.00000000000000000, 0.99999997718099909, 0.00000000000000000]
  #27 objects/buildingsets/human/lowtech/bravo/int/roomsm/wall/wall_fs/roomsm_wall_straight_02x01x04_f.cgf
    [-0.99999997718087175, -0.00000047153366523, -0.00000000000000000, 22.00000432248083371]
    [0.00000047153366523, -0.99999997718087175, 0.00000000000000000, 22.99999632530547444]
    [0.00000000000000000, -0.00000000000000000, 0.99999997718098366, 0.00000000000000000]
  #28 objects/buildingsets/human/lowtech/bravo/int/roomsm/floor/roomsm_floor_straight_04x04x0025_d.cgf
    [-0.00000043730524046, -1.00000000000002665, 0.00000000000000000, 30.00000262008876462]
    [1.00000000000002665, -0.00000043730524046, 0.00000000000000000, 15.99999557383418392]
    [0.00000000000000000, 0.00000000000000000, 1.00000000000012235, 0.00000000000000000]
  #29 objects/buildingsets/human/lowtech/bravo/int/roomsm/floor/roomsm_floor_straight_04x04x0025_d.cgf
    [-0.00000043730524046, -1.00000000000002665, 0.00000000000000000, 26.00000262008887830]
    [1.00000000000002665, -0.00000043730524046, 0.00000000000000000, 15.99999624818379118]
    [0.00000000000000000, 0.00000000000000000, 1.00000000000012235, 0.00000000000000000]
  #30 objects/buildingsets/human/lowtech/bravo/int/roomsm/ceiling/roomsm_ceiling_center_04x04x0025_a.cgf
    [0.00000016858738539, 0.99999999999998157, -0.00000009064748951, 26.00000398275074076]
    [-0.99999999999998557, 0.00000016858738594, 0.00000000640990017, 21.99999575364158488]
    [0.00000000640991545, 0.00000009064748843, 0.99999999999999589, 3.75000000000000000]
  #31 objects/buildingsets/human/lowtech/bravo/int/roomsm/ceiling/roomsm_ceiling_center_04x04x0025_a.cgf
    [0.00000016858738539, 0.99999999999998157, -0.00000009064748951, 18.00000398275085445]
    [-0.99999999999998557, 0.00000016858738594, 0.00000000640990017, 21.99999710234072836]
    [0.00000000640991545, 0.00000009064748843, 0.99999999999999589, 3.75000000000000000]
  #32 objects/buildingsets/human/lowtech/bravo/int/roomsm/wall/roomsm_wall_straight_door_04x01x04_b.cgf
    [-0.00000043730524102, -1.00000000000002931, 0.00000000640989287, 31.00000202304823915]
    [1.00000000000002531, -0.00000043730524046, 0.00000009064754722, 15.99999487647625074]
    [-0.00000009064754442, 0.00000000640993251, 1.00000000000012079, -0.00000009064754636]
  #33 objects/buildingsets/human/lowtech/bravo/int/roomsm_b/wall/roomsm_b_wall_cornerin_01x01x04_a.cgf
    [0.99999997718077560, 0.00000070857805027, 0.00000000000000000, 31.00000387750969821]
    [-0.00000070857805027, 0.99999997718077560, -0.00000000000000000, 22.99999477379039092]
    [-0.00000000000000000, 0.00000000000000000, 0.99999997718102662, 0.00000000000000000]
  #34 objects/buildingsets/human/lowtech/bravo/int/roomsm/floor/fs_roomsm_floor_straight_04x02x0025_d.cgf
    [-0.99999997718095734, 0.00000037140326455, 0.00000000000000000, 22.00000376852739237]
    [-0.00000037140326455, -0.99999997718095734, -0.00000000000000000, 21.99999678561904659]
    [-0.00000000000000000, 0.00000000000000000, 0.99999997718102662, 0.00000000000000000]
  #35 objects/buildingsets/human/lowtech/bravo/int/roomsm/ceiling/roomsm_ceiling_center_04x04x0025_a.cgf
    [0.00000016858738539, 0.99999999999998157, -0.00000009064748951, 18.00000317148709428]
    [-0.99999999999998557, 0.00000016858738594, 0.00000000640990017, 17.99999723925492390]
    [0.00000000640991545, 0.00000009064748843, 0.99999999999999589, 3.75000000000000000]
  #36 objects/buildingsets/human/lowtech/bravo/int/roomsm/wall/wall_fs/roomsm_wall_straight_08x01x08_f.cgf
    [0.00000045273895066, -0.99999999999992428, 0.00000000000000000, 41.00000455185909232]
    [0.99999999999992428, 0.00000045273895066, 0.00000000000000000, 26.99999308791632302]
    [0.00000000000000000, 0.00000000000000000, 1.00000000000002687, 0.00000000000000000]
  #37 objects/buildingsets/human/lowtech/bravo/int/roomsm_b/wall/roomsm_wall_cornerout_02x02x04_b.cgf
    [0.99999997718077560, 0.00000070857805027, 0.00000000000000000, 24.00000434112507719]
    [-0.00000070857805027, 0.99999997718077560, -0.00000000000000000, 25.74999595390214324]
    [-0.00000000000000000, 0.00000000000000000, 0.99999997718102662, 0.00000000000000000]
  #38 objects/buildingsets/human/lowtech/alpha/int/universal/prop/cable_hanging_f.cgf
    [0.99999997718097267, 0.00000003422853489, 0.00000000000000000, 40.48050884832429119]
    [-0.00000003422853489, 0.99999997718097267, -0.00000000000000000, 36.35741821353084902]
    [-0.00000000000000000, 0.00000000000000000, 0.99999997718097322, 7.71228122711181641]
  #39 objects/buildingsets/human/lowtech/bravo/int/roomsm/ceiling/roomsm_ceiling_straight_04x02x005_a.cgf
    [0.00000015306626211, 0.99999999999998812, 0.00000000640989598, 27.87500621665992639]
    [-0.99999999999998412, 0.00000015306626155, 0.00000009064748236, 36.87499530062576980]
    [0.00000009064748138, -0.00000000640990986, 0.99999999999999589, 4.25000000000000000]
  #40 objects/buildingsets/human/lowtech/bravo/int/roomsm/floor/roomsm_floor_end_02x02x0025_a.cgf
    [0.99999997718085332, 0.00000053999069294, 0.00000000000000000, 38.00000438327185748]
    [-0.00000053999069294, 0.99999997718085332, -0.00000000000000000, 25.99999359367861018]
    [-0.00000000000000000, 0.00000000000000000, 0.99999997718099909, 0.00000000000000000]
  #41 objects/buildingsets/human/lowtech/bravo/int/roomsm/ceiling/roomsm_ceiling_center_04x04x0025_a.cgf
    [-0.99999997718097922, 0.00000020281590528, 0.00000000640989534, 36.87500556338352453]
    [-0.00000020281590470, -0.99999997718097511, 0.00000009064748889, 32.99999378333927780]
    [0.00000000640991372, 0.00000009064748759, 0.99999997718099631, 8.00000000000000000]
  #42 objects/buildingsets/human/lowtech/bravo/int/roomsm/ceiling/roomsm_ceiling_center_04x04x0025_a.cgf
    [-0.99999997718097922, 0.00000020281590528, 0.00000000640989534, 32.00000724925769191]
    [-0.00000020281590470, -0.99999997718097511, 0.00000009064748889, 42.99999460520270134]
    [0.00000000640991372, 0.00000009064748759, 0.99999997718099631, 4.00000000000000000]
  #43 objects/buildingsets/human/lowtech/bravo/int/roomlg/addon/roomlg_addon_beam_straight_04x005x005_a.cgf
    [-0.99999997718095712, -0.00000013435886332, 0.00000014558805778, 40.00000623773303232]
    [0.00000013435885174, -0.99999997718096445, -0.00000007956308780, 36.99999325650365734]
    [0.00000014558806847, -0.00000007956306824, 0.99999997718096323, 0.00000000000000000]
  #44 objects/buildingsets/human/lowtech/bravo/int/roomsm/floor/roomsm_floor_straight_04x02x0025_a.cgf
    [0.99999997718085332, 0.00000053999069294, 0.00000000000000000, 30.00000438327185748]
    [-0.00000053999069294, 0.99999997718085332, -0.00000000000000000, 25.99999494237773945]
    [-0.00000000000000000, 0.00000000000000000, 0.99999997718099909, 0.00000000000000000]
  #45 objects/buildingsets/human/lowtech/bravo/int/roomsm/ceiling/roomsm_ceiling_center_04x04x0025_a.cgf
    [-0.99999997718097922, 0.00000020281590528, 0.00000000640989534, 40.87500488903390305]
    [-0.00000020281590470, -0.99999997718097511, 0.00000009064748889, 28.99999310898977001]
    [0.00000000640991372, 0.00000009064748759, 0.99999997718099631, 8.00000000000000000]
  #46 objects/buildingsets/human/lowtech/bravo/int/roomsm/ceiling/roomsm_ceiling_center_04x04x0025_a.cgf
    [-0.99999997718097922, 0.00000020281590528, 0.00000000640989534, 32.87500556338363822]
    [-0.00000020281590470, -0.99999997718097511, 0.00000009064748889, 32.99999445768888506]
    [0.00000000640991372, 0.00000009064748759, 0.99999997718099631, 8.00000000000000000]
  #47 objects/buildingsets/human/lowtech/bravo/int/roomsm/floor/roomsm_floor_straight_04x04x0025_d.cgf
    [0.99999997718092160, -0.00000047153375117, 0.00000000000000000, 24.50000507807476424]
    [0.00000047153375117, 0.99999997718092160, 0.00000000000000000, 27.99999581000341209]
    [0.00000000000000000, 0.00000000000000000, 0.99999997718103273, 0.00000000000000000]
  #48 objects/buildingsets/human/lowtech/bravo/int/roomlg/addon/roomlg_addon_beam_straight_04x005x0025_a_back.cgf
    [-0.99999997718095712, -0.00000013435886332, 0.00000014558805778, 30.00000792360719970]
    [0.00000013435885174, -0.99999997718096445, -0.00000007956308780, 46.99999494237739839]
    [0.00000014558806847, -0.00000007956306824, 0.99999997718096323, 0.24999999918341642]
  #49 objects/buildingsets/human/lowtech/bravo/int/roomsm/wall/wall_fs/roomsm_wall_straight_08x01x04_f.cgf
    [-0.00000028079300840, 0.99999999999996048, 0.00000000000000000, 29.00000623773325970]
    [-0.99999999999996048, -0.00000028079300840, -0.00000000000000000, 36.99999511096497429]
    [-0.00000000000000000, 0.00000000000000000, 1.00000000000000000, 4.00000000000000000]
  #50 objects/buildingsets/human/lowtech/bravo/int/roomsm/ceiling/roomsm_ceiling_straight_04x02x005_a.cgf
    [0.00000015306626211, 0.99999999999998812, 0.00000000640989598, 27.87500554231030492]
    [-0.99999999999998412, 0.00000015306626155, 0.00000009064748236, 32.87499530062586928]
    [0.00000009064748138, -0.00000000640990986, 0.99999999999999589, 4.25000000000000000]
  #51 objects/buildingsets/human/lowtech/bravo/int/roomsm/floor/roomsm_floor_end_02x02x0025_a.cgf
    [0.99999997718085332, 0.00000053999069294, 0.00000000000000000, 38.00000775501973749]
    [-0.00000053999069294, 0.99999997718085332, -0.00000000000000000, 45.99999359367826912]
    [-0.00000000000000000, 0.00000000000000000, 0.99999997718099909, 0.00000000000000000]
  #52 objects/buildingsets/human/lowtech/bravo/int/roomsm_b/wall/roomsm_b_wall_cornerin_01x01x04_a.cgf
    [0.99999997718077560, 0.00000070857805027, 0.00000000000000000, 41.00000809219454823]
    [-0.00000070857805027, 0.99999997718077560, -0.00000000000000000, 47.99999308791608144]
    [-0.00000000000000000, 0.00000000000000000, 0.99999997718102662, 0.00000000000000000]
  #53 objects/buildingsets/human/lowtech/bravo/int/roomsm/wall/wall_fs/roomsm_wall_straight_08x01x04_f.cgf
    [-0.99999997718092704, -0.00000030294625061, -0.00000000000000000, 32.00000809219466191]
    [0.00000030294625061, -0.99999997718092704, 0.00000000000000000, 47.99999460520265870]
    [0.00000000000000000, -0.00000000000000000, 0.99999997718097322, 0.00000000000000000]
  #54 objects/buildingsets/human/lowtech/bravo/int/roomsm/floor/roomsm_floor_straight_04x02x0025_a.cgf
    [0.99999997718085332, 0.00000053999069294, 0.00000000000000000, 30.00000775501985117]
    [-0.00000053999069294, 0.99999997718085332, -0.00000000000000000, 45.99999494237739839]
    [-0.00000000000000000, 0.00000000000000000, 0.99999997718099909, 0.00000000000000000]
  #55 objects/buildingsets/human/lowtech/bravo/int/roomsm/ceiling/roomsm_ceiling_center_04x04x0025_a.cgf
    [-0.99999997718097922, 0.00000020281590528, 0.00000000640989534, 40.87500623773303232]
    [-0.00000020281590470, -0.99999997718097511, 0.00000009064748889, 36.99999310898967053]
    [0.00000000640991372, 0.00000009064748759, 0.99999997718099631, 8.00000000000000000]
  #56 objects/buildingsets/human/lowtech/bravo/int/roomsm_b/addon/roomsm_b_addon_support_c.cgf
    [-0.00000053606136996, 0.99999999999985634, 0.00000000000000000, 24.00000623773325970]
    [-0.99999999999985634, -0.00000053606136996, -0.00000000000000000, 36.99999595390195850]
    [-0.00000000000000000, 0.00000000000000000, 1.00000000000000000, 0.00000000000000000]
  #57 objects/buildingsets/human/lowtech/bravo/int/roomsm_b/wall/roomsm_b_wall_cornerin_01x01x04_a.cgf
    [0.00000069305138184, -0.99999999999985167, 0.00000000000000000, 24.00000809219466191]
    [0.99999999999985167, 0.00000069305138184, 0.00000000000000000, 47.99999595390181639]
    [0.00000000000000000, 0.00000000000000000, 1.00000000000009170, 0.00000000000000000]
  #58 objects/buildingsets/human/lowtech/bravo/int/roomsm/floor/roomsm_floor_straight_04x04x0025_d.cgf
    [0.99999997718092160, -0.00000047153375117, 0.00000000000000000, 32.50000676394859056]
    [0.00000047153375117, 0.99999997718092160, 0.00000000000000000, 37.99999446130415492]
    [0.00000000000000000, 0.00000000000000000, 0.99999997718103273, 0.00000000000000000]
  #59 objects/buildingsets/human/lowtech/bravo/int/roomsm/floor/roomsm_floor_straight_04x02x0025_a.cgf
    [0.99999997718085332, 0.00000053999069294, 0.00000000000000000, 26.00000438327197116]
    [-0.00000053999069294, 0.99999997718085332, -0.00000000000000000, 25.99999561672734671]
    [-0.00000000000000000, 0.00000000000000000, 0.99999997718099909, 0.00000000000000000]
  #60 objects/buildingsets/human/lowtech/bravo/int/roomsm_b/ceiling/rooms_b_ceiling_supportbeam_02.cgf
    [-0.00000034395619629, -0.99999999999991507, 0.00000060368286249, 28.12500453078575902]
    [-1.00000000000005995, 0.00000034395636129, 0.00000027255932073, 26.87499525847908899]
    [-0.00000027255952837, -0.00000060368276874, -0.99999999999993672, 3.87500000000000000]
  #61 objects/buildingsets/human/lowtech/bravo/int/roomsm/wall/wall_fs/roomsm_wall_straight_08x01x04_f.cgf
    [0.00000045273895066, -0.99999999999992428, 0.00000000000000000, 41.00000657490784306]
    [0.99999999999992428, 0.00000045273895066, 0.00000000000000000, 38.99999308791612407]
    [0.00000000000000000, 0.00000000000000000, 1.00000000000002687, 0.00000000000000000]
  #62 objects/buildingsets/human/lowtech/bravo/int/roomsm_b/wall/roomsm_b_wall_cornerin_01x01x04_a.cgf
    [-0.00000067571368412, 0.99999999999977152, 0.00000000000000000, 41.00000438327174379]
    [-0.99999999999977152, -0.00000067571368412, -0.00000000000000000, 25.99999308791642250]
    [-0.00000000000000000, 0.00000000000000000, 1.00000000000000000, 4.00000000000000000]
  #63 objects/buildingsets/human/lowtech/bravo/int/roomsm/floor/roomsm_floor_straight_04x04x0025_d.cgf
    [0.99999997718092160, -0.00000047153375117, 0.00000000000000000, 32.50000575242427203]
    [0.00000047153375117, 0.99999997718092160, 0.00000000000000000, 31.99999446130425440]
    [0.00000000000000000, 0.00000000000000000, 0.99999997718103273, 0.00000000000000000]
  #64 objects/buildingsets/human/lowtech/bravo/int/roomsm/floor/roomsm_floor_straight_04x04x0025_d.cgf
    [0.99999997718092160, -0.00000047153375117, 0.00000000000000000, 28.50000676394870425]
    [0.00000047153375117, 0.99999997718092160, 0.00000000000000000, 37.99999513565376219]
    [0.00000000000000000, 0.00000000000000000, 0.99999997718103273, 0.00000000000000000]
  #65 objects/buildingsets/human/lowtech/bravo/int/roomsm/ceiling/roomsm_ceiling_center_04x04x0025_a.cgf
    [-0.99999997718097922, 0.00000020281590528, 0.00000000640989534, 28.00000590055856264]
    [-0.00000020281590470, -0.99999997718097511, 0.00000009064748889, 34.99999527955240808]
    [0.00000000640991372, 0.00000009064748759, 0.99999997718099631, 4.00000000000000000]
  #66 objects/buildingsets/human/lowtech/bravo/int/roomsm/floor/roomsm_floor_straight_04x04x0025_d.cgf
    [0.99999997718092160, -0.00000047153375117, 0.00000000000000000, 36.50000575242415835]
    [0.00000047153375117, 0.99999997718092160, 0.00000000000000000, 31.99999378695464713]
    [0.00000000000000000, 0.00000000000000000, 0.99999997718103273, 0.00000000000000000]
  #67 objects/buildingsets/human/lowtech/bravo/int/roomsm/floor/roomsm_floor_straight_04x04x0025_d.cgf
    [0.99999997718092160, -0.00000047153375117, 0.00000000000000000, 24.50000743829832572]
    [0.00000047153375117, 0.99999997718092160, 0.00000000000000000, 41.99999581000326998]
    [0.00000000000000000, 0.00000000000000000, 0.99999997718103273, 0.00000000000000000]
  #68 objects/buildingsets/human/lowtech/bravo/int/roomsm/ceiling/roomsm_ceiling_center_04x04x0025_a.cgf
    [-0.99999997718097922, 0.00000020281590528, 0.00000000640989534, 36.00000724925757822]
    [-0.00000020281590470, -0.99999997718097511, 0.00000009064748889, 42.99999393085316512]
    [0.00000000640991372, 0.00000009064748759, 0.99999997718099631, 4.00000000000000000]
  #69 objects/buildingsets/human/lowtech/bravo/int/roomlg/addon/roomlg_addon_beam_straight_04x005x005_a.cgf
    [-0.99999997718095712, -0.00000013435886332, 0.00000014558805778, 40.00000623773303232]
    [0.00000013435885174, -0.99999997718096445, -0.00000007956308780, 36.99999325650365734]
    [0.00000014558806847, -0.00000007956306824, 0.99999997718096323, 4.00000000000000000]
  #70 objects/buildingsets/human/lowtech/bravo/int/roomsm/ceiling/roomsm_ceiling_center_04x04x0025_a.cgf
    [-0.99999997718097922, 0.00000020281590528, 0.00000000640989534, 40.00000792360708601]
    [-0.00000020281590470, -0.99999997718097511, 0.00000009064748889, 46.99999325650345838]
    [0.00000000640991372, 0.00000009064748759, 0.99999997718099631, 4.00000000000000000]
  #71 objects/buildingsets/human/lowtech/bravo/int/roomsm/floor/roomsm_floor_straight_04x02x0025_a.cgf
    [0.99999997718085332, 0.00000053999069294, 0.00000000000000000, 34.00000775501973749]
    [-0.00000053999069294, 0.99999997718085332, -0.00000000000000000, 45.99999426802779112]
    [-0.00000000000000000, 0.00000000000000000, 0.99999997718099909, 0.00000000000000000]
  #72 objects/buildingsets/human/lowtech/bravo/int/roomsm/wall/wall_fs/roomsm_wall_straight_08x01x04_f.cgf
    [-0.99999997718092704, -0.00000030294625061, -0.00000000000000000, 40.00000809219454823]
    [0.00000030294625061, -0.99999997718092704, 0.00000000000000000, 47.99999325650345838]
    [0.00000000000000000, -0.00000000000000000, 0.99999997718097322, 0.00000000000000000]
  #73 objects/buildingsets/human/lowtech/bravo/int/roomsm_b/ceiling/rooms_b_ceiling_supportbeam_02.cgf
    [0.00000060451835393, -0.99999999999988054, 0.00000000000000000, 34.50000623773314601]
    [0.99999999999988054, 0.00000060451835393, 0.00000000000000000, 36.99999418373433002]
    [0.00000000000000000, 0.00000000000000000, 1.00000000000006328, 4.00000000000000000]
  #74 objects/buildingsets/human/lowtech/bravo/int/roomsm_b/signage/roomsm_b_signage_technicalarea_c.cgf
    [0.45344381531079797, -0.00000000000000586, 0.00000002239019414, 27.39028405658496013]
    [-0.00000002239019414, -0.00000005405472190, 0.45344381531079453, 29.51294451760485060]
    [-0.00000000000000319, -0.45344381531079503, -0.00000005405472190, 3.51112937927246094]
  #75 objects/buildingsets/human/lowtech/bravo/int/roomsm/wall/wall_fs/roomsm_wall_straight_08x01x04_f.cgf
    [-0.99999997718092704, -0.00000030294625061, -0.00000000000000000, 40.00000640632049453]
    [0.00000030294625061, -0.99999997718092704, 0.00000000000000000, 37.99999325650365734]
    [0.00000000000000000, -0.00000000000000000, 0.99999997718097322, 4.00000000000000000]
  #76 objects/buildingsets/human/lowtech/bravo/int/roomsm/wall/wall_fs/roomsm_wall_straight_02x01x04_f.cgf
    [0.00000045273895066, -0.99999999999992428, 0.00000000000000000, 41.00000623773303232]
    [0.99999999999992428, 0.00000045273895066, 0.00000000000000000, 36.99999308791622354]
    [0.00000000000000000, 0.00000000000000000, 1.00000000000002687, 0.00000000000000000]
  #77 objects/buildingsets/human/lowtech/bravo/int/roomsm/floor/roomsm_floor_straight_04x04x0025_d.cgf
    [0.99999997718092160, -0.00000047153375117, 0.00000000000000000, 24.50000575242427203]
    [0.00000047153375117, 0.99999997718092160, 0.00000000000000000, 31.99999581000341209]
    [0.00000000000000000, 0.00000000000000000, 0.99999997718103273, 0.00000000000000000]
  #78 objects/buildingsets/human/lowtech/bravo/int/roomsm/floor/roomsm_floor_straight_04x04x0025_d.cgf
    [0.99999997718092160, -0.00000047153375117, 0.00000000000000000, 28.50000575242427203]
    [0.00000047153375117, 0.99999997718092160, 0.00000000000000000, 31.99999513565386167]
    [0.00000000000000000, 0.00000000000000000, 0.99999997718103273, 0.00000000000000000]
  #79 objects/buildingsets/human/lowtech/bravo/int/roomsm/ceiling/roomsm_ceiling_center_04x04x0025_a.cgf
    [-0.99999997718097922, 0.00000020281590528, 0.00000000640989534, 28.00000522620894117]
    [-0.00000020281590470, -0.99999997718097511, 0.00000009064748889, 30.99999527955250755]
    [0.00000000640991372, 0.00000009064748759, 0.99999997718099631, 4.00000000000000000]
  #80 objects/buildingsets/human/lowtech/bravo/int/roomsm/floor/roomsm_floor_straight_04x04x0025_d.cgf
    [0.99999997718092160, -0.00000047153375117, 0.00000000000000000, 28.50000507807476424]
    [0.00000047153375117, 0.99999997718092160, 0.00000000000000000, 27.99999513565386167]
    [0.00000000000000000, 0.00000000000000000, 0.99999997718103273, 0.00000000000000000]
  #81 objects/buildingsets/human/lowtech/bravo/decal/arrow/decal_arrow_015x01x001_a.cgf
    [-0.00000045707120311, 0.85264714558906596, -0.00000006268148896, 29.33803769844018916]
    [-0.85264714558893162, -0.00000045707123861, -0.00000048280654148, 27.21471149667965506]
    [-0.00000048280657508, 0.00000006268123015, 0.85264714558905175, 3.48539996147155762]
  #82 objects/buildingsets/human/lowtech/bravo/int/roomsm_b/wall/roomsm_wall_cornerout_01x01x04_a.cgf
    [0.00000069305138184, -0.99999999999985167, 0.00000000000000000, 31.00000438327185748]
    [0.99999999999985167, 0.00000069305138184, 0.00000000000000000, 25.99999477379039092]
    [0.00000000000000000, 0.00000000000000000, 1.00000000000009170, 0.00000000000000000]
  #83 objects/buildingsets/human/lowtech/bravo/int/roomsm/ceiling/roomsm_ceiling_straight_04x02x005_a.cgf
    [-0.99999997718097555, 0.00000020281590448, 0.00000009064748600, 27.87500455185931969]
    [-0.00000020281590506, -0.99999997718097966, -0.00000000640988861, 26.99999530062588349]
    [0.00000009064748470, -0.00000000640990699, 0.99999997718099631, 4.12500000000000000]
  #84 objects/buildingsets/human/lowtech/bravo/int/roomsm/ceiling/roomsm_ceiling_straight_04x02x005_a.cgf
    [-0.99999997718097922, 0.00000020281590528, 0.00000000640989534, 32.00000657490807043]
    [-0.00000020281590470, -0.99999997718097511, 0.00000009064748889, 38.99999460520271555]
    [0.00000000640991372, 0.00000009064748759, 0.99999997718099631, 4.25000000000000000]
  #85 objects/buildingsets/human/lowtech/bravo/int/roomlg/addon/roomlg_addon_bumper.cgf
    [-0.00000036747396415, 0.99999999999993217, 0.00000000000000000, 30.00000623773325970]
    [-0.99999999999993217, -0.00000036747396415, -0.00000000000000000, 36.99999494237759734]
    [-0.00000000000000000, 0.00000000000000000, 1.00000000000000000, 0.25000000000000000]
  #86 objects/buildingsets/human/lowtech/bravo/ext/roomsm_b/wall/roomsm_b_wall_garage_door_frame_04x01x04_a.cgf
    [0.00000013828825196, 0.99999999999999012, 0.00000000000000000, 23.50000775501985117]
    [-0.99999999999999012, 0.00000013828825196, -0.00000000000000000, 45.99999603819550487]
    [-0.00000000000000000, 0.00000000000000000, 1.00000000000000000, 0.12500000000000000]
  #87 objects/buildingsets/human/lowtech/bravo/decal/arrow/decal_arrow_015x01x001_a.cgf
    [0.00000037169518866, -0.85264714558922006, 0.00000006268151326, 27.39393095534637723]
    [0.85264714558908561, 0.00000037169522416, 0.00000048280654462, 30.26289869630156204]
    [-0.00000048280657195, 0.00000006268130279, 0.85264714558916455, 3.48539996147155762]
  #88 objects/buildingsets/human/lowtech/bravo/int/roomsm_b/ceiling/rooms_b_ceiling_supportbeam_02.cgf
    [-0.99999995436201605, 0.00000030294643577, 0.00000027255930874, 30.00000514714452038]
    [0.00000030294627123, 0.99999995436187139, -0.00000060368279597, 32.99999470395914614]
    [-0.00000027255949163, -0.00000060368271339, -0.99999995436187972, 4.00000000000000000]
  #89 objects/buildingsets/human/lowtech/bravo/int/roomsm/floor/roomsm_floor_straight_04x04x0025_d.cgf
    [0.99999997718092160, -0.00000047153375117, 0.00000000000000000, 24.50000676394870425]
    [0.00000047153375117, 0.99999997718092160, 0.00000000000000000, 37.99999581000336946]
    [0.00000000000000000, 0.00000000000000000, 0.99999997718103273, 0.00000000000000000]
  #90 objects/buildingsets/human/lowtech/bravo/int/roomsm_b/wall/roomsm_wall_cornerout_01x01x04_a.cgf
    [-0.00000070464886015, 0.99999999999975153, 0.00000000000000000, 24.00000623773325970]
    [-0.99999999999975153, -0.00000070464886015, -0.00000000000000000, 36.99999595390195850]
    [-0.00000000000000000, 0.00000000000000000, 1.00000000000000000, 0.00000000000000000]
  #91 objects/buildingsets/human/lowtech/bravo/int/roomsm/ceiling/roomsm_ceiling_center_04x04x0025_a.cgf
    [-0.99999997718097922, 0.00000020281590528, 0.00000000640989534, 32.00000792360719970]
    [-0.00000020281590470, -0.99999997718097511, 0.00000009064748889, 46.99999460520265870]
    [0.00000000640991372, 0.00000009064748759, 0.99999997718099631, 4.00000000000000000]
  #92 objects/buildingsets/human/lowtech/bravo/int/roomsm/wall/wall_fs/roomsm_wall_straight_02x01x04_f.cgf
    [-0.00000028079300840, 0.99999999999996048, 0.00000000000000000, 29.00000488903413043]
    [-0.99999999999996048, -0.00000028079300840, -0.00000000000000000, 28.99999511096507376]
    [-0.00000000000000000, 0.00000000000000000, 1.00000000000000000, 4.00000000000000000]
  #93 objects/buildingsets/human/lowtech/bravo/int/roomsm/floor/roomsm_floor_straight_04x02x0025_a.cgf
    [0.99999997718085332, 0.00000053999069294, 0.00000000000000000, 30.00000606914591117]
    [-0.00000053999069294, 0.99999997718085332, -0.00000000000000000, 35.99999494237759734]
    [-0.00000000000000000, 0.00000000000000000, 0.99999997718099909, 0.00000000000000000]
  #94 objects/buildingsets/human/lowtech/bravo/int/roomlg/addon/roomlg_addon_beam_straight_04x005x0025_a_back.cgf
    [-0.99999997718095712, -0.00000013435886332, 0.00000014558805778, 30.00000623773325970]
    [0.00000013435885174, -0.99999997718096445, -0.00000007956308780, 36.99999494237759734]
    [0.00000014558806847, -0.00000007956306824, 0.99999997718096323, 0.24999999918341642]
  #95 objects/buildingsets/human/lowtech/bravo/int/roomsm_b/wall/roomsm_wall_cornerout_01x01x04_a.cgf
    [0.99999997718077560, 0.00000070857805027, 0.00000000000000000, 24.00000623773325970]
    [-0.00000070857805027, 0.99999997718077560, -0.00000000000000000, 36.99999595390195850]
    [-0.00000000000000000, 0.00000000000000000, 0.99999997718102662, 0.00000000000000000]
  #96 objects/buildingsets/human/lowtech/bravo/int/roomsm/ceiling/roomsm_ceiling_center_04x04x0025_a.cgf
    [-0.99999997718097922, 0.00000020281590528, 0.00000000640989534, 40.87500556338352453]
    [-0.00000020281590470, -0.99999997718097511, 0.00000009064748889, 32.99999310898967053]
    [0.00000000640991372, 0.00000009064748759, 0.99999997718099631, 8.00000000000000000]
  #97 objects/buildingsets/human/lowtech/bravo/int/roomlg/addon/roomlg_addon_beam_straight_04x005x0025_a_back.cgf
    [-0.99999997718095712, -0.00000013435886332, 0.00000014558805778, 30.00000623773325970]
    [0.00000013435885174, -0.99999997718096445, -0.00000007956308780, 36.99999494237759734]
    [0.00000014558806847, -0.00000007956306824, 0.99999997718096323, 4.24999999918341587]
  #98 objects/buildingsets/human/lowtech/bravo/int/roomsm/floor/roomsm_floor_straight_04x02x0025_a.cgf
    [0.99999997718085332, 0.00000053999069294, 0.00000000000000000, 26.00000606914602486]
    [-0.00000053999069294, 0.99999997718085332, -0.00000000000000000, 35.99999561672720461]
    [-0.00000000000000000, 0.00000000000000000, 0.99999997718099909, 0.00000000000000000]
  #99 objects/buildingsets/human/lowtech/bravo/int/roomsm/floor/roomsm_floor_straight_04x04x0025_d.cgf
    [0.99999997718092160, -0.00000047153375117, 0.00000000000000000, 32.50000743829821204]
    [0.00000047153375117, 0.99999997718092160, 0.00000000000000000, 41.99999446130411229]
    [0.00000000000000000, 0.00000000000000000, 0.99999997718103273, 0.00000000000000000]
  #100 objects/buildingsets/human/lowtech/bravo/int/roomsm/wall/wall_fs/roomsm_wall_straight_08x01x08_f.cgf
    [0.99999997718085332, 0.00000053999069294, 0.00000000000000000, 32.00000438327185748]
    [-0.00000053999069294, 0.99999997718085332, -0.00000000000000000, 25.99999460520301398]
    [-0.00000000000000000, 0.00000000000000000, 0.99999997718099909, 0.00000000000000000]
  #101 objects/buildingsets/human/lowtech/bravo/int/roomsm/wall/wall_fs/roomsm_wall_straight_02x01x04_f.cgf
    [-0.99999997718092704, -0.00000030294625061, -0.00000000000000000, 32.00000640632060822]
    [0.00000030294625061, -0.99999997718092704, 0.00000000000000000, 37.99999460520280081]
    [0.00000000000000000, -0.00000000000000000, 0.99999997718097322, 4.00000000000000000]
  #102 objects/buildingsets/human/lowtech/bravo/int/roomsm/ceiling/roomsm_ceiling_center_04x04x0025_a.cgf
    [-0.99999997718097922, 0.00000020281590528, 0.00000000640989534, 32.87500488903413043]
    [-0.00000020281590470, -0.99999997718097511, 0.00000009064748889, 28.99999445768898454]
    [0.00000000640991372, 0.00000009064748759, 0.99999997718099631, 8.00000000000000000]
  #103 objects/buildingsets/human/lowtech/bravo/int/roomsm/wall/wall_fs/roomsm_wall_straight_01x01x04_b.cgf
    [0.99999997718085332, 0.00000053999069294, 0.00000000000000000, 24.25000438327197116]
    [-0.00000053999069294, 0.99999997718085332, -0.00000000000000000, 25.99999591175529190]
    [-0.00000000000000000, 0.00000000000000000, 0.99999997718099909, 0.00000000000000000]
  #104 objects/buildingsets/human/lowtech/bravo/int/roomsm_b/ceiling/rooms_b_ceiling_supportbeam_02.cgf
    [-0.99999995436201605, 0.00000030294643577, 0.00000027255930874, 30.00000675395438066]
    [0.00000030294627123, 0.99999995436187139, -0.00000060368279597, 44.99999446554045335]
    [-0.00000027255949163, -0.00000060368271339, -0.99999995436187972, 4.00000000000000000]
  #105 objects/buildingsets/human/lowtech/bravo/int/roomsm/wall/wall_fs/roomsm_wall_straight_02x01x08_f.cgf
    [0.00000045273895066, -0.99999999999992428, 0.00000000000000000, 41.00000590055833527]
    [0.99999999999992428, 0.00000045273895066, 0.00000000000000000, 34.99999308791622354]
    [0.00000000000000000, 0.00000000000000000, 1.00000000000002687, 0.00000000000000000]
  #106 objects/buildingsets/human/lowtech/bravo/int/roomsm/ceiling/roomsm_ceiling_center_04x04x0025_a.cgf
    [-0.99999997718097922, 0.00000020281590528, 0.00000000640989534, 28.00000792360731339]
    [-0.00000020281590470, -0.99999997718097511, 0.00000009064748889, 46.99999527955220913]
    [0.00000000640991372, 0.00000009064748759, 0.99999997718099631, 4.00000000000000000]
  #107 objects/buildingsets/human/lowtech/bravo/int/roomsm/floor/roomsm_floor_end_02x02x0025_a.cgf
    [-1.00000003337667898, -0.00000047153366620, -0.00000000000000000, 26.00000640632072191]
    [0.00000047153366620, -1.00000003337667898, 0.00000000000000000, 37.99999561672720461]
    [0.00000000000000000, -0.00000000000000000, 1.00000003337679000, 0.00000000000000000]
  #108 objects/buildingsets/human/lowtech/bravo/int/roomsm/ceiling/roomsm_ceiling_center_04x04x0025_a.cgf
    [-0.99999997718097922, 0.00000020281590528, 0.00000000640989534, 36.00000792360708601]
    [-0.00000020281590470, -0.99999997718097511, 0.00000009064748889, 46.99999393085306565]
    [0.00000000640991372, 0.00000009064748759, 0.99999997718099631, 4.00000000000000000]
  #109 objects/buildingsets/human/lowtech/bravo/int/roomlg/addon/roomlg_addon_beam_straight_04x005x0025_a_front.cgf
    [-0.99999997718095712, -0.00000013435886332, 0.00000014558805778, 30.00000623773325970]
    [0.00000013435885174, -0.99999997718096445, -0.00000007956308780, 36.99999494237759734]
    [0.00000014558806847, -0.00000007956306824, 0.99999997718096323, 0.24999999918341642]
  #110 objects/buildingsets/human/lowtech/bravo/int/roomsm/floor/roomsm_floor_end_02x02x0025_a.cgf
    [0.99999997718085332, 0.00000053999069294, 0.00000000000000000, 38.00000606914579748]
    [-0.00000053999069294, 0.99999997718085332, -0.00000000000000000, 35.99999359367846807]
    [-0.00000000000000000, 0.00000000000000000, 0.99999997718099909, 0.00000000000000000]
  #111 objects/buildingsets/human/lowtech/bravo/int/roomlg/addon/roomlg_addon_beam_straight_04x005x005_a.cgf
    [-0.99999997718095712, -0.00000013435886332, 0.00000014558805778, 29.87500455185931969]
    [0.00000013435885174, -0.99999997718096445, -0.00000007956308780, 26.99999496345108696]
    [0.00000014558806847, -0.00000007956306824, 0.99999997718096323, 3.62500000000000000]
  #112 objects/buildingsets/human/lowtech/bravo/int/roomsm/ceiling/roomsm_ceiling_center_04x04x0025_a.cgf
    [-0.99999997718097922, 0.00000020281590528, 0.00000000640989534, 40.00000724925746454]
    [-0.00000020281590470, -0.99999997718097511, 0.00000009064748889, 42.99999325650355786]
    [0.00000000640991372, 0.00000009064748759, 0.99999997718099631, 4.00000000000000000]
  #113 objects/buildingsets/human/lowtech/bravo/int/roomsm/wall/roomsm_wall_straight_01x01x04_a.cgf
    [0.99999997718085332, 0.00000053999069294, 0.00000000000000000, 31.00000438327185748]
    [-0.00000053999069294, 0.99999997718085332, -0.00000000000000000, 25.99999477379039092]
    [-0.00000000000000000, 0.00000000000000000, 0.99999997718099909, 4.00000000000000000]
  #114 objects/buildingsets/human/lowtech/bravo/int/roomlg/addon/roomlg_addon_beam_straight_04x005x0025_a_front.cgf
    [-0.99999997718095712, -0.00000013435886332, 0.00000014558805778, 30.00000623773325970]
    [0.00000013435885174, -0.99999997718096445, -0.00000007956308780, 36.99999494237759734]
    [0.00000014558806847, -0.00000007956306824, 0.99999997718096323, 4.24999999918341587]
  #115 objects/buildingsets/human/lowtech/bravo/int/roomlg/addon/roomlg_addon_beam_straight_04x005x005_a.cgf
    [-0.99999997718095712, -0.00000013435886332, 0.00000014558805778, 30.37500455185931969]
    [0.00000013435885174, -0.99999997718096445, -0.00000007956308780, 26.99999487915739849]
    [0.00000014558806847, -0.00000007956306824, 0.99999997718096323, 3.62500000000000000]
  #116 objects/buildingsets/human/lowtech/bravo/int/roomsm_b/ceiling/rooms_b_ceiling_supportbeam_02.cgf
    [0.00000060451835393, -0.99999999999988054, 0.00000000000000000, 26.50000623773325970]
    [0.99999999999988054, 0.00000060451835393, 0.00000000000000000, 36.99999553243345929]
    [0.00000000000000000, 0.00000000000000000, 1.00000000000006328, 4.00000000000000000]
  #117 objects/buildingsets/human/lowtech/bravo/int/roomsm_b/ceiling/rooms_b_ceiling_supportbeam_02.cgf
    [-0.99999995436201605, 0.00000030294643577, 0.00000027255930874, 30.00000649584364965]
    [0.00000030294627123, 0.99999995436187139, -0.00000060368279597, 40.99999470395903245]
    [-0.00000027255949163, -0.00000060368271339, -0.99999995436187972, 4.00000000000000000]
  #118 objects/buildingsets/human/lowtech/bravo/int/roomsm/floor/roomsm_floor_straight_04x02x0025_a.cgf
    [0.99999997718085332, 0.00000053999069294, 0.00000000000000000, 34.00000438327185748]
    [-0.00000053999069294, 0.99999997718085332, -0.00000000000000000, 25.99999426802820324]
    [-0.00000000000000000, 0.00000000000000000, 0.99999997718099909, 0.00000000000000000]
  #119 objects/buildingsets/human/lowtech/bravo/int/roomsm_b/wall/roomsm_b_wall_cornerin_01x01x04_a.cgf
    [-0.00000067571368412, 0.99999999999977152, 0.00000000000000000, 41.00000438327174379]
    [-0.99999999999977152, -0.00000067571368412, -0.00000000000000000, 25.99999308791642250]
    [-0.00000000000000000, 0.00000000000000000, 1.00000000000000000, 0.00000000000000000]
  #120 objects/buildingsets/human/lowtech/bravo/int/roomsm/floor/roomsm_floor_straight_04x02x0025_a.cgf
    [0.99999997718085332, 0.00000053999069294, 0.00000000000000000, 26.00000775501985117]
    [-0.00000053999069294, 0.99999997718085332, -0.00000000000000000, 45.99999561672700565]
    [-0.00000000000000000, 0.00000000000000000, 0.99999997718099909, 0.00000000000000000]
  #121 objects/buildingsets/human/lowtech/bravo/int/roomsm/floor/roomsm_floor_end_02x02x0025_a.cgf
    [-1.00000003337667898, -0.00000047153366620, -0.00000000000000000, 26.00000472044678190]
    [0.00000047153366620, -1.00000003337667898, 0.00000000000000000, 27.99999561672724724]
    [0.00000000000000000, -0.00000000000000000, 1.00000003337679000, 0.00000000000000000]
  #122 objects/buildingsets/human/lowtech/bravo/int/walkway/addon/walkway_addon_railing_cable_g.cgf
    [-0.24192114285967553, -0.97029594664968166, 0.00000000000000000, 28.06734716710678867]
    [0.97029594664968166, -0.24192114285967553, 0.00000000000000000, 32.03274260253250816]
    [0.00000000000000000, 0.00000000000000000, 1.00000003172366658, 4.18712973594665527]
  #123 objects/buildingsets/human/lowtech/bravo/int/roomsm/floor/roomsm_floor_end_02x02x0025_a.cgf
    [-1.00000003337667898, -0.00000047153366620, -0.00000000000000000, 26.00000809219466191]
    [0.00000047153366620, -1.00000003337667898, 0.00000000000000000, 47.99999561672700565]
    [0.00000000000000000, -0.00000000000000000, 1.00000003337679000, 0.00000000000000000]
  #124 objects/buildingsets/human/lowtech/bravo/int/roomsm/floor/roomsm_floor_straight_04x04x0025_d.cgf
    [0.99999997718092160, -0.00000047153375117, 0.00000000000000000, 36.50000743829809835]
    [0.00000047153375117, 0.99999997718092160, 0.00000000000000000, 41.99999378695450503]
    [0.00000000000000000, 0.00000000000000000, 0.99999997718103273, 0.00000000000000000]
  #125 objects/buildingsets/human/lowtech/bravo/int/roomsm/floor/roomsm_floor_straight_04x04x0025_d.cgf
    [0.99999997718092160, -0.00000047153375117, 0.00000000000000000, 32.50000507807465056]
    [0.00000047153375117, 0.99999997718092160, 0.00000000000000000, 27.99999446130425440]
    [0.00000000000000000, 0.00000000000000000, 0.99999997718103273, 0.00000000000000000]
  #126 objects/buildingsets/human/lowtech/bravo/int/roomsm/floor/roomsm_floor_straight_04x04x0025_d.cgf
    [0.99999997718092160, -0.00000047153375117, 0.00000000000000000, 28.50000743829832572]
    [0.00000047153375117, 0.99999997718092160, 0.00000000000000000, 41.99999513565366271]
    [0.00000000000000000, 0.00000000000000000, 0.99999997718103273, 0.00000000000000000]
  #127 objects/buildingsets/human/lowtech/bravo/int/roomsm/ceiling/roomsm_ceiling_straight_04x02x005_a.cgf
    [-0.99999997718097922, 0.00000020281590528, 0.00000000640989534, 40.00000657490784306]
    [-0.00000020281590470, -0.99999997718097511, 0.00000009064748889, 38.99999325650355786]
    [0.00000000640991372, 0.00000009064748759, 0.99999997718099631, 4.25000000000000000]
  #128 objects/buildingsets/human/lowtech/bravo/int/roomsm_b/ceiling/rooms_b_ceiling_supportbeam_02.cgf
    [-0.99999995436201605, 0.00000030294643577, 0.00000027255930874, 30.00000488903390305]
    [0.00000030294627123, 0.99999995436187139, -0.00000060368279597, 28.99999494237768261]
    [-0.00000027255949163, -0.00000060368271339, -0.99999995436187972, 4.00000000000000000]
  #129 objects/buildingsets/human/lowtech/bravo/int/roomsm/floor/roomsm_floor_straight_04x04x0025_d.cgf
    [0.99999997718092160, -0.00000047153375117, 0.00000000000000000, 36.50000676394847687]
    [0.00000047153375117, 0.99999997718092160, 0.00000000000000000, 37.99999378695454766]
    [0.00000000000000000, 0.00000000000000000, 0.99999997718103273, 0.00000000000000000]
  #130 objects/buildingsets/human/lowtech/bravo/int/roomsm/ceiling/roomsm_ceiling_center_04x04x0025_a.cgf
    [-0.99999997718097922, 0.00000020281590528, 0.00000000640989534, 36.87500623773314601]
    [-0.00000020281590470, -0.99999997718097511, 0.00000009064748889, 36.99999378333927780]
    [0.00000000640991372, 0.00000009064748759, 0.99999997718099631, 8.00000000000000000]
  #131 objects/buildingsets/human/lowtech/bravo/int/roomsm/floor/roomsm_floor_straight_04x02x0025_a.cgf
    [0.99999997718085332, 0.00000053999069294, 0.00000000000000000, 34.00000606914579748]
    [-0.00000053999069294, 0.99999997718085332, -0.00000000000000000, 35.99999426802799007]
    [-0.00000000000000000, 0.00000000000000000, 0.99999997718099909, 0.00000000000000000]
  #132 objects/buildingsets/human/lowtech/bravo/int/roomsm_b/ceiling/rooms_b_ceiling_supportbeam_02.cgf
    [-0.99999995436201605, 0.00000030294643577, 0.00000027255930874, 30.00000540525513770]
    [0.00000030294627123, 0.99999995436187139, -0.00000060368279597, 36.99999446554065230]
    [-0.00000027255949163, -0.00000060368271339, -0.99999995436187972, 4.00000000000000000]
  #133 objects/buildingsets/human/lowtech/bravo/int/roomsm/floor/roomsm_floor_straight_04x04x0025_d.cgf
    [0.99999997718092160, -0.00000047153375117, 0.00000000000000000, 36.50000507807453687]
    [0.00000047153375117, 0.99999997718092160, 0.00000000000000000, 27.99999378695471819]
    [0.00000000000000000, 0.00000000000000000, 0.99999997718103273, 0.00000000000000000]
  #134 objects/buildingsets/human/lowtech/bravo/int/roomsm/ceiling/roomsm_ceiling_center_04x04x0025_a.cgf
    [-0.99999997718097922, 0.00000020281590528, 0.00000000640989534, 32.87500623773314601]
    [-0.00000020281590470, -0.99999997718097511, 0.00000009064748889, 36.99999445768881401]
    [0.00000000640991372, 0.00000009064748759, 0.99999997718099631, 8.00000000000000000]
  #135 objects/buildingsets/human/lowtech/bravo/int/roomsm/ceiling/roomsm_ceiling_center_04x04x0025_a.cgf
    [-0.99999997718097922, 0.00000020281590528, 0.00000000640989534, 28.00000657490807043]
    [-0.00000020281590470, -0.99999997718097511, 0.00000009064748889, 38.99999527955230860]
    [0.00000000640991372, 0.00000009064748759, 0.99999997718099631, 4.00000000000000000]
  #136 objects/buildingsets/human/lowtech/bravo/int/roomsm/ceiling/roomsm_ceiling_center_04x04x0025_a.cgf
    [-0.99999997718097922, 0.00000020281590528, 0.00000000640989534, 28.00000724925769191]
    [-0.00000020281590470, -0.99999997718097511, 0.00000009064748889, 42.99999527955230860]
    [0.00000000640991372, 0.00000009064748759, 0.99999997718099631, 4.00000000000000000]
  #137 objects/buildingsets/human/lowtech/bravo/int/roomsm/wall/roomsm_wall_straight_01x01x04_a.cgf
    [0.99999997718085332, 0.00000053999069294, 0.00000000000000000, 31.00000438327185748]
    [-0.00000053999069294, 0.99999997718085332, -0.00000000000000000, 25.99999477379039092]
    [-0.00000000000000000, 0.00000000000000000, 0.99999997718099909, 0.00000000000000000]
  #138 objects/buildingsets/human/lowtech/bravo/int/roomsm_b/ceiling/rooms_b_ceiling_supportbeam_02.cgf
    [0.00000060451835393, -0.99999999999988054, 0.00000000000000000, 30.50000623773325970]
    [0.99999999999988054, 0.00000060451835393, 0.00000000000000000, 36.99999485808393729]
    [0.00000000000000000, 0.00000000000000000, 1.00000000000006328, 4.00000000000000000]
  #139 objects/buildingsets/human/lowtech/bravo/int/roomsm/ceiling/roomsm_ceiling_straight_04x02x005_a.cgf
    [-0.99999997718097922, 0.00000020281590528, 0.00000000640989534, 36.00000657490795675]
    [-0.00000020281590470, -0.99999997718097511, 0.00000009064748889, 38.99999393085316512]
    [0.00000000640991372, 0.00000009064748759, 0.99999997718099631, 4.25000000000000000]
  #140 objects/buildingsets/human/lowtech/bravo/int/roomsm_b/wall/roomsm_wall_cornerout_01x01x04_a.cgf
    [-0.00000070464886015, 0.99999999999975153, 0.00000000000000000, 24.00000792360731339]
    [-0.99999999999975153, -0.00000070464886015, -0.00000000000000000, 46.99999595390181639]
    [-0.00000000000000000, 0.00000000000000000, 1.00000000000000000, 0.00000000000000000]
  #141 objects/buildingsets/human/lowtech/bravo/int/roomsm_b/ceiling/rooms_b_ceiling_supportbeam_02.cgf
    [0.00000060451835393, -0.99999999999988054, 0.00000000000000000, 38.50000623773314601]
    [0.99999999999988054, 0.00000060451835393, 0.00000000000000000, 36.99999350938477960]
    [0.00000000000000000, 0.00000000000000000, 1.00000000000006328, 4.00000000000000000]
  #142 objects/buildingsets/human/lowtech/bravo/int/roomsm/ceiling/roomsm_ceiling_straight_04x02x005_a.cgf
    [0.00000015306626211, 0.99999999999998812, 0.00000000640989598, 27.87500486796068344]
    [-0.99999999999998412, 0.00000015306626155, 0.00000009064748236, 28.87499530062586928]
    [0.00000009064748138, -0.00000000640990986, 0.99999999999999589, 4.25000000000000000]
  #143 objects/buildingsets/human/lowtech/bravo/int/roomsm/ceiling/roomsm_ceiling_center_04x04x0025_a.cgf
    [-0.99999997718097922, 0.00000020281590528, 0.00000000640989534, 36.87500488903413043]
    [-0.00000020281590470, -0.99999997718097511, 0.00000009064748889, 28.99999378333937727]
    [0.00000000640991372, 0.00000009064748759, 0.99999997718099631, 8.00000000000000000]
  #144 objects/buildingsets/human/lowtech/bravo/int/roomsm_b/wall/roomsm_wall_cornerout_01x01x04_a.cgf
    [0.00000069305138184, -0.99999999999985167, 0.00000000000000000, 31.00000438327185748]
    [0.99999999999985167, 0.00000069305138184, 0.00000000000000000, 25.99999477379039092]
    [0.00000000000000000, 0.00000000000000000, 1.00000000000009170, 4.00000000000000000]
  #145 objects/buildingsets/human/lowtech/bravo/ext/roomsm_b/wall/roomsm_b_wall_garage_door_frame_04x01x04_a.cgf
    [0.00000013828825196, 0.99999999999999012, 0.00000000000000000, 23.50000606914602486]
    [-0.99999999999999012, 0.00000013828825196, -0.00000000000000000, 35.99999603819570382]
    [-0.00000000000000000, 0.00000000000000000, 1.00000000000000000, 0.12500000000000000]
  #146 objects/buildingsets/human/lowtech/bravo/int/roomsm/door/roomsm_door_garage_a_ext.cgf
    [0.00000012276713168, 0.99999999999999212, 0.00000000000000000, 23.50000539479640338]
    [-0.99999999999999212, 0.00000012276713168, -0.00000000000000000, 31.99999603819574645]
    [-0.00000000000000000, 0.00000000000000000, 1.00000000000000000, 2.50000000000000000]
  #147 objects/buildingsets/human/lowtech/bravo/int/roomsm/wall/wall_fs/roomsm_wall_straight_04x01x04_f.cgf
    [0.00000074280665374, -0.99999999999983413, 0.00000000000000000, 41.00000150962006273]
    [0.99999999999983413, 0.00000074280665374, 0.00000000000000000, 11.99999298523103164]
    [0.00000000000000000, 0.00000000000000000, 1.00000000000010991, 0.00000000000000000]
  #148 objects/buildingsets/human/lowtech/bravo/int/roomsm/ceiling/roomsm_ceiling_center_04x04x0025_a.cgf
    [0.00000016858738539, 0.99999999999998157, -0.00000009064748951, 36.00000411455408766]
    [-0.99999999999998557, 0.00000016858738594, 0.00000000640990017, 23.99999358856791787]
    [0.00000000640991545, 0.00000009064748843, 0.99999999999999589, 3.75000000000000000]
  #149 objects/buildingsets/human/lowtech/bravo/int/roomsm/wall/wall_fs/roomsm_wall_straight_04x01x04_f.cgf
    [0.00000074280665374, -0.99999999999983413, 0.00000000000000000, 41.00000313214752623]
    [0.99999999999983413, 0.00000074280665374, 0.00000000000000000, 19.99999271140255530]
    [0.00000000000000000, 0.00000000000000000, 1.00000000000010991, 0.00000000000000000]
  #150 objects/buildingsets/human/lowtech/bravo/int/roomsm/floor/roomsm_floor_straight_04x04x0025_d.cgf
    [-0.00000043730524046, -1.00000000000002665, 0.00000000000000000, 36.00000336289531333]
    [1.00000000000002665, -0.00000043730524046, 0.00000000000000000, 19.99999408311018101]
    [0.00000000000000000, 0.00000000000000000, 1.00000000000012235, 0.00000000000000000]
  #151 objects/buildingsets/human/lowtech/bravo/int/roomsm/wall/roomsm_wall_straight_door_04x01x04_b.cgf
    [0.00000033717476278, 0.99999999999994305, 0.00000000640989519, 31.00000283431188564]
    [-0.99999999999993905, 0.00000033717476222, 0.00000009064754690, 19.99999473956202678]
    [0.00000009064754474, -0.00000000640992575, 0.99999999999999589, -0.00000009064754636]
  #152 objects/buildingsets/human/lowtech/bravo/int/roomsm/ceiling/roomsm_ceiling_center_04x04x0025_a.cgf
    [0.00000016858738539, 0.99999999999998157, -0.00000009064748951, 36.00000249202662417]
    [-0.99999999999998557, 0.00000016858738594, 0.00000000640990017, 15.99999386239639421]
    [0.00000000640991545, 0.00000009064748843, 0.99999999999999589, 3.75000000000000000]
  #153 objects/buildingsets/human/lowtech/bravo/int/roomsm/ceiling/roomsm_ceiling_center_04x04x0025_a.cgf
    [0.00000016858738539, 0.99999999999998157, -0.00000009064748951, 32.00000425146828320]
    [-0.99999999999998557, 0.00000016858738594, 0.00000000640990017, 23.99999439983166383]
    [0.00000000640991545, 0.00000009064748843, 0.99999999999999589, 3.75000000000000000]
  #154 objects/buildingsets/human/lowtech/bravo/int/roomsm/ceiling/roomsm_ceiling_center_04x04x0025_a.cgf
    [0.00000016858738539, 0.99999999999998157, -0.00000009064748951, 32.00000344020452303]
    [-0.99999999999998557, 0.00000016858738594, 0.00000000640990017, 19.99999453674593042]
    [0.00000000640991545, 0.00000009064748843, 0.99999999999999589, 3.75000000000000000]
  #155 objects/buildingsets/human/lowtech/bravo/int/roomsm/floor/roomsm_floor_straight_04x04x0025_d.cgf
    [-0.00000043730524046, -1.00000000000002665, 0.00000000000000000, 36.00000174036779299]
    [1.00000000000002665, -0.00000043730524046, 0.00000000000000000, 11.99999435693864314]
    [0.00000000000000000, 0.00000000000000000, 1.00000000000012235, 0.00000000000000000]
  #156 objects/buildingsets/human/lowtech/bravo/int/roomsm_b/wall/roomsm_b_wall_cornerin_01x01x04_a.cgf
    [-0.00000067434966922, 0.99999999999977229, 0.00000000000000000, 41.00000130680405164]
    [-0.99999999999977229, -0.00000067434966922, -0.00000000000000000, 10.99999301945965158]
    [-0.00000000000000000, 0.00000000000000000, 1.00000000000000000, 0.00000000000000000]
  #157 objects/buildingsets/human/lowtech/bravo/int/roomsm_b/wall/roomsm_b_wall_cornerin_01x01x04_a.cgf
    [0.00000074280665374, -0.99999999999983413, 0.00000000000000000, 31.00000448851272949]
    [0.99999999999983413, 0.00000074280665374, 0.00000000000000000, 24.99999456841902656]
    [0.00000000000000000, 0.00000000000000000, 1.00000000000010991, 0.00000000000000000]
  #158 objects/buildingsets/human/lowtech/bravo/int/roomsm_b/wall/roomsm_b_wall_cornerin_01x01x04_a.cgf
    [0.99999997718077560, 0.00000070857805027, 0.00000000000000000, 41.00000414622718381]
    [-0.00000070857805027, 0.99999997718077560, -0.00000000000000000, 24.99999254025976825]
    [-0.00000000000000000, 0.00000000000000000, 0.99999997718102662, 0.00000000000000000]
  #159 objects/buildingsets/human/lowtech/prop/furniture/seat/seat_chair_office_a.cgf
    [0.05852811903927144, -0.94892116736062626, -0.31003715174091867, 34.37093134404636885]
    [0.01186024464163574, -0.30988665811057742, 0.95069950655559343, 12.94368487423444947]
    [-0.99821528335410481, -0.05931977160234685, -0.00688264616844199, 0.58167610069358489]
  #160 objects/buildingsets/human/lowtech/bravo/int/roomsm/floor/roomsm_floor_straight_04x04x0025_d.cgf
    [-0.00000043730524046, -1.00000000000002665, 0.00000000000000000, 36.00000255163149632]
    [1.00000000000002665, -0.00000043730524046, 0.00000000000000000, 15.99999422002444760]
    [0.00000000000000000, 0.00000000000000000, 1.00000000000012235, 0.00000000000000000]
  #161 objects/buildingsets/human/lowtech/prop/interactive/console/crate_pirate_1_closed_a.cgf
    [0.00000006845707490, -1.00000000000000089, 0.00000000000000000, 33.00000539133151278]
    [1.00000000000000089, 0.00000006845707490, 0.00000000000000000, 23.24999425249006890]
    [0.00000000000000000, 0.00000000000000000, 1.00000000000000333, 0.25000000000000000]
  #162 objects/buildingsets/human/lowtech/bravo/int/roomsm/wall/wall_fs/roomsm_wall_straight_04x01x04_f.cgf
    [-1.00000003337660948, -0.00000064012108996, -0.00000000000000000, 36.00000431736998507]
    [0.00000064012108996, -1.00000003337660948, 0.00000000000000000, 24.99999355433938319]
    [0.00000000000000000, -0.00000000000000000, 1.00000003337681465, 0.00000000000000000]
  #163 objects/buildingsets/human/lowtech/bravo/int/roomsm/wall/wall_fs/roomsm_wall_straight_04x01x04_f.cgf
    [0.00000074280665374, -0.99999999999983413, 0.00000000000000000, 41.00000232088370922]
    [0.99999999999983413, 0.00000074280665374, 0.00000000000000000, 15.99999284831676505]
    [0.00000000000000000, 0.00000000000000000, 1.00000000000010991, 0.00000000000000000]
  #164 objects/buildingsets/human/lowtech/bravo/int/roomsm/wall/wall_fs/roomsm_wall_straight_04x01x04_f.cgf
    [1.00000003337655818, 0.00000070857804469, 0.00000000000000000, 32.00000161486116212]
    [-0.00000070857804469, 1.00000003337655818, -0.00000000000000000, 10.99999484480294143]
    [-0.00000000000000000, 0.00000000000000000, 1.00000003337680932, 0.00000000000000000]
  #165 objects/buildingsets/human/lowtech/prop/interactive/console/console_desk_2_corner_a.cgf
    [-0.00000010013034468, -1.00000000000001887, 0.00000000000000000, 39.12500300141033449]
    [1.00000000000001887, -0.00000010013034468, 0.00000000000000000, 12.49999337819943435]
    [0.00000000000000000, 0.00000000000000000, 1.00000000000002398, 0.25000000000000000]
  #166 objects/buildingsets/human/lowtech/bravo/int/roomsm/ceiling/roomsm_ceiling_center_04x04x0025_a.cgf
    [0.00000016858738539, 0.99999999999998157, -0.00000009064748951, 36.00000330329038434]
    [-0.99999999999998557, 0.00000016858738594, 0.00000000640990017, 19.99999372548222709]
    [0.00000000640991545, 0.00000009064748843, 0.99999999999999589, 3.75000000000000000]
  #167 objects/buildingsets/human/lowtech/bravo/int/roomsm_b/wall/roomsm_b_wall_cornerin_01x01x04_a.cgf
    [-1.00000003337652177, -0.00000080870852838, -0.00000000000000000, 31.00000164908971101]
    [0.00000080870852838, -1.00000003337652177, 0.00000000000000000, 10.99999504761892410]
    [0.00000000000000000, -0.00000000000000000, 1.00000003337684862, 0.00000000000000000]
  #168 objects/buildingsets/human/lowtech/bravo/int/roomsm/wall/wall_fs/roomsm_wall_straight_04x01x04_f.cgf
    [-0.00000050576223565, 0.99999999999987177, 0.00000000000000000, 31.00000428569683208]
    [-0.99999999999987177, -0.00000050576223565, -0.00000000000000000, 23.99999460264758966]
    [-0.00000000000000000, 0.00000000000000000, 1.00000000000000000, 0.00000000000000000]
  #169 objects/buildingsets/human/lowtech/prop/interactive/console/console_desk_2_corner_a.cgf
    [0.99999997718097267, 0.00000003422853489, 0.00000000000000000, 32.50000322817453480]
    [-0.00000003422853489, 0.99999997718097267, -0.00000000000000000, 12.49999472185503180]
    [-0.00000000000000000, 0.00000000000000000, 0.99999997718097322, 0.25000000000000000]
  #170 objects/buildingsets/human/lowtech/prop/interactive/console/crate_pirate_1_closed_a.cgf
    [0.00000006845707490, -1.00000000000000089, 0.00000000000000000, 32.75000529848063024]
    [1.00000000000000089, 0.00000006845707490, 0.00000000000000000, 22.74999432030831770]
    [0.00000000000000000, 0.00000000000000000, 1.00000000000000333, 1.25000000000000000]
  #171 objects/buildingsets/human/lowtech/bravo/int/roomsm/wall/wall_fs/roomsm_wall_straight_04x01x04_f.cgf
    [-0.00000050576223565, 0.99999999999987177, 0.00000000000000000, 31.00000266316936859]
    [-0.99999999999987177, -0.00000050576223565, -0.00000000000000000, 15.99999487647622232]
    [-0.00000000000000000, 0.00000000000000000, 1.00000000000000000, 0.00000000000000000]
  #172 objects/buildingsets/human/lowtech/prop/interactive/console/console_desk_2_a.cgf
    [-0.99999997718097822, 0.00000020281590721, 0.00000000000000000, 36.00000526329387185]
    [-0.00000020281590721, -0.99999997718097822, -0.00000000000000000, 23.12499364832081028]
    [-0.00000000000000000, 0.00000000000000000, 0.99999997718099909, 0.25000000000000000]
  #173 objects/buildingsets/human/lowtech/bravo/int/roomsm/wall/wall_fs/roomsm_wall_straight_04x01x04_f.cgf
    [-1.00000003337660948, -0.00000064012108996, -0.00000000000000000, 40.00000418045573269]
    [0.00000064012108996, -1.00000003337660948, 0.00000000000000000, 24.99999274307566566]
    [0.00000000000000000, -0.00000000000000000, 1.00000003337681465, 0.00000000000000000]
  #174 objects/buildingsets/human/lowtech/bravo/int/roomsm/floor/roomsm_floor_straight_04x04x0025_d.cgf
    [-0.00000043730524046, -1.00000000000002665, 0.00000000000000000, 40.00000160345359745]
    [1.00000000000002665, -0.00000043730524046, 0.00000000000000000, 11.99999354567498244]
    [0.00000000000000000, 0.00000000000000000, 1.00000000000012235, 0.00000000000000000]
  #175 objects/buildingsets/human/lowtech/bravo/int/roomsm/wall/wall_fs/roomsm_wall_straight_04x01x04_f.cgf
    [1.00000003337655818, 0.00000070857804469, 0.00000000000000000, 36.00000147794702343]
    [-0.00000070857804469, 1.00000003337655818, -0.00000000000000000, 10.99999403353929495]
    [-0.00000000000000000, 0.00000000000000000, 1.00000003337680932, 0.00000000000000000]
  #176 objects/planet/flora/grass/high_grass_dry_01/high_grass_dry_fs_01.cgf
    [0.32139416951542965, -0.38302193075409569, 0.00000000000000000, 34.65757360858748370]
    [0.38302193075409569, 0.32139416951542965, 0.00000000000000000, 21.88990691875869743]
    [0.00000000000000000, 0.00000000000000000, 0.50000001163710794, 0.25162069678299304]
  #177 objects/buildingsets/human/lowtech/bravo/int/roomsm/floor/roomsm_floor_straight_04x04x0025_d.cgf
    [-0.00000043730524046, -1.00000000000002665, 0.00000000000000000, 40.00000322598094726]
    [1.00000000000002665, -0.00000043730524046, 0.00000000000000000, 19.99999327184643505]
    [0.00000000000000000, 0.00000000000000000, 1.00000000000012235, 0.00000000000000000]
  #178 objects/buildingsets/human/lowtech/prop/interactive/console/crate_pirate_1_closed_a.cgf
    [-0.70710678944378413, -0.70710679121386888, 0.00000000000000000, 32.75000514636889193]
    [0.70710679121386888, -0.70710678944378413, 0.00000000000000000, 21.99999434597971515]
    [0.00000000000000000, 0.00000000000000000, 1.00000001292913576, 0.25000000000000000]
  #179 objects/buildingsets/human/lowtech/bravo/int/roomsm/ceiling/roomsm_ceiling_center_04x04x0025_a.cgf
    [0.00000016858738539, 0.99999999999998157, -0.00000009064748951, 32.00000262894081970]
    [-0.99999999999998557, 0.00000016858738594, 0.00000000640990017, 15.99999467366023964]
    [0.00000000640991545, 0.00000009064748843, 0.99999999999999589, 3.75000000000000000]
  #180 objects/buildingsets/human/lowtech/bravo/int/roomsm/floor/roomsm_floor_straight_04x04x0025_d.cgf
    [-0.00000043730524046, -1.00000000000002665, 0.00000000000000000, 40.00000241471730078]
    [1.00000000000002665, -0.00000043730524046, 0.00000000000000000, 15.99999340876061638]
    [0.00000000000000000, 0.00000000000000000, 1.00000000000012235, 0.00000000000000000]
  #181 objects/buildingsets/human/lowtech/prop/light/light_wall_04_a.cgf
    [-0.00000016858739937, 0.99999999999998568, 0.00000000000000000, 32.00000303457272821]
    [-0.99999999999998568, -0.00000016858739937, -0.00000000000000000, 17.99999460520311345]
    [-0.00000000000000000, 0.00000000000000000, 1.00000000000000000, 3.50000000000000000]
  #182 objects/buildingsets/human/lowtech/bravo/int/roomsm/wall/wall_fs/roomsm_wall_straight_02x01x04_f.cgf
    [-0.00000050576223565, 0.99999999999987177, 0.00000000000000000, 25.50000465965564445]
    [-0.99999999999987177, -0.00000050576223565, -0.00000000000000000, 24.99999573524954144]
    [-0.00000000000000000, 0.00000000000000000, 1.00000000000000000, 0.00000000000000000]
  #183 objects/buildingsets/human/lowtech/bravo/int/roomsm_b/wall/roomsm_b_wall_cornerin_01x01x04_a.cgf
    [-0.99999997718079825, -0.00000064012109407, -0.00000000000000000, 25.00000421468462264]
    [0.00000064012109407, -0.99999997718079825, 0.00000000000000000, 24.99999578531478051]
    [0.00000000000000000, -0.00000000000000000, 0.99999997718100342, 0.00000000000000000]
  #184 objects/buildingsets/human/lowtech/bravo/int/roomsm/ceiling/roomsm_ceiling_straight_04x02x005_a.cgf
    [-0.99999997718097555, 0.00000020281590448, 0.00000009064748600, 29.87500421468450895]
    [-0.00000020281590506, -0.99999997718097966, -0.00000000640988861, 24.99999496345118644]
    [0.00000009064748470, -0.00000000640990699, 0.99999997718099631, 4.00000000000000000]
  #185 objects/buildingsets/human/lowtech/bravo/int/roomsm_b/wall/roomsm_b_wall_cornerin_01x01x04_a.cgf
    [-0.00000067571368412, 0.99999999999977152, 0.00000000000000000, 31.00000421468450895]
    [-0.99999999999977152, -0.00000067571368412, -0.00000000000000000, 24.99999477379039092]
    [-0.00000000000000000, 0.00000000000000000, 1.00000000000000000, 0.00000000000000000]
  #186 objects/buildingsets/human/lowtech/bravo/int/roomsm/floor/fs_roomsm_floor_straight_04x02x0025_d.cgf
    [-0.99999997718095734, 0.00000037140326455, 0.00000000000000000, 30.00000427428943794]
    [-0.00000037140326455, -0.99999997718095734, -0.00000000000000000, 24.99999543691988890]
    [-0.00000000000000000, 0.00000000000000000, 0.99999997718102662, 0.00000000000000000]
  #187 objects/buildingsets/human/lowtech/bravo/int/roomsm/wall/wall_fs/roomsm_wall_straight_02x01x04_f.cgf
    [0.00000045273895066, -0.99999999999992428, 0.00000000000000000, 30.50000432248072002]
    [0.99999999999992428, 0.00000045273895066, 0.00000000000000000, 22.99999489231257144]
    [0.00000000000000000, 0.00000000000000000, 1.00000000000002687, 0.00000000000000000]
  #188 objects/buildingsets/human/lowtech/bravo/int/roomsm/wall/roomsm_wall_straight_door_04x01x04_b.cgf
    [1.00000003337668852, -0.00000064012117807, -0.00000000640988296, 26.00000388262014894]
    [0.00000064012117749, 1.00000003337668453, -0.00000009064756436, 24.99999544558473019]
    [0.00000000640994099, 0.00000009064756026, 1.00000003337688925, -0.00000009064754636]
