# IncludedObjects
# Cgfs: 9, Materials: 0, Palettes: 3, Placements: 13

[CGFs]
      0: objects/buildingsets/human/lowtech/prop/utilitarian/pallet/pallet_metal_1_b.cgf
      1: objects/buildingsets/human/universal/prop/medical/canister/canister_medical_1_oxygen_a.cgf
      2: objects/buildingsets/human/universal/prop/tool/construction/construction_cablespool_2_b.cgf
      3: objects/buildingsets/human/universal/prop/utility/trench/trench_cover_1_a.cgf
      4: objects/buildingsets/human/lowtech/prop/utilitarian/pallet/pallet_metal_1_a.cgf
      5: objects/buildingsets/human/universal/prop/tool/construction/construction_cablespool_1_b.cgf
      6: objects/buildingsets/human/universal/prop/storage/canister/canister_packing_foam_1_a.cgf
      7: objects/buildingsets/human/universal/prop/tool/construction/construction_cablespool_1_a.cgf
      8: objects/buildingsets/human/universal/prop/salvage/medical/medical_canister_1_a.cgf

[Palettes]
      0: Libs/Foundry/Records/TintPalettes/Brand/AEGS/Eclipse/aegs_eclipse_default
      1: Libs/Foundry/Records/TintPalettes/default
      2: Libs/Foundry/Records/TintPalettes/Generic/gen_darkgrey_yellow_orange_a

[Placements]
  #0 objects/buildingsets/human/lowtech/prop/utilitarian/pallet/pallet_metal_1_b.cgf
    [1.00000000000000000, 0.00000000000000000, 0.00000000000000000, 0.00000000000000000]
    [0.00000000000000000, 1.00000000000000000, 0.00000000000000000, 0.00000000000000000]
    [0.00000000000000000, 0.00000000000000000, 1.00000000000000000, 0.00000000000000000]
  #1 objects/buildingsets/human/universal/prop/medical/canister/canister_medical_1_oxygen_a.cgf
    [0.76604459836237759, -0.64278756282961280, 0.00000000000000000, -0.39251700000000006]
    [0.64278756282961280, 0.76604459836237759, 0.00000000000000000, 0.75151300000000010]
    [0.00000000000000000, 0.00000000000000000, 1.00000008880430102, 0.30142699999999989]
  #2 objects/buildingsets/human/universal/prop/tool/construction/construction_cablespool_2_b.cgf
    [1.00000000000000000, 0.00000000000000000, 0.00000000000000000, -0.39837300000000003]
    [0.00000000000000000, 1.00000000000000000, 0.00000000000000000, -0.42973799999999951]
    [0.00000000000000000, 0.00000000000000000, 1.00000000000000000, 0.30142699999999989]
  #3 objects/buildingsets/human/universal/prop/utility/trench/trench_cover_1_a.cgf
    [-0.08715464848509222, 0.99619517280470760, 0.00000000000000000, -0.47517900000000007]
    [-0.99619517280470760, -0.08715464848509222, -0.00000000000000000, -0.38018199999999958]
    [-0.00000000000000000, 0.00000000000000000, 1.00000037753590942, 1.16681100000000004]
  #4 objects/buildingsets/human/universal/prop/medical/canister/canister_medical_1_oxygen_a.cgf
    [1.00000000000000000, 0.00000000000000000, 0.00000000000000000, -0.29943700000000006]
    [0.00000000000000000, 1.00000000000000000, 0.00000000000000000, 0.52138500000000043]
    [0.00000000000000000, 0.00000000000000000, 1.00000000000000000, 0.30142699999999989]
  #5 objects/buildingsets/human/lowtech/prop/utilitarian/pallet/pallet_metal_1_a.cgf
    [-0.00000038703175874, 0.17364761143066845, 0.98480736784520573, 0.39412599999999998]
    [-0.99999952235820766, 0.00000098205545684, -0.00000056616468988, -0.55282499999999946]
    [-0.00000106544910474, -0.98480736784479206, 0.17364761143017651, 0.79619499999999999]
  #6 objects/buildingsets/human/universal/prop/tool/construction/construction_cablespool_1_b.cgf
    [1.00000000000000000, 0.00000000000000000, 0.00000000000000000, 0.33721999999999985]
    [0.00000000000000000, 1.00000000000000000, 0.00000000000000000, 0.49967700000000015]
    [0.00000000000000000, 0.00000000000000000, 1.00000000000000000, 0.87834999999999996]
  #7 objects/buildingsets/human/universal/prop/utility/trench/trench_cover_1_a.cgf
    [-0.17364689365387911, 0.98480785663843307, 0.00000000000000000, -0.54442300000000010]
    [-0.98480785663843307, -0.17364689365387911, -0.00000000000000000, -0.41905599999999943]
    [-0.00000000000000000, 0.00000000000000000, 0.99999987908620569, 1.22528799999999993]
  #8 objects/buildingsets/human/universal/prop/storage/canister/canister_packing_foam_1_a.cgf
    [1.00000000000000000, 0.00000000000000000, 0.00000000000000000, -0.74674600000000002]
    [0.00000000000000000, 1.00000000000000000, 0.00000000000000000, 0.80582200000000004]
    [0.00000000000000000, 0.00000000000000000, 1.00000000000000000, 0.30142699999999989]
  #9 objects/buildingsets/human/lowtech/prop/utilitarian/pallet/pallet_metal_1_a.cgf
    [-0.00000043376556843, 0.25881960032335538, 0.96592507567002051, 0.57148699999999986]
    [-0.99999941865933206, -0.00000090532638092, -0.00000020648506708, -0.55282499999999946]
    [0.00000082103554770, -0.96592507566969366, 0.25881960032363632, 0.79619499999999999]
  #10 objects/buildingsets/human/universal/prop/tool/construction/construction_cablespool_1_a.cgf
    [1.00000000000000000, 0.00000000000000000, 0.00000000000000000, 0.42110599999999998]
    [0.00000000000000000, 1.00000000000000000, 0.00000000000000000, 0.54257899999999992]
    [0.00000000000000000, 0.00000000000000000, 1.00000000000000000, 0.30142699999999989]
  #11 objects/buildingsets/human/universal/prop/utility/trench/trench_cover_1_a.cgf
    [0.25882002723089614, 0.96592581878434502, 0.00000000000000000, -0.54442300000000010]
    [-0.96592581878434502, 0.25882002723089614, -0.00000000000000000, -0.41905599999999943]
    [-0.00000000000000000, 0.00000000000000000, 1.00000024694497425, 1.19926099999999991]
  #12 objects/buildingsets/human/universal/prop/salvage/medical/medical_canister_1_a.cgf
    [0.90630744181578127, -0.42261902736975804, 0.00000000000000000, -0.66798500000000005]
    [0.42261902736975804, 0.90630744181578127, 0.00000000000000000, 0.44959000000000060]
    [0.00000000000000000, 0.00000000000000000, 1.00000001069281286, 0.30142699999999989]
