# IncludedObjects
# Cgfs: 4, Materials: 1, Palettes: 1, Placements: 101

[CGFs]
      0: objects/buildingsets/human/universal/prop/racing/racing_lights/racing_light_line.cgf
      1: objects/default/primitive_box.cgf
      2: objects/buildingsets/human/universal/prop/racing/checkpoint/checkpoint_marker_1_03x053x12_a.cgf
      3: objects/buildingsets/human/universal/prop/racing/racing_lights/racing_light_single.cgf

[Materials]
      0: materials/bhvr/special/proxy_nodraw

[Palettes]
      0: Libs/Foundry/Records/TintPalettes/default

[Placements]
  #0 objects/buildingsets/human/universal/prop/racing/racing_lights/racing_light_line.cgf
    [-0.85470454804344886, 0.5191073917948219, 0.0029084796577616653, -502.46308898925781]
    [-0.51911524195708991, -0.85469664278197421, -0.0037178355468060983, -867.79193878173828]
    [0.00055591166069902649, -0.0046874851784520092, 0.99998926312287273, -264.70672035217285]
  #1 objects/buildingsets/human/universal/prop/racing/racing_lights/racing_light_line.cgf
    [-0.91546695232643949, -0.40238545584244045, 0.0029048264965631132, -115.62969207763672]
    [0.40237447935849074, -0.91546882991466727, -0.003719369303609815, -701.22734832763672]
    [0.0041558935846862941, -0.0022361291341363543, 0.99998998103349546, -264.21204376220703]
  #2 objects/default/primitive_box.cgf
    [-5.8646305200415245, 38.203013429781436, 0.1117629850150606, -49.005413055419922]
    [-38.202973217622677, -5.8642049145847093, -0.14337109488209052, -617.01985931396484]
    [-0.12475341472138408, -0.13222261978390989, 38.650272586125645, -275.34398651123047]
  #3 objects/default/primitive_box.cgf
    [-14.648865825574363, -35.766488979393287, 0.11176954226202533, -455.91083526611328]
    [35.766235472242371, -14.649209918884731, -0.14333602436289333, -877.05362701416016]
    [0.1750042506639258, 0.049103550861220223, 38.649844225725687, -276.13253593444824]
  #4 objects/buildingsets/human/universal/prop/racing/racing_lights/racing_light_line.cgf
    [-0.69122555574317412, 0.72263344706826504, 0.0029091262478680375, -380.03129196166992]
    [-0.72263898582037156, -0.69121588138347079, -0.00371917269367365, -834.36521911621094]
    [-0.00067676420847587106, -0.0046730344806697613, 0.99998901768404358, -262.93848609924316]
  #5 objects/buildingsets/human/universal/prop/racing/racing_lights/racing_light_line.cgf
    [-0.97912115088156138, -0.20325740850215829, 0.002906255435384331, 24.125965118408203]
    [0.20324628421509572, -0.97912071645798393, -0.0037174037799158808, -672.99269104003906]
    [0.0036011643152570431, -0.0030491026701561096, 0.99998899150129772, -264.51308822631836]
  #6 objects/buildingsets/human/universal/prop/racing/checkpoint/checkpoint_marker_1_03x053x12_a.cgf
    [0.83073533001409883, -2.8566215509511079, 0.0043869547856752369, 38.71636962890625]
    [2.8566174804264595, 0.83072176052120339, -0.0080651337731101995, -601.07954406738281]
    [0.006519298473931393, 0.0064645574077052967, 2.9749525756739676, -264.7808780670166]
  #7 objects/buildingsets/human/universal/prop/racing/racing_lights/racing_light_single.cgf
    [0.97143176657175867, 0.23730097539963571, 0.0029069528079685904, -57.17828369140625]
    [-0.23728983708206819, 0.97143172034661829, -0.0037183769240300949, -451.7735595703125]
    [-0.0037062808598135838, 0.002922359280631912, 0.99998880178899863, -263.26240539550781]
  #8 objects/buildingsets/human/universal/prop/racing/racing_lights/racing_light_line.cgf
    [-0.83606810799797981, 0.54861896221560447, 0.0029054689761592372, 126.33057403564453]
    [-0.54862651625902825, -0.83605994803014494, -0.0037145149257562945, -57.477455139160156]
    [0.00039129270451505161, -0.0046996022304534868, 0.99998942459043805, -264.27959251403809]
  #9 objects/buildingsets/human/universal/prop/racing/racing_lights/racing_light_line.cgf
    [-0.97542546237006178, -0.22031190760636737, 0.0029046467906612668, -20.348838806152344]
    [0.22030078208309134, -0.97542521612553346, -0.0037174461688701962, -419.04293060302734]
    [0.0036522622733523784, -0.0029861947832640475, 0.99998917487490124, -263.43974494934082]
  #10 objects/buildingsets/human/universal/prop/racing/racing_lights/racing_light_single.cgf
    [-0.44974343785991205, 0.89315267317195146, 0.0029065758373979498, -188.11884689331055]
    [-0.89315513357714682, -0.44973257850665588, -0.003717643056738123, -476.33607482910156]
    [-0.0020132416869684589, -0.0042680101810692959, 0.99998851824526347, -260.97298240661621]
  #11 objects/buildingsets/human/universal/prop/racing/racing_lights/racing_light_single.cgf
    [-0.85470476577949228, 0.51910570907249332, 0.0029055610689025565, 48.696025848388672]
    [-0.51911354377137264, -0.85469687413960116, -0.0037145837020917576, -21.094841003417969]
    [0.00055511251868801503, -0.0046831898633905196, 0.99998858778775712, -263.91887855529785]
  #12 objects/buildingsets/human/universal/prop/racing/racing_lights/racing_light_line.cgf
    [-0.83606810799797981, 0.54861896221560447, 0.0029054689761592372, 199.06845092773438]
    [-0.54862651625902825, -0.83605994803014494, -0.0037145149257562945, -9.7469558715820312]
    [0.00039129270451505161, -0.0046996022304534868, 0.99998942459043805, -264.31363296508789]
  #13 objects/buildingsets/human/universal/prop/racing/racing_lights/racing_light_line.cgf
    [0.99400918889293566, -0.10925837242881833, 0.0029062378026800556, -3.089324951171875]
    [0.10926882119377097, 0.99400533279070069, -0.0037187183442618419, -145.82591247558594]
    [-0.0024825146291219203, 0.0040140011716330859, 0.99998891528019562, -261.28196144104004]
  #14 objects/buildingsets/human/universal/prop/racing/racing_lights/racing_light_line.cgf
    [0.99091541716168019, 0.13446050977845789, 0.00290511884564247, -413.3895149230957]
    [-0.13444945246036633, 0.99091420961194376, -0.0037156824866035154, -440.78287506103516]
    [-0.0033783336865642025, 0.0032913330659148812, 0.99998959312697255, -260.18616676330566]
  #15 objects/default/primitive_box.cgf
    [-1.5325646735357079, -38.61973855423583, 0.11176305677718366, -551.79558563232422]
    [38.619617951615481, -1.5329747330833661, -0.14334990738299316, -743.17815399169922]
    [0.14766939306819782, 0.10599022199128934, 38.649869485939426, -276.3587532043457]
  #16 objects/buildingsets/human/universal/prop/racing/racing_lights/racing_light_single.cgf
    [0.97143176657175867, 0.23730097539963571, 0.0029069528079685904, -164.19919967651367]
    [-0.23728983708206819, 0.97143172034661829, -0.0037183769240300949, -485.33677673339844]
    [-0.0037062808598135838, 0.002922359280631912, 0.99998880178899863, -263.07609558105469]
  #17 objects/default/primitive_box.cgf
    [-33.715125295559844, 18.898764451841373, 0.11174634640069829, 131.33368682861328]
    [-18.899075020392313, -33.714831423678881, -0.14340221028579334, 27.000442504882812]
    [0.027357370128017172, -0.17973039294575197, 38.650386897255864, -274.47643280029297]
  #18 objects/buildingsets/human/universal/prop/racing/racing_lights/racing_light_line.cgf
    [-0.99998376143917622, 0.0047564138857620272, 0.0029045250048261939, 168.07641220092773]
    [-0.0047671941014726981, -0.99998102405967493, -0.0037159469267499614, -178.79051971435547]
    [0.0028867973526408726, -0.0037297356623316796, 0.99998816910678168, -266.48329925537109]
  #19 objects/buildingsets/human/universal/prop/racing/racing_lights/racing_light_single.cgf
    [-0.85470476577949228, 0.51910570907249332, 0.0029055610689025565, 9.3796157836914062]
    [-0.51911354377137264, -0.85469687413960116, -0.0037145837020917576, -44.974075317382812]
    [0.00055511251868801503, -0.0046831898633905196, 0.99998858778775712, -263.89334678649902]
  #20 objects/buildingsets/human/universal/prop/racing/racing_lights/racing_light_line.cgf
    [-0.61190341889795608, 0.79092836138351408, 0.0029060074912251243, -247.45240020751953]
    [-0.79093284635919814, -0.61189323042381039, -0.0037173768988543994, -343.33733367919922]
    [-0.001162011397060136, -0.0045731280389133258, 0.99998982395262859, -263.30610847473145]
  #21 objects/buildingsets/human/universal/prop/racing/racing_lights/racing_light_line.cgf
    [0.97143176657175867, 0.23730097539963571, 0.0029069528079685904, -16.985488891601562]
    [-0.23728983708206819, 0.97143172034661829, -0.0037183769240300949, -304.09358978271484]
    [-0.0037062808598135838, 0.002922359280631912, 0.99998880178899863, -262.83012580871582]
  #22 objects/buildingsets/human/universal/prop/racing/racing_lights/racing_light_line.cgf
    [0.96255848694181323, 0.27106005031820102, 0.0029054444367369128, -514.78058242797852]
    [-0.27104892800023406, 0.96255882858844033, -0.003716639068699215, -406.20631408691406]
    [-0.0038040919816137251, 0.002789963716138438, 0.99998928907076379, -262.7630615234375]
  #23 objects/buildingsets/human/universal/prop/racing/racing_lights/racing_light_line.cgf
    [-0.70373303121496344, 0.71045804516880351, 0.0029062489179552294, 92.876640319824219]
    [-0.71046374128206458, -0.7037234788534189, -0.0037144427286703099, 117.6851806640625]
    [-0.00059376034079954411, -0.0046787622524959837, 0.99998850797561345, -263.53177261352539]
  #24 objects/buildingsets/human/universal/prop/racing/racing_lights/racing_light_line.cgf
    [-0.94705262514411626, -0.32106410532868951, 0.0029040564563143642, 64.003032684326172]
    [0.32105301428886224, -0.94705353937701731, -0.0037180150988303132, -530.495849609375]
    [0.0039440195801874597, -0.002588800828122793, 0.99998850537723627, -264.0991325378418]
  #25 objects/default/primitive_box.cgf
    [-36.81484708469516, -11.768531841720975, 0.11179566815750373, 20.685775756835938]
    [11.768105064574439, -36.814874053598643, -0.14337871987856973, -40.000869750976562]
    [0.15014383156410632, -0.10253076892352528, 38.649847996101784, -273.90594291687012]
  #26 objects/default/primitive_box.cgf
    [-4.2042136337702312, 22.191566728451296, 0.065300618003918398, -60.455032348632812]
    [-22.191551903556078, -4.2039643047063127, -0.083776780372114917, 183.00943756103516]
    [-0.070158005921373778, -0.079753205868778293, 22.586146807119547, -278.32361221313477]
  #27 objects/default/primitive_box.cgf
    [-14.648888958529577, -35.766545460529649, 0.11176971876441567, -30.57440185546875]
    [35.766291952978399, -14.649233052383325, -0.143336250713927, -217.41103363037109]
    [0.17500452702426872, 0.049103628403757635, 38.64990526015162, -273.91574478149414]
  #28 objects/buildingsets/human/universal/prop/racing/racing_lights/racing_light_single.cgf
    [0.97143176657175867, 0.23730097539963571, 0.0029069528079685904, -102.35377883911133]
    [-0.23728983708206819, 0.97143172034661829, -0.0037183769240300949, -485.00270080566406]
    [-0.0037062808598135838, 0.002922359280631912, 0.99998880178899863, -263.254638671875]
  #29 objects/default/primitive_box.cgf
    [14.307941740761617, -35.904147251972638, 0.11177968740948264, -316.39907836914062]
    [35.904203894308658, 14.307517978037245, -0.14336481762441061, -389.66929626464844]
    [0.091800358184843292, 0.15691036832209856, 38.649766277138468, -274.72821998596191]
  #30 objects/default/primitive_box.cgf
    [-34.211978814475849, -17.982618917946208, 0.11174887727887164, -146.74890899658203]
    [17.982203474862587, -34.212079316887667, -0.14336096198521467, -488.40283966064453]
    [0.16561747579832498, -0.074906800122590517, 38.649883896136089, -274.58492088317871]
  #31 objects/default/primitive_box.cgf
    [28.141122220234777, -26.493446302466921, 0.11173315158167155, -471.43270111083984]
    [26.493676517530197, 28.140762206330358, -0.14334616942935866, -303.32479858398438]
    [0.016907493295287401, 0.18096010091429823, 38.649772427164429, -273.95965957641602]
  #32 objects/buildingsets/human/universal/prop/racing/racing_lights/racing_light_single.cgf
    [-0.85470476577949228, 0.51910570907249332, 0.0029055610689025565, 29.037822723388672]
    [-0.51911354377137264, -0.85469687413960116, -0.0037145837020917576, -33.034454345703125]
    [0.00055511251868801503, -0.0046831898633905196, 0.99998858778775712, -263.9061164855957]
  #33 objects/buildingsets/human/universal/prop/racing/racing_lights/racing_light_line.cgf
    [-0.91546695232643949, -0.40238545584244045, 0.0029048264965631132, -78.610275268554688]
    [0.40237447935849074, -0.91546882991466727, -0.003719369303609815, -617.00428009033203]
    [0.0041558935846862941, -0.0022361291341363543, 0.99998998103349546, -264.0064640045166]
  #34 objects/buildingsets/human/universal/prop/racing/racing_lights/racing_light_line.cgf
    [0.99091541716168019, 0.13446050977845789, 0.00290511884564247, -444.31543731689453]
    [-0.13444945246036633, 0.99091420961194376, -0.0037156824866035154, -668.69271850585938]
    [-0.0033783336865642025, 0.0032913330659148812, 0.99998959312697255, -260.94314765930176]
  #35 objects/buildingsets/human/universal/prop/racing/racing_lights/racing_light_single.cgf
    [-0.85470476577949228, 0.51910570907249332, 0.0029055610689025565, 68.354240417480469]
    [-0.51911354377137264, -0.85469687413960116, -0.0037145837020917576, -9.15521240234375]
    [0.00055511251868801503, -0.0046831898633905196, 0.99998858778775712, -263.93164825439453]
  #36 objects/buildingsets/human/universal/prop/racing/racing_lights/racing_light_single.cgf
    [0.97143176657175867, 0.23730097539963571, 0.0029069528079685904, -38.342575073242188]
    [-0.23728983708206819, 0.97143172034661829, -0.0037183769240300949, -391.52243804931641]
    [-0.0037062808598135838, 0.002922359280631912, 0.99998880178899863, -263.09313201904297]
  #37 objects/buildingsets/human/universal/prop/racing/racing_lights/racing_light_line.cgf
    [-0.94705262514411626, -0.32106410532868951, 0.0029040564563143642, 93.541091918945312]
    [0.32105301428886224, -0.94705353937701731, -0.0037180150988303132, -443.36701202392578]
    [0.0039440195801874597, -0.002588800828122793, 0.99998850537723627, -263.86099433898926]
  #38 objects/buildingsets/human/universal/prop/racing/racing_lights/racing_light_line.cgf
    [0.96255848694181323, 0.27106005031820102, 0.0029054444367369128, -552.18691253662109]
    [-0.27104892800023406, 0.96255882858844033, -0.003716639068699215, -539.03954315185547]
    [-0.0038040919816137251, 0.002789963716138438, 0.99998928907076379, -263.14808464050293]
  #39 objects/buildingsets/human/universal/prop/racing/racing_lights/racing_light_line.cgf
    [-0.44974343785991205, 0.89315267317195146, 0.0029065758373979498, -268.50258636474609]
    [-0.89315513357714682, -0.44973257850665588, -0.003717643056738123, -435.86009216308594]
    [-0.0020132416869684589, -0.0042680101810692959, 0.99998851824526347, -260.58885765075684]
  #40 objects/buildingsets/human/universal/prop/racing/racing_lights/racing_light_line.cgf
    [0.99091541716168019, 0.13446050977845789, 0.00290511884564247, -425.75985717773438]
    [-0.13444945246036633, 0.99091420961194376, -0.0037156824866035154, -531.94678497314453]
    [-0.0033783336865642025, 0.0032913330659148812, 0.99998959312697255, -260.48896598815918]
  #41 objects/buildingsets/human/universal/prop/racing/racing_lights/racing_light_single.cgf
    [0.97143176657175867, 0.23730097539963571, 0.0029069528079685904, -44.275123596191406]
    [-0.23728983708206819, 0.97143172034661829, -0.0037183769240300949, -415.80831909179688]
    [-0.0037062808598135838, 0.002922359280631912, 0.99998880178899863, -263.16618537902832]
  #42 objects/buildingsets/human/universal/prop/racing/racing_lights/racing_light_line.cgf
    [-0.97542546237006178, -0.22031190760636737, 0.0029046467906612668, -35.579475402832031]
    [0.22030078208309134, -0.97542521612553346, -0.0037174461688701962, -486.47615051269531]
    [0.0036522622733523784, -0.0029861947832640475, 0.99998917487490124, -263.64620399475098]
  #43 objects/buildingsets/human/universal/prop/racing/racing_lights/racing_light_line.cgf
    [0.72263240320912259, 0.69122537220518854, 0.0029074692010025928, -54.577957153320312]
    [-0.69121570168848612, 0.72263793462479009, -0.003718589202880632, 58.700141906738281]
    [-0.004671434110648528, 0.00067748517653780794, 0.99998813865082103, -265.37175750732422]
  #44 objects/default/primitive_box.cgf
    [-27.674948380473747, 26.980912809790407, 0.11177342434396471, 93.793445587158203]
    [-26.981136876816201, -27.674584251179176, -0.14337562094904605, -261.88027954101562]
    [-0.020054486045449165, -0.18068670305684761, 38.650379912010131, -274.43950653076172]
  #45 objects/buildingsets/human/universal/prop/racing/checkpoint/checkpoint_marker_1_03x053x12_a.cgf
    [-0.79539052000531207, 1.3125731529473659, 0.0022643667165780437, -62.647544860839844]
    [-1.3125729428879693, -0.7953832186333134, -0.0041585603354466023, -22.194816589355469]
    [-0.002383021869813541, -0.0040917218207848112, 1.5347563544512355, -262.9050178527832]
  #46 objects/buildingsets/human/universal/prop/racing/checkpoint/checkpoint_marker_1_03x053x12_a.cgf
    [0.7953907536153576, -1.3125735384564547, 0.0022643673816334121, -22.006553649902344]
    [1.3125733283969965, 0.79538345224121454, -0.0041585615568357735, -46.670425415039062]
    [0.0023830225697185395, 0.0040917230225431655, 1.5347568052166058, -263.03170204162598]
  #47 objects/buildingsets/human/universal/prop/racing/checkpoint/checkpoint_marker_1_03x053x12_a.cgf
    [-0.20800837601713265, 2.2790260149667461, 0.0033764582564204527, -68.713851928710938]
    [-2.2790209589256327, -0.20799872659393062, -0.0062016426727152804, -210.06862640380859]
    [-0.0058690836807749214, -0.0039261557464591824, 2.2884904633877436, -263.4794750213623]
  #48 objects/buildingsets/human/universal/prop/racing/checkpoint/checkpoint_marker_1_03x053x12_a.cgf
    [0.20800843711019931, -2.2790266843277185, 0.0033764592481023785, 1.7520980834960938]
    [2.2790216282851201, 0.20799878768416322, -0.0062016444941673833, -216.30551910400391]
    [0.0058690854045528613, 0.0039261568995898896, 2.2884911355284703, -263.60094451904297]
  #49 objects/buildingsets/human/universal/prop/racing/checkpoint/checkpoint_marker_1_03x053x12_a.cgf
    [-1.9483402967994961, -0.14359149601359419, 0.0028826253685107811, -166.58465194702148]
    [0.14358333645240839, -1.9483358408918139, -0.0052930122585182629, -417.36452484130859]
    [0.0032638550261463984, -0.005066829201019649, 1.9536172639187541, -264.97819137573242]
  #50 objects/buildingsets/human/universal/prop/racing/checkpoint/checkpoint_marker_1_03x053x12_a.cgf
    [1.9483408690364719, 0.14359153818711154, 0.0028826262151517537, -170.85856628417969]
    [-0.14358337862352924, 1.948336413127481, -0.005293013813101528, -477.60286712646484]
    [-0.0032638559847563624, 0.0050668306891718598, 1.9536178377056015, -265.13561630249023]
  #51 objects/buildingsets/human/universal/prop/racing/checkpoint/checkpoint_marker_1_03x053x12_a.cgf
    [-1.08057372612095, -0.79129299432451894, 0.0019761370259201317, -325.31875228881836]
    [0.79128662758203339, -1.0805740976294065, -0.0036301666310251529, -293.50773620605469]
    [0.003739116802261206, -0.0017613156597466879, 1.3393173643092247, -263.5109691619873]
  #52 objects/buildingsets/human/universal/prop/racing/checkpoint/checkpoint_marker_1_03x053x12_a.cgf
    [1.0805740434906841, 0.79129322673110136, 0.0019761376063209884, -349.68753433227539]
    [-0.79128685998674586, 1.0805744149992496, -0.0036301676972225359, -326.97692108154297]
    [-0.0037391179004577094, 0.0017613161770536105, 1.3393177576732174, -263.56608963012695]
  #53 objects/buildingsets/human/universal/prop/racing/checkpoint/checkpoint_marker_1_03x053x12_a.cgf
    [-0.75057270871417203, 1.7499608989247546, 0.0028091867262371932, -471.4797248840332]
    [-1.749959375330939, -0.75056376918470669, -0.0051617284628111149, -344.95462036132812]
    [-0.0036364800216600649, -0.0046163821157621746, 1.9041260187790461, -265.25400733947754]
  #54 objects/buildingsets/human/universal/prop/racing/checkpoint/checkpoint_marker_1_03x053x12_a.cgf
    [0.75057292916101059, -1.7499614128967413, 0.0028091875513088639, -417.32214736938477]
    [1.7499598893024781, 0.75056398962891957, -0.005161729978835192, -368.00778198242188]
    [0.0036364810897113616, 0.0046163834716156649, 1.9041265780300751, -265.39689636230469]
  #55 objects/buildingsets/human/universal/prop/racing/checkpoint/checkpoint_marker_1_03x053x12_a.cgf
    [0.60577218333309513, 1.5959583710543579, 0.0025182519443272054, -524.33173370361328]
    [-1.5959518175296457, 0.60577699943732322, -0.0046287047879548689, -769.97098541259766]
    [-0.0052210971218265307, -0.00071179049839036252, 1.7070505661317157, -266.39851760864258]
  #56 objects/buildingsets/human/universal/prop/racing/checkpoint/checkpoint_marker_1_03x053x12_a.cgf
    [-0.60577236125131828, -1.5959588397950573, 0.0025182526839499222, -475.0493049621582]
    [1.5959522862684203, -0.60577717735696091, -0.0046287061474280539, -751.11050415039062]
    [0.005221098655288174, 0.00071179070744654851, 1.70705106750073, -266.42052841186523]
  #57 objects/buildingsets/human/universal/prop/racing/checkpoint/checkpoint_marker_1_03x053x12_a.cgf
    [-0.83073557400508757, 2.8566223899546861, 0.004386956074145445, -33.728549957275391]
    [-2.8566183194288421, -0.83072200450820677, -0.0080651361418787801, -580.27392578125]
    [-0.0065193003886805717, -0.0064645593063773722, 2.9749534494319398, -264.61803436279297]
  #58 objects/buildingsets/human/universal/prop/racing/checkpoint/checkpoint_marker_1_03x053x12_a.cgf
    [-1.2657981738284656, 0.31055968767792669, 0.0019228432944658285, 169.81644821166992]
    [-0.3105639465147273, -1.2657936599662696, -0.0035326079344349171, -246.06101989746094]
    [0.0010257008062921321, -0.0038890336858243345, 1.3033341310497748, -264.62970924377441]
  #59 objects/buildingsets/human/universal/prop/racing/checkpoint/checkpoint_marker_1_03x053x12_a.cgf
    [1.2657978020575238, -0.31055959646507003, 0.0019228427297174502, 177.79167938232422]
    [0.31056385530061981, 1.2657932881966536, -0.0035326068968910456, -278.10463714599609]
    [-0.0010257005050388025, 0.0038890325435964896, 1.3033337482543439, -264.7281608581543]
  #60 objects/buildingsets/human/universal/prop/racing/checkpoint/checkpoint_marker_1_03x053x12_a.cgf
    [-1.2271616645869994, -1.258728066538106, 0.0050835145593359299, 142.67050170898438]
    [1.2587115013457515, -1.2271718542418473, -0.0065218999930368188, 60.140228271484375]
    [0.008218515130942617, -0.00091285751167490979, 1.7579190997719933, -263.33969116210938]
  #61 objects/buildingsets/human/universal/prop/racing/checkpoint/checkpoint_marker_1_03x053x12_a.cgf
    [1.2271632439490292, 1.2587296865262227, 0.005083521101839906, 87.791015625]
    [-1.2587131213125489, 1.2271734336169913, -0.0065219083867486304, 6.3047637939453125]
    [-0.0082185257082050562, 0.00091285868652619148, 1.7579213622209904, -263.38074684143066]
  #62 objects/buildingsets/human/universal/prop/racing/racing_lights/racing_light_line.cgf
    [0.95489900292951013, -0.29691458818685029, 0.002905086158068461, -254.01202774047852]
    [0.29692409632483557, 0.95489324267412545, -0.0037140431471266097, -1097.4976348876953]
    [-0.0016712945379241796, 0.0044091287860555748, 0.99998829211018303, -265.08851051330566]
  #63 objects/buildingsets/human/universal/prop/racing/racing_lights/racing_light_line.cgf
    [-0.97714392094237568, 0.21256023060402127, 0.0029089326150141741, 61.535305023193359]
    [-0.21257023370337363, -0.97713899272432259, -0.0037202686761149948, -1023.6443862915039]
    [0.0020516497475236246, -0.004253589224956009, 0.99998912667591133, -266.92550849914551]
  #64 objects/buildingsets/human/universal/prop/racing/racing_lights/racing_light_line.cgf
    [0.95489900292951013, -0.29691458818685029, 0.002905086158068461, -96.943866729736328]
    [0.29692409632483557, 0.95489324267412545, -0.0037140431471266097, -1602.636833190918]
    [-0.0016712945379241796, 0.0044091287860555748, 0.99998829211018303, -267.42088508605957]
  #65 objects/buildingsets/human/universal/prop/racing/racing_lights/racing_light_line.cgf
    [-0.82636405784941258, 0.56312726901573285, 0.0029080726217781752, 173.64868927001953]
    [-0.56313469336246436, -0.82635574355844088, -0.0037197204703774849, -1417.8952026367188]
    [0.00030842674060988965, -0.0047114838105375935, 0.99998802037528767, -268.71784019470215]
  #66 objects/buildingsets/human/universal/prop/racing/racing_lights/racing_light_line.cgf
    [0.95489900292951013, -0.29691458818685029, 0.002905086158068461, -320.52009201049805]
    [0.29692409632483557, 0.95489324267412545, -0.0037140431471266097, -1383.1249847412109]
    [-0.0016712945379241796, 0.0044091287860555748, 0.99998829211018303, -265.95613288879395]
  #67 objects/buildingsets/human/universal/prop/racing/racing_lights/racing_light_line.cgf
    [-0.86363373386342512, 0.504112710991096, 0.0029055529908352481, -76.470966339111328]
    [-0.50412068409254474, -0.86362596593377372, -0.0037176232834078365, -976.15282440185547]
    [0.00063520944549475076, -0.0046754112140262021, 0.99998951540843473, -265.34793472290039]
  #68 objects/buildingsets/human/universal/prop/racing/racing_lights/racing_light_line.cgf
    [-0.97912115088156138, -0.20325740850215829, 0.002906255435384331, 10.101318359375]
    [0.20324628421509572, -0.97912071645798393, -0.0037174037799158808, -740.55202484130859]
    [0.0036011643152570431, -0.0030491026701561096, 0.99998899150129772, -264.7235279083252]
  #69 objects/default/primitive_box.cgf
    [10.180975290879326, 37.285493551226132, 0.11175255700731801, 142.68908309936523]
    [-37.285283816528761, 10.181347645930407, -0.1433412000257781, -1448.1938934326172]
    [-0.16771616923254279, -0.070047271185000884, 38.650223033410768, -279.98174858093262]
  #70 objects/buildingsets/human/universal/prop/racing/racing_lights/racing_light_line.cgf
    [0.95489900292951013, -0.29691458818685029, 0.002905086158068461, -238.5715217590332]
    [0.29692409632483557, 0.95489324267412545, -0.0037140431471266097, -1646.6757354736328]
    [-0.0016712945379241796, 0.0044091287860555748, 0.99998829211018303, -267.17304229736328]
  #71 objects/buildingsets/human/universal/prop/racing/racing_lights/racing_light_line.cgf
    [0.95489900292951013, -0.29691458818685029, 0.002905086158068461, -178.89243698120117]
    [0.29692409632483557, 0.95489324267412545, -0.0037140431471266097, -1339.0860900878906]
    [-0.0016712945379241796, 0.0044091287860555748, 0.99998829211018303, -266.20396995544434]
  #72 objects/buildingsets/human/universal/prop/racing/racing_lights/racing_light_line.cgf
    [-0.97714392094237568, 0.21256023060402127, 0.0029089326150141741, 32.201995849609375]
    [-0.21257023370337363, -0.97713899272432259, -0.0037202686761149948, -888.79947662353516]
    [0.0020516497475236246, -0.004253589224956009, 0.99998912667591133, -266.33865928649902]
  #73 objects/buildingsets/human/universal/prop/racing/racing_lights/racing_light_line.cgf
    [0.95489900292951013, -0.29691458818685029, 0.002905086158068461, -436.61398696899414]
    [0.29692409632483557, 0.95489324267412545, -0.0037140431471266097, -1009.761100769043]
    [-0.0016712945379241796, 0.0044091287860555748, 0.99998829211018303, -264.23220252990723]
  #74 objects/buildingsets/human/universal/prop/racing/racing_lights/racing_light_line.cgf
    [-0.82636405784941258, 0.56312726901573285, 0.0029080726217781752, 199.55255126953125]
    [-0.56313469336246436, -0.82635574355844088, -0.0037197204703774849, -1455.9075164794922]
    [0.00030842674060988965, -0.0047114838105375935, 0.99998802037528767, -268.93458366394043]
  #75 objects/buildingsets/human/universal/prop/racing/racing_lights/racing_light_line.cgf
    [-0.63300650303721606, -0.77414193401083597, 0.0029091688982002188, 52.553157806396484]
    [0.77413300944471974, -0.63301317978684013, -0.0037186085214673914, -1814.6953964233398]
    [0.0047202696720905274, -0.00010181962938335416, 0.99998956936165462, -270.84066200256348]
  #76 objects/default/primitive_box.cgf
    [2.8794478677804722, 38.543069866532221, 0.11175110878731867, 17.978176116943359]
    [-38.542934910988201, 2.8798534753778013, -0.14337181608026692, -1077.5081634521484]
    [-0.15129935236563635, -0.10075859236356981, 38.65021215054329, -277.24599647521973]
  #77 objects/default/primitive_box.cgf
    [22.319346201862437, 31.554757114126311, 0.11174826152198722, -46.159923553466797]
    [-31.554432760850105, 22.319624343811363, -0.14332262969289422, -1832.5158004760742]
    [-0.18154158324674846, -0.0084678029935060222, 38.650166494258642, -281.86129379272461]
  #78 objects/buildingsets/human/universal/prop/racing/racing_lights/racing_light_line.cgf
    [0.95489900292951013, -0.29691458818685029, 0.002905086158068461, -279.5457878112793]
    [0.29692409632483557, 0.95489324267412545, -0.0037140431471266097, -1514.900260925293]
    [-0.0016712945379241796, 0.0044091287860555748, 0.99998829211018303, -266.56457328796387]
  #79 objects/buildingsets/human/universal/prop/racing/racing_lights/racing_light_line.cgf
    [-0.63300650303721606, -0.77414193401083597, 0.0029091688982002188, -18.667900085449219]
    [0.77413300944471974, -0.63301317978684013, -0.0037186085214673914, -1872.9326629638672]
    [0.0047202696720905274, -0.00010181962938335416, 0.99998956936165462, -270.85001945495605]
  #80 objects/buildingsets/human/universal/prop/racing/racing_lights/racing_light_line.cgf
    [-0.97714392094237568, 0.21256023060402127, 0.0029089326150141741, 120.20198822021484]
    [-0.21257023370337363, -0.97713899272432259, -0.0037202686761149948, -1293.3341674804688]
    [0.0020516497475236246, -0.004253589224956009, 0.99998912667591133, -268.09917259216309]
  #81 objects/buildingsets/human/universal/prop/racing/racing_lights/racing_light_line.cgf
    [-0.99400964256403646, 0.10925763547212365, 0.0029046961931535522, -3.7530937194824219]
    [-0.10926807570450091, -0.99400578643693094, -0.0037177736551801239, -1145.0438842773438]
    [0.0024810886258724496, -0.0040128917448940087, 0.99998928923178498, -266.18705940246582]
  #82 objects/buildingsets/human/universal/prop/racing/racing_lights/racing_light_line.cgf
    [0.95489900292951013, -0.29691458818685029, 0.002905086158068461, -219.8667106628418]
    [0.29692409632483557, 0.95489324267412545, -0.0037140431471266097, -1207.3106155395508]
    [-0.0016712945379241796, 0.0044091287860555748, 0.99998829211018303, -265.59550857543945]
  #83 objects/buildingsets/human/universal/prop/racing/racing_lights/racing_light_line.cgf
    [0.95489900292951013, -0.29691458818685029, 0.002905086158068461, -395.63968276977539]
    [0.29692409632483557, 0.95489324267412545, -0.0037140431471266097, -1141.5365295410156]
    [-0.0016712945379241796, 0.0044091287860555748, 0.99998829211018303, -264.84066963195801]
  #84 objects/buildingsets/human/universal/prop/racing/racing_lights/racing_light_line.cgf
    [0.95489900292951013, -0.29691458818685029, 0.002905086158068461, -361.49436569213867]
    [0.29692409632483557, 0.95489324267412545, -0.0037140431471266097, -1251.3495330810547]
    [-0.0016712945379241796, 0.0044091287860555748, 0.99998829211018303, -265.34766578674316]
  #85 objects/default/primitive_box.cgf
    [-14.648865825574363, -35.766488979393287, 0.11176954226202533, -239.31065368652344]
    [35.766235472242371, -14.649209918884731, -0.14333602436289333, -1529.3389663696289]
    [0.1750042506639258, 0.049103550861220223, 38.649844225725687, -280.17816352844238]
  #86 objects/buildingsets/human/universal/prop/racing/racing_lights/racing_light_line.cgf
    [-0.63300650303721606, -0.77414193401083597, 0.0029091688982002188, 123.77421188354492]
    [0.77413300944471974, -0.63301317978684013, -0.0037186085214673914, -1756.4581985473633]
    [0.0047202696720905274, -0.00010181962938335416, 0.99998956936165462, -270.83130836486816]
  #87 objects/buildingsets/human/universal/prop/racing/racing_lights/racing_light_line.cgf
    [0.95489900292951013, -0.29691458818685029, 0.002905086158068461, -137.91812515258789]
    [0.29692409632483557, 0.95489324267412545, -0.0037140431471266097, -1470.8613662719727]
    [-0.0016712945379241796, 0.0044091287860555748, 0.99998829211018303, -266.81241416931152]
  #88 objects/buildingsets/human/universal/prop/racing/racing_lights/racing_light_line.cgf
    [-0.97714392094237568, 0.21256023060402127, 0.0029089326150141741, 90.868663787841797]
    [-0.21257023370337363, -0.97713899272432259, -0.0037202686761149948, -1158.4893798828125]
    [0.0020516497475236246, -0.004253589224956009, 0.99998912667591133, -267.51233863830566]
  #89 objects/buildingsets/human/universal/prop/racing/racing_lights/racing_light_line.cgf
    [0.95489900292951013, -0.29691458818685029, 0.002905086158068461, -294.9863166809082]
    [0.29692409632483557, 0.95489324267412545, -0.0037140431471266097, -965.72218322753906]
    [-0.0016712945379241796, 0.0044091287860555748, 0.99998829211018303, -264.48004531860352]
  #90 objects/buildingsets/human/universal/prop/racing/racing_lights/racing_light_line.cgf
    [-0.99400964256403646, 0.10925763547212365, 0.0029046961931535522, 11.324443817138672]
    [-0.10926807570450091, -0.99400578643693094, -0.0037177736551801239, -1282.2166290283203]
    [0.0024810886258724496, -0.0040128917448940087, 0.99998928923178498, -266.74084281921387]
  #91 objects/buildingsets/human/universal/prop/racing/checkpoint/checkpoint_marker_1_03x053x12_a.cgf
    [0.80538475211017724, 2.1218546714664792, 0.0033480601680543169, -224.64029312133789]
    [-2.1218459584403266, 0.80539115520529547, -0.0061539442727904627, -1561.7439956665039]
    [-0.0069415402801574749, -0.00094633796313670266, 2.269553695052307, -268.43667030334473]
  #92 objects/buildingsets/human/universal/prop/racing/checkpoint/checkpoint_marker_1_03x053x12_a.cgf
    [-0.80538498865557828, -2.1218552946654676, 0.0033480611513959082, -159.11844253540039]
    [2.1218465816367562, -0.80539139175257723, -0.0061539460802336856, -1536.6686553955078]
    [0.0069415423189214979, 0.00094633824108084834, 2.2695543616312128, -268.46593475341797]
  #93 objects/buildingsets/human/universal/prop/racing/checkpoint/checkpoint_marker_1_03x053x12_a.cgf
    [1.9517514702954224, -0.94288714938977713, 0.0032017680579942004, 28.477981567382812]
    [0.94289252886988884, 1.951742651646611, -0.0058762529065162772, -1783.1323471069336]
    [-0.000326809459474008, 0.0066839256799975906, 2.1675644045648337, -272.08816337585449]
  #94 objects/buildingsets/human/universal/prop/racing/checkpoint/checkpoint_marker_1_03x053x12_a.cgf
    [-1.9517520435342786, 0.94288742632029698, 0.0032017689983693874, -0.83320236206054688]
    [-0.94289280580198864, -1.951743224882877, -0.0058762546324001054, -1722.8805541992188]
    [0.00032680955545993869, -0.0066839276430990099, 2.1675650411889911, -271.88210868835449]
  #95 objects/buildingsets/human/universal/prop/racing/checkpoint/checkpoint_marker_1_03x053x12_a.cgf
    [-0.92100972289957039, -1.8244742851655824, 0.0030137947564724131, 131.22996520996094]
    [1.8244658814676118, -0.92101463355511426, -0.0055409388002985553, -1415.3235549926758]
    [0.0063045657984287578, 0.00019342108488211928, 2.0437550305511714, -269.72928428649902]
  #96 objects/buildingsets/human/universal/prop/racing/checkpoint/checkpoint_marker_1_03x053x12_a.cgf
    [0.92100999340458467, 1.8244748210225123, 0.0030137956416385683, 72.967639923095703]
    [-1.8244664173220735, 0.92101490406157083, -0.0055409404276997327, -1444.9283447265625]
    [-0.0063045676501108329, -0.00019342114169058758, 2.0437556308119174, -269.72408866882324]
  #97 objects/buildingsets/human/universal/prop/racing/checkpoint/checkpoint_marker_1_03x053x12_a.cgf
    [0.88814230391695337, 2.3398864847585132, 0.0036920910949921029, -426.30373764038086]
    [-2.3398768764227444, 0.88814936496403141, -0.0067862946626345792, -918.59146881103516]
    [-0.0076548203340059554, -0.0010435792044265336, 2.5027623658204585, -265.55816459655762]
  #98 objects/buildingsets/human/universal/prop/racing/checkpoint/checkpoint_marker_1_03x053x12_a.cgf
    [-0.14706443642286696, -1.4515841142745367, 0.0021509724257446419, 45.038059234619141]
    [1.4515797707801641, -0.14706985696153496, -0.0039550211204372422, -1054.6761245727539]
    [0.0041516934344889836, 0.0017413546638865736, 1.4590095089074997, -266.49707984924316]
  #99 objects/buildingsets/human/universal/prop/racing/checkpoint/checkpoint_marker_1_03x053x12_a.cgf
    [-0.88814256476864928, -2.3398871719945009, 0.0036920921793774392, -354.04917526245117]
    [2.3398775636559104, -0.8881496258178011, -0.0067862966558026386, -890.93950653076172]
    [0.0076548225822642892, 0.0010435795109309217, 2.5027631008938798, -265.5904369354248]
  #100 objects/buildingsets/human/universal/prop/racing/checkpoint/checkpoint_marker_1_03x053x12_a.cgf
    [0.14706447961640365, 1.4515845406118177, 0.0021509730574956224, -1.3659324645996094]
    [-1.4515801971161693, 0.14706990015666371, -0.0039550222820460054, -1059.5014572143555]
    [-0.004151694653861354, -0.0017413551753308431, 1.4590099374256549, -266.44207191467285]
