# IncludedObjects
# Cgfs: 38, Materials: 10, Palettes: 7, Placements: 55

[CGFs]
      0: objects/spaceships/derelicts/wreckage/wreckage_mech_junk_09.cgf
      1: objects/buildingsets/human/lowtech/prop/fuse/fuse_mounted_1_d.cgf
      2: objects/buildingsets/human/lowtech/bravo/int/cable/cable_straight_08x01x02_e.cgf
      3: objects/buildingsets/human/shop/alpha/shippart/dumpersdepot/prop/prop_dumper_cable_box_a.cgf
      4: objects/buildingsets/human/colonialism/col_a/ext/addons/col_a_ext_adn_floorplate_metal_1x4m_c.cgf
      5: objects/buildingsets/human/universal/prop/utility/waste/trash_piles_1_d.cgf
      6: objects/buildingsets/human/lowtech/bravo/int/prop/light/light_fluorescent_a.cgf
      7: objects/buildingsets/human/colonialism/ruin/structure/col_a_ruin_struct_addon_bar_2m_c.cgf
      8: objects/buildingsets/human/lowtech/prop/fuse/fuse_mounted_1_c.cgf
      9: objects/buildingsets/human/utilitarian/int/grating/util_grating_str_02m_panel_addon_a.cgf
     10: objects/buildingsets/human/lowtech/bravo/int/cable/cable_straight_08x01x02_c.cgf
     11: objects/buildingsets/human/lowtech/alpha/int/stairs/util_addon_floorplate_02x04_a.cgf
     12: objects/buildingsets/human/lowtech/alpha/int/elev/elev_util_cab_hatch_a.cgf
     13: objects/buildingsets/human/utilitarian/int/grating/util_grating_str_02m_c.cgf
     14: objects/spaceships/derelicts/wreckage/wreckage_mech_junk_06.cgf
     15: objects/buildingsets/human/utilitarian/int/grating/util_grating_str_02m_d.cgf
     16: objects/buildingsets/human/utilitarian/int/addons/cables/cables_hanging_alpha_bend_down_2m_a.cgf
     17: objects/buildingsets/human/colonialism/ruin/structure/col_a_ruin_struct_sheet_2m_b.cgf
     18: objects/buildingsets/human/universal/prop/utility/waste/trash_bag_scattered_3_small_b.cgf
     19: objects/buildingsets/human/utilitarian/int/addons/cables/cables_floor_alpha_4m_b.cgf
     20: objects/buildingsets/human/colonialism/ruin/structure/col_a_ruin_struct_sheet_2m_a.cgf
     21: objects/organics/ice/icicles/icicle_b.cgf
     22: objects/buildingsets/human/lowtech/alpha/int/stairs/util_addon_floorplate_01x04_a.cgf
     23: objects/buildingsets/human/lowtech/alpha/int/prop/cables_a_08x01x01_a.cgf
     24: objects/buildingsets/human/shop/alpha/shippart/dumpersdepot/prop/prop_dumper_cable_straight_a.cgf
     25: objects/buildingsets/human/lowtech/prop/fuse/fuse_mounted_1_b.cgf
     26: objects/buildingsets/human/universal/prop/utility/trench/trench_cover_1_a.cgf
     27: objects/buildingsets/human/lowtech/alpha/int/stairs/util_addon_floorplate_02x03_a.cgf
     28: objects/buildingsets/human/lowtech/bravo/int/cable/cable_straight_08x01x02_d.cgf
     29: objects/buildingsets/human/lowtech/alpha/int/roomsm/partition/partition_fabric_covered_3m_a.cgf
     30: objects/buildingsets/human/lowtech/alpha/int/prop/cables_a_04x01x01_b.cgf
     31: objects/buildingsets/human/lowtech/alpha/int/elev/elev_util_cab_rundown_a.cgf
     32: objects/buildingsets/human/lowtech/prop/utilitarian/improvised/improvised_panel_8_c.cgf
     33: objects/buildingsets/human/lowtech/bravo/int/cable/cable_straight_box_a.cgf
     34: objects/buildingsets/human/utilitarian/int/grating/util_grating_str_02m_b.cgf
     35: objects/spaceships/derelicts/wreckage/wreckage_mech_junk_08.cgf
     36: objects/buildingsets/human/lowtech/bravo/int/cable/cable_straight_08x01x02_b.cgf
     37: objects/buildingsets/human/universal/prop/utility/waste/trash_bag_pile_1_small_d.cgf

[Materials]
      0: materials/decals/debris/crash_debris_b
      1: materials/pu/decal/water/puddle_water_c
      2: materials/decals/caution/caution_worn_yellow_01
      3: materials/pu/decal/water/puddle_ice_d
      4: materials/decals/weathered/fs_weathered_big_a
      5: materials/pu/decal/water/frost_b
      6: materials/pu/decal/water/puddle_ice_c
      7: objects/buildingsets/human/utilitarian/util_a_default
      8: materials/pu/decal/graffiti/graffiti_cluster_light_004_a
      9: materials/decals/dust/dust_generic_terrain_01_hurston_01

[Palettes]
      0: Libs/Foundry/Records/TintPalettes/generic/gen_midgrey_darkgrey_yellow<323>
      1: Libs/Foundry/Records/TintPalettes/generic/gen_midgrey_darkgrey_yellow<333>
      2: Libs/Foundry/Records/TintPalettes/default
      3: Libs/Foundry/Records/TintPalettes/generic/gen_midgrey_darkgrey_yellow<222>
      4: Libs/Foundry/Records/TintPalettes/generic/gen_darkgrey_red_white_a<112>
      5: Libs/Foundry/Records/TintPalettes/generic/gen_glossy_darkgrey_orange<322>
      6: Libs/Foundry/Records/TintPalettes/generic/gen_midgrey_darkgrey_yellow<133>

[Placements]
  #0 objects/spaceships/derelicts/wreckage/wreckage_mech_junk_09.cgf
    [-0.45737902730724339, 1.04652214661679333, -0.08890612323107269, 1.06927999999999201]
    [1.02729469952354635, 0.46593977439989792, 0.19968526157660874, -1.42679500000002690]
    [0.21858294178235008, -0.00000081919994900, -1.12451321659152703, 0.08912500000000279]
  #1 objects/buildingsets/human/lowtech/prop/fuse/fuse_mounted_1_d.cgf
    [-1.00000000000000000, 0.00000000000000000, 0.00000000000000000, 0.85519199999998818]
    [0.00000000000000000, 1.00000000000000000, 0.00000000000000000, -3.86293599999999060]
    [0.00000000000000000, 0.00000000000000000, -1.00000000000000000, 0.37850699999999904]
  #2 objects/buildingsets/human/lowtech/prop/fuse/fuse_mounted_1_d.cgf
    [-0.00000064012127343, -1.00000085349446177, 0.00000000000000000, 1.60085599999999317]
    [-1.00000085349446177, 0.00000064012127299, 0.00000000000000000, -1.17195900000001529]
    [-0.00000000000000000, 0.00000000000000000, -1.00000085349466694, 1.89929200000000264]
  #3 objects/buildingsets/human/lowtech/prop/fuse/fuse_mounted_1_d.cgf
    [-1.00000000000000000, 0.00000000000000000, 0.00000000000000000, -0.00485599999998954]
    [0.00000000000000000, 1.00000000000000000, 0.00000000000000000, -3.86293599999999060]
    [0.00000000000000000, 0.00000000000000000, -1.00000000000000000, 0.37850699999999904]
  #4 objects/buildingsets/human/lowtech/bravo/int/cable/cable_straight_08x01x02_e.cgf
    [-0.00000030918548914, 0.48301121343260828, 0.00000000000000000, -1.28654599999998709]
    [-0.48301121343260828, -0.00000030918548914, -0.00000000000000000, -3.87191000000001395]
    [-0.00000000000000000, 0.00000000000000000, 0.48301121343270720, 3.53992699999999871]
  #5 objects/buildingsets/human/shop/alpha/shippart/dumpersdepot/prop/prop_dumper_cable_box_a.cgf
    [-0.82064402103424072, 0.00000000000000000, 0.00000000000000000, -1.10120299999999816]
    [0.00000000000000000, -0.82064402103424072, 0.00000000000000000, -3.65766100000001870]
    [0.00000000000000000, 0.00000000000000000, 0.82064402103424072, 0.05204400000000220]
  #6 objects/buildingsets/human/colonialism/col_a/ext/addons/col_a_ext_adn_floorplate_metal_1x4m_c.cgf
    [-0.00000042105813757, -0.65777925905318824, 0.00000000000000000, 0.10903899999999567]
    [0.65777925905318824, -0.00000042105813757, 0.00000000000000000, -2.42401100000000724]
    [0.00000000000000000, 0.00000000000000000, 0.65777925905332302, 0.00180900000000150]
  #7 objects/buildingsets/human/universal/prop/utility/waste/trash_piles_1_d.cgf
    [-0.00000064012100026, -1.00000042674731060, 0.00000000000000000, -0.98003199999999424]
    [1.00000042674731060, -0.00000064012100026, 0.00000000000000000, -4.01452999999997928]
    [0.00000000000000000, 0.00000000000000000, 1.00000042674751533, 0.00838799999999651]
  #8 objects/buildingsets/human/lowtech/bravo/int/prop/light/light_fluorescent_a.cgf
    [-0.00000176562296846, -0.53032977545577220, -0.53033102788474706, 1.98458500000000981]
    [-0.75000044658114962, 0.00000083719605359, 0.00000165977092329, -3.49563499999999294]
    [-0.00000058164618358, 0.53033102788702535, -0.53032977545611393, 0.17793300000000301]
  #9 objects/buildingsets/human/colonialism/ruin/structure/col_a_ruin_struct_addon_bar_2m_c.cgf
    [-0.00000048097369034, -0.00000000000000000, -0.75137965435934984, 1.55659600000001319]
    [0.00000000000000000, -0.75137965435950371, 0.00000000000000000, -2.43898899999999230]
    [-0.75137965435934984, 0.00000000000000000, 0.00000048097369034, 1.12761600000000328]
  #10 objects/buildingsets/human/lowtech/prop/fuse/fuse_mounted_1_c.cgf
    [0.00000000000000000, -1.04999995231628418, 0.00000000000000000, 1.86355800000001182]
    [0.00000000000000000, 0.00000000000000000, -1.04999995231628418, -0.52442600000000539]
    [1.04999995231628418, 0.00000000000000000, 0.00000000000000000, 1.99874499999999955]
  #11 objects/buildingsets/human/utilitarian/int/grating/util_grating_str_02m_panel_addon_a.cgf
    [0.00000000000000000, 0.00000000000000000, -1.00000000000000000, -0.74879300000000626]
    [1.00000000000000000, 0.00000000000000000, 0.00000000000000000, -2.12669399999998632]
    [0.00000000000000000, -1.00000000000000000, 0.00000000000000000, 3.48521099999999961]
  #12 objects/buildingsets/human/lowtech/bravo/int/cable/cable_straight_08x01x02_c.cgf
    [-0.00000003216186382, 0.47706435286530846, -0.07555962709699789, -1.51430400000000986]
    [-0.48301102888219116, -0.00000003176589728, 0.00000000503122797, -3.87191000000001395]
    [0.00000000000000033, 0.07555962709699804, 0.47706435286530957, 3.30826400000000120]
  #13 objects/buildingsets/human/lowtech/alpha/int/stairs/util_addon_floorplate_02x04_a.cgf
    [0.00000000000000000, 0.00000000000000000, -0.53847801685333252, -1.53579099999998903]
    [-0.53847801685333252, 0.00000000000000000, 0.00000000000000000, -2.66576099999997496]
    [0.00000000000000000, 0.53847801685333252, 0.00000000000000000, 0.02334700000000112]
  #14 objects/buildingsets/human/lowtech/alpha/int/elev/elev_util_cab_hatch_a.cgf
    [1.00000000000000000, 0.00000000000000000, 0.00000000000000000, 0.00000000000000000]
    [0.00000000000000000, 1.00000000000000000, 0.00000000000000000, -3.14625399999999900]
    [0.00000000000000000, 0.00000000000000000, 1.00000000000000000, 3.62500399999999701]
  #15 objects/buildingsets/human/utilitarian/int/grating/util_grating_str_02m_c.cgf
    [-0.00000045875920460, 0.00000000000000006, -1.00000049315874984, 1.77446699999998714]
    [0.97437019996726082, -0.22495266109453793, -0.00000044700107744, -4.18848600000001170]
    [-0.22495266109451434, -0.97437019996736329, 0.00000010319905290, 3.39607399999999870]
  #16 objects/spaceships/derelicts/wreckage/wreckage_mech_junk_06.cgf
    [-0.28471733064373711, 0.63948253939382060, 0.00000000000000000, 0.44097199999998793]
    [0.63948253939382060, 0.28471733064373711, 0.00000000000000000, -3.47519799999997758]
    [0.00000000000000000, 0.00000000000000000, -0.70000134039761985, 0.14262599999999992]
  #17 objects/buildingsets/human/lowtech/bravo/int/prop/light/light_fluorescent_a.cgf
    [0.00000104282179296, 0.53032977545654225, 0.53033102788551700, -1.94981400000000349]
    [0.75000044658223852, -0.00000032609887013, -0.00000114867288112, -1.12166100000001734]
    [-0.00000058164642976, 0.53033102788644215, -0.53032977545632354, 0.17793300000000301]
  #18 objects/buildingsets/human/utilitarian/int/grating/util_grating_str_02m_d.cgf
    [0.00000000000000000, 0.00000000000000000, -1.00000000000000000, 1.75888499999999226]
    [1.00000000000000000, 0.00000000000000000, 0.00000000000000000, -2.20633500000002414]
    [0.00000000000000000, -1.00000000000000000, 0.00000000000000000, 3.39607399999999870]
  #19 objects/buildingsets/human/utilitarian/int/addons/cables/cables_hanging_alpha_bend_down_2m_a.cgf
    [0.00000048239304187, -0.01894624542740764, 0.36151389863918809, 0.10907199999999762]
    [0.00000001168568110, 0.36151389863950967, 0.01894624542740890, -3.84206499999999096]
    [-0.36201002627703643, -0.00000001357697432, 0.00000048234351635, 2.90980299999999659]
  #20 objects/buildingsets/human/colonialism/ruin/structure/col_a_ruin_struct_sheet_2m_b.cgf
    [0.70000028680232673, 0.00000000000000000, 0.00000000000000000, 0.64050000000000296]
    [0.00000000000000000, -0.00000044808469209, -0.70000028680218329, -3.83443099999999504]
    [0.00000000000000000, 0.70000028680218329, -0.00000044808469209, 1.46653799999999990]
  #21 objects/buildingsets/human/universal/prop/utility/waste/trash_bag_scattered_3_small_b.cgf
    [-0.00000064012100026, -1.00000042674731060, 0.00000000000000000, -1.36808800000000019]
    [1.00000042674731060, -0.00000064012100026, 0.00000000000000000, -1.76969000000002552]
    [0.00000000000000000, 0.00000000000000000, 1.00000042674751533, 0.03090699999999913]
  #22 objects/buildingsets/human/utilitarian/int/addons/cables/cables_floor_alpha_4m_b.cgf
    [-0.00000023173020467, -0.36201015662302527, 0.00000000000000000, 1.08094199999999319]
    [0.36201015662302527, -0.00000023173020467, 0.00000000000000000, -0.47185500000000502]
    [0.00000000000000000, 0.00000000000000000, 0.36201015662309943, 0.00149300000000352]
  #23 objects/buildingsets/human/colonialism/ruin/structure/col_a_ruin_struct_sheet_2m_a.cgf
    [1.01056642742657199, 0.00000000000000000, 0.00000000000000000, -0.68875199999999381]
    [0.00000000000000000, -0.00000064688451563, -1.01056642742636482, -3.64334600000000819]
    [0.00000000000000000, 1.01056642742636482, -0.00000064688451563, 1.47230400000000117]
  #24 objects/organics/ice/icicles/icicle_b.cgf
    [-0.00000064012100026, 1.00000042674731060, 0.00000000000000000, -0.92273800000000961]
    [-1.00000042674731060, -0.00000064012100026, -0.00000000000000000, -2.35077000000001135]
    [-0.00000000000000000, 0.00000000000000000, 1.00000042674751533, 2.93719200000000313]
  #25 objects/buildingsets/human/lowtech/alpha/int/stairs/util_addon_floorplate_01x04_a.cgf
    [0.69999998807907104, 0.00000000000000000, 0.00000000000000000, 1.46923100000000773]
    [0.00000000000000000, -0.69999998807907104, 0.00000000000000000, -2.78241800000000694]
    [0.00000000000000000, 0.00000000000000000, -0.69999998807907104, 0.04903000000000191]
  #26 objects/buildingsets/human/lowtech/alpha/int/prop/cables_a_08x01x01_a.cgf
    [0.32275156853997855, 0.38463992999642027, 0.00000000000000000, 1.38632699999999431]
    [-0.38463992999642027, 0.32275156853997855, -0.00000000000000000, -3.74940500000002430]
    [-0.00000000000000000, 0.00000000000000000, 0.50211199023989417, 2.98515700000000095]
  #27 objects/buildingsets/human/shop/alpha/shippart/dumpersdepot/prop/prop_dumper_cable_straight_a.cgf
    [-0.00000038488187704, -0.00000000000000000, -0.60126451311445883, 1.71801600000000576]
    [0.00000000000000000, -0.60126451311458196, 0.00000000000000000, -1.53870399999999563]
    [-0.60126451311445883, 0.00000000000000000, 0.00000038488187704, 1.38688199999999995]
  #28 objects/buildingsets/human/lowtech/prop/fuse/fuse_mounted_1_b.cgf
    [-0.00000067212701928, -0.00000000000000000, -1.05000040040093978, 1.26292699999999058]
    [0.00000000000000000, 1.05000040040115494, -0.00000000000000000, -3.68379800000002433]
    [1.05000040040093978, 0.00000000000000000, -0.00000067212701928, 2.84424800000000033]
  #29 objects/buildingsets/human/utilitarian/int/grating/util_grating_str_02m_d.cgf
    [-1.00000000000000000, 0.00000000000000000, 0.00000000000000000, 1.33085099999999557]
    [0.00000000000000000, -1.00000000000000000, 0.00000000000000000, -3.80874999999997499]
    [0.00000000000000000, 0.00000000000000000, 1.00000000000000000, 0.15157299999999907]
  #30 objects/buildingsets/human/lowtech/alpha/int/stairs/util_addon_floorplate_02x04_a.cgf
    [0.00000000000000000, 0.00000000000000000, 0.53847801685333252, 1.71197599999999284]
    [0.53847801685333252, 0.00000000000000000, 0.00000000000000000, -1.33261299999998073]
    [0.00000000000000000, 0.53847801685333252, 0.00000000000000000, 0.02334700000000112]
  #31 objects/buildingsets/human/universal/prop/utility/trench/trench_cover_1_a.cgf
    [-0.17234251563934991, 0.98463105079394087, -0.02829561473733564, 0.47300100000001066]
    [-0.98441839808608711, -0.17114480516952776, 0.04038271747851963, -0.71518400000002202]
    [0.03491941452209615, 0.03481436734665274, 0.99878400318263505, 0.02581099999999736]
  #32 objects/buildingsets/human/lowtech/alpha/int/stairs/util_addon_floorplate_02x03_a.cgf
    [0.00000000000000000, 0.00000000000000000, 0.53847801685333252, 1.69602499999999168]
    [0.53847801685333252, 0.00000000000000000, 0.00000000000000000, -0.60375099999998838]
    [0.00000000000000000, 0.53847801685333252, 0.00000000000000000, 0.02334700000000112]
  #33 objects/buildingsets/human/utilitarian/int/grating/util_grating_str_02m_panel_addon_a.cgf
    [0.00000000000000000, 0.00000000000000000, -1.00000000000000000, -0.74786299999999528]
    [1.00000000000000000, 0.00000000000000000, 0.00000000000000000, -3.84275000000002365]
    [0.00000000000000000, -1.00000000000000000, 0.00000000000000000, 3.50227000000000288]
  #34 objects/buildingsets/human/lowtech/bravo/int/cable/cable_straight_08x01x02_d.cgf
    [0.00000026320709323, -0.39511790598831303, 0.06258084620996654, -1.14054200000001060]
    [0.00000020515138891, 0.06258084621010526, 0.39511790598832547, -0.40489500000001044]
    [-0.40004315010371416, -0.00000022787363794, 0.00000024380047462, 0.08678199999999947]
  #35 objects/buildingsets/human/lowtech/alpha/int/roomsm/partition/partition_fabric_covered_3m_a.cgf
    [0.00000066621447455, -0.75962908279679819, -0.10675827071109130, -1.31103100000001405]
    [0.76709430436936599, 0.00000067040254332, 0.00000001678614501, -2.69691899999997986]
    [0.00000007667867161, -0.10675827071106510, 0.75962908279709007, 0.01471800000000201]
  #36 objects/buildingsets/human/lowtech/alpha/int/stairs/util_addon_floorplate_01x04_a.cgf
    [0.69999998807907104, 0.00000000000000000, 0.00000000000000000, 1.46923100000000773]
    [0.00000000000000000, 0.69999998807907104, 0.00000000000000000, -1.46859999999998081]
    [0.00000000000000000, 0.00000000000000000, 0.69999998807907104, -0.00910199999999861]
  #37 objects/buildingsets/human/utilitarian/int/grating/util_grating_str_02m_panel_addon_a.cgf
    [0.00000000000000000, 0.00000000000000000, -1.00000000000000000, 1.99768599999998742]
    [1.00000000000000000, 0.00000000000000000, 0.00000000000000000, -2.12669399999998632]
    [0.00000000000000000, -1.00000000000000000, 0.00000000000000000, 3.52176200000000250]
  #38 objects/buildingsets/human/lowtech/alpha/int/prop/cables_a_04x01x01_b.cgf
    [0.24157491599648651, 0.84889965369519360, -0.01183139405906211, -0.58966699999999150]
    [-0.84846112622089442, 0.24097235773264111, -0.03427949924741514, -4.13653399999998328]
    [-0.02973753892258086, 0.02075439068877557, 0.88193762705413348, 3.49024599999999907]
  #39 objects/buildingsets/human/shop/alpha/shippart/dumpersdepot/prop/prop_dumper_cable_box_a.cgf
    [-0.07152296385766005, -0.00000000000000000, -0.81752187150263089, 1.64424199999999132]
    [0.00000000000000000, -0.82064459100401566, 0.00000000000000000, -0.51881800000001022]
    [-0.81752187150263089, 0.00000000000000000, 0.07152296385766005, 0.11682799999999816]
  #40 objects/buildingsets/human/lowtech/alpha/int/stairs/util_addon_floorplate_01x04_a.cgf
    [0.69999998807907104, 0.00000000000000000, 0.00000000000000000, 1.46923100000000773]
    [0.00000000000000000, -0.69999998807907104, 0.00000000000000000, -1.41677600000002712]
    [0.00000000000000000, 0.00000000000000000, -0.69999998807907104, 0.04903000000000191]
  #41 objects/buildingsets/human/lowtech/alpha/int/elev/elev_util_cab_rundown_a.cgf
    [1.00000000000000000, 0.00000000000000000, 0.00000000000000000, 0.00000000000000000]
    [0.00000000000000000, 1.00000000000000000, 0.00000000000000000, 0.00000000000000000]
    [0.00000000000000000, 0.00000000000000000, 1.00000000000000000, 0.00000000000000000]
  #42 objects/buildingsets/human/lowtech/prop/utilitarian/improvised/improvised_panel_8_c.cgf
    [0.08240209808681648, 0.00000000000000003, 0.52026449070938408, 1.60255799999998771]
    [0.52026449070938119, 0.00000005421624885, -0.08240209808681595, -0.59170799999998280]
    [-0.00000005354875210, 0.52674969963180907, 0.00000000848131980, 2.53579700000000230]
  #43 objects/buildingsets/human/shop/alpha/shippart/dumpersdepot/prop/prop_dumper_cable_straight_a.cgf
    [0.59295302629470825, 0.00000000000000000, 0.00000000000000000, 0.10423499999998853]
    [0.00000000000000000, -0.59295302629470825, 0.00000000000000000, -3.40206899999998313]
    [0.00000000000000000, 0.00000000000000000, -0.59295302629470825, 0.05531400000000275]
  #44 objects/buildingsets/human/utilitarian/int/addons/cables/cables_floor_alpha_4m_b.cgf
    [-0.00000023173020467, -0.36201015662302527, 0.00000000000000000, 0.37259000000000242]
    [0.36201015662302527, -0.00000023173020467, 0.00000000000000000, -0.47185500000000502]
    [0.00000000000000000, 0.00000000000000000, 0.36201015662309943, 0.00149300000000352]
  #45 objects/buildingsets/human/shop/alpha/shippart/dumpersdepot/prop/prop_dumper_cable_straight_a.cgf
    [0.60000002384185791, 0.00000000000000000, 0.00000000000000000, 0.24777900000000841]
    [0.00000000000000000, -0.60000002384185791, 0.00000000000000000, -4.69712900000001810]
    [0.00000000000000000, 0.00000000000000000, -0.60000002384185791, 0.12490600000000285]
  #46 objects/buildingsets/human/lowtech/bravo/int/cable/cable_straight_box_a.cgf
    [1.00000000000000000, 0.00000000000000000, 0.00000000000000000, -1.09029599999999505]
    [0.00000000000000000, -1.00000000000000000, 0.00000000000000000, -3.69799699999998666]
    [0.00000000000000000, 0.00000000000000000, -1.00000000000000000, 2.91939200000000199]
  #47 objects/buildingsets/human/utilitarian/int/grating/util_grating_str_02m_panel_addon_a.cgf
    [0.00000000000000000, 0.00000000000000000, -1.00000000000000000, 1.99768599999998742]
    [1.00000000000000000, 0.00000000000000000, 0.00000000000000000, -3.84275000000002365]
    [0.00000000000000000, -1.00000000000000000, 0.00000000000000000, 3.52176200000000250]
  #48 objects/buildingsets/human/utilitarian/int/grating/util_grating_str_02m_b.cgf
    [-0.00000064012100026, -1.00000042674731060, 0.00000000000000000, 1.89275100000000407]
    [1.00000042674731060, -0.00000064012100026, 0.00000000000000000, -3.53261099999997441]
    [0.00000000000000000, 0.00000000000000000, 1.00000042674751533, 1.36554699999999940]
  #49 objects/spaceships/derelicts/wreckage/wreckage_mech_junk_08.cgf
    [-0.46594582253229111, 1.04652611536444007, 0.00000000000000000, -0.73663700000000176]
    [1.04652611536444007, 0.46594582253229122, 0.00000000000000000, -2.18446999999997615]
    [0.00000000000000000, 0.00000000000000000, -1.14556641870957354, 0.10977400000000159]
  #50 objects/buildingsets/human/lowtech/alpha/int/stairs/util_addon_floorplate_01x04_a.cgf
    [-0.00000024132178520, -0.37699417466749741, 0.00000000000000000, 1.80775299999999106]
    [0.37699417466749741, -0.00000024132178520, 0.00000000000000000, -1.69285000000002128]
    [0.00000000000000000, 0.00000000000000000, 0.37699417466757462, 1.15003200000000305]
  #51 objects/buildingsets/human/lowtech/alpha/int/stairs/util_addon_floorplate_02x03_a.cgf
    [0.00000000000000000, 0.00000000000000000, -0.53847801685333252, -1.51983999999998787]
    [-0.53847801685333252, 0.00000000000000000, 0.00000000000000000, -3.39462400000002162]
    [0.00000000000000000, 0.53847801685333252, 0.00000000000000000, 0.02334700000000112]
  #52 objects/buildingsets/human/lowtech/bravo/int/cable/cable_straight_08x01x02_b.cgf
    [-0.00000021963393364, -0.00000000000000000, -0.34311329800633511, 0.64212399999999548]
    [0.00000000000000000, -0.34311329800640539, 0.00000000000000000, -3.78951999999998179]
    [-0.34311329800633511, 0.00000000000000000, 0.00000021963393364, 0.53296900000000136]
  #53 objects/buildingsets/human/universal/prop/utility/waste/trash_bag_pile_1_small_d.cgf
    [1.00000000000000000, 0.00000000000000000, 0.00000000000000000, 0.31391500000000860]
    [0.00000000000000000, 1.00000000000000000, 0.00000000000000000, -3.42183799999997973]
    [0.00000000000000000, 0.00000000000000000, 1.00000000000000000, 0.01971000000000345]
  #54 objects/buildingsets/human/lowtech/bravo/int/cable/cable_straight_box_a.cgf
    [1.00000000000000000, 0.00000000000000000, 0.00000000000000000, -0.75905900000000770]
    [0.00000000000000000, -1.00000000000000000, 0.00000000000000000, -3.69799699999998666]
    [0.00000000000000000, 0.00000000000000000, -1.00000000000000000, 2.91939200000000199]
