# IncludedObjects
# Cgfs: 20, Materials: 17, Palettes: 5, Placements: 56

[CGFs]
      0: objects/buildingsets/human/station/utilitarian/debris/ext_debris_tangled_001_a.cgf
      1: objects/buildingsets/human/station/utilitarian/addon/addon_cargo_elev_frame_b_addon_a.cgf
      2: objects/buildingsets/reference/scale_ref/scale_ref_guard_a.cgf
      3: objects/buildingsets/human/utilitarian/ugf/ext/struct/bg/greeble/ugf_ext_struct_bg_greeble_i.cgf
      4: data/objects/buildingsets/human/lowtech/prop/light/light_flood_02_base.cgf
      5: objects/buildingsets/human/station/utilitarian/addon/addon_light_tiny_010_a.cgf
      6: data/objects/buildingsets/human/lowtech/alpha/ext/light_fixture/light_fixture_rectangular_e.cgf
      7: data/objects/buildingsets/human/lowtech/prop/light/light_landing_2_a.cgf
      8: objects/buildingsets/human/station/utilitarian/addon/addon_greeble_15.cgf
      9: objects/buildingsets/human/station/utilitarian/addon/addon_cargo_elev_frame_b.cgf
     10: objects/buildingsets/human/station/utilitarian/debris/ext_debris_structure_009_a.cgf
     11: objects/buildingsets/human/utilitarian/ugf/ext/struct/bg/greeble/ugf_ext_struct_bg_greeble_h.cgf
     12: objects/buildingsets/human/station/utilitarian/debris/ext_debris_structure_008_a.cgf
     13: data/objects/buildingsets/human/lowtech/bravo/int/prop/light/light_cold_wall_c.cgf
     14: objects/buildingsets/human/station/utilitarian/debris/ext_debris_beam_001_c.cgf
     15: objects/buildingsets/human/station/utilitarian/addon/addon_greeble_20.cgf
     16: objects/buildingsets/human/station/utilitarian/debris/ext_debris_structure_006_a.cgf
     17: objects/buildingsets/human/station/utilitarian/addon/antennas/addon_antenna_sml_007_a.cgf
     18: objects/buildingsets/human/station/utilitarian/debris/ext_debris_beam_001_b.cgf
     19: objects/buildingsets/human/utilitarian/ugf/ext/struct/bg/greeble/ugf_ext_struct_bg_greeble_d.cgf

[Materials]
      0: materials/decals/chipped_paint/chipped_paint001g
      1: materials/decals/chipped_paint/chipped_paint001d
      2: materials/decals/chipped_paint/chipped_paint001e
      3: materials/decals/damage_decals/crumpled_metal_b
      4: materials/decals/chipped_paint/chipped_paint002a
      5: materials/decals/chipped_paint/chipped_paint002b
      6: objects/buildingsets/human/brand/argo/decal/argo_logo_001
      7: materials/decals/graffiti/graff_tag6
      8: objects/buildingsets/human/brand/faction/rough_and_ready/decal/ext/logo/logo_003_a
      9: materials/decals/chipped_paint/chipped_paint002c
     10: materials/decals/graffiti/graff_tag7
     11: materials/decals/graffiti/graff_tag1
     12: materials/decals/graffiti/graff_symbol2
     13: materials/decals/metal/metal_peel_06
     14: materials/decals/dirty_rust/dirty_rust_a
     15: materials/decals/dirty_rust/dirty_rust_b
     16: materials/decals/scratches/scratches_big_b

[Palettes]
      0: Libs/Foundry/Records/TintPalettes/brand/util/util_yellow_b
      1: Libs/Foundry/Records/TintPalettes/brand/util/util_yellow_b<132>
      2: Libs/Foundry/Records/TintPalettes/generic/gen_grey_darkgrey_yellow
      3: Libs/Foundry/Records/TintPalettes/default
      4: Libs/Foundry/Records/TintPalettes/Brand/delta/hospital_prop

[Placements]
  #0 objects/buildingsets/human/station/utilitarian/debris/ext_debris_tangled_001_a.cgf
    [-0.00000132860897126, -0.00000059349200753, 0.92715636718746508, 37.81078266691929457]
    [-0.92715636718765515, 0.00000000000085035, -0.00000132860897116, 246.80286481765062945]
    [-0.00000000000000005, -0.92715636718841699, -0.00000059349200769, -4.55862999999999996]
  #1 objects/buildingsets/human/station/utilitarian/addon/addon_cargo_elev_frame_b_addon_a.cgf
    [1.00000042674720091, 0.00000079287302886, 0.00000000000000000, -0.00034391842007153]
    [-0.00000079287302886, 1.00000042674720091, -0.00000000000000000, -239.99999999975358378]
    [-0.00000000000000000, 0.00000000000000000, 1.00000042674751533, 0.00000000000000000]
  #2 objects/buildingsets/human/station/utilitarian/debris/ext_debris_tangled_001_a.cgf
    [0.00000132860671930, 0.00000059349100171, -0.92715479589367822, 37.74016033300432582]
    [0.92715479589386829, -0.00000000000085065, 0.00000132860671950, -246.80297208165455913]
    [-0.00000000000000005, -0.92715479589463012, -0.00000059349100187, -4.55862999999999996]
  #3 objects/buildingsets/human/station/utilitarian/debris/ext_debris_tangled_001_a.cgf
    [-0.00000132860760455, 0.00000206372000416, 0.92715541351077002, -37.74016033300711115]
    [-0.92715541351306685, -0.00000000000295722, -0.00000132860760445, 246.80297008165473471]
    [0.00000000000000000, -0.92715541351172193, 0.00000206372000421, -4.55862999999999996]
  #4 objects/buildingsets/human/station/utilitarian/debris/ext_debris_tangled_001_a.cgf
    [0.00000132860817132, 0.00000059349165034, -0.92715580917350426, -37.81078266691804401]
    [0.92715580917369433, -0.00000000000085065, 0.00000132860817153, -246.80286381765068882]
    [-0.00000000000000005, -0.92715580917445617, -0.00000059349165049, -4.55862999999999996]
  #5 objects/buildingsets/human/station/utilitarian/addon/addon_cargo_elev_frame_b_addon_a.cgf
    [-1.00000042674536682, -0.00000207311502905, -0.00000000000000000, 0.00034391842041259]
    [0.00000207311502905, -1.00000042674536682, 0.00000000000000000, 239.99999999975364062]
    [0.00000000000000000, -0.00000000000000000, 1.00000042674751533, 0.00000000000000000]
  #6 objects/buildingsets/reference/scale_ref/scale_ref_guard_a.cgf
    [-0.99999999999897349, 0.00000000000000000, -0.00000143299341743, -937.75043527078787520]
    [0.00000143299341743, -0.00000000000000011, -0.99999999999897338, -303.74865621011082339]
    [0.00000000000000000, -1.00000000000000022, -0.00000000000000011, 11.50000000000000000]
  #7 objects/buildingsets/human/utilitarian/ugf/ext/struct/bg/greeble/ugf_ext_struct_bg_greeble_i.cgf
    [-0.00000134551974012, -0.00000060104607827, -0.93895737663328982, -50.14509427335502778]
    [-0.93895737663348222, 0.00000000000086117, 0.00000134551974001, -252.80877014266951619]
    [0.00000000000000005, 0.93895737663425394, -0.00000060104607843, 39.17433599999999672]
  #8 data/objects/buildingsets/human/lowtech/prop/light/light_flood_02_base.cgf
    [0.00000000000091693, 1.00000042674648904, -0.00000143299402901, 25.85884440375974691]
    [0.00000064012100009, -0.00000143299402934, -1.00000042674628409, -258.61686605581934373]
    [-1.00000042674731082, 0.00000000000000006, -0.00000064012100048, 63.13571199999999806]
  #9 objects/buildingsets/human/station/utilitarian/addon/addon_light_tiny_010_a.cgf
    [0.00000000000502409, 1.00000042674908074, -0.00000143299402896, 26.17167687202316984]
    [0.00000350610905784, -0.00000143299402901, -1.00000042674293432, -258.29009350410575507]
    [-1.00000042674396106, -0.00000000000000006, -0.00000350610905796, 46.44353499999999713]
  #10 data/objects/buildingsets/human/lowtech/alpha/ext/light_fixture/light_fixture_rectangular_e.cgf
    [-0.60000002384124196, 0.00000000000000000, 0.00000085979608462, 37.77111863234381417]
    [0.00000085979608462, -0.00000000000000007, 0.60000002384124196, -269.62279812604111839]
    [0.00000000000000000, 0.60000002384185802, -0.00000000000000007, 57.89929899999999918]
  #11 data/objects/buildingsets/human/lowtech/prop/light/light_landing_2_a.cgf
    [-0.00000143299341748, 0.99999999999897338, 0.00000000000000000, 21.60981312127688625]
    [-0.99999999999897338, -0.00000143299341748, -0.00000000000000000, -265.79238996699285735]
    [-0.00000000000000000, 0.00000000000000000, 1.00000000000000000, 74.56243499999999358]
  #12 objects/buildingsets/human/station/utilitarian/addon/addon_light_tiny_010_a.cgf
    [-0.00000000000318984, -1.00000085349637780, 0.00000143299464043, -26.11636589231261496]
    [-0.00000222586390082, 0.00000143299464026, 1.00000085349390067, 258.97377442484645371]
    [-1.00000085349492740, 0.00000000000000006, -0.00000222586390104, 46.44353499999999713]
  #13 data/objects/buildingsets/human/lowtech/alpha/ext/light_fixture/light_fixture_rectangular_e.cgf
    [0.60000002384124185, 0.00000000000000000, -0.00000085979608462, 37.73541038163477879]
    [-0.00000085979608462, -0.00000000000000007, -0.60000002384124196, 269.63249892568228461]
    [0.00000000000000000, 0.60000002384185802, -0.00000000000000007, 57.93800000000000239]
  #14 data/objects/buildingsets/human/lowtech/alpha/ext/light_fixture/light_fixture_rectangular_e.cgf
    [-0.60000002384124196, 0.00000000000000000, 0.00000085979608462, -37.65922136757865246]
    [0.00000085979608462, -0.00000000000000007, 0.60000002384124196, -269.62269003486045449]
    [0.00000000000000000, 0.60000002384185802, -0.00000000000000007, 57.89929899999999918]
  #15 objects/buildingsets/human/station/utilitarian/addon/addon_greeble_15.cgf
    [0.00000000000018343, 0.20000008832953131, -0.00000028659881007, -40.17068587821745496]
    [0.00000012802420188, -0.00000028659881009, -0.20000008832949032, -269.28119243594795762]
    [-0.20000008832969568, 0.00000000000000001, -0.00000012802420192, 61.95409999999999684]
  #16 objects/buildingsets/human/utilitarian/ugf/ext/struct/bg/greeble/ugf_ext_struct_bg_greeble_i.cgf
    [-0.00000134551974012, -0.00000060104607827, -0.93895737663328982, 51.74235372654027287]
    [-0.93895737663348222, 0.00000000000086117, 0.00000134551974001, -252.80891614671185152]
    [0.00000000000000005, 0.93895737663425394, -0.00000060104607843, 39.17433599999999672]
  #17 objects/buildingsets/human/station/utilitarian/addon/addon_cargo_elev_frame_b.cgf
    [1.00000042674720091, 0.00000079287302886, 0.00000000000000000, 0.00000000000000000]
    [-0.00000079287302886, 1.00000042674720091, -0.00000000000000000, 0.00000000000000000]
    [-0.00000000000000000, 0.00000000000000000, 1.00000042674751533, 0.00000000000000000]
  #18 objects/buildingsets/human/station/utilitarian/debris/ext_debris_structure_009_a.cgf
    [0.15675102593209356, 0.00000019582924298, 0.00000000817519485, -14.99461850410449415]
    [-0.00000019599981178, 0.15661461337503191, 0.00653811961906019, -229.94110451304646858]
    [0.00000000000000022, -0.00653811961906530, 0.15661461337515434, 84.30262399999999445]
  #19 objects/buildingsets/human/utilitarian/ugf/ext/struct/bg/greeble/ugf_ext_struct_bg_greeble_h.cgf
    [1.00000042674720091, 0.00000079287302886, 0.00000000000000000, 39.48317148903606721]
    [-0.00000079287302886, 1.00000042674720091, -0.00000000000000000, 262.03120742114424502]
    [-0.00000000000000000, 0.00000000000000000, 1.00000042674751533, 43.01659399999999778]
  #20 objects/buildingsets/human/station/utilitarian/debris/ext_debris_structure_008_a.cgf
    [0.17981268668543213, 0.00000022464038525, 0.00000000937796058, -26.49396076011419154]
    [-0.00000022483604878, 0.17965620472152133, 0.00750002653943233, 229.05891196590658865]
    [0.00000000000000025, -0.00750002653943819, 0.17965620472166177, 81.30262399999999445]
  #21 data/objects/buildingsets/human/lowtech/bravo/int/prop/light/light_cold_wall_c.cgf
    [1.73205018795387988, 0.99999737167447078, 0.00000000000000000, -25.49929997694846406]
    [-0.99999737167447078, 1.73205018795387988, -0.00000000000000000, 261.00823154059696662]
    [-0.00000000000000000, 0.00000000000000000, 1.99999814923587382, 65.65882299999999816]
  #22 objects/buildingsets/human/station/utilitarian/debris/ext_debris_tangled_001_a.cgf
    [0.46841440840611209, -0.00000037139299237, 0.00000000000000000, -62.41507615968521350]
    [-0.00000037139299237, -0.46841440840611226, -0.00000000000000000, -200.39144455981244164]
    [0.00000000000000000, 0.00000000000000000, -0.46841440840625953, 38.32502600000000115]
  #23 objects/buildingsets/human/station/utilitarian/debris/ext_debris_structure_009_a.cgf
    [0.15675102593209356, 0.00000019582924298, 0.00000000817519485, 12.00603923984647281]
    [-0.00000019599981178, 0.15661461337503191, 0.00653811961906019, 229.05885679566006274]
    [0.00000000000000022, -0.00653811961906530, 0.15661461337515434, 84.30262399999999445]
  #24 objects/buildingsets/human/station/utilitarian/addon/addon_greeble_15.cgf
    [-0.00000000000063792, -0.20000017367951037, 0.00000028659893236, 40.17068587821893288]
    [-0.00000044517278683, 0.00000028659893237, 0.20000017367901490, 269.28119343594806878]
    [-0.20000017367922027, 0.00000000000000000, -0.00000044517278684, 61.95409999999999684]
  #25 objects/buildingsets/human/station/utilitarian/debris/ext_debris_beam_001_c.cgf
    [-1.00000085349251799, 0.00000207311591374, 0.00000000000000000, -60.89297394586827750]
    [0.00000207311591374, 1.00000085349251755, 0.00000000000000000, -240.01911074101559507]
    [0.00000000000000000, 0.00000000000000000, -1.00000085349466694, 37.58505000000000251]
  #26 objects/buildingsets/human/utilitarian/ugf/ext/struct/bg/greeble/ugf_ext_struct_bg_greeble_i.cgf
    [0.00000134552031421, 0.00000329208696330, 0.93895777732749619, 50.14509427335656255]
    [0.93895777733326735, -0.00000000000471741, -0.00000134552031411, 252.80877114266962735]
    [0.00000000000000000, 0.93895777732846020, -0.00000329208696325, 39.17433599999999672]
  #27 data/objects/buildingsets/human/lowtech/alpha/ext/light_fixture/light_fixture_rectangular_e.cgf
    [0.60000002384124185, 0.00000000000000000, -0.00000085979608462, -37.75176652802338140]
    [-0.00000085979608462, -0.00000000000000007, -0.60000002384124196, 269.69559709830997463]
    [0.00000000000000000, 0.60000002384185802, -0.00000000000000007, 57.84574800000000039]
  #28 objects/buildingsets/human/station/utilitarian/addon/addon_greeble_20.cgf
    [0.00000028659868775, -0.20000000298002693, 0.00000000000000000, 50.98852215869146676]
    [0.20000000298002693, 0.00000028659868775, 0.00000000000000000, 243.65683393403369905]
    [0.00000000000000000, 0.00000000000000000, 0.20000000298023227, 39.17433199999999971]
  #29 objects/buildingsets/human/utilitarian/ugf/ext/struct/bg/greeble/ugf_ext_struct_bg_greeble_i.cgf
    [0.00000129690887939, 0.00000057933151984, -0.90503477808251953, -37.88942641461972016]
    [0.90503477808270505, -0.00000000000083036, 0.00000129690887959, -263.37495770497167769]
    [-0.00000000000000005, -0.90503477808344879, -0.00000057933151999, 45.14159599999999983]
  #30 objects/buildingsets/human/station/utilitarian/debris/ext_debris_structure_006_a.cgf
    [0.00000067123419095, 0.46841400861692029, 0.00000000000000000, -5.74943764552341463]
    [0.46841400861692029, -0.00000067123419101, 0.00000000000000000, -246.09011676134633717]
    [0.00000000000000000, 0.00000000000000000, -0.46841400861740118, 71.60789699999999414]
  #31 objects/buildingsets/human/station/utilitarian/addon/antennas/addon_antenna_sml_007_a.cgf
    [0.99999999999897327, 0.00000000000000000, 0.00000143299341743, 43.82143441270511630]
    [-0.00000143299341743, -0.00000000000000011, 0.99999999999897338, -241.16463879607459830]
    [0.00000000000000000, -1.00000000000000022, -0.00000000000000011, 38.93402700000000038]
  #32 objects/buildingsets/human/station/utilitarian/addon/antennas/addon_antenna_sml_007_a.cgf
    [0.99999999999897327, 0.00000000000000000, 0.00000143299341743, 42.14948658728269493]
    [-0.00000143299341743, -0.00000000000000011, 0.99999999999897338, 241.16456860031081533]
    [0.00000000000000000, -1.00000000000000022, -0.00000000000000011, 38.93400299999999703]
  #33 objects/buildingsets/human/utilitarian/ugf/ext/struct/bg/greeble/ugf_ext_struct_bg_greeble_h.cgf
    [-1.00000042674536682, -0.00000207311502905, -0.00000000000000000, -39.48317148903464613]
    [0.00000207311502905, -1.00000042674536682, 0.00000000000000000, -262.03120642114419070]
    [0.00000000000000000, -0.00000000000000000, 1.00000042674751533, 43.01659399999999778]
  #34 data/objects/buildingsets/human/lowtech/bravo/int/prop/light/light_cold_wall_c.cgf
    [-1.73204915818908867, -0.99999985844981110, -0.00000000000000000, 25.34042161317887576]
    [0.99999985844981110, -1.73204915818908867, 0.00000000000000000, -261.26208431292565137]
    [0.00000000000000000, -0.00000000000000000, 1.99999850082023101, 65.65882299999999816]
  #35 objects/buildingsets/human/station/utilitarian/debris/ext_debris_beam_001_b.cgf
    [1.00000085349435208, -0.00000079287336722, 0.00000000000000000, -60.35525305401597507]
    [-0.00000079287336722, -1.00000085349435297, -0.00000000000000000, 240.01927848892677275]
    [0.00000000000000000, 0.00000000000000000, -1.00000085349466739, 37.58505000000000251]
  #36 objects/buildingsets/human/utilitarian/ugf/ext/struct/bg/greeble/ugf_ext_struct_bg_greeble_i.cgf
    [0.00000129690887939, 0.00000057933151984, -0.90503477808251953, -35.82692641462182337]
    [0.90503477808270505, -0.00000000000083036, 0.00000129690887959, -263.37496066052068500]
    [-0.00000000000000005, -0.90503477808344879, -0.00000057933151999, 45.14159699999999731]
  #37 objects/buildingsets/human/station/utilitarian/addon/addon_greeble_20.cgf
    [-0.00000028659868777, 0.20000000298002693, 0.00000000000000000, 50.89892584120519814]
    [-0.20000000298002693, -0.00000028659868777, -0.00000000000000000, -243.65697893807595165]
    [-0.00000000000000000, 0.00000000000000000, 0.20000000298023227, 39.17433199999999971]
  #38 objects/buildingsets/human/station/utilitarian/debris/ext_debris_structure_006_a.cgf
    [-0.00000067123419101, -0.46841400861692029, 0.00000000000000000, 5.74943764552335779]
    [-0.46841400861692029, 0.00000067123419095, -0.00000000000000000, 246.09011676134630875]
    [0.00000000000000000, 0.00000000000000000, -0.46841400861740118, 71.60789699999999414]
  #39 objects/buildingsets/human/utilitarian/ugf/ext/struct/bg/greeble/ugf_ext_struct_bg_greeble_i.cgf
    [-0.00000129690977816, 0.00000201448391806, 0.90503540513930492, 35.82692641462301708]
    [-0.90503540514154690, -0.00000000000288666, -0.00000129690977806, 263.37496166052062563]
    [0.00000000000000000, -0.90503540514023417, 0.00000201448391811, 45.14159699999999731]
  #40 objects/buildingsets/human/station/utilitarian/addon/antennas/addon_antenna_sml_007_a.cgf
    [-0.99999999999897349, 0.00000000000000000, -0.00000143299341743, -43.82143341270796100]
    [0.00000143299341743, -0.00000000000000011, -0.99999999999897338, 241.16463679607326753]
    [0.00000000000000000, -1.00000000000000022, -0.00000000000000011, 38.93402700000000038]
  #41 objects/buildingsets/human/utilitarian/ugf/ext/struct/bg/greeble/ugf_ext_struct_bg_greeble_i.cgf
    [-0.00000134551974012, -0.00000060104607827, -0.93895737663328982, 51.74234955232788025]
    [-0.93895737663348222, 0.00000000000086117, 0.00000134551974001, -257.11752814671029910]
    [0.00000000000000005, 0.93895737663425394, -0.00000060104607843, 39.17433799999999877]
  #42 objects/buildingsets/human/utilitarian/ugf/ext/struct/bg/greeble/ugf_ext_struct_bg_greeble_d.cgf
    [0.00000249349951767, 0.00000610084973721, 1.74006348349322715, -50.76099881291372640]
    [1.74006348350392237, -0.00000000000874243, -0.00000249349951777, 261.12271974044546141]
    [-0.00000000000000010, 1.74006348349501372, -0.00000610084973740, 39.17434000000000083]
  #43 objects/buildingsets/human/station/utilitarian/addon/addon_greeble_20.cgf
    [0.00000028659868775, -0.20000000298002693, 0.00000000000000000, -50.89892584120832453]
    [0.20000000298002693, 0.00000028659868775, 0.00000000000000000, 243.65697693807598512]
    [0.00000000000000000, 0.00000000000000000, 0.20000000298023227, 39.17433199999999971]
  #44 objects/buildingsets/human/utilitarian/ugf/ext/struct/bg/greeble/ugf_ext_struct_bg_greeble_d.cgf
    [0.00000249349951767, 0.00000610084973721, 1.74006348349322715, 51.12644918698606489]
    [1.74006348350392237, -0.00000000000874243, -0.00000249349951777, 261.12257673640311850]
    [-0.00000000000000010, 1.74006348349501372, -0.00000610084973740, 39.17434000000000083]
  #45 objects/buildingsets/human/station/utilitarian/debris/ext_debris_structure_006_a.cgf
    [0.00000067123350955, 0.46800588169067120, 0.01953798224887496, 24.99396390960436065]
    [0.46841353315998446, -0.00000067064934782, -0.00000002799779995, -227.55891081641942719]
    [0.00000000000000000, 0.01953798224889502, -0.46800588169115181, 83.80262399999999445]
  #46 objects/buildingsets/human/station/utilitarian/debris/ext_debris_tangled_001_a.cgf
    [-0.46841440840525289, 0.00000097107653538, 0.00000000000000000, 62.41507815968805062]
    [0.00000097107653538, 0.46841440840525272, 0.00000000000000000, 200.39144655980959442]
    [0.00000000000000000, 0.00000000000000000, -0.46841440840625953, 38.32502600000000115]
  #47 objects/buildingsets/human/utilitarian/ugf/ext/struct/bg/greeble/ugf_ext_struct_bg_greeble_i.cgf
    [0.00000134552031421, 0.00000329208696330, 0.93895777732749619, -51.74234955233077926]
    [0.93895777733326735, -0.00000000000471741, -0.00000134552031411, 257.11752614671030415]
    [0.00000000000000000, 0.93895777732846020, -0.00000329208696325, 39.17433799999999877]
  #48 objects/buildingsets/human/utilitarian/ugf/ext/struct/bg/greeble/ugf_ext_struct_bg_greeble_d.cgf
    [-0.00000249349845396, -0.00000111385022624, -1.74006274093230151, -51.12644918698470065]
    [-1.74006274093265811, 0.00000000000159591, 0.00000249349845377, -261.12257573640289365]
    [0.00000000000000010, 1.74006274093408808, -0.00000111385022652, 39.17434000000000083]
  #49 objects/buildingsets/human/utilitarian/ugf/ext/struct/bg/greeble/ugf_ext_struct_bg_greeble_i.cgf
    [0.00000134552031421, 0.00000329208696330, 0.93895777732749619, -51.74235372654322873]
    [0.93895777733326735, -0.00000000000471741, -0.00000134552031411, 252.80891414671202710]
    [0.00000000000000000, 0.93895777732846020, -0.00000329208696325, 39.17433599999999672]
  #50 objects/buildingsets/human/station/utilitarian/addon/antennas/addon_antenna_sml_007_a.cgf
    [-0.99999999999897349, 0.00000000000000000, -0.00000143299341743, -42.14948558728133321]
    [0.00000143299341743, -0.00000000000000011, -0.99999999999897338, -241.16456760031218209]
    [0.00000000000000000, -1.00000000000000022, -0.00000000000000011, 38.93400299999999703]
  #51 objects/buildingsets/human/station/utilitarian/debris/ext_debris_beam_001_b.cgf
    [-1.00000085349251799, 0.00000207311591374, 0.00000000000000000, 60.35525405401290300]
    [0.00000207311591374, 1.00000085349251755, 0.00000000000000000, -240.01928048892813194]
    [0.00000000000000000, 0.00000000000000000, -1.00000085349466694, 37.58505000000000251]
  #52 objects/buildingsets/human/station/utilitarian/addon/addon_greeble_20.cgf
    [-0.00000028659868777, 0.20000000298002693, 0.00000000000000000, -50.98852215869004567]
    [-0.20000000298002693, -0.00000028659868777, -0.00000000000000000, -243.65683293403350262]
    [-0.00000000000000000, 0.00000000000000000, 0.20000000298023227, 39.17433199999999971]
  #53 objects/buildingsets/human/station/utilitarian/debris/ext_debris_beam_001_c.cgf
    [1.00000085349435208, -0.00000079287336722, 0.00000000000000000, 60.89297494587117399]
    [-0.00000079287336722, -1.00000085349435297, -0.00000000000000000, 240.01911274101416893]
    [0.00000000000000000, 0.00000000000000000, -1.00000085349466739, 37.58505000000000251]
  #54 objects/buildingsets/human/utilitarian/ugf/ext/struct/bg/greeble/ugf_ext_struct_bg_greeble_d.cgf
    [-0.00000249349845396, -0.00000111385022624, -1.74006274093230151, 50.76099881291077054]
    [-1.74006274093265811, 0.00000000000159591, 0.00000249349845377, -261.12272174044522899]
    [0.00000000000000010, 1.74006274093408808, -0.00000111385022652, 39.17434000000000083]
  #55 objects/buildingsets/human/utilitarian/ugf/ext/struct/bg/greeble/ugf_ext_struct_bg_greeble_i.cgf
    [-0.00000129690977816, 0.00000201448391806, 0.90503540513930492, 37.88942641462097072]
    [-0.90503540514154690, -0.00000000000288666, -0.00000129690977806, 263.37495870497173200]
    [0.00000000000000000, -0.90503540514023417, 0.00000201448391811, 45.14159599999999983]
