# IncludedObjects
# Cgfs: 12, Materials: 1, Palettes: 2, Placements: 29

[CGFs]
      0: data/objects/buildingsets/human/station/utilitarian/addon/tanks/addon_tanks_med_001_a.cgf
      1: objects/buildingsets/human/station/utilitarian/util_001/001_armsml_spine_008_a_dmg_b.cgf
      2: objects/buildingsets/human/station/utilitarian/addon/antennas/addon_antenna_sml_007_a.cgf
      3: objects/buildingsets/human/station/utilitarian/addon/addon_greeble_01_mirror.cgf
      4: data/objects/buildingsets/human/colonialism/col_a/ext/addons/liquid_storage/col_a_liquidstorage_tank_frame_a.cgf
      5: objects/buildingsets/human/station/utilitarian/addon/addon_gen_sml_cmpnt_b_lft.cgf
      6: objects/buildingsets/human/station/utilitarian/addon/addon_suspension_fixings_med_005_a.cgf
      7: objects/buildingsets/human/station/utilitarian/util_001/001_armsml_spine_008_c.cgf
      8: data/objects/buildingsets/human/station/utilitarian/mining/001_fin_lrg_001_a_dmg_b.cgf
      9: objects/buildingsets/human/station/utilitarian/util_001/001_armsml_spine_004_a_dmg_a.cgf
     10: objects/buildingsets/human/station/utilitarian/util_001/001_armsml_spine_007_a.cgf
     11: data/objects/buildingsets/human/station/utilitarian/util_001/001_armsml_spine_008_a.cgf

[Materials]
      0: objects/buildingsets/human/station/utilitarian/station_util_rundown_a

[Palettes]
      0: Libs/Foundry/Records/TintPalettes/Generic/gen_grey_orange_rust
      1: Libs/Foundry/Records/TintPalettes/Generic/gen_grey_orange_rust<111>

[Placements]
  #0 data/objects/buildingsets/human/station/utilitarian/addon/tanks/addon_tanks_med_001_a.cgf
    [-0.00000025859544358, 0.00000000000000000, 0.40397917582636611, 31.42250199999989491]
    [0.00000000000000000, 0.40397917582644888, 0.00000000000000000, 7.55839200000082201]
    [-0.40397917582636611, 0.00000000000000000, -0.00000025859544358, 14.92305399999999338]
  #1 data/objects/buildingsets/human/station/utilitarian/addon/tanks/addon_tanks_med_001_a.cgf
    [0.00000000000000006, 0.00000000000000000, 0.54215097427368153, 0.50000000000000000]
    [-0.54215097427368153, 0.00000000000000000, 0.00000000000000000, 3.00000000000000000]
    [0.00000000000000006, -0.54215097427368153, 0.00000000000000006, -10.00000000000000000]
  #2 objects/buildingsets/human/station/utilitarian/util_001/001_armsml_spine_008_a_dmg_b.cgf
    [-0.00000025675583467, -0.00000000000000000, -0.40110532900851781, 3.11121699999989687]
    [0.00000000000000000, -0.40110532900859996, 0.00000000000000000, -0.39408999999977823]
    [-0.40110532900851781, 0.00000000000000000, 0.00000025675583467, 41.87389200000001210]
  #3 objects/buildingsets/human/station/utilitarian/addon/antennas/addon_antenna_sml_007_a.cgf
    [-0.00000025859555394, -0.40397934822325493, 0.00000000000000000, -18.50000000000000000]
    [-0.40397934822325493, 0.00000025859555394, 0.00000000000000000, -2.00000000000000000]
    [-0.00000000000000000, 0.00000000000000000, -0.40397934822333770, -15.00000000000000000]
  #4 objects/buildingsets/human/station/utilitarian/addon/addon_greeble_01_mirror.cgf
    [-0.50860442416876539, 0.00000000000000000, 0.00000000000000000, 3.42250199999989491]
    [0.00000000000000000, 0.00000032556823357, -0.50860442416866125, -16.44160799999917799]
    [-0.00000000000000000, -0.50860442416866125, -0.00000032556823357, -97.07695900000000222]
  #5 data/objects/buildingsets/human/colonialism/col_a/ext/addons/liquid_storage/col_a_liquidstorage_tank_frame_a.cgf
    [2.51794517204530832, 0.00000000000000000, 0.00000000000000000, 0.50000000000000000]
    [0.00000000000000000, -0.00000161178889431, -2.51794517204479273, -11.00000000000000000]
    [0.00000000000000000, 2.51794517204479273, -0.00000161178889431, 22.00000000000000000]
  #6 objects/buildingsets/human/station/utilitarian/addon/addon_gen_sml_cmpnt_b_lft.cgf
    [0.00000000000000000, 1.00000000000000000, 0.00000000000000000, -0.57749800000010509]
    [0.00000000000000000, 0.00000000000000000, -1.00000000000000000, -6.44160799999917799]
    [-1.00000000000000000, 0.00000000000000000, 0.00000000000000000, 18.92304099999999778]
  #7 data/objects/buildingsets/human/station/utilitarian/addon/tanks/addon_tanks_med_001_a.cgf
    [0.00000000000000006, 0.00000000000000000, 0.54215097427368153, 0.50000000000000000]
    [-0.54215097427368153, 0.00000000000000000, 0.00000000000000000, 3.00000000000000000]
    [0.00000000000000006, -0.54215097427368153, 0.00000000000000006, 22.00000000000000000]
  #8 objects/buildingsets/human/station/utilitarian/addon/addon_suspension_fixings_med_005_a.cgf
    [-0.00000032556809487, -0.00000000000000000, -0.50860420712335741, -12.57749800000010509]
    [0.00000000000000000, 0.50860420712346155, -0.00000000000000000, -16.44160799999917799]
    [0.50860420712335741, 0.00000000000000000, -0.00000032556809487, 2.92304099999999778]
  #9 data/objects/buildingsets/human/colonialism/col_a/ext/addons/liquid_storage/col_a_liquidstorage_tank_frame_a.cgf
    [2.51794517204530832, 0.00000000000000000, 0.00000000000000000, 0.50000000000000000]
    [0.00000000000000000, -0.00000161178889431, -2.51794517204479273, -11.00000000000000000]
    [0.00000000000000000, 2.51794517204479273, -0.00000161178889431, -42.00000000000000000]
  #10 objects/buildingsets/human/station/utilitarian/addon/antennas/addon_antenna_sml_007_a.cgf
    [-0.00000025859555394, -0.40397934822325493, 0.00000000000000000, -18.50000000000000000]
    [-0.40397934822325493, 0.00000025859555394, 0.00000000000000000, -2.00000000000000000]
    [-0.00000000000000000, 0.00000000000000000, -0.40397934822333770, -37.00000000000000000]
  #11 objects/buildingsets/human/station/utilitarian/util_001/001_armsml_spine_008_c.cgf
    [0.00000000000000000, -0.32777100801467896, 0.00000000000000000, 11.11121699999989687]
    [0.00000000000000000, 0.00000000000000000, -0.32777100801467896, 7.60590899999988324]
    [0.32777100801467896, 0.00000000000000000, 0.00000000000000000, -94.12611099999999453]
  #12 objects/buildingsets/human/station/utilitarian/addon/antennas/addon_antenna_sml_007_a.cgf
    [-0.00000025859555394, -0.40397934822325493, 0.00000000000000000, -18.50000000000000000]
    [-0.40397934822325493, 0.00000025859555394, 0.00000000000000000, -2.00000000000000000]
    [-0.00000000000000000, 0.00000000000000000, -0.40397934822333770, -47.00000000000000000]
  #13 objects/buildingsets/human/station/utilitarian/util_001/001_armsml_spine_008_c.cgf
    [0.00000000000000000, -0.32777100801467896, 0.00000000000000000, 11.11121699999989687]
    [0.00000000000000000, 0.00000000000000000, -0.32777100801467896, 7.60590899999988324]
    [0.32777100801467896, 0.00000000000000000, 0.00000000000000000, -2.12611099999999453]
  #14 data/objects/buildingsets/human/station/utilitarian/addon/tanks/addon_tanks_med_001_a.cgf
    [0.00000000000000006, 0.00000000000000000, 0.54215097427368153, 0.50000000000000000]
    [-0.54215097427368153, 0.00000000000000000, 0.00000000000000000, 3.00000000000000000]
    [0.00000000000000006, -0.54215097427368153, 0.00000000000000006, -42.00000000000000000]
  #15 data/objects/buildingsets/human/station/utilitarian/mining/001_fin_lrg_001_a_dmg_b.cgf
    [0.22317799925804141, 0.00000000000000000, 0.00000000000000000, 6.50000000000000000]
    [0.00000000000000000, -0.22317799925804141, 0.00000000000000000, -19.00000000000000000]
    [0.00000000000000000, 0.00000000000000000, -0.22317799925804141, 23.00000000000000000]
  #16 objects/buildingsets/human/station/utilitarian/addon/antennas/addon_antenna_sml_007_a.cgf
    [-0.00000025859555394, -0.40397934822325493, 0.00000000000000000, -18.50000000000000000]
    [-0.40397934822325493, 0.00000025859555394, 0.00000000000000000, -2.00000000000000000]
    [-0.00000000000000000, 0.00000000000000000, -0.40397934822333770, 27.00000000000000000]
  #17 objects/buildingsets/human/station/utilitarian/util_001/001_armsml_spine_004_a_dmg_a.cgf
    [-0.00000037925649794, -0.00000000000000000, -0.59247651599756435, -8.88878300000010313]
    [0.00000000000000000, -0.59247651599768569, 0.00000000000000000, -0.39409100000011676]
    [-0.59247651599756435, 0.00000000000000000, 0.00000037925649794, 61.87388899999999126]
  #18 objects/buildingsets/human/station/utilitarian/addon/antennas/addon_antenna_sml_007_a.cgf
    [-0.00000025859555394, -0.40397934822325493, 0.00000000000000000, -18.50000000000000000]
    [-0.40397934822325493, 0.00000025859555394, 0.00000000000000000, -2.00000000000000000]
    [-0.00000000000000000, 0.00000000000000000, -0.40397934822333770, 17.00000000000000000]
  #19 objects/buildingsets/human/station/utilitarian/util_001/001_armsml_spine_007_a.cgf
    [-0.00000025675572510, -0.00000000000000000, -0.40110515783810741, 3.11121699999989687]
    [0.00000000000000000, 0.40110515783818956, -0.00000000000000000, -0.24292799999966519]
    [0.40110515783810741, 0.00000000000000000, -0.00000025675572510, 41.87389200000001210]
  #20 objects/buildingsets/human/station/utilitarian/util_001/001_armsml_spine_007_a.cgf
    [0.00000000000000000, -0.40110498666763311, 0.00000000000000000, 11.11121699999989687]
    [0.00000000000000000, 0.00000000000000000, -0.40110498666763311, 7.60590899999988324]
    [0.40110498666763311, 0.00000000000000000, 0.00000000000000000, -98.12611099999999453]
  #21 objects/buildingsets/human/station/utilitarian/addon/addon_gen_sml_cmpnt_b_lft.cgf
    [0.00000000000000000, 1.00000000000000000, 0.00000000000000000, -10.57749800000010509]
    [0.00000000000000000, 0.00000000000000000, -1.00000000000000000, -6.44160799999917799]
    [-1.00000000000000000, 0.00000000000000000, 0.00000000000000000, 18.92304099999999778]
  #22 objects/buildingsets/human/station/utilitarian/util_001/001_armsml_spine_007_a.cgf
    [0.00000000000000000, 0.40110498666763311, 0.00000000000000000, 11.11121699999989687]
    [0.00000000000000000, 0.00000000000000000, -0.40110498666763311, 7.60591000000022177]
    [-0.40110498666763311, 0.00000000000000000, 0.00000000000000000, 61.87389200000001210]
  #23 data/objects/buildingsets/human/station/utilitarian/util_001/001_armsml_spine_008_a.cgf
    [0.00000000000000000, -0.40110498666763311, 0.00000000000000000, 11.11121699999989687]
    [0.00000000000000000, 0.00000000000000000, -0.40110498666763311, 7.60590899999988324]
    [0.40110498666763311, 0.00000000000000000, 0.00000000000000000, 61.87388899999999126]
  #24 data/objects/buildingsets/human/colonialism/col_a/ext/addons/liquid_storage/col_a_liquidstorage_tank_frame_a.cgf
    [2.51794517204530832, 0.00000000000000000, 0.00000000000000000, 0.50000000000000000]
    [0.00000000000000000, -0.00000161178889431, -2.51794517204479273, -11.00000000000000000]
    [0.00000000000000000, 2.51794517204479273, -0.00000161178889431, -10.00000000000000000]
  #25 objects/buildingsets/human/station/utilitarian/addon/antennas/addon_antenna_sml_007_a.cgf
    [-0.00000025859555394, -0.40397934822325493, 0.00000000000000000, -18.50000000000000000]
    [-0.40397934822325493, 0.00000025859555394, 0.00000000000000000, -2.00000000000000000]
    [-0.00000000000000000, 0.00000000000000000, -0.40397934822333770, -5.00000000000000000]
  #26 objects/buildingsets/human/station/utilitarian/util_001/001_armsml_spine_008_c.cgf
    [0.00000000000000000, -0.47364598512649536, 0.00000000000000000, 11.11121699999989687]
    [0.00000000000000000, 0.00000000000000000, -0.47364598512649536, 24.60590899999988324]
    [0.47364598512649536, 0.00000000000000000, 0.00000000000000000, -4.12611099999999453]
  #27 data/objects/buildingsets/human/station/utilitarian/addon/tanks/addon_tanks_med_001_a.cgf
    [-0.00000025859544358, 0.00000000000000000, 0.40397917582636611, 31.42250199999989491]
    [0.00000000000000000, 0.40397917582644888, 0.00000000000000000, 7.55839200000082201]
    [-0.40397917582636611, 0.00000000000000000, -0.00000025859544358, -35.07690000000000197]
  #28 objects/buildingsets/human/station/utilitarian/util_001/001_armsml_spine_008_c.cgf
    [0.00000000000000000, -0.29809200763702393, 0.00000000000000000, 11.11121699999989687]
    [0.00000000000000000, 0.00000000000000000, -0.29809200763702393, 6.60590899999988324]
    [0.29809200763702393, 0.00000000000000000, 0.00000000000000000, 68.87388899999999126]
