# IncludedObjects
# Cgfs: 48, Materials: 11, Palettes: 1, Placements: 257

[CGFs]
      0: objects/buildingsets/human/hightech/prop/light/flood_light/flood_light_frame_a.cgf
      1: objects/buildingsets/human/lowtech/prop/utilitarian/structure/structure_post_8_a.cgf
      2: objects/buildingsets/human/lowtech/prop/light/light_hazard_2_b.cgf
      3: objects/buildingsets/human/hightech/prop/machine/generator/generator_mobile_1_a.cgf
      4: objects/buildingsets/human/lowtech/prop/maintenance/trolley/trolley_mobile_1_a.cgf
      5: objects/buildingsets/human/lowtech/bravo/int/prop/light/light_cold_floor_b.cgf
      6: objects/buildingsets/human/lowtech/bravo/int/cable/cable_straight_08x01x02_e.cgf
      7: objects/buildingsets/human/universal/prop/tech/laptop/laptop_cased_1_open_a.cgf
      8: objects/buildingsets/human/lowtech/prop/light/light_landing_2_a.cgf
      9: objects/buildingsets/human/lowtech/prop/storage/container/container_dry_2_025x05x025_a.cgf
     10: objects/buildingsets/human/hightech/prop/storage/crate/crate_dry_1_0125x0125x0125_a.cgf
     11: objects/buildingsets/human/lowtech/alpha/ext/prop/shipping_container_yellow.cgf
     12: objects/buildingsets/human/lowtech/prop/light/light_hazard_2_d.cgf
     13: objects/planet/manmade/mining/mining_structure_set_01/mining_structure_tower_01.cgf
     14: objects/buildingsets/human/hightech/delta/ext/outpost/base/base_floor_14x14x02_a.cgf
     15: objects/buildingsets/human/lowtech/alpha/ext/prop/shipping_container_1_025x05x025_a.cgf
     16: objects/buildingsets/human/universal/prop/food/jar/jar_glass_1_berries_d.cgf
     17: objects/buildingsets/human/universal/prop/food/mre/food_ration_pack_b.cgf
     18: objects/buildingsets/human/hightech/prop/storage/pallet/pallet_01_018_0016_a.cgf
     19: objects/buildingsets/human/universal/prop/dressing/stationery/stationery_pen_1_b.cgf
     20: objects/buildingsets/human/universal/prop/dressing/stationery/stationery_postnote_3_a.cgf
     21: objects/buildingsets/human/hightech/prop/furniture/locker/locker_personal_1_closed_a.cgf
     22: objects/buildingsets/human/hightech/prop/storage/crate/crate_dry_1_stack_01.cgf
     23: objects/buildingsets/human/hightech/prop/storage/crate/crate_dry_1_01x005x005_a.cgf
     24: objects/buildingsets/human/hightech/prop/storage/crate/crate_dry_1_015x0075x0075_a.cgf
     25: objects/buildingsets/human/hightech/prop/tech/datapad/datapad_tablet_2_noscreen_a.cgf
     26: objects/buildingsets/human/universal/prop/dressing/stationery/stationery_postnote_1_a.cgf
     27: objects/buildingsets/human/hightech/prop/storage/crate/crate_016x008x008_open_c.cgf
     28: objects/buildingsets/human/hightech/prop/storage/pallet/pallet_shipping_1_025x0125x00125_a.cgf
     29: objects/buildingsets/human/hightech/prop/storage/crate/crate_01x005x005_a.cgf
     30: objects/buildingsets/human/hightech/prop/storage/crate/crate_dry_1_0125x00625x00625_a.cgf
     31: objects/buildingsets/human/hightech/prop/storage/crate/crate_dry_1_stack_03.cgf
     32: objects/buildingsets/human/universal/prop/dressing/stationery/stationery_postnote_3_c.cgf
     33: objects/buildingsets/human/hightech/prop/storage/crate/crate_dry_1_stack_02.cgf
     34: objects/buildingsets/human/universal/prop/toolbox/box_toolbox_1_a_075x0375x0375.cgf
     35: objects/buildingsets/human/hightech/prop/storage/crate/crate_dry_1_0125x0125x0125_stack_a.cgf
     36: objects/buildingsets/human/lowtech/prop/storage/container/container_dry_3_025x05x025_a.cgf
     37: objects/buildingsets/human/lowtech/bravo/int/cable/cable_curved_02x01x02_a.cgf
     38: objects/buildingsets/human/lowtech/prop/storage/container/container_dry_3_025x025x025_a.cgf
     39: objects/buildingsets/human/lowtech/prop/storage/crate/crate_weapon_4_015x0075x0075_a.cgf
     40: objects/buildingsets/human/lowtech/prop/utilitarian/structure/structure_post_3_a.cgf
     41: objects/buildingsets/human/lowtech/prop/utilitarian/machine/machine_forklift_1_a.cgf
     42: objects/buildingsets/human/lowtech/prop/storage/drum/drum_dry_1_a.cgf
     43: objects/planet/manmade/mining/mining_structure_set_01/mining_structure_tank_01.cgf
     44: objects/buildingsets/human/lowtech/prop/utilitarian/storage/storage_container_1_025x075x025_a.cgf
     45: objects/buildingsets/human/lowtech/bravo/ext/hero/storage_tower_a.cgf
     46: objects/buildingsets/human/lowtech/prop/utilitarian/machine/machine_sledge_1_a.cgf
     47: objects/buildingsets/human/lowtech/prop/light/light_hung_4_box_b.cgf

[Materials]
      0: materials/decals/frost/frost_square_a
      1: objects/buildingsets/human/lowtech/alpha/ext/prop/shipping_container_grey_a
      2: objects/buildingsets/human/lowtech/alpha/ext/prop/shipping_container_red_a
      3: materials/decals/frost/frost_streak_b
      4: materials/decals/tracks/tyre_track_a
      5: objects/buildingsets/human/lowtech/alpha/ext/prop/shipping_container_white_a
      6: objects/buildingsets/human/lowtech/alpha/ext/prop/shipping_container_orange_a
      7: objects/buildingsets/human/hightech/prop/hightech_prop_main_a
      8: materials/decals/dust/dust_generic_terrain_01_yellow
      9: materials/decals/dust/dust_generic_terrain_01_green
     10: objects/buildingsets/human/lowtech/bravo/ext/lowtech_bravo_ext_hurston_a

[Palettes]
      0: Libs/Foundry/Records/TintPalettes/default

[Placements]
  #0 objects/buildingsets/human/hightech/prop/light/flood_light/flood_light_frame_a.cgf
    [0.99999996942109437, 0.00000001556051850, 0.00000001524935050, 31.78661470720544457]
    [-0.00000001556051821, 0.99999996942109426, -0.00000001892810274, -49.50630901101976633]
    [-0.00000001524935080, 0.00000001892810250, 0.99999996942109426, -0.34588302797055803]
  #1 objects/buildingsets/human/lowtech/prop/utilitarian/structure/structure_post_8_a.cgf
    [0.68199824254731156, 0.73135107841483782, -0.00000009471258356, 42.95554248460393865]
    [-0.73135107841478653, 0.68199824254730357, 0.00000030795544560, -107.50216346999513917]
    [0.00000028981794202, -0.00000014075720388, 0.99999800136603911, 0.63187824682972860]
  #2 objects/buildingsets/human/lowtech/prop/light/light_hazard_2_b.cgf
    [0.68199824254731156, 0.73135107841483782, -0.00000009471258356, 43.06655110935389530]
    [-0.73135107841478653, 0.68199824254730357, 0.00000030795544560, -107.62120351483463310]
    [0.00000028981794202, -0.00000014075720388, 0.99999800136603911, 8.58954510865441989]
  #3 objects/buildingsets/human/hightech/prop/machine/generator/generator_mobile_1_a.cgf
    [-0.76178561357217578, -0.64332615104244262, -0.07625050403985251, 69.99296755132672843]
    [0.64489562287657687, -0.74187627248869736, -0.18365519034282568, 19.88273372035473585]
    [0.06158174710128988, -0.18907949843952906, 0.98002889177858399, 1.57409052074945066]
  #4 objects/buildingsets/human/lowtech/prop/maintenance/trolley/trolley_mobile_1_a.cgf
    [-0.76178561357217578, -0.64332615104244262, -0.07625050403985251, 70.40446494572097436]
    [0.64489562287657687, -0.74187627248869736, -0.18365519034282568, 20.47843281764653511]
    [0.06158174710128988, -0.18907949843952906, 0.98002889177858399, 1.13414386915974319]
  #5 objects/buildingsets/human/hightech/prop/machine/generator/generator_mobile_1_a.cgf
    [-0.76178561357217578, -0.64332615104244262, -0.07625050403985251, 70.81518771579430904]
    [0.64489562287657687, -0.74187627248869736, -0.18365519034282568, 20.83090945941512473]
    [0.06158174710128988, -0.18907949843952906, 0.98002889177858399, 1.81574812220060267]
  #6 objects/buildingsets/human/lowtech/bravo/int/prop/light/light_cold_floor_b.cgf
    [0.98743387694477169, -0.15491060161345052, -0.03125666460197584, -13.01056852353212889]
    [0.15626247360430948, 0.98660558853432823, 0.04681225190437178, 2.24158800367149524]
    [0.02358628663745251, -0.05110824877702912, 0.99841452758965066, -0.27909768917015754]
  #7 objects/buildingsets/human/hightech/prop/machine/generator/generator_mobile_1_a.cgf
    [-0.99748982002911446, -0.05300858820381776, -0.04686660370554525, -11.56517917331075296]
    [0.05232846482709483, -0.99850388159344472, 0.01562242745648809, 2.50939157107495703]
    [-0.04762479118163201, 0.01313080528497038, 0.99877514548843460, 0.27499063176219352]
  #8 objects/buildingsets/human/lowtech/prop/maintenance/trolley/trolley_mobile_1_a.cgf
    [-0.99748982002911446, -0.05300858820381776, -0.04686660370554525, -11.54881360217405017]
    [0.05232846482709483, -0.99850388159344472, 0.01562242745648809, 3.12528240738902241]
    [-0.04762479118163201, 0.01313080528497038, 0.99877514548843460, -0.30651215779653285]
  #9 objects/buildingsets/human/hightech/prop/machine/generator/generator_mobile_1_a.cgf
    [-0.99748982002911446, -0.05300858820381776, -0.04686660370554525, -11.49743082774512004]
    [0.05232846482709483, -0.99850388159344472, 0.01562242745648809, 3.78555657010292634]
    [-0.04762479118163201, 0.01313080528497038, 0.99877514548843460, 0.25820823553658556]
  #10 objects/buildingsets/human/lowtech/bravo/int/cable/cable_straight_08x01x02_e.cgf
    [-0.14416310441151478, 0.08119667900189673, -0.01929527767737709, -12.40560110272781458]
    [-0.08327888319448667, -0.14247713664394107, 0.02265176025769850, 1.47359588628751226]
    [-0.00546223722143113, 0.02925019569090348, 0.16389874652275438, 0.26367926539387554]
  #11 objects/buildingsets/human/universal/prop/tech/laptop/laptop_cased_1_open_a.cgf
    [-0.66784848654137163, -0.74281495267251740, -0.04686707471508801, -12.69370188405446243]
    [0.74305109989886131, -0.66904647360339220, 0.01562231352209329, 1.50394670356763527]
    [-0.04296090717520446, -0.02439138837408988, 0.99877504885218893, 0.20897613638953771]
  #12 objects/buildingsets/human/lowtech/prop/light/light_landing_2_a.cgf
    [0.99987748703220314, -0.00146081733930160, 0.01558417967710843, 6.07485360786085948]
    [-0.00000015426668326, 0.99563448562778378, 0.09333788483791287, 1.43530433269916102]
    [-0.01565249639780842, -0.09332645262057526, 0.99551251238501115, -0.16048091414268129]
  #13 objects/buildingsets/human/lowtech/prop/storage/container/container_dry_2_025x05x025_a.cgf
    [0.00000014239847067, -1.00000087549088756, 0.00000013499701546, 62.39669930690433830]
    [1.00000087549075589, 0.00000014239854228, 0.00000053053537435, -18.75683611896238290]
    [-0.00000053053539357, 0.00000013499693991, 1.00000087549075700, 2.78859907505102456]
  #14 objects/buildingsets/human/hightech/prop/storage/crate/crate_dry_1_0125x0125x0125_a.cgf
    [0.00000013438848925, 1.00000010921725457, -0.00000055177808350, 61.89670221676351503]
    [-1.00000010921731519, 0.00000013438872561, 0.00000042827026197, -25.00683943720650859]
    [0.00000042827033612, 0.00000055177802595, 1.00000010921717153, 0.28859986255702097]
  #15 objects/buildingsets/human/lowtech/alpha/ext/prop/shipping_container_yellow.cgf
    [0.00000001911571428, 1.00000032760754376, -0.00000040763284658, 61.14670276662218384]
    [-1.00000032760753577, 0.00000001911588825, 0.00000042686676140, -28.75684108334826306]
    [0.00000042686676919, 0.00000040763283842, 1.00000032760745228, 0.28860082467144821]
  #16 objects/buildingsets/human/lowtech/alpha/ext/prop/shipping_container_yellow.cgf
    [0.00000001911571428, 1.00000032760754376, -0.00000040763284658, 61.14669986086664721]
    [-1.00000032760753577, 0.00000001911588825, 0.00000042686676140, -21.75683751673204824]
    [0.00000042686676919, 0.00000040763283842, 1.00000032760745228, 2.78859979147091508]
  #17 objects/buildingsets/human/lowtech/alpha/ext/prop/shipping_container_yellow.cgf
    [0.00000014239847067, -1.00000087549088756, 0.00000013499701546, 61.14670198586827610]
    [1.00000087549075589, 0.00000014239854228, 0.00000053053537435, -21.75683818451943807]
    [-0.00000053053539357, 0.00000013499693991, 1.00000087549075700, 0.28859891396132298]
  #18 objects/buildingsets/human/lowtech/alpha/ext/prop/shipping_container_yellow.cgf
    [0.00000014239847067, -1.00000087549088756, 0.00000013499701546, 61.14670064166421071]
    [1.00000087549075589, 0.00000014239854228, 0.00000053053537435, -28.75684041556087323]
    [-0.00000053053539357, 0.00000013499693991, 1.00000087549075700, 2.78860170223924797]
  #19 objects/buildingsets/human/hightech/prop/storage/crate/crate_dry_1_0125x0125x0125_a.cgf
    [0.00000013438848925, 1.00000010921725457, -0.00000055177808350, 61.89670238411054015]
    [-1.00000010921731519, 0.00000013438872561, 0.00000042827026197, -26.50684005836956203]
    [0.00000042827033612, 0.00000055177802595, 1.00000010921717153, 0.28860027190239634]
  #20 objects/buildingsets/human/lowtech/alpha/ext/prop/shipping_container_yellow.cgf
    [0.00000001911571428, 1.00000032760754376, -0.00000040763284658, 61.14670165121788159]
    [-1.00000032760753577, 0.00000001911588825, 0.00000042686676140, -18.75683694219333120]
    [0.00000042686676919, 0.00000040763283842, 1.00000032760745228, 0.28859809521236457]
  #21 objects/buildingsets/human/hightech/prop/machine/generator/generator_mobile_1_a.cgf
    [-0.75524985746705797, -0.65525635102124535, -0.01538962212830833, 44.59466578834690154]
    [0.65476895685869629, -0.75321214683555271, -0.06284224869061902, -106.65942898479988798]
    [0.02958613116148271, -0.05753824408722662, 0.99790484743646490, 1.31614278547931463]
  #22 objects/buildingsets/human/lowtech/prop/maintenance/trolley/trolley_mobile_1_a.cgf
    [-0.75524985746705797, -0.65525635102124535, -0.01538962212830833, 44.97907749463047367]
    [0.65476895685869629, -0.75321214683555271, -0.06284224869061902, -106.12532959654345177]
    [0.02958613116148271, -0.05753824408722662, 0.99790484743646490, 0.78256423196580727]
  #23 objects/buildingsets/human/hightech/prop/machine/generator/generator_mobile_1_a.cgf
    [-0.75524985746705797, -0.65525635102124535, -0.01538962212830833, 45.43213354825275019]
    [0.65476895685869629, -0.75321214683555271, -0.06284224869061902, -105.69676516001345590]
    [0.02958613116148271, -0.05753824408722662, 0.99790484743646490, 1.38968047470552847]
  #24 objects/buildingsets/human/lowtech/bravo/int/cable/cable_straight_08x01x02_e.cgf
    [-0.16496012982289085, -0.02315488827310169, 0.00066532961810928, 43.29507529814145528]
    [0.02313892925167078, -0.16448594018228269, 0.01254597071024262, -106.95886422425974160]
    [-0.00108695332316061, 0.01251649220174203, 0.16610415979457735, 1.28917881340021268]
  #25 objects/buildingsets/human/universal/prop/tech/laptop/laptop_cased_1_open_a.cgf
    [-0.07070606078012452, -0.99737852534515137, -0.01538950368167672, 43.08581176893494558]
    [0.99559301107926812, -0.06960983103765574, -0.06284213862771601, -106.75353139240178280]
    [0.06160613551711708, -0.01976500132861169, 0.99790487295303154, 1.25813701513106935]
  #26 objects/buildingsets/human/hightech/prop/light/flood_light/flood_light_frame_a.cgf
    [-0.00000012440536343, -1.00000014615539468, -0.00000051560546597, 36.12487261307251174]
    [1.00000014615550503, -0.00000012440547301, 0.00000021245375078, 13.49995177396340296]
    [-0.00000021245381493, -0.00000051560543954, 1.00000014615537958, -0.93520530189562123]
  #27 objects/buildingsets/human/lowtech/prop/utilitarian/structure/structure_post_8_a.cgf
    [0.00000074087199162, -0.99999997329256840, -0.00000011439023450, -67.49960678663046565]
    [0.99999997329254109, 0.00000074087202137, -0.00000025994504928, -0.24990013320348226]
    [0.00000025994513403, -0.00000011439004191, 0.99999997329280854, 0.24542321394255850]
  #28 objects/buildingsets/human/lowtech/prop/light/light_hazard_2_b.cgf
    [0.00000074087199162, -0.99999997329256840, -0.00000011439023450, -67.49960758886300027]
    [0.99999997329254109, 0.00000074087202137, -0.00000025994504928, -0.08713134712888859]
    [0.00000025994513403, -0.00000011439004191, 0.99999997329280854, 8.20310560146754142]
  #29 objects/buildingsets/human/lowtech/prop/light/light_hazard_2_d.cgf
    [-1.00000029318444383, 0.00000027676844728, -0.00000020960423705, 17.10968517765286379]
    [-0.00000027676855335, -1.00000029318433792, 0.00000050602276208, 36.10357023627148010]
    [-0.00000020960409700, 0.00000050602282010, 1.00000029318435368, 31.03380647307494655]
  #30 objects/planet/manmade/mining/mining_structure_set_01/mining_structure_tower_01.cgf
    [-0.00000014058828678, -1.00000016974548966, -0.00000039747523797, 17.12490714165323880]
    [1.00000016974549744, -0.00000014058843678, 0.00000037733522195, 37.49978782527614385]
    [-0.00000037733527783, -0.00000039747518492, 1.00000016974542838, -4.40442620287649333]
  #31 objects/buildingsets/human/lowtech/bravo/int/prop/light/light_cold_floor_b.cgf
    [0.88295672536511927, 0.46920495632832759, 0.01530532305777931, -71.24205419959616847]
    [-0.46941390901093133, 0.88283982201872790, 0.01563820672211087, 3.36224332038545981]
    [-0.00617462420297018, -0.02099239003397563, 0.99976062955143363, 0.39755082044575829]
  #32 objects/buildingsets/human/hightech/delta/ext/outpost/base/base_floor_14x14x02_a.cgf
    [-0.00000015374055257, 1.00000003430727369, 0.00000036445746753, 37.48875375177885871]
    [-1.00000003430729167, -0.00000015374043899, -0.00000031154411434, -31.07670465856790543]
    [-0.00000031154405831, -0.00000036445751542, 1.00000003430723661, -1.85007116280030459]
  #33 objects/buildingsets/human/lowtech/prop/storage/container/container_dry_2_025x05x025_a.cgf
    [-0.00000049682832741, 0.99999994443755635, 0.00000051523560272, 43.23875488252087962]
    [-0.99999994443764428, -0.00000049682817309, -0.00000029970371023, -43.07670745201176032]
    [-0.00000029970345424, -0.00000051523575162, 0.99999994443763462, 2.64992617223470006]
  #34 objects/buildingsets/human/lowtech/alpha/ext/prop/shipping_container_1_025x05x025_a.cgf
    [-0.00000049682832741, 0.99999994443755635, 0.00000051523560272, 46.98875567817594856]
    [-0.99999994443764428, -0.00000049682817309, -0.00000029970371023, -36.07670746865915135]
    [-0.00000029970345424, -0.00000051523575162, 0.99999994443763462, 0.14992381201591343]
  #35 objects/buildingsets/human/hightech/prop/storage/crate/crate_dry_1_0125x0125x0125_a.cgf
    [0.00000029726984089, -1.00000013381293207, 0.00000038746583129, 43.73875578214938287]
    [1.00000013381294162, 0.00000029726970044, -0.00000036223490162, -36.82670669149956666]
    [0.00000036223478644, 0.00000038746593897, 1.00000013381291031, 0.14992560219252482]
  #36 objects/buildingsets/human/lowtech/alpha/ext/prop/shipping_container_yellow.cgf
    [0.00000053063739195, -1.00000082817174629, 0.00000036792759663, 44.48875581560423598]
    [1.00000082817149671, 0.00000053063709885, -0.00000079668285910, -33.07670712994877249]
    [0.00000079668266386, 0.00000036792801938, 1.00000082817156954, 0.14992523327236995]
  #37 objects/buildingsets/human/lowtech/alpha/ext/prop/shipping_container_yellow.cgf
    [0.00000053063739195, -1.00000082817174629, 0.00000036792759663, 44.48875575127021875]
    [1.00000082817149671, 0.00000053063709885, -0.00000079668285910, -40.07670794732985087]
    [0.00000079668266386, 0.00000036792801938, 1.00000082817156954, 2.64992551716568414]
  #38 objects/buildingsets/human/lowtech/alpha/ext/prop/shipping_container_yellow.cgf
    [-0.00000049682832741, 0.99999994443755635, 0.00000051523560272, 44.48875720957585145]
    [-0.99999994443764428, -0.00000049682817309, -0.00000029970371023, -33.07670845449320041]
    [-0.00000029970345424, -0.00000051523575162, 0.99999994443763462, 2.64992560361861251]
  #39 objects/buildingsets/human/hightech/prop/storage/crate/crate_dry_1_0125x0125x0125_a.cgf
    [0.00000029726984089, -1.00000013381293207, 0.00000038746583129, 43.73875609466631431]
    [1.00000013381294162, 0.00000029726970044, -0.00000036223490162, -35.32670680017326958]
    [0.00000036223478644, 0.00000038746593897, 1.00000013381291031, 0.14992562064435333]
  #40 objects/buildingsets/human/lowtech/alpha/ext/prop/shipping_container_yellow.cgf
    [0.00000053063739195, -1.00000082817174629, 0.00000036792759663, 44.48875373229384422]
    [1.00000082817149671, 0.00000053063709885, -0.00000079668285910, -43.07670640549622476]
    [0.00000079668266386, 0.00000036792801938, 1.00000082817156954, 0.14992510975571349]
  #41 objects/buildingsets/human/universal/prop/food/jar/jar_glass_1_berries_d.cgf
    [-0.49969560525876333, 0.03489987519782462, -0.86549775320514510, 8.92335385098704137]
    [0.01744894917283806, 0.99939084382275445, 0.03022474917853613, -4.50049603788647801]
    [0.86602534389285735, 0.00000114802964635, -0.50000016374081335, 1.77294467185856774]
  #42 objects/buildingsets/human/universal/prop/food/jar/jar_glass_1_berries_d.cgf
    [-0.49969560525876333, 0.03489987519782462, -0.86549775320514510, 8.91462896870507393]
    [0.01744894917283806, 0.99939084382275445, 0.03022474917853613, -4.75034350459463894]
    [0.86602534389285735, 0.00000114802964635, -0.50000016374081335, 1.64794461950077675]
  #43 objects/buildingsets/human/universal/prop/food/mre/food_ration_pack_b.cgf
    [-0.99939094515725690, -0.03279441862525231, -0.01193765237276161, 13.09432043884589802]
    [0.03489959076251177, -0.93911982385075143, -0.34181313274155983, -6.54163569197407924]
    [-0.00000132302660319, -0.34202152747600806, 0.93969224613204216, -0.00836730875016656]
  #44 objects/buildingsets/human/universal/prop/tech/laptop/laptop_cased_1_open_a.cgf
    [-0.57350894629777283, -0.81905610820461072, 0.01531654414059207, -70.27303268236573786]
    [0.81915219921220350, -0.57357622938985620, 0.00000002774539310, -1.69652022584341466]
    [0.00878518283839266, 0.01254659662647549, 0.99988270305614524, 0.90939251435338520]
  #45 objects/buildingsets/human/hightech/prop/machine/generator/generator_mobile_1_a.cgf
    [-0.98469206817462207, -0.17362879123409924, 0.01531658423499040, -68.80637446166656446]
    [0.17364916870498429, -0.98480759046215827, 0.00000049219880425, 0.42200781477731653]
    [0.01508380277350108, 0.00266019675211010, 0.99988270625668163, 0.91567623520677444]
  #46 objects/buildingsets/human/lowtech/prop/maintenance/trolley/trolley_mobile_1_a.cgf
    [-0.98469206817462207, -0.17362879123409924, 0.01531658423499040, -68.97172245368710719]
    [0.17364916870498429, -0.98480759046215827, 0.00000049219880425, -0.21507685561664402]
    [0.01508380277350108, 0.00266019675211010, 0.99988270625668163, 0.34620228935091291]
  #47 objects/buildingsets/human/hightech/prop/machine/generator/generator_mobile_1_a.cgf
    [-0.98469206817462207, -0.17362879123409924, 0.01531658423499040, -69.02828488330123946]
    [0.17364916870498429, -0.98480759046215827, 0.00000049219880425, -0.83665255832602270]
    [0.01508380277350108, 0.00266019675211010, 0.99988270625668163, 0.91907657681440469]
  #48 objects/buildingsets/human/lowtech/bravo/int/cable/cable_straight_08x01x02_e.cgf
    [-0.15331854257697572, 0.06480131326055091, -0.00653082235038158, -69.98803471446444746]
    [-0.06508722006918417, -0.15184426165152515, 0.02134036845888491, -1.76266409410163760]
    [0.00234853667841994, 0.02219340762486307, 0.16507687412917346, 0.94569137642974965]
  #49 objects/buildingsets/human/hightech/prop/light/flood_light/flood_light_frame_a.cgf
    [0.99999996942109437, 0.00000001556051850, 0.00000001524935050, 72.12483329825045075]
    [-0.00000001556051821, 0.99999996942109426, -0.00000001892810274, -49.50624490709742531]
    [-0.00000001524935080, 0.00000001892810250, 0.99999996942109426, -0.63650318658619653]
  #50 objects/buildingsets/human/lowtech/prop/utilitarian/structure/structure_post_8_a.cgf
    [0.73135423337679772, -0.68199780276546418, -0.00000017275787354, 71.65912442575790919]
    [0.68199780276547750, 0.73135423337680527, 0.00000002681156015, 20.08871611050562933]
    [0.00000010806177610, -0.00000013742923697, 1.00000000882754181, 1.08698954845021944]
  #51 objects/buildingsets/human/universal/prop/food/jar/jar_glass_1_berries_d.cgf
    [-0.49969560525876333, 0.03489987519782462, -0.86549775320514510, 8.91462888072419446]
    [0.01744894917283806, 0.99939084382275445, 0.03022474917853613, -4.75034361754660495]
    [0.86602534389285735, 0.00000114802964635, -0.50000016374081335, 1.77294465599698015]
  #52 objects/buildingsets/human/lowtech/bravo/int/prop/light/light_cold_floor_b.cgf
    [0.88274706865311348, 0.46881300965453032, -0.03118038432209934, 10.68331996772030834]
    [-0.46941439407018781, 0.88283973168839147, -0.01563254283743666, -4.29198774808901362]
    [0.02019854023267244, 0.02843609914364528, 0.99939163936939102, -0.18515552111784928]
  #53 objects/buildingsets/human/hightech/prop/storage/crate/crate_dry_1_0125x0125x0125_a.cgf
    [0.99999996942109437, 0.00000001556051850, 0.00000001524935050, 63.89665305856033228]
    [-0.00000001556051821, 0.99999996942109426, -0.00000001892810274, -37.40486799294012599]
    [-0.00000001524935080, 0.00000001892810250, 0.99999996942109426, 0.11472835575114004]
  #54 objects/buildingsets/human/lowtech/alpha/ext/prop/shipping_container_yellow.cgf
    [-0.99999990787717918, -0.00000024848859499, -0.00000000686048464, 66.14665289864933584]
    [0.00000024848859601, -0.99999990787716819, -0.00000014797053699, -38.15486835112096742]
    [-0.00000000686044787, -0.00000014797053870, 0.99999990787719850, 2.61472834111191332]
  #55 objects/buildingsets/human/lowtech/alpha/ext/prop/shipping_container_yellow.cgf
    [-0.99999990787717918, -0.00000024848859499, -0.00000000686048464, 59.14665305768721737]
    [0.00000024848859601, -0.99999990787716819, -0.00000014797053699, -38.15486782364314422]
    [-0.00000000686044787, -0.00000014797053870, 0.99999990787719850, 0.11472809046972543]
  #56 objects/buildingsets/human/hightech/prop/storage/crate/crate_dry_1_0125x0125x0125_a.cgf
    [0.99999996942109437, 0.00000001556051850, 0.00000001524935050, 62.39665275928564370]
    [-0.00000001556051821, 0.99999996942109426, -0.00000001892810274, -37.40486741761560552]
    [-0.00000001524935080, 0.00000001892810250, 0.99999996942109426, 0.11472728694207035]
  #57 objects/buildingsets/human/lowtech/alpha/ext/prop/shipping_container_yellow.cgf
    [1.00000001782730030, 0.00000019204584095, 0.00000000463774391, 59.14665294508449733]
    [-0.00000019204584061, 1.00000001782729742, -0.00000007433707638, -38.15486810874426737]
    [-0.00000000463775818, 0.00000007433707549, 1.00000001782731585, 2.61472806929668877]
  #58 objects/buildingsets/human/lowtech/alpha/ext/prop/shipping_container_yellow.cgf
    [1.00000001782730030, 0.00000019204584095, 0.00000000463774391, 66.14665301126660779]
    [-0.00000019204584061, 1.00000001782729742, -0.00000007433707638, -38.15486806599074043]
    [-0.00000000463775818, 0.00000007433707549, 1.00000001782731585, 0.11472836238681339]
  #59 objects/buildingsets/human/lowtech/alpha/ext/prop/shipping_container_1_025x05x025_a.cgf
    [-0.99999990787717918, -0.00000024848859499, -0.00000000686048464, 63.14665292332938407]
    [0.00000024848859601, -0.99999990787716819, -0.00000014797053699, -40.65486794587923214]
    [-0.00000000686044787, -0.00000014797053870, 0.99999990787719850, 0.11472797657188494]
  #60 objects/buildingsets/human/lowtech/prop/storage/container/container_dry_2_025x05x025_a.cgf
    [-0.99999990787717918, -0.00000024848859499, -0.00000000686048464, 56.14665301881905179]
    [0.00000024848859601, -0.99999990787716819, -0.00000014797053699, -36.90486801302176900]
    [-0.00000000686044787, -0.00000014797053870, 0.99999990787719850, 2.61472808738471940]
  #61 objects/buildingsets/human/hightech/delta/ext/outpost/base/base_floor_14x14x02_a.cgf
    [-1.00000003164293694, -0.00000004737693830, -0.00000001373058777, 68.14665339009661693]
    [0.00000004737693961, -1.00000003164293250, -0.00000009505294995, -31.15486795254400931]
    [-0.00000001373058327, -0.00000009505295060, 1.00000003164293361, -1.88527078877086751]
  #62 objects/buildingsets/human/lowtech/alpha/ext/prop/shipping_container_yellow.cgf
    [1.00000001782730030, 0.00000019204584095, 0.00000000463774391, 56.14665307759423740]
    [-0.00000019204584061, 1.00000001782729742, -0.00000007433707638, -38.15486771974246949]
    [-0.00000000463775818, 0.00000007433707549, 1.00000001782731585, 0.11472797401074786]
  #63 objects/buildingsets/human/hightech/prop/storage/pallet/pallet_01_018_0016_a.cgf
    [0.03489974973561807, -0.99939076879444355, -0.00000034509530810, 9.10334518937452231]
    [0.99939076879433253, 0.03489974973581169, -0.00000057210072154, -5.46360407612519339]
    [0.00000058379594863, -0.00000032491890930, 0.99999995064141378, -0.18614386052649934]
  #64 objects/buildingsets/human/universal/prop/food/mre/food_ration_pack_b.cgf
    [-0.99939094515725690, -0.03279441862525231, -0.01193765237276161, 13.08559547072218265]
    [0.03489959076251177, -0.93911982385075143, -0.34181313274155983, -6.79148321197135374]
    [-0.00000132302660319, -0.34202152747600806, 0.93969224613204216, -0.00836732474272139]
  #65 objects/buildingsets/human/universal/prop/dressing/stationery/stationery_pen_1_b.cgf
    [0.19516198699417650, 0.98077107409954500, -0.00000099259524132, 11.84849300906353164]
    [-0.98077107409964603, 0.19516198699308115, -0.00000110211440915, -6.68588488103705458]
    [-0.00000088720502848, 0.00000118859947896, 1.00000005047833618, 0.82256766100181267]
  #66 objects/buildingsets/human/universal/prop/dressing/stationery/stationery_postnote_3_a.cgf
    [0.03436959195280617, -0.99939079228970107, 0.00605998798195785, 8.43878517084522173]
    [0.98420778794314789, 0.03489974649272011, 0.17354246127556180, -4.42011070076841861]
    [-0.17364823442763133, -0.00000029621384966, 0.98480771661216104, 1.86957475404778961]
  #67 objects/buildingsets/human/hightech/prop/furniture/locker/locker_personal_1_closed_a.cgf
    [-1.74893406724043166, -0.00000135568361968, 0.06107586618734631, 9.09462078379874583]
    [0.06107586618876357, -0.00000185104487563, 1.74893406723992806, -5.71345066983485594]
    [-0.00000129025535108, 1.75000018085178111, 0.00000189723122901, -1.37364432148751803]
  #68 objects/buildingsets/human/universal/prop/food/mre/food_ration_pack_b.cgf
    [-0.99939094515725690, -0.03279441862525231, -0.01193765237276161, 13.07687050673121121]
    [0.03489959076251177, -0.93911982385075143, -0.34181313274155983, -7.04133061287575401]
    [-0.00000132302660319, -0.34202152747600806, 0.93969224613204216, -0.00836734061886091]
  #69 objects/buildingsets/human/hightech/prop/storage/crate/crate_dry_1_stack_01.cgf
    [0.03489992572812031, -0.99939083964689135, -0.00000068748446566, 11.79059608877287246]
    [0.99939083964684183, 0.03489992572862246, -0.00000073244002476, -7.30850849370472133]
    [0.00000075598698726, -0.00000066150355666, 1.00000002759270434, -0.18614448211155832]
  #70 objects/buildingsets/human/hightech/prop/storage/crate/crate_dry_1_01x005x005_a.cgf
    [0.21370281841279437, 0.92565174355808377, -0.00000069524209896, 11.65643912625091616]
    [-0.92565174355833935, 0.21370281841265620, -0.00000026258292523, -7.75402377604041249]
    [-0.00000009945804651, 0.00000073649132091, 0.95000002365769598, 0.31385516574664507]
  #71 objects/buildingsets/human/hightech/prop/storage/crate/crate_dry_1_01x005x005_a.cgf
    [0.99939081783361150, 0.03489989652979785, -0.00000071039364668, 11.82399948711099569]
    [-0.03489989653001165, 0.99939081783381423, -0.00000029081476921, -7.06577636327710934]
    [0.00000069981147885, 0.00000031543027330, 1.00000000477392037, -0.18614432604226749]
  #72 objects/buildingsets/human/hightech/prop/storage/crate/crate_dry_1_01x005x005_a.cgf
    [0.70598725207447210, 0.63567448173723629, -0.00000069588923391, 11.83077614413923584]
    [-0.63567448173752528, 0.70598725207450619, -0.00000026214792869, -6.86634673611843027]
    [0.00000034173491670, 0.00000066045485016, 0.95000002464394684, 0.31385575338208582]
  #73 objects/buildingsets/human/hightech/prop/storage/crate/crate_dry_1_01x005x005_a.cgf
    [0.99939081783361150, 0.03489989652979785, -0.00000071039364668, 11.84232948873250280]
    [-0.03489989653001165, 0.99939081783381423, -0.00000029081476921, -6.57861920321010984]
    [0.00000069981147885, 0.00000031543027330, 1.00000000477392037, -0.18614404795516748]
  #74 objects/buildingsets/human/hightech/prop/storage/crate/crate_dry_1_01x005x005_a.cgf
    [0.99939081783361150, 0.03489989652979785, -0.00000071039364668, 11.78409170410304796]
    [-0.03489989653001165, 0.99939081783381423, -0.00000029081476921, -8.02793470819597133]
    [0.00000069981147885, 0.00000031543027330, 1.00000000477392037, -0.18614487793820444]
  #75 objects/buildingsets/human/universal/prop/food/mre/food_ration_pack_b.cgf
    [0.73135331015325566, 0.00000045306267621, -0.68199877301961842, 11.55383497376169544]
    [0.68199877301951817, 0.00000037171498123, 0.73135331015339555, -6.92501348722726107]
    [0.00000058485805204, -0.99999999533612571, -0.00000003713320756, 0.88509798524319194]
  #76 objects/buildingsets/human/universal/prop/food/mre/food_ration_pack_b.cgf
    [-0.99939094515725690, -0.03279441862525231, -0.01193765237276161, 12.82702293145121075]
    [0.03489959076251177, -0.93911982385075143, -0.34181313274155983, -7.03260592749575153]
    [-0.00000132302660319, -0.34202152747600806, 0.93969224613204216, -0.00836730330775026]
  #77 objects/buildingsets/human/hightech/prop/storage/crate/crate_dry_1_01x005x005_a.cgf
    [0.99939081783361150, 0.03489989652979785, -0.00000071039364668, 11.80759188889351208]
    [-0.03489989653001165, 0.99939081783381423, -0.00000029081476921, -7.56504309532465413]
    [0.00000069981147885, 0.00000031543027330, 1.00000000477392037, -0.18614460923708975]
  #78 objects/buildingsets/human/universal/prop/food/jar/jar_glass_1_berries_d.cgf
    [-0.49969560525876333, 0.03489987519782462, -0.86549775320514510, 8.92335393890971318]
    [0.01744894917283806, 0.99939084382275445, 0.03022474917853613, -4.50049592505092733]
    [0.86602534389285735, 0.00000114802964635, -0.50000016374081335, 1.64794463544967584]
  #79 objects/buildingsets/human/lowtech/bravo/int/cable/cable_straight_08x01x02_e.cgf
    [-0.16479083093311545, -0.02232818888584553, -0.00968861022106301, 68.70039239867764991]
    [0.02278805748556895, -0.16483147768009701, -0.00772810121533155, 19.58633996962453239]
    [-0.00855111822933630, -0.00897056817810377, 0.16611695407198568, 1.43013170735503081]
  #80 objects/buildingsets/human/universal/prop/tech/laptop/laptop_cased_1_open_a.cgf
    [0.61566235876243658, 0.78801006589514599, -0.00000029206150335, 11.94945969195396174]
    [-0.78801006589512512, 0.61566235876217434, -0.00000066414915755, -7.00768076427630149]
    [-0.00000034354494667, 0.00000063903904015, 1.00000000197427896, 0.81385580648202449]
  #81 objects/buildingsets/human/hightech/prop/furniture/locker/locker_personal_1_closed_a.cgf
    [0.06107511171564135, 0.00000022240104536, 1.74893390415761085, 10.05633781247888692]
    [1.74893390415700645, -0.00000147952580608, -0.06107511171543278, -3.24551189757767133]
    [0.00000147086267824, 1.74999999153739205, -0.00000027390110629, -1.37364429295121226]
  #82 objects/buildingsets/human/hightech/prop/storage/pallet/pallet_01_018_0016_a.cgf
    [0.03489974973561807, -0.99939076879444355, -0.00000034509530810, 9.13824609480798244]
    [0.99939076879433253, 0.03489974973581169, -0.00000057210072154, -4.46421432169154286]
    [0.00000058379594863, -0.00000032491890930, 0.99999995064141378, -0.18614389581489377]
  #83 objects/buildingsets/human/universal/prop/food/jar/jar_glass_1_berries_d.cgf
    [-0.49969560525876333, 0.03489987519782462, -0.86549775320514510, 8.91899154067505151]
    [0.01744894917283806, 0.99939084382275445, 0.03022474917853613, -4.62541963177500293]
    [0.86602534389285735, 0.00000114802964635, -0.50000016374081335, 1.52294459108088631]
  #84 objects/buildingsets/human/universal/prop/food/jar/jar_glass_1_berries_d.cgf
    [-0.49969560525876333, 0.03489987519782462, -0.86549775320514510, 8.91462914455041755]
    [0.01744894917283806, 0.99939084382275445, 0.03022474917853613, -4.75034327889443375]
    [0.86602534389285735, 0.00000114802964635, -0.50000016374081335, 1.39794454671209678]
  #85 objects/buildingsets/human/hightech/prop/storage/crate/crate_dry_1_015x0075x0075_a.cgf
    [-0.03489969874212574, 0.99939080539121761, -0.00000111989584600, 9.16766274940164294]
    [-0.99939080539138991, -0.03489969874315736, -0.00000091524433414, -3.62180127445026301]
    [-0.00000095377081377, 0.00000108727187578, 0.99999998543597957, -0.06114380576764233]
  #86 objects/buildingsets/human/hightech/prop/storage/crate/crate_dry_1_015x0075x0075_a.cgf
    [-0.03489969874212574, 0.99939080539121761, -0.00000111989584600, 9.16766222180740442]
    [-0.99939080539138991, -0.03489969874315736, -0.00000091524433414, -3.62180195160908625]
    [-0.00000095377081377, 0.00000108727187578, 0.99999998543597957, 0.68885641275846865]
  #87 objects/buildingsets/human/hightech/prop/furniture/locker/locker_personal_1_closed_a.cgf
    [0.06107511171564135, 0.00000022240104536, 1.74893390415761085, 9.91673832239757758]
    [1.74893390415700645, -0.00000147952580608, -0.06107511171543278, -7.24307221831986681]
    [0.00000147086267824, 1.74999999153739205, -0.00000027390110629, -1.37364454790076707]
  #88 objects/buildingsets/human/universal/prop/food/mre/food_ration_pack_b.cgf
    [-0.99939094515725690, -0.03279441862525231, -0.01193765237276161, 13.07250802266935352]
    [0.03489959076251177, -0.93911982385075143, -0.34181313274155983, -7.16625437291804701]
    [-0.00000132302660319, -0.34202152747600806, 0.93969224613204216, -0.00836734863696620]
  #89 objects/buildingsets/human/hightech/prop/storage/crate/crate_dry_1_01x005x005_a.cgf
    [-0.03489989507684459, 0.99939083230281223, -0.00000029948222283, 8.45274269218498375]
    [-0.99939083230281045, -0.03489989507693308, -0.00000029530911571, -6.49180620422703214]
    [-0.00000030558111523, 0.00000028899352523, 1.00000001918359716, 1.09296758484560996]
  #90 objects/buildingsets/human/hightech/prop/storage/crate/crate_dry_1_015x0075x0075_a.cgf
    [-0.00000090723328028, -0.97436999133553626, 0.22495122723165559, 9.79115629167063162]
    [-0.00000103807051244, -0.22495122723070962, -0.97436999133562407, -8.30032391913118772]
    [0.99999996732358110, -0.00000111749615540, -0.00000080738154305, -0.18614425638224930]
  #91 objects/buildingsets/human/hightech/prop/tech/datapad/datapad_tablet_2_noscreen_a.cgf
    [0.73135333936956948, -0.68199857183482859, -0.00000026397318634, 11.69382898398907855]
    [0.68199857183459522, 0.73135333936956315, -0.00000063039742384, -6.55757216119673103]
    [0.00000062298788916, 0.00000028101395883, 0.99999987949567737, 0.82360338319267612]
  #92 objects/buildingsets/human/hightech/prop/storage/crate/crate_dry_1_015x0075x0075_a.cgf
    [0.99939071967304072, 0.03489960928123586, -0.00000064133019466, 9.91396225475182291]
    [-0.03489960928147708, 0.99939071967317006, -0.00000036887066146, -3.74084679171210155]
    [0.00000062806606774, 0.00000039102812945, 0.99999989664821720, 1.06385640404187143]
  #93 objects/buildingsets/human/universal/prop/dressing/stationery/stationery_postnote_1_a.cgf
    [0.64394577692968791, 0.70250244035554710, -0.30302460008839138, 11.79393926341435872]
    [-0.76423457064854716, 0.57212143884162903, -0.29769502991017988, -7.37543478762381710]
    [-0.03576461924666983, 0.42328138525346604, 0.90529194821220826, 1.24743728264002129]
  #94 objects/buildingsets/human/universal/prop/food/mre/food_ration_pack_b.cgf
    [-0.99939094515725690, -0.03279441862525231, -0.01193765237276161, 12.84011038157041185]
    [0.03489959076251177, -0.93911982385075143, -0.34181313274155983, -6.65783470700262114]
    [-0.00000132302660319, -0.34202152747600806, 0.93969224613204216, -0.00836727936984971]
  #95 objects/buildingsets/human/hightech/prop/storage/crate/crate_dry_1_015x0075x0075_a.cgf
    [-0.00000113826484265, -0.99939072744918456, -0.03489952496446835, 8.92144768782600295]
    [-0.00000093421053282, 0.03489952496553839, -0.99939072744935875, -8.49844507392845117]
    [0.99999990147663664, -0.00000110496793420, -0.00000097336634222, -0.18614414207695518]
  #96 objects/buildingsets/human/hightech/prop/storage/crate/crate_dry_1_01x005x005_a.cgf
    [0.03489991596328050, -0.99939091988829087, -0.00000037226477474, 10.45721697795670480]
    [0.99939091988835838, 0.03489991596330082, -0.00000004840534750, -6.86527596644009463]
    [0.00000006136786753, -0.00000037034865332, 1.00000010744469670, 1.09296786025515758]
  #97 objects/buildingsets/human/universal/prop/food/mre/food_ration_pack_b.cgf
    [-0.99939094515725690, -0.03279441862525231, -0.01193765237276161, 12.83138541555672418]
    [0.03489959076251177, -0.93911982385075143, -0.34181313274155983, -6.90768216745345853]
    [-0.00000132302660319, -0.34202152747600806, 0.93969224613204216, -0.00836729534785263]
  #98 objects/buildingsets/human/hightech/prop/storage/crate/crate_016x008x008_open_c.cgf
    [-0.03489949381397888, 0.99939092087001291, -0.00000020922178567, 12.46510609818506055]
    [-0.99939092086988968, -0.03489949381408591, -0.00000053170515212, -6.89506304424139671]
    [-0.00000053868298555, 0.00000019053809453, 1.00000009369279641, -0.18614455289207399]
  #99 objects/buildingsets/human/universal/prop/food/mre/food_ration_pack_b.cgf
    [-0.99939094515725690, -0.03279441862525231, -0.01193765237276161, 12.84447286358044948]
    [0.03489959076251177, -0.93911982385075143, -0.34181313274155983, -6.53291100653586909]
    [-0.00000132302660319, -0.34202152747600806, 0.93969224613204216, -0.00836727139540017]
  #100 objects/buildingsets/human/hightech/prop/storage/crate/crate_dry_1_015x0075x0075_a.cgf
    [-0.00000115245954936, -0.99939084444059656, -0.03489961513798592, 9.94450075077475049]
    [-0.00000106639050684, 0.03489961513921738, -0.99939084444064896, -2.86637979481020011]
    [1.00000002154366507, -0.00000111454087979, -0.00000110596128018, -0.06114404664549511]
  #101 objects/buildingsets/human/hightech/prop/storage/crate/crate_016x008x008_open_c.cgf
    [0.00000073964711093, -0.03489919613988961, -0.99939092407797947, 9.14696861409174744]
    [0.00000040481122355, -0.99939092407816077, 0.03489919614019554, -4.21436808910220861]
    [-1.00000008651023831, -0.00000043037771516, -0.00000072506896126, 1.43885659350780770]
  #102 objects/buildingsets/human/universal/prop/food/jar/jar_glass_1_berries_d.cgf
    [-0.49969560525876333, 0.03489987519782462, -0.86549775320514510, 8.92335420266317669]
    [0.01744894917283806, 0.99939084382275445, 0.03022474917853613, -4.50049558642785996]
    [0.86602534389285735, 0.00000114802964635, -0.50000016374081335, 1.27294452617934439]
  #103 objects/buildingsets/human/hightech/prop/storage/pallet/pallet_01_018_0016_a.cgf
    [0.03489974973561807, -0.99939076879444355, -0.00000034509530810, 9.17314596321375575]
    [0.99939076879433253, 0.03489974973581169, -0.00000057210072154, -3.46482436062069610]
    [0.00000058379594863, -0.00000032491890930, 0.99999995064141378, -0.18614383213571273]
  #104 objects/buildingsets/human/universal/prop/food/jar/jar_glass_1_berries_d.cgf
    [-0.49969560525876333, 0.03489987519782462, -0.86549775320514510, 8.91899162861227524]
    [0.01744894917283806, 0.99939084382275445, 0.03022474917853613, -4.62541951888124458]
    [0.86602534389285735, 0.00000114802964635, -0.50000016374081335, 1.39794455465744250]
  #105 objects/buildingsets/human/universal/prop/food/jar/jar_glass_1_berries_d.cgf
    [-0.49969560525876333, 0.03489987519782462, -0.86549775320514510, 8.91462923245853744]
    [0.01744894917283806, 0.99939084382275445, 0.03022474917853613, -4.75034316602977924]
    [0.86602534389285735, 0.00000114802964635, -0.50000016374081335, 1.27294451034686062]
  #106 objects/buildingsets/human/universal/prop/food/mre/food_ration_pack_b.cgf
    [-0.99939094515725690, -0.03279441862525231, -0.01193765237276161, 12.83574789539852645]
    [0.03489959076251177, -0.93911982385075143, -0.34181313274155983, -6.78275852656224743]
    [-0.00000132302660319, -0.34202152747600806, 0.93969224613204216, -0.00836728727153968]
  #107 objects/buildingsets/human/hightech/prop/furniture/locker/locker_personal_1_closed_a.cgf
    [1.74893404258154694, -0.00000266159543854, -0.06107554658020042, 9.09462078379874583]
    [-0.06107554658391166, -0.00000243403427881, -1.74893404258174878, -5.71345066983485594]
    [0.00000257502544145, 1.75000014505278734, -0.00000252544196622, -1.37364432148751803]
  #108 objects/buildingsets/human/universal/prop/food/jar/jar_glass_1_berries_d.cgf
    [-0.49969560525876333, 0.03489987519782462, -0.86549775320514510, 8.92335402686148882]
    [0.01744894917283806, 0.99939084382275445, 0.03022474917853613, -4.50049581218627281]
    [0.86602534389285735, 0.00000114802964635, -0.50000016374081335, 1.52294459898257628]
  #109 objects/buildingsets/human/hightech/prop/storage/pallet/pallet_shipping_1_025x0125x00125_a.cgf
    [-0.04885971034663814, -1.39914712209503089, 0.00000053558175454, 9.15569602901814505]
    [-1.39914712209478198, 0.04885971034700119, 0.00000097355036145, -3.96451934115611948]
    [-0.00000099164898348, -0.00000050127878035, -1.39999997877179183, -0.18614386400440708]
  #110 objects/buildingsets/human/universal/prop/food/mre/food_ration_pack_b.cgf
    [-0.99939094515725690, -0.03279441862525231, -0.01193765237276161, 13.06814553863659967]
    [0.03489959076251177, -0.93911982385075143, -0.34181313274155983, -7.29117813290213235]
    [-0.00000132302660319, -0.34202152747600806, 0.93969224613204216, -0.00836735652410425]
  #111 objects/buildingsets/human/hightech/prop/storage/crate/crate_01x005x005_a.cgf
    [0.05233590253969737, 0.99862957492176874, -0.00000102345064893, 10.98406419942330103]
    [-0.99862957492167725, 0.05233590253849944, -0.00000116421570611, -6.87031055302941240]
    [-0.00000110905698093, 0.00000108297832583, 1.00000003730085973, 1.06385603081434965]
  #112 objects/buildingsets/human/hightech/prop/storage/crate/crate_dry_1_015x0075x0075_a.cgf
    [-0.00000115245954936, -0.99939084444059656, -0.03489961513798592, 9.06130811902403366]
    [-0.00000106639050684, 0.03489961513921738, -0.99939084444064896, -3.08569054762483574]
    [1.00000002154366507, -0.00000111454087979, -0.00000110596128018, -0.06114375310426112]
  #113 objects/buildingsets/human/hightech/prop/storage/crate/crate_dry_1_01x005x005_a.cgf
    [0.03489979709830753, -0.99939094154921959, -0.00000036039877349, 12.69534352722985204]
    [0.99939094154900954, 0.03489979709856311, -0.00000072924030774, -3.34803726439713500]
    [0.00000074137390921, -0.00000033472888897, 1.00000012494379509, -0.21551189615274779]
  #114 objects/buildingsets/human/hightech/prop/storage/crate/crate_dry_1_0125x0125x0125_a.cgf
    [0.03420180182196837, -0.97940314178013155, 0.00000008946465603, 10.60944346917676739]
    [0.97940314177990373, 0.03420180182189852, -0.00000067753201251, -3.38624726736452430]
    [0.00000067399697336, 0.00000011305588246, 0.98000014151846027, -0.19862667249981314]
  #115 objects/buildingsets/human/hightech/prop/storage/crate/crate_dry_1_0125x00625x00625_a.cgf
    [-0.97440621310581399, -0.03402733147160033, 0.00000007441052305, 11.81132278520090040]
    [0.03402733147154186, -0.97440621310559239, -0.00000066426284334, -3.73026061250129715]
    [0.00000009754784775, -0.00000066126127090, 0.97500016791067690, -0.18614432174945250]
  #116 objects/buildingsets/human/hightech/prop/storage/crate/crate_dry_1_01x005x005_a.cgf
    [0.03402730300292585, -0.97440619183782606, -0.00000035138881267, 11.46752885445312131]
    [0.97440619183762123, 0.03402730300317503, -0.00000071100931759, -3.43346629416919313]
    [0.00000072283957931, -0.00000032636067465, 0.97500014566206117, 0.42118299493449740]
  #117 objects/buildingsets/human/hightech/prop/storage/crate/crate_dry_1_0125x00625x00625_a.cgf
    [0.97440620960382240, 0.03402743175450747, 0.00000007441053851, 11.83247615850996226]
    [-0.03402743175444901, 0.97440620960360080, -0.00000066426284114, -3.12449994604685344]
    [-0.00000009754793117, 0.00000066126125811, 0.97500016791068023, -0.18614396228804253]
  #118 objects/buildingsets/human/hightech/prop/storage/crate/crate_dry_1_stack_03.cgf
    [-0.99939096336254007, -0.03489982629694709, 0.00000007631848351, 11.69753305823542178]
    [0.03489982629688712, -0.99939096336231281, -0.00000068129520751, -3.40705351301585324]
    [0.00000010004907237, -0.00000067821667173, 1.00000014776288748, -0.18614416802302003]
  #119 objects/buildingsets/human/universal/prop/food/mre/food_ration_pack_b.cgf
    [-0.99939094515725690, -0.03279441862525231, -0.01193765237276161, 13.08123299077851698]
    [0.03489959076251177, -0.93911982385075143, -0.34181313274155983, -6.91640685289166868]
    [-0.00000132302660319, -0.34202152747600806, 0.93969224613204216, -0.00836733257165179]
  #120 objects/buildingsets/human/hightech/prop/storage/crate/crate_dry_1_015x0075x0075_a.cgf
    [0.99939071967304072, 0.03489960928123586, -0.00000064133019466, 8.33959406797657721]
    [-0.03489960928147708, 0.99939071967317006, -0.00000036887066146, -5.84425555067718960]
    [0.00000062806606774, 0.00000039102812945, 0.99999989664821720, 0.68885638136998750]
  #121 objects/buildingsets/human/universal/prop/food/mre/food_ration_pack_b.cgf
    [-0.99939094515725690, -0.03279441862525231, -0.01193765237276161, 12.82266044740390498]
    [0.03489959076251177, -0.93911982385075143, -0.34181313274155983, -7.15752968750894070]
    [-0.00000132302660319, -0.34202152747600806, 0.93969224613204216, -0.00836731119488832]
  #122 objects/buildingsets/human/universal/prop/food/mre/food_ration_pack_b.cgf
    [-0.99939094515725690, -0.03279441862525231, -0.01193765237276161, 12.81829796334204730]
    [0.03489959076251177, -0.93911982385075143, -0.34181313274155983, -7.28245344749302603]
    [-0.00000132302660319, -0.34202152747600806, 0.93969224613204216, -0.00836731912568212]
  #123 objects/buildingsets/human/hightech/prop/storage/pallet/pallet_shipping_1_025x0125x00125_a.cgf
    [0.04886042464030890, 1.39914681777206407, 0.00000108310976681, 9.03354517153638881]
    [1.39914681777201788, -0.04886042464116283, 0.00000110388568083, -7.46238438237924129]
    [0.00000114101405962, 0.00000104392398146, -1.39999969956300618, -0.18614408718713094]
  #124 objects/buildingsets/human/universal/prop/food/jar/jar_glass_1_berries_d.cgf
    [-0.49969560525876333, 0.03489987519782462, -0.86549775320514510, 8.91899171654949896]
    [0.01744894917283806, 0.99939084382275445, 0.03022474917853613, -4.62541940604569390]
    [0.86602534389285735, 0.00000114802964635, -0.50000016374081335, 1.27294451819034293]
  #125 objects/buildingsets/human/universal/prop/food/jar/jar_glass_1_berries_d.cgf
    [-0.49969560525876333, 0.03489987519782462, -0.86549775320514510, 8.92335411475505680]
    [0.01744894917283806, 0.99939084382275445, 0.03022474917853613, -4.50049569926341064]
    [0.86602534389285735, 0.00000114802964635, -0.50000016374081335, 1.39794456269009970]
  #126 objects/buildingsets/human/universal/prop/dressing/stationery/stationery_postnote_3_c.cgf
    [0.03436944703465709, -0.99939082311257488, -0.00606160726512131, 8.43527499870106112]
    [0.98420769365418015, 0.03489988496286076, -0.17354317351954066, -4.52062766667222604]
    [0.17364900275033604, -0.00000129759572377, 0.98480761732221822, 1.87239023348956835]
  #127 objects/buildingsets/human/universal/prop/food/jar/jar_glass_1_berries_d.cgf
    [-0.49969560525876333, 0.03489987519782462, -0.86549775320514510, 8.91899136482970789]
    [0.01744894917283806, 0.99939084382275445, 0.03022474917853613, -4.62541985750431195]
    [0.86602534389285735, 0.00000114802964635, -0.50000016374081335, 1.77294466386956628]
  #128 objects/buildingsets/human/hightech/prop/storage/pallet/pallet_shipping_1_025x0125x00125_a.cgf
    [1.39914727781484305, -0.04886002985680346, 0.00000117897683563, 11.80527167201216798]
    [-0.04886002985830906, -1.39914727781410786, 0.00000181728641286, -3.30658582621254027]
    [0.00000111483528538, -0.00000185732565045, -1.40000014554677565, -0.18614420839003287]
  #129 objects/buildingsets/human/hightech/prop/storage/crate/crate_dry_1_0125x00625x00625_a.cgf
    [0.03489992572812031, -0.99939083964689135, -0.00000068748446566, 8.46258406044216827]
    [0.99939083964684183, 0.03489992572862246, -0.00000073244002476, -6.59031119299470447]
    [0.00000075598698726, -0.00000066150355666, 1.00000002759270434, 0.43885581073118374]
  #130 objects/buildingsets/human/hightech/prop/storage/crate/crate_dry_1_0125x00625x00625_a.cgf
    [0.03489992572812031, -0.99939083964689135, -0.00000068748446566, 9.06270503930863924]
    [0.99939083964684183, 0.03489992572862246, -0.00000073244002476, -6.62739623404922895]
    [0.00000075598698726, -0.00000066150355666, 1.00000002759270434, -0.18614387458364945]
  #131 objects/buildingsets/human/hightech/prop/storage/crate/crate_dry_1_0125x00625x00625_a.cgf
    [0.03489992572812031, -0.99939083964689135, -0.00000068748446566, 9.68779552752675954]
    [0.99939083964684183, 0.03489992572862246, -0.00000073244002476, -6.63571430160664022]
    [0.00000075598698726, -0.00000066150355666, 1.00000002759270434, -0.18614358050399460]
  #132 objects/buildingsets/human/hightech/prop/storage/crate/crate_dry_1_0125x0125x0125_a.cgf
    [0.03489992572812031, -0.99939083964689135, -0.00000068748446566, 8.74353777032229118]
    [0.99939083964684183, 0.03489992572862246, -0.00000073244002476, -7.82748604915104806]
    [0.00000075598698726, -0.00000066150355666, 1.00000002759270434, -0.18614468358282465]
  #133 objects/buildingsets/human/hightech/prop/storage/crate/crate_dry_1_0125x00625x00625_a.cgf
    [0.03489992572812031, -0.99939083964689135, -0.00000068748446566, 8.46258435412892140]
    [0.99939083964684183, 0.03489992572862246, -0.00000073244002476, -6.59031086924369447]
    [0.00000075598698726, -0.00000066150355666, 1.00000002759270434, -0.18614412866008934]
  #134 objects/buildingsets/human/hightech/prop/storage/crate/crate_dry_1_01x005x005_a.cgf
    [0.65240265017190691, -0.72456599058455751, -0.00000077785742968, 9.25869336217874661]
    [0.72456599058442306, 0.65240265017232602, -0.00000050300238476, -6.64915368094807491]
    [0.00000089429192540, -0.00000024148609100, 0.97500004751941194, 0.43885618528292980]
  #135 objects/buildingsets/human/hightech/prop/storage/crate/crate_dry_1_stack_02.cgf
    [0.03489992572812031, -0.99939083964689135, -0.00000068748446566, 9.05099642399000004]
    [0.99939083964684183, 0.03489992572862246, -0.00000073244002476, -6.96268922428134829]
    [0.00000075598698726, -0.00000066150355666, 1.00000002759270434, -0.18614405533298850]
  #136 objects/buildingsets/human/universal/prop/food/jar/jar_glass_1_berries_d.cgf
    [0.99913576818257044, 0.04156551337289639, -0.00000033804173286, 11.52196532077505253]
    [-0.04156551337298810, 0.99913576818258765, -0.00000026899134845, -6.83687339877360500]
    [0.00000032656882701, 0.00000028280975925, 0.99999998758182751, 0.89881183671241160]
  #137 objects/buildingsets/human/universal/prop/toolbox/box_toolbox_1_a_075x0375x0375.cgf
    [0.68199805419110027, -0.73135403985407887, 0.00000039587819576, 9.77436398051213473]
    [0.73135403985414749, 0.68199805419078852, -0.00000069411521508, -7.73840574198402464]
    [0.00000023765579826, 0.00000076291231426, 1.00000003876542265, -0.18614421517122537]
  #138 objects/buildingsets/human/hightech/prop/storage/crate/crate_dry_1_0125x0125x0125_stack_a.cgf
    [-0.99939096336254007, -0.03489982629694709, 0.00000007631848351, 10.67936756610288285]
    [0.03489982629688712, -0.99939096336231281, -0.00000068129520751, -6.89447591421776451]
    [0.00000010004907237, -0.00000067821667173, 1.00000014776288748, -0.18614429008448496]
  #139 objects/buildingsets/human/hightech/prop/storage/crate/crate_dry_1_015x0075x0075_a.cgf
    [0.99939071967304072, 0.03489960928123586, -0.00000064133019466, 8.33959341995068826]
    [-0.03489960928147708, 0.99939071967317006, -0.00000036887066146, -5.84425486542750150]
    [0.00000062806606774, 0.00000039102812945, 0.99999989664821720, -0.06114356867328752]
  #140 objects/buildingsets/human/universal/prop/food/jar/jar_glass_1_berries_d.cgf
    [-0.49969560525876333, 0.03489987519782462, -0.86549775320514510, 8.91899145272327587]
    [0.01744894917283806, 0.99939084382275445, 0.03022474917853613, -4.62541974461055361]
    [0.86602534389285735, 0.00000114802964635, -0.50000016374081335, 1.64794462747522630]
  #141 objects/buildingsets/human/hightech/prop/storage/pallet/pallet_shipping_1_025x0125x00125_a.cgf
    [1.39914727781484305, -0.04886002985680346, 0.00000117897683563, 11.66567218191630673]
    [-0.04886002985830906, -1.39914727781410786, 0.00000181728641286, -7.30414614689652808]
    [0.00000111483528538, -0.00000185732565045, -1.40000014554677565, -0.18614446345600300]
  #142 objects/buildingsets/human/hightech/prop/storage/crate/crate_dry_1_0125x0125x0125_a.cgf
    [-0.99939096336254007, -0.03489982629694709, 0.00000007631848351, 10.67936756610288285]
    [0.03489982629688712, -0.99939096336231281, -0.00000068129520751, -6.89447591421776451]
    [0.00000010004907237, -0.00000067821667173, 1.00000014776288748, -0.18614429008448496]
  #143 objects/buildingsets/human/hightech/prop/storage/pallet/pallet_01_018_0016_a.cgf
    [0.99939084201287454, -0.00605890955425295, 0.03437022666453918, 8.65153152326820418]
    [-0.03490018429585839, -0.17354168595485306, 0.98420797514408709, -4.07498238023254089]
    [0.00000143997798597, -0.98480792584956489, -0.17364742194160535, 0.87760785233695060]
  #144 objects/buildingsets/human/hightech/delta/ext/outpost/base/base_floor_14x14x02_a.cgf
    [0.99999996942109437, 0.00000001556051850, 0.00000001524935050, 37.48864866603980772]
    [-0.00000001556051821, 0.99999996942109426, -0.00000001892810274, -30.67860343499341980]
    [-0.00000001524935080, 0.00000001892810250, 0.99999996942109426, -2.46502040475024842]
  #145 objects/buildingsets/human/lowtech/alpha/ext/prop/shipping_container_1_025x05x025_a.cgf
    [-0.00000032399675480, 0.99999996174085559, -0.00000015197619874, 40.98864801073796116]
    [-0.99999996174085515, -0.00000032399677833, -0.00000015461828603, -19.92860427431878634]
    [-0.00000015461833527, 0.00000015197614864, 0.99999996174089589, -0.46502010061522014]
  #146 objects/buildingsets/human/lowtech/alpha/ext/prop/shipping_container_1_025x05x025_a.cgf
    [1.00000000226877628, 0.00000026206817091, 0.00000007325982146, 39.48864851571852341]
    [-0.00000026206815923, 1.00000000226876629, -0.00000015951354812, -26.17860399102210067]
    [-0.00000007325986326, 0.00000015951352892, 1.00000000226879782, 2.03497932001482695]
  #147 objects/buildingsets/human/hightech/prop/storage/crate/crate_dry_1_0125x0125x0125_a.cgf
    [0.00000035051074941, -0.99999988782213989, -0.00000008174579076, 48.98864766384940594]
    [0.99999988782212546, 0.00000035051076484, -0.00000018902944156, -19.17860483020194806]
    [0.00000018902947022, -0.00000008174572450, 0.99999988782218330, 2.03497922091628425]
  #148 objects/buildingsets/human/hightech/prop/storage/crate/crate_dry_1_0125x0125x0125_a.cgf
    [1.00000000918367582, 0.00000023094713556, 0.00000004276112020, 48.98864775471156463]
    [-0.00000023094713036, 1.00000000918366916, -0.00000012165733860, -20.92860473756445572]
    [-0.00000004276114830, 0.00000012165732872, 1.00000000918369492, 2.03497910463192966]
  #149 objects/buildingsets/human/lowtech/alpha/ext/prop/shipping_container_1_025x05x025_a.cgf
    [1.00000000226877628, 0.00000026206817091, 0.00000007325982146, 42.48864825804776046]
    [-0.00000026206815923, 1.00000000226876629, -0.00000015951354812, -26.17860401721554808]
    [-0.00000007325986326, 0.00000015951352892, 1.00000000226879782, -0.46502060511556920]
  #150 objects/buildingsets/human/lowtech/alpha/ext/prop/shipping_container_yellow.cgf
    [-0.00000032399675480, 0.99999996174085559, -0.00000015197619874, 45.73864824624615721]
    [-0.99999996174085515, -0.00000032399677833, -0.00000015461828603, -27.17860424623358995]
    [-0.00000015461833527, 0.00000015197614864, 0.99999996174089589, 2.03497888229321688]
  #151 objects/buildingsets/human/hightech/prop/storage/crate/crate_dry_1_0125x0125x0125_a.cgf
    [-1.00000000649168586, -0.00000041091030054, 0.00000002101183002, 48.98864781955489889]
    [0.00000041091029882, -1.00000000649168275, -0.00000008201335782, -22.17860467129503377]
    [0.00000002101186372, -0.00000008201334919, 1.00000000649176646, 2.03497902149683796]
  #152 objects/buildingsets/human/lowtech/alpha/ext/prop/shipping_container_1_025x05x025_a.cgf
    [-1.00000003813400973, -0.00000003269237281, -0.00000004083755118, 39.48864841234171763]
    [0.00000003269237553, -1.00000003813400840, -0.00000006666079495, -26.17860386930988170]
    [-0.00000004083754900, -0.00000006666079629, 1.00000003813400751, -0.46502042695647106]
  #153 objects/buildingsets/human/lowtech/alpha/ext/prop/shipping_container_1_025x05x025_a.cgf
    [-1.00000000649168586, -0.00000041091030054, 0.00000002101183002, 46.48864777988637798]
    [0.00000041091029882, -1.00000000649168275, -0.00000008201335782, -20.92860449251020327]
    [0.00000002101186372, -0.00000008201334919, 1.00000000649176646, -0.46502049388072919]
  #154 objects/buildingsets/human/lowtech/alpha/ext/prop/shipping_container_1_025x05x025_a.cgf
    [0.00000035051074941, -0.99999988782213989, -0.00000008174579076, 47.98864802707976196]
    [0.99999988782212546, 0.00000035051076484, -0.00000018902944156, -27.17860423549427651]
    [0.00000018902947022, -0.00000008174572450, 0.99999988782218330, -0.46502099832287058]
  #155 objects/buildingsets/human/lowtech/alpha/ext/prop/shipping_container_1_025x05x025_a.cgf
    [1.00000000226877628, 0.00000026206817091, 0.00000007325982146, 49.48864762560697272]
    [-0.00000026206815923, 1.00000000226876629, -0.00000015951354812, -20.92860464044497348]
    [-0.00000007325986326, 0.00000015951352892, 1.00000000226879782, -0.46502067211258691]
  #156 objects/buildingsets/human/lowtech/prop/storage/container/container_dry_3_025x05x025_a.cgf
    [-1.00000000649168586, -0.00000041091030054, 0.00000002101183002, 46.48864788327773567]
    [0.00000041091029882, -1.00000000649168275, -0.00000008201335782, -20.92860461422242224]
    [0.00000002101186372, -0.00000008201334919, 1.00000000649176646, 2.03497925303236116]
  #157 objects/buildingsets/human/lowtech/alpha/ext/prop/shipping_container_yellow.cgf
    [-0.00000049682832741, 0.99999994443755635, 0.00000051523560272, 44.48875538140418939]
    [-0.99999994443764428, -0.00000049682817309, -0.00000029970371023, -40.07670676769339480]
    [-0.00000029970345424, -0.00000051523575162, 0.99999994443763462, 0.14992526530113537]
  #158 objects/buildingsets/human/universal/prop/tech/laptop/laptop_cased_1_open_a.cgf
    [-0.08376342701698712, -0.99356396583171758, -0.07625034983681322, 68.49150989639747422]
    [0.98059570210226998, -0.06857563840724425, -0.18365520028224630, 19.79352768303942867]
    [0.17724429206054279, -0.09015436413677053, 0.98002879208427773, 1.41121784620918334]
  #159 objects/buildingsets/human/lowtech/prop/light/light_hazard_2_b.cgf
    [0.73135423337679772, -0.68199780276546418, -0.00000017275787354, 71.77816617768257856]
    [0.68199780276547750, 0.73135423337680527, 0.00000002681156015, 20.19972567784134299]
    [0.00000010806177610, -0.00000013742923697, 1.00000000882754181, 9.04467227261920925]
  #160 objects/buildingsets/human/lowtech/alpha/ext/prop/shipping_container_1_025x05x025_a.cgf
    [0.00000014239847067, -1.00000087549088756, 0.00000013499701546, 58.64670287055196241]
    [1.00000087549075589, 0.00000014239854228, 0.00000053053537435, -25.75684015185106546]
    [-0.00000053053539357, 0.00000013499693991, 1.00000087549075700, 0.28859980108973105]
  #161 objects/buildingsets/human/hightech/delta/ext/outpost/base/base_floor_14x14x02_a.cgf
    [-0.00000012440536343, -1.00000014615539468, -0.00000051560546597, 68.14670368059887551]
    [1.00000014615550503, -0.00000012440547301, 0.00000021245375078, -30.75684020950575359]
    [-0.00000021245381493, -0.00000051560543954, 1.00000014615537958, -1.71139854444481898]
  #162 objects/buildingsets/human/lowtech/bravo/int/cable/cable_curved_02x01x02_a.cgf
    [0.26132340266614917, 1.86364164404320154, -0.17280818777645532, 70.75409265360212885]
    [-1.84388262460352359, 0.22641178455843805, -0.34662276101538481, 20.48836988274706528]
    [-0.32112258385210274, 0.21654166886920498, 1.84967639324805466, 1.02389438038517255]
  #163 objects/buildingsets/human/lowtech/prop/storage/container/container_dry_3_025x025x025_a.cgf
    [-0.43789560655385179, -0.89781845025962315, 0.04657838121150768, -55.36862408653541934]
    [0.89879415077134428, -0.43837102084905843, 0.00000900077741003, 1.59015384045778774]
    [0.02041053066663915, 0.04186831636458181, 0.99891467692928748, -0.07937326050887350]
  #164 objects/buildingsets/human/lowtech/prop/storage/crate/crate_weapon_4_015x0075x0075_a.cgf
    [-0.89858389400942329, 0.43853471377372966, 0.01530217378597161, -71.83524589175067376]
    [-0.43831719228700744, -0.89868410827340084, 0.01564540708317586, 4.95128359142108820]
    [0.02061287589875813, 0.00735150546192834, 0.99976043680221049, 0.39630876852606889]
  #165 objects/buildingsets/human/lowtech/prop/storage/container/container_dry_3_025x025x025_a.cgf
    [-0.89815055014532563, 0.43859550359326815, 0.03097839377407262, -57.00712111938628368]
    [-0.43831702572882092, -0.89868451478441147, 0.01563378464582600, 3.63193312386283651]
    [0.03469670891156879, 0.00046313483936020, 0.99939782433034707, -0.03293346897407901]
  #166 objects/buildingsets/human/lowtech/prop/storage/crate/crate_weapon_4_015x0075x0075_a.cgf
    [-0.89889827508855202, 0.43788889058240826, 0.01533683090286911, -62.85673908781609498]
    [-0.43815737563926893, -0.89835653183333453, -0.03120358505206290, 5.63536595550249331]
    [0.00011423897812664, -0.03476879422269920, 0.99939538008366091, 0.24274732694902923]
  #167 objects/buildingsets/human/lowtech/prop/utilitarian/structure/structure_post_3_a.cgf
    [0.70710577379345918, 0.70710779898664067, -0.00000036802991554, -62.02081280217680614]
    [-0.70710779898672460, 0.70710577379344663, -0.00000018547786188, -99.90212438945309259]
    [0.00000012908323458, 0.00000039138928771, 1.00000000735987160, 2.13946092843252700]
  #168 objects/buildingsets/human/lowtech/prop/utilitarian/structure/structure_post_3_a.cgf
    [-0.00000014155511323, -1.00000085517928650, 0.00000048671430097, 11.42206770542543381]
    [1.00000085517930826, -0.00000014155489907, 0.00000043993218836, 48.44836626556934789]
    [-0.00000043993211946, 0.00000048671436325, 1.00000085517919968, -1.42887593097111676]
  #169 objects/buildingsets/human/lowtech/prop/storage/crate/crate_weapon_4_015x0075x0075_a.cgf
    [-0.89857637201373353, 0.43772798039800770, -0.03089834043451226, 73.86633233484462835]
    [-0.43831995289962800, -0.89868139206632958, 0.01572777956614138, 24.68953370809322223]
    [-0.02088327452756370, 0.02767597038397314, 0.99939877832354751, 1.56622671114746481]
  #170 objects/buildingsets/human/lowtech/prop/utilitarian/machine/machine_forklift_1_a.cgf
    [0.39068133705200531, 0.92039408602652628, 0.01557878397974388, -10.33301613571529742]
    [-0.92050565912396132, 0.39072907524803296, -0.00002236544372603, -5.42710873123724014]
    [-0.00610766924886205, -0.01433162191962594, 0.99987858273549102, 0.01697386029991321]
  #171 objects/buildingsets/human/lowtech/prop/storage/crate/crate_weapon_4_015x0075x0075_a.cgf
    [-0.89889842329829961, 0.43788864282392359, 0.01533952524744463, -62.24665581596491393]
    [-0.43815722209224384, -0.89835656602190517, -0.03120687377649299, 4.90740343430661596]
    [0.00011522761287120, -0.03477293097103247, 0.99939530214597461, 0.21168502612272277]
  #172 objects/buildingsets/human/lowtech/prop/utilitarian/structure/structure_post_3_a.cgf
    [-0.70710853021443520, 0.70710612748720014, 0.00000040398148869, -61.69139266481215600]
    [-0.70710612748729429, -0.70710853021443842, -0.00000015943555258, 45.66618882893817499]
    [0.00000017292076661, -0.00000039839571673, 1.00000077451566871, 0.04786153398163151]
  #173 objects/buildingsets/human/lowtech/prop/storage/crate/crate_weapon_4_015x0075x0075_a.cgf
    [-0.89844243568984616, 0.43656671637240746, 0.04701921438282349, 48.44262907329539303]
    [-0.43817074184907467, -0.89833433566857501, -0.03165338781235054, -101.91015608541783877]
    [0.02842015750828259, -0.04904118808085083, 0.99839239336670127, 0.78566644291277044]
  #174 objects/buildingsets/human/lowtech/prop/storage/container/container_dry_3_025x05x025_a.cgf
    [-0.99999993707807056, 0.00000131894566463, 0.00004097885453227, 8.68685909624036867]
    [-0.00000003466167461, -0.99950920950641942, 0.03132436669754867, 19.58718392049195245]
    [0.00004100006018302, 0.03132436666980005, 0.99950920866637394, -1.04228165956737939]
  #175 objects/buildingsets/human/lowtech/prop/utilitarian/structure/structure_post_3_a.cgf
    [-0.70710558020615366, -0.70710712617590965, -0.00000003342435049, 86.68332947412272915]
    [0.70710712617590721, -0.70710558020615422, 0.00000006343802826, -14.63032667571678758]
    [-0.00000006849206805, 0.00000002122280020, 0.99999939472353228, 0.32500011505908333]
  #176 objects/buildingsets/human/lowtech/prop/storage/drum/drum_dry_1_a.cgf
    [-0.89921701334565241, 0.43722695742920148, -0.01553716667067630, 8.14432664318883326]
    [-0.43703593592133066, -0.89605013581499338, 0.07806278089155415, 40.85303543540067039]
    [0.02020907133729046, 0.07698567882638609, 0.99682739309900015, -1.21555269122472964]
  #177 objects/buildingsets/human/lowtech/prop/storage/crate/crate_weapon_4_015x0075x0075_a.cgf
    [-0.99011906153177354, 0.13939240548313186, 0.01529995694598934, -72.33898994770424906]
    [-0.13915467129130510, -0.99014717555982168, 0.01564083073878888, 3.91165894371806644]
    [0.01732942141941862, 0.01335722358938284, 0.99976065292085448, 0.41179172431293409]
  #178 objects/planet/manmade/mining/mining_structure_set_01/mining_structure_tank_01.cgf
    [0.99999996423492110, 0.00000003890129604, 0.00000003812337639, -19.87496266102243681]
    [-0.00000003890129424, 0.99999996423492077, -0.00000004732025676, 23.49995931133162230]
    [-0.00000003812337823, 0.00000004732025528, 0.99999996423492077, -2.65274923045944888]
  #179 objects/buildingsets/human/lowtech/prop/storage/drum/drum_dry_1_a.cgf
    [-0.81891067807660689, -0.57370696255378206, 0.01567397524625306, 11.30079877293610480]
    [0.57351097482675539, -0.81905253903444863, -0.01543214518732076, 41.82022306826547720]
    [0.02169133780963558, -0.00364835156351121, 0.99975808396106125, -1.13774333405308425]
  #180 objects/planet/manmade/mining/mining_structure_set_01/mining_structure_tank_01.cgf
    [0.99999996423492110, 0.00000003890129604, 0.00000003812337639, -19.87497474603878800]
    [-0.00000003890129424, 0.99999996423492077, -0.00000004732025676, 15.49998195751686580]
    [-0.00000003812337823, 0.00000004732025528, 0.99999996423492077, -2.52705330924072769]
  #181 objects/buildingsets/human/lowtech/prop/storage/drum/drum_dry_1_a.cgf
    [0.96079149650090645, -0.27550218972274670, -0.03127645727156357, -9.80137506169558037]
    [0.27563591858305719, 0.96126209332813761, -0.00003724541259946, -8.75635999246151187]
    [0.03007513438644212, -0.00858513006996097, 0.99951075777265097, -0.08707048323412891]
  #182 objects/planet/manmade/mining/mining_structure_set_01/mining_structure_tank_01.cgf
    [0.99999996423492110, 0.00000003890129604, 0.00000003812337639, -19.87496027855377179]
    [-0.00000003890129424, 0.99999996423492077, -0.00000004732025676, 31.49994300820981152]
    [-0.00000003812337823, 0.00000004732025528, 0.99999996423492077, -2.66935636513517238]
  #183 objects/buildingsets/human/lowtech/prop/storage/container/container_dry_3_025x05x025_a.cgf
    [0.99951639663837621, -0.00097079325643218, 0.03108044294205207, -31.63209886533149984]
    [0.00000169915322752, 0.99951423381690718, 0.03116504318140093, -12.65136950777377933]
    [-0.03109560049482510, -0.03114991941946194, 0.99903088524430106, -0.24698458281636704]
  #184 objects/buildingsets/human/lowtech/prop/utilitarian/structure/structure_post_3_a.cgf
    [-0.70710558020615366, -0.70710712617590965, -0.00000003342435049, 42.60169411763490643]
    [0.70710712617590721, -0.70710558020615422, 0.00000006343802826, 68.68854184620431624]
    [-0.00000006849206805, 0.00000002122280020, 0.99999939472353228, -1.39106255635851994]
  #185 objects/buildingsets/human/lowtech/prop/utilitarian/structure/structure_post_3_a.cgf
    [0.99999996423492110, 0.00000003890129604, 0.00000003812337639, -4.33322136179776862]
    [-0.00000003890129424, 0.99999996423492077, -0.00000004732025676, -132.02424172085011378]
    [-0.00000003812337823, 0.00000004732025528, 0.99999996423492077, 0.70948300622694660]
  #186 objects/buildingsets/human/hightech/prop/storage/crate/crate_dry_1_0125x00625x00625_a.cgf
    [0.97500003771638843, 0.00000007692323944, 0.00000013483156055, 11.79858832732134033]
    [-0.00000007692324645, 0.97500003771639643, 0.00000005066813159, -3.06550515029812232]
    [-0.00000013483155656, -0.00000005066814222, 0.97500003771639010, -0.15492701617768034]
  #187 objects/buildingsets/human/lowtech/bravo/int/cable/cable_curved_02x01x02_a.cgf
    [-1.23853837621342433, 1.23794151804496821, 0.02682235461429785, -68.95253760307969060]
    [-1.23823200698508828, -1.23823633563857416, -0.02735368607625408, 0.15095771019696258]
    [-0.00037105823794442, -0.03830829107122184, 1.75092212485618770, 0.24702913509099744]
  #188 objects/buildingsets/human/lowtech/prop/storage/drum/drum_dry_1_a.cgf
    [0.57350799519301066, -0.81905195112192930, -0.01557319022181496, 10.69787285634083673]
    [0.81915296229861545, 0.57357513204975008, 0.00018892364935322, 41.81904916628263891]
    [0.00877765616364411, -0.01286517384658904, 0.99987873439472652, -1.15333849273156375]
  #189 objects/buildingsets/human/lowtech/prop/utilitarian/storage/storage_container_1_025x075x025_a.cgf
    [0.09085659645387291, -0.99391630422068811, -0.06226850310222991, -3.18119630072033033]
    [0.99428397270314484, 0.08701299372976612, 0.06188721953134851, -83.60100542989675887]
    [-0.05609249414989258, -0.06753537236114129, 0.99613980593768658, 0.53286165451572742]
  #190 objects/buildingsets/human/lowtech/prop/storage/drum/drum_dry_1_a.cgf
    [0.96126176745958314, -0.27563700079129289, -0.00004075361846851, -9.57139978847408202]
    [0.27563700293101578, 0.96126174214046123, 0.00022171578893799, 49.14271959458710626]
    [-0.00002193818142372, -0.00022436012274576, 0.99999994631342348, -0.92040162779449020]
  #191 objects/buildingsets/human/hightech/prop/storage/crate/crate_dry_1_01x005x005_a.cgf
    [-0.00000003687266499, -0.97500090083679403, 0.00000063815970667, 11.44464653288014233]
    [0.97500090083691404, -0.00000003687239232, 0.00000041649367668, -3.38701896840939298]
    [-0.00000041649365254, 0.00000063815972242, 0.97500090083670587, 0.45241471512417775]
  #192 objects/buildingsets/human/lowtech/prop/storage/container/container_dry_3_025x05x025_a.cgf
    [0.98480784236337005, -0.17364765206777089, 0.00003668615525842, 7.68685844227729831]
    [0.17356115740342248, 0.98432392879920561, 0.03135159691308952, 25.58714174557826482]
    [-0.00548024226727222, -0.03086893129939608, 0.99950841458191086, -1.19909987834398635]
  #193 objects/buildingsets/human/lowtech/prop/storage/crate/crate_weapon_4_015x0075x0075_a.cgf
    [-0.98992961931999712, 0.13815000205908662, -0.03088836248802669, 73.58993746776832268]
    [-0.13910685976327886, -0.98978182799036529, 0.03132698134200094, 23.62627585380687378]
    [-0.02624491518212320, 0.03530828690657433, 0.99903187862848308, 1.58205746617750265]
  #194 objects/buildingsets/human/lowtech/prop/storage/drum/drum_dry_1_a.cgf
    [-0.87372255692403211, -0.48542632607380359, -0.03117853737279998, 8.72949469827290159]
    [0.48456634230198292, -0.87419172366892872, 0.03140407446353288, 40.90000218854402192]
    [-0.04250034289620776, 0.01233036655266038, 0.99902132541325983, -1.21558331103005912]
  #195 objects/buildingsets/human/lowtech/prop/storage/drum/drum_dry_1_a.cgf
    [0.96114499716189861, -0.27560370045631999, 0.01558337580974106, -9.35102940586511977]
    [0.27563775206503566, 0.96126155389942725, -0.00003882760665769, -9.11881928480579518]
    [-0.01496899941140086, 0.00433268575275688, 0.99987854450777169, 0.01689627180167008]
  #196 objects/buildingsets/human/lowtech/prop/light/light_landing_2_a.cgf
    [0.77704915292957677, 0.62924521631281605, 0.01565020784861426, 5.57945351891976316]
    [-0.62932381356601164, 0.77714308800189480, 0.00012560434577825, 27.65276814359822311]
    [-0.01208341578360409, -0.00994664994644193, 0.99987744876293927, -1.12511793484736700]
  #197 objects/buildingsets/human/lowtech/prop/utilitarian/machine/machine_forklift_1_a.cgf
    [0.92505985024210491, 0.35935291601717756, -0.12300360671453946, 69.10635179272503592]
    [-0.37241786822249240, 0.92177803827951521, -0.10784392249432702, 11.56870773603441194]
    [0.07462799034844819, 0.14557081417749726, 0.98652923583694763, -0.32181602693162858]
  #198 objects/buildingsets/human/lowtech/bravo/int/cable/cable_curved_02x01x02_a.cgf
    [0.66428737173174290, 1.56501629081782956, 0.00035145441310155, 45.85780720289039891]
    [-1.56325871394256044, 0.66355940646770406, -0.08040481116543245, -105.42180899949744344]
    [-0.07415057200085334, 0.03109260122118447, 1.69826051273322443, 0.80811657091544475]
  #199 objects/buildingsets/human/lowtech/prop/storage/container/container_dry_3_025x025x025_a.cgf
    [-0.99862443605757734, 0.05234174113914743, -0.00011975598882303, -27.33899782733351458]
    [-0.05227866402600813, -0.99752818279928102, -0.04684978449372758, -6.50420228662551381]
    [-0.00257167156342760, -0.04677930262386811, 0.99889715178775174, -0.32427862180338707]
  #200 objects/buildingsets/human/lowtech/prop/utilitarian/structure/structure_post_3_a.cgf
    [-0.70710853021443520, 0.70710612748720014, 0.00000040398148869, -31.53961201598576736]
    [-0.70710612748729429, -0.70710853021443842, -0.00000015943555258, 70.96180792816448957]
    [0.00000017292076661, -0.00000039839571673, 1.00000077451566871, -1.34306736419966910]
  #201 objects/buildingsets/human/lowtech/bravo/ext/hero/storage_tower_a.cgf
    [-0.00000014155511323, -1.00000085517928650, 0.00000048671430097, -10.24399536874261685]
    [1.00000085517930826, -0.00000014155489907, 0.00000043993218836, -78.58922224093112163]
    [-0.00000043993211946, 0.00000048671436325, 1.00000085517919968, -0.28969721897738054]
  #202 objects/buildingsets/human/lowtech/prop/storage/drum/drum_dry_1_a.cgf
    [0.95885088922105222, -0.27697000606715749, -0.06239067364386618, -10.05294070436502807]
    [0.27550033862158479, 0.96079410668147258, -0.03121307681281159, -9.21206269948743284]
    [0.06858967734264972, 0.01274003468947780, 0.99756360993007420, -0.04563806561054662]
  #203 objects/planet/manmade/mining/mining_structure_set_01/mining_structure_tank_01.cgf
    [0.99999996423492110, 0.00000003890129604, 0.00000003812337639, 21.55591395647206809]
    [-0.00000003890129424, 0.99999996423492077, -0.00000004732025676, 31.49983282186440192]
    [-0.00000003812337823, 0.00000004732025528, 0.99999996423492077, -3.45075966068543494]
  #204 objects/buildingsets/human/lowtech/prop/utilitarian/structure/structure_post_3_a.cgf
    [-0.00000037224228936, 1.00000077674279964, 0.00000041374952988, 31.56991259312781040]
    [-1.00000077674278631, -0.00000037224210540, -0.00000044461629347, -58.16601571373757906]
    [-0.00000044461613945, -0.00000041374969539, 1.00000077674277010, -0.38314908357278910]
  #205 objects/buildingsets/human/lowtech/bravo/ext/hero/storage_tower_a.cgf
    [-0.00000037224228936, 1.00000077674279964, 0.00000041374952988, -3.17706008536333684]
    [-1.00000077674278631, -0.00000037224210540, -0.00000044461629347, -78.62799237185390666]
    [-0.00000044461613945, -0.00000041374969539, 1.00000077674277010, -0.16449835788807832]
  #206 objects/buildingsets/human/lowtech/prop/utilitarian/machine/machine_sledge_1_a.cgf
    [-0.40668929330290154, 0.91343365156466338, -0.01557598968116582, 10.12498418262111954]
    [-0.91354475787298872, -0.40673800158121498, 0.00004455354088215, 9.49998417971073650]
    [-0.00629465075162993, 0.01424748439131604, 0.99987860018751773, -0.51043816900346428]
  #207 objects/buildingsets/human/lowtech/prop/storage/container/container_dry_3_025x025x025_a.cgf
    [-0.89716403133232603, 0.43920387764884022, -0.04686744100349439, -15.44527714053401724]
    [-0.43815630709126302, -0.89835623119546948, -0.03122554583803470, -6.06025449439766817]
    [-0.05581804120658665, -0.00747917207711046, 0.99841289582284731, -0.26062752619327512]
  #208 objects/planet/manmade/mining/mining_structure_set_01/mining_structure_tank_01.cgf
    [0.99999996423492110, 0.00000003890129604, 0.00000003812337639, 21.12489781524345744]
    [-0.00000003890129424, 0.99999996423492077, -0.00000004732025676, 23.49988363962620497]
    [-0.00000003812337823, 0.00000004732025528, 0.99999996423492077, -3.37161141989054158]
  #209 objects/buildingsets/human/lowtech/prop/utilitarian/structure/structure_post_3_a.cgf
    [-0.00000014155511323, -1.00000085517928650, 0.00000048671430097, 42.58079436293337494]
    [1.00000085517930826, -0.00000014155489907, 0.00000043993218836, -53.74741607683245093]
    [-0.00000043993211946, 0.00000048671436325, 1.00000085517919968, -0.07136739199631847]
  #210 objects/planet/manmade/mining/mining_structure_set_01/mining_structure_tank_01.cgf
    [-0.00000037224228936, 1.00000077674279964, 0.00000041374952988, -11.87497179991623852]
    [-1.00000077674278631, -0.00000037224210540, -0.00000044461629347, 15.49996575259137899]
    [-0.00000044461613945, -0.00000041374969539, 1.00000077674277010, -2.76085988627164625]
  #211 objects/planet/manmade/mining/mining_structure_set_01/mining_structure_tank_01.cgf
    [-0.00000037224228936, 1.00000077674279964, 0.00000041374952988, 13.12494951303233393]
    [-1.00000077674278631, -0.00000037224210540, -0.00000044461629347, 15.49993858212837949]
    [-0.00000044461613945, -0.00000041374969539, 1.00000077674277010, -3.15155329721164890]
  #212 objects/planet/manmade/mining/mining_structure_set_01/mining_structure_tank_01.cgf
    [0.99999996423492110, 0.00000003890129604, 0.00000003812337639, 21.12491467819199897]
    [-0.00000003890129424, 0.99999996423492077, -0.00000004732025676, 15.49993631924735382]
    [-0.00000003812337823, 0.00000004732025528, 0.99999996423492077, -3.18341550123295747]
  #213 objects/buildingsets/human/lowtech/prop/utilitarian/structure/structure_post_3_a.cgf
    [-0.70710853021443520, 0.70710612748720014, 0.00000040398148869, -83.12777048896532506]
    [-0.70710612748729429, -0.70710853021443842, -0.00000015943555258, 2.15364951116498560]
    [0.00000017292076661, -0.00000039839571673, 1.00000077451566871, 2.31118720628728624]
  #214 objects/buildingsets/human/lowtech/prop/storage/drum/drum_dry_1_a.cgf
    [-0.00097657919236381, 0.99951186684381299, -0.03125040790664176, -7.49762902125075925]
    [-0.99951444762897601, -0.00000162275490136, 0.03118305054295071, -8.53481301493593492]
    [0.03116775476158964, 0.03126566325247432, 0.99902579697791527, -0.01426061615347862]
  #215 objects/buildingsets/human/lowtech/prop/storage/container/container_dry_3_025x05x025_a.cgf
    [-0.00024259849105123, -0.99988045216143551, 0.01551835431153086, -23.62848123820731416]
    [0.99987929319781799, -0.00000056462063513, 0.01559473703003313, -6.48650563106639311]
    [-0.01559284994241985, 0.01552025045697627, 0.99975886174894590, -0.24573001952376217]
  #216 objects/buildingsets/human/lowtech/prop/storage/drum/drum_dry_1_a.cgf
    [0.96114509197474296, -0.27560365038223672, 0.01557983548585600, -10.15508457076794002]
    [0.27563375277474905, 0.96126269856004642, 0.00022336804530556, 49.51109620588249527]
    [-0.01503787581705015, 0.00407963944007064, 0.99987859764966858, -0.92050858955190051]
  #217 objects/buildingsets/human/lowtech/prop/utilitarian/structure/structure_post_3_a.cgf
    [0.70710758773689664, -0.70710598673722103, 0.00000011562870370, 89.35537457012105733]
    [0.70710598673718683, 0.70710758773690108, 0.00000023530760295, -65.21851039386820048]
    [-0.00000024814934639, -0.00000008462604215, 1.00000000855732818, -0.51321967311378103]
  #218 objects/buildingsets/human/lowtech/prop/storage/drum/drum_dry_1_a.cgf
    [-0.99987741910475925, -0.00024454611085848, -0.01565266675859253, -7.50218607920396607]
    [0.00000060663281059, -0.99987854281725186, 0.01558263868320768, -9.05270501872291788]
    [-0.01565457693736500, 0.01558071968488836, 0.99975601744128639, -0.01428124732046854]
  #219 objects/buildingsets/human/lowtech/prop/storage/container/container_dry_3_025x05x025_a.cgf
    [-0.99695831840844895, 0.00242711823775248, 0.07789795425442593, 10.23211775541130919]
    [0.00001347600586995, -0.99950950510836867, 0.03131485015433311, 38.79001468740170822]
    [0.07793575558344150, 0.03122065212084846, 0.99646934709831991, -1.20109941411647014]
  #220 objects/buildingsets/human/lowtech/prop/utilitarian/structure/structure_post_3_a.cgf
    [-0.00000037224228936, 1.00000077674279964, 0.00000041374952988, -96.66748857058701105]
    [-1.00000077674278631, -0.00000037224210540, -0.00000044461629347, -54.58543624932644889]
    [-0.00000044461613945, -0.00000041374969539, 1.00000077674277010, 6.86157958205149043]
  #221 objects/buildingsets/human/lowtech/prop/storage/container/container_dry_3_025x05x025_a.cgf
    [-0.99984765754474536, -0.01745066045825316, -0.00026766441350078, 7.68686177974450402]
    [0.01745001819697763, -0.99930618879825872, -0.03290248298846026, 36.58709747352986597]
    [0.00030669136382465, -0.03290214235352353, 0.99945849861879521, -1.13812676283123437]
  #222 objects/buildingsets/human/lowtech/prop/storage/drum/drum_dry_1_a.cgf
    [0.48453668154799345, -0.87463000073661701, -0.01566044905190304, -9.13484427674848121]
    [0.87451369169636073, 0.48475047729374021, -0.01553902885244870, 17.99158059584442526]
    [0.02118232491122185, -0.00616605169779775, 0.99975595648958182, -0.66716682301193941]
  #223 objects/buildingsets/human/lowtech/prop/light/light_landing_2_a.cgf
    [0.77735637762775334, 0.62886700836523235, 0.01559603120001446, -4.83284123007615563]
    [-0.62901528454676447, 0.77676490434980261, 0.03124009306910198, 1.59699580789310858]
    [0.00753141460696492, -0.03409482949328202, 0.99939016836959782, 0.09534736660134513]
  #224 objects/planet/manmade/mining/mining_structure_set_01/mining_structure_tank_01.cgf
    [-0.00000037224228936, 1.00000077674279964, 0.00000041374952988, 13.12494304796564393]
    [-1.00000077674278631, -0.00000037224210540, -0.00000044461629347, 23.49989359339815564]
    [-0.00000044461613945, -0.00000041374969539, 1.00000077674277010, -3.27724921694607474]
  #225 objects/buildingsets/human/lowtech/prop/light/light_landing_2_a.cgf
    [0.77402157032044772, 0.62835400657471796, 0.07785793555115234, -5.11556124598428141]
    [-0.62925451714594327, 0.77704565370759171, -0.01545353466644953, 26.94412780817947350]
    [-0.07020946060335331, -0.03703108834156413, 0.99684469059435010, -0.87502110701461788]
  #226 objects/buildingsets/human/lowtech/prop/storage/drum/drum_dry_1_a.cgf
    [0.48496466446457376, -0.87439270024244353, -0.01566302919691556, -9.69504468013474252]
    [0.87451214636461327, 0.48475171688236174, 0.01558619069855271, -8.22379456865019165]
    [-0.00603577514925804, -0.02125627536664595, 0.99975516536600917, -0.07142050655966159]
  #227 objects/buildingsets/human/lowtech/prop/storage/drum/drum_dry_1_a.cgf
    [-0.27489642500867201, -0.96134547303761297, -0.01564326102097743, -8.80625087732914835]
    [0.96020409167908172, -0.27533289742927425, 0.04688040682183901, 13.51968056705663912]
    [-0.04937542372508830, -0.00213346926848004, 0.99877694730539246, -0.76058949409343768]
  #228 objects/planet/manmade/mining/mining_structure_set_01/mining_structure_tank_01.cgf
    [-0.98162707786367853, 0.19080950921444653, -0.00000003328843661, -10.87670076664653607]
    [-0.19080950921444803, -0.98162707786367764, 0.00000004919600431, 31.49990567940403707]
    [-0.00000002328976545, 0.00000005464388052, 0.99999999440091947, -2.93436209682840854]
  #229 objects/buildingsets/human/lowtech/prop/light/light_hung_4_box_b.cgf
    [-0.49923631343365577, 0.01918483855202376, 0.01987625593961672, 19.19197285268455744]
    [-0.02751477332854041, -0.37739175659301832, -0.32683087298415797, -11.26630833226954564]
    [0.00246187512343890, -0.32742544839495991, 0.37787105624208356, 1.49333977357309777]
  #230 objects/buildingsets/human/lowtech/prop/utilitarian/structure/structure_post_8_a.cgf
    [-0.00000037224228936, 1.00000077674279964, 0.00000041374952988, 7.43698013421089854]
    [-1.00000077674278631, -0.00000037224210540, -0.00000044461629347, -2.87078405154170468]
    [-0.00000044461613945, -0.00000041374969539, 1.00000077674277010, -0.31411407096311450]
  #231 objects/buildingsets/human/hightech/prop/storage/crate/crate_dry_1_01x005x005_a.cgf
    [0.72774095878698153, 0.61064966990284775, -0.00000036704010977, 11.92747533906367607]
    [-0.61064966990293823, 0.72774095878697198, -0.00000019492606670, -6.80513140678522177]
    [0.00000015587219945, 0.00000038525117923, 0.94999995918348012, 0.29810786552843638]
  #232 objects/buildingsets/human/hightech/prop/storage/crate/crate_dry_1_0125x0125x0125_a.cgf
    [-0.00000014155511323, -1.00000085517928650, 0.00000048671430097, 8.87566150442580692]
    [1.00000085517930826, -0.00000014155489907, 0.00000043993218836, -7.87342337419977412]
    [-0.00000043993211946, 0.00000048671436325, 1.00000085517919968, -0.23303570080315694]
  #233 objects/buildingsets/human/lowtech/prop/storage/container/container_dry_3_025x025x025_a.cgf
    [-0.88286763616088859, 0.44379376651624974, -0.15359630160645679, 72.70433588093146682]
    [-0.43707936539143344, -0.89612861681937162, -0.07690984665566504, 10.79930396820418537]
    [-0.17177415234802645, -0.00076744048404666, 0.98513605439370466, 0.04041661623341497]
  #234 objects/buildingsets/human/lowtech/prop/storage/container/container_dry_3_025x05x025_a.cgf
    [-0.95596878429877974, 0.29304247903401193, 0.01579919978149244, 42.78265988809289411]
    [-0.29205165221692414, -0.95525813485078948, 0.04677129487813421, -10.91912409986252896]
    [0.02879829282265827, 0.04009771899763531, 0.99878058503732836, -0.81520392914535478]
  #235 objects/buildingsets/human/hightech/prop/storage/crate/crate_dry_1_01x005x005_a.cgf
    [0.99999996423492110, 0.00000003890129604, 0.00000003812337639, 11.92135503259487450]
    [-0.00000003890129424, 0.99999996423492077, -0.00000004732025676, -7.96763761842157692]
    [-0.00000003812337823, 0.00000004732025528, 0.99999996423492077, -0.28005551248497795]
  #236 objects/buildingsets/human/lowtech/prop/storage/drum/drum_dry_1_a.cgf
    [-0.87462158390268574, -0.48480850890861460, 0.00003976028171077, 8.39401250588707626]
    [0.48386102704783157, -0.87290714304822159, 0.06256063490027941, 40.38422844407614321]
    [-0.03029518765896376, 0.05473605963817848, 0.99804226979597888, -1.18422685202676803]
  #237 objects/buildingsets/human/lowtech/prop/light/light_landing_2_a.cgf
    [0.77399723428706046, 0.63146406978290071, -0.04670559766786900, -5.82056050574465189]
    [-0.62740863889326060, 0.77478635694890052, 0.07787492466945335, 15.70379289076663554]
    [0.08536207660549903, -0.03097148080707152, 0.99586850849825048, -0.73334390638046898]
  #238 objects/buildingsets/human/lowtech/prop/storage/container/container_dry_3_025x05x025_a.cgf
    [-0.00000032454857006, 0.99988033445522662, 0.01552001151790663, -23.62847435371077154]
    [-1.00000077686181799, -0.00000007254351339, -0.00001623800275534, -3.98710671209846623]
    [-0.00001623492113531, -0.01552001152113051, 0.99988033432342671, -0.30817094740632456]
  #239 objects/buildingsets/human/lowtech/prop/utilitarian/structure/structure_post_3_a.cgf
    [-0.70710853021443520, 0.70710612748720014, 0.00000040398148869, -9.58052271456108429]
    [-0.70710612748729429, -0.70710853021443842, -0.00000015943555258, 49.51100521205808036]
    [0.00000017292076661, -0.00000039839571673, 1.00000077451566871, -1.06964820022403728]
  #240 objects/buildingsets/human/lowtech/prop/storage/container/container_dry_3_025x05x025_a.cgf
    [0.95630622226137607, -0.29236686323312350, 0.00026721135903838, 59.25867548481619451]
    [0.29233419583944775, 0.95618488359578746, -0.01585027382490404, -51.25797240127576515]
    [0.00437859127913591, 0.01523583015936816, 0.99987436324384071, -0.65270421170862392]
  #241 objects/buildingsets/human/lowtech/prop/light/light_landing_2_a.cgf
    [0.77674320298949495, 0.62962444187581168, -0.01558784729958316, 5.70788958999037277]
    [-0.62901327613834512, 0.77676413871247263, 0.03130005484370277, 14.98728187332744710]
    [0.03181536158160689, -0.01450714251965340, 0.99938843687756784, -0.45204130910860840]
  #242 objects/buildingsets/human/lowtech/prop/storage/crate/crate_weapon_4_015x0075x0075_a.cgf
    [-0.98592473240717882, 0.13856193757019092, 0.09355704172003085, 48.16622923476097640]
    [-0.13921481583682915, -0.99026205385464838, -0.00045641852199009, -102.97342189904884435]
    [0.09258275028387751, -0.01347452125843392, 0.99561377059455380, 0.80086380222928710]
  #243 objects/buildingsets/human/hightech/prop/storage/crate/crate_dry_1_0125x00625x00625_a.cgf
    [-0.00000014155511323, -1.00000085517928650, 0.00000048671430097, 9.15275492810178548]
    [1.00000085517930826, -0.00000014155489907, 0.00000043993218836, -6.66292943028383888]
    [-0.00000043993211946, 0.00000048671436325, 1.00000085517919968, -0.17050724875298329]
  #244 objects/buildingsets/human/lowtech/prop/storage/drum/drum_dry_1_a.cgf
    [0.96039157093333127, -0.27690646131051111, 0.03116155026133622, -9.22825196097255684]
    [0.27533668732893368, 0.96020983658281600, 0.04676514076020691, -8.44328877862426452]
    [-0.04287119243651108, -0.03633292534442258, 0.99841984127168637, -0.04015895519114565]
  #245 objects/buildingsets/human/lowtech/prop/utilitarian/structure/structure_post_3_a.cgf
    [0.70710758773689664, -0.70710598673722103, 0.00000011562870370, 61.94541564390237909]
    [0.70710598673718683, 0.70710758773690108, 0.00000023530760295, -107.12374966891366057]
    [-0.00000024814934639, -0.00000008462604215, 1.00000000855732818, 0.47989432254689746]
  #246 objects/buildingsets/human/hightech/prop/storage/crate/crate_dry_1_01x005x005_a.cgf
    [0.62671846979899426, -0.74689287979454133, -0.00000001552579555, 9.34938381200481672]
    [0.74689287979454111, 0.62671846979899448, -0.00000001578717183, -6.67783344193594530]
    [0.00000002207346554, -0.00000000174563484, 0.97500000732050029, 0.45448424686037470]
  #247 objects/buildingsets/human/hightech/prop/storage/crate/crate_dry_1_0125x0125x0125_a.cgf
    [-0.00000003368335798, -0.98000081355441837, 0.00000043681180966, 10.58543531050963793]
    [0.98000081355447410, -0.00000003368323057, 0.00000028578376526, -3.36977571272291243]
    [-0.00000028578375025, 0.00000043681181949, 0.98000081355437707, -0.18297781261208002]
  #248 objects/planet/manmade/mining/mining_structure_set_01/mining_structure_tank_01.cgf
    [-0.00000037224228936, 1.00000077674279964, 0.00000041374952988, -11.87496338125492912]
    [-1.00000077674278631, -0.00000037224210540, -0.00000044461629347, 23.49993310376885347]
    [-0.00000044461613945, -0.00000041374969539, 1.00000077674277010, -2.90218080719932914]
  #249 objects/buildingsets/human/lowtech/prop/storage/drum/drum_dry_1_a.cgf
    [0.57350807383357238, -0.81905193362173578, -0.01557226253749508, 10.89049776093452238]
    [0.81915295555648759, 0.57357516927542329, 0.00019150998912766, 42.41625925866537727]
    [0.00877500616023072, -0.01286589691784142, 0.99987876467385917, -1.13783513709495310]
  #250 objects/buildingsets/human/lowtech/prop/storage/drum/drum_dry_1_a.cgf
    [0.48329713136303870, -0.87490083816967712, 0.03116110558813437, -9.18674424833443481]
    [0.87366221251464493, 0.48427860846511150, 0.04676725480858593, -7.89811010449193418]
    [-0.05600740625572379, 0.00462180357786604, 0.99841895900038591, -0.05576220570947044]
  #251 objects/buildingsets/human/lowtech/prop/utilitarian/structure/structure_post_3_a.cgf
    [-0.70710558020615366, -0.70710712617590965, -0.00000003342435049, 68.06085272043128498]
    [0.70710712617590721, -0.70710558020615422, 0.00000006343802826, 36.57768854702590033]
    [-0.00000006849206805, 0.00000002122280020, 0.99999939472353228, 1.53206566793960519]
  #252 objects/planet/manmade/mining/mining_structure_set_01/mining_structure_tank_01.cgf
    [0.00000003166526333, 0.99939078386832325, 0.03490005897869581, 13.12493473367067054]
    [-0.99999997649882821, 0.00000003281705919, -0.00000003242985881, 31.49983517697546631]
    [-0.00000003355542012, -0.03490005897869474, 0.99939078386832325, -3.43448134724167176]
  #253 objects/buildingsets/human/hightech/prop/storage/crate/crate_dry_1_0125x00625x00625_a.cgf
    [-0.00000014155511323, -1.00000085517928650, 0.00000048671430097, 9.77775381410901900]
    [1.00000085517930826, -0.00000014155489907, 0.00000043993218836, -6.64942697482183576]
    [-0.00000043993211946, 0.00000048671436325, 1.00000085517919968, -0.18615826300811023]
  #254 objects/buildingsets/human/lowtech/prop/storage/drum/drum_dry_1_a.cgf
    [0.48299847519968953, -0.87436644475073955, -0.04684487778872289, -10.24655230008647777]
    [0.87419103579020263, 0.48457506989631072, -0.03123593932238744, -8.33555139842792414]
    [0.05001155091717459, -0.02586447863868721, 0.99841300214185980, -0.10269929263449740]
  #255 objects/buildingsets/human/lowtech/prop/storage/drum/drum_dry_1_a.cgf
    [0.48496465074119033, -0.87439278497053252, -0.01565901576904457, -8.80882856859534513]
    [0.87451153830094475, 0.48474960204528783, 0.01568605582528015, 14.11361794554977678]
    [-0.00612507648067338, -0.02130118682878711, 0.99975367092584089, -0.79187616675335448]
  #256 objects/buildingsets/human/lowtech/prop/storage/drum/drum_dry_1_a.cgf
    [0.96052232991211417, -0.27644084145413128, -0.03126069557254514, -9.68556246483058203]
    [0.27550116250378176, 0.96079229443612357, -0.03126007969564389, -9.51019333227304742]
    [0.03867659978090555, 0.02141364750912390, 0.99902226827087615, -0.03000937442993745]
