# IncludedObjects
# Cgfs: 29, Materials: 0, Palettes: 7, Placements: 70

[CGFs]
      0: objects/buildingsets/human/station/utilitarian/addon/addon_light_sml_002_a.cgf
      1: objects/buildingsets/human/lowtech/alpha/ext/floor/landingpad/arccorp_facade_light_b.cgf
      2: data/objects/buildingsets/human/lowtech/bravo/theme/mining/miningtower/mining_tower_addon_b.cgf
      3: data/objects/buildingsets/human/common/pipe/set_h/common_pipe_set_h_pipe_corner_2m_a.cgf
      4: data/objects/buildingsets/human/common/pipe/set_h/common_pipe_set_h_pipe_end_1m_a.cgf
      5: data/objects/buildingsets/human/common/pipe/set_h/common_pipe_set_h_pipe_straight_16m_a.cgf
      6: objects/buildingsets/human/station/utilitarian/addon/pipes/addon_lge_pipes_tower_001.cgf
      7: objects/buildingsets/human/station/utilitarian/addon/tanks/addon_tanks_med_002_a.cgf
      8: objects/buildingsets/human/station/utilitarian/util_001/001_core_sml_001_b.cgf
      9: data/objects/buildingsets/human/lowtech/bravo/int/prop/light/light_cold_wall_c.cgf
     10: data/objects/buildingsets/human/station/utilitarian/util_001/001_armlge_platform_003_a.cgf
     11: objects/buildingsets/human/station/utilitarian/addon/pipes/addon_lge_pipes_tower_003.cgf
     12: data/objects/buildingsets/human/station/utilitarian/addon/tanks/addon_tanks_med_001_a.cgf
     13: data/objects/buildingsets/human/station/utilitarian/addon/antennas/addon_antenna_sml_001_a.cgf
     14: data/objects/buildingsets/human/station/utilitarian/addon/greebles/addon_greebles_tanks_003_a.cgf
     15: objects/buildingsets/human/station/utilitarian/util_001/001_building_deck_001_a.cgf
     16: data/objects/buildingsets/human/lowtech/bravo/theme/mining/miningtower/mining_tower_addon_a.cgf
     17: objects/buildingsets/human/station/utilitarian/addon/greebles/addon_greebles_electrical_003_a.cgf
     18: data/objects/buildingsets/human/station/utilitarian/addon/antennas/addon_antenna_med_002_a.cgf
     19: objects/buildingsets/human/station/utilitarian/addon/addon_framework_railcap_001_a.cgf
     20: objects/buildingsets/human/station/utilitarian/addon/greebles/addon_greebles_patch_lge_002_a.cgf
     21: data/objects/buildingsets/human/common/pipe/set_h/common_pipe_set_h_pipe_straight_8m_a.cgf
     22: data/objects/buildingsets/human/lowtech/bravo/theme/mining/miningtower/mining_tower_strut_b.cgf
     23: data/objects/buildingsets/human/common/pipe/set_h/common_pipe_set_h_pipe_straight_4m_a.cgf
     24: objects/buildingsets/human/station/utilitarian/util_001/001_tower_neck_001_a.cgf
     25: data/objects/buildingsets/human/station/utilitarian/util_001/001_core_sml_001_c.cgf
     26: data/objects/buildingsets/human/station/utilitarian/addon/antennas/addon_antenna_sml_007_a.cgf
     27: objects/buildingsets/human/station/utilitarian/addon/pipes/addon_lge_pipes_tower_002.cgf
     28: objects/buildingsets/human/station/utilitarian/addon/greebles/addon_greebles_patch_lge_001_a.cgf

[Palettes]
      0: Libs/Foundry/Records/TintPalettes/Brand/Station/Rund/Station_Rund_Default|ext_accent_a
      1: Libs/Foundry/Records/TintPalettes/Brand/Levski/levski_default
      2: Libs/Foundry/Records/TintPalettes/brand/levski/levski_lightgreen<213>
      3: Libs/Foundry/Records/TintPalettes/Brand/Levski/levski_default<113>
      4: Libs/Foundry/Records/TintPalettes/Brand/Levski/levski_default<333>
      5: Libs/Foundry/Records/TintPalettes/Brand/Levski/levski_default<131>
      6: Libs/Foundry/Records/TintPalettes/generic/gen_grey_orange_rust

[Placements]
  #0 objects/buildingsets/human/station/utilitarian/addon/addon_light_sml_002_a.cgf
    [-1.00000090988391954, -0.00000000000000000, 0.00000000000000000, -15.88512200000695884]
    [0.00000000000000000, -0.98480854996201339, -0.17364889775170994, 120.30559499999799300]
    [0.00000000000000000, -0.17364889775170994, 0.98480854996201328, 158.61893699999998830]
  #1 objects/buildingsets/human/station/utilitarian/addon/addon_light_sml_002_a.cgf
    [-1.00000090988391954, -0.00000000000000000, 0.00000000000000000, -59.49930300000414718]
    [0.00000000000000000, -0.98480854996201339, -0.17364889775170994, 488.08784900000318885]
    [0.00000000000000000, -0.17364889775170994, 0.98480854996201328, 173.81040600000000040]
  #2 objects/buildingsets/human/lowtech/alpha/ext/floor/landingpad/arccorp_facade_light_b.cgf
    [0.25881757772310116, -0.96592633214348911, 0.00000000000000000, -197.35969199999817647]
    [0.96592633214348911, 0.25881757772310116, 0.00000000000000000, 373.28859100000408944]
    [0.00000000000000000, 0.00000000000000000, 1.00000010883330770, 195.14181600000000572]
  #3 objects/buildingsets/human/station/utilitarian/addon/addon_light_sml_002_a.cgf
    [-1.00000090988391954, -0.00000000000000000, 0.00000000000000000, 60.99966800000402145]
    [0.00000000000000000, -0.98480854996201339, -0.17364889775170994, 491.09598600000026636]
    [0.00000000000000000, -0.17364889775170994, 0.98480854996201328, 172.72359900000000721]
  #4 objects/buildingsets/human/lowtech/alpha/ext/floor/landingpad/arccorp_facade_light_b.cgf
    [-0.26006194252794762, -0.95170400413067624, 0.16317582956675247, 200.37415299999702256]
    [0.96547285725887966, -0.25364160212693304, 0.05939003579243798, 375.20109499999671243]
    [-0.01513356301519600, 0.17298700233453962, 0.98480736648257505, 194.77265600000001200]
  #5 objects/buildingsets/human/station/utilitarian/addon/addon_light_sml_002_a.cgf
    [-1.00000090988391954, -0.00000000000000000, 0.00000000000000000, 16.09377500000118744]
    [0.00000000000000000, -0.98480854996201339, -0.17364889775170994, 120.30559499999799300]
    [0.00000000000000000, -0.17364889775170994, 0.98480854996201328, 158.47332800000000930]
  #6 data/objects/buildingsets/human/lowtech/bravo/theme/mining/miningtower/mining_tower_addon_b.cgf
    [1.50000014781585200, 0.00000000000000000, 0.00000000000000000, -29.55499999999301508]
    [0.00000000000000000, 1.06066109181570556, -1.06065946078649276, -763.16758399999525864]
    [0.00000000000000000, 1.06065946078649276, 1.06066109181570556, 308.75290000000001100]
  #7 data/objects/buildingsets/human/common/pipe/set_h/common_pipe_set_h_pipe_corner_2m_a.cgf
    [-0.00000640120999817, 0.00000000000000000, 10.00000426747310378, 24.00000000000000000]
    [0.00000000000000000, 10.00000426747515192, 0.00000000000000000, -684.00000000000000000]
    [-10.00000426747310378, 0.00000000000000000, -0.00000640120999817, 160.00000000000000000]
  #8 data/objects/buildingsets/human/common/pipe/set_h/common_pipe_set_h_pipe_end_1m_a.cgf
    [0.00000000000000000, 0.00000000000000000, 19.99999999999999645, -4.00000499999441672]
    [19.99999999999999645, 0.00000000000000000, 0.00000000000000000, -556.00000000000000000]
    [0.00000000000000000, 19.99999999999999645, 0.00000000000000000, 20.00000000000000000]
  #9 data/objects/buildingsets/human/common/pipe/set_h/common_pipe_set_h_pipe_straight_16m_a.cgf
    [0.00001390427882973, 7.07106385933054504, -7.07105846369323920, 24.00000000000000000]
    [9.99999059497899090, -0.00001370945422666, 0.00000595416251032, -344.00000000000000000]
    [-0.00000548381405785, -7.07105846369362023, -7.07106385934170856, 40.00000000000000000]
  #10 data/objects/buildingsets/human/common/pipe/set_h/common_pipe_set_h_pipe_corner_2m_a.cgf
    [0.00000000000000000, 0.00000000000000000, 9.99999999999999822, -32.00000000000000000]
    [9.99999999999999822, 0.00000000000000000, 0.00000000000000000, -684.00000000000000000]
    [0.00000000000000000, 9.99999999999999822, 0.00000000000000000, 40.00000000000000000]
  #11 objects/buildingsets/human/station/utilitarian/addon/pipes/addon_lge_pipes_tower_001.cgf
    [0.00000222586295115, -1.00000042674518408, 0.00000000000000000, -3.29674200000590645]
    [1.00000042674518408, 0.00000222586295115, 0.00000000000000000, -630.92192599999543745]
    [0.00000000000000000, 0.00000000000000000, 1.00000042674766121, 305.08675799999997480]
  #12 data/objects/buildingsets/human/common/pipe/set_h/common_pipe_set_h_pipe_straight_16m_a.cgf
    [-0.00001257396158954, -7.07106576692663413, -7.07106374303606167, -32.00000000000000000]
    [9.99999567691160784, -0.00001276878295096, -0.00000501348295191, -504.00000000000000000]
    [-0.00000548382341999, -7.07106374303571261, 7.07106576693603550, 40.00000000000000000]
  #13 objects/buildingsets/human/station/utilitarian/addon/tanks/addon_tanks_med_002_a.cgf
    [0.03315555075884288, -0.94942110611166131, 0.00000000000000000, -74.88921399999526329]
    [0.94942110611166131, 0.03315555075884288, 0.00000000000000000, 152.03772399999434128]
    [0.00000000000000000, 0.00000000000000000, 0.94999985646125906, 149.11141900000001215]
  #14 objects/buildingsets/human/station/utilitarian/util_001/001_core_sml_001_b.cgf
    [-0.00000064012100026, 1.00000042674731060, 0.00000000000000000, 0.00213300000177696]
    [-1.00000042674731060, -0.00000064012100026, -0.00000000000000000, 0.00225799999316223]
    [-0.00000000000000000, 0.00000000000000000, 1.00000042674751533, 0.00000000000000000]
  #15 data/objects/buildingsets/human/lowtech/bravo/theme/mining/miningtower/mining_tower_addon_b.cgf
    [0.89550920260030820, -0.05645881875161839, -0.00719077885478870, 13.92457400000421330]
    [0.05383113885808974, 0.80339091984892508, 0.39603191266707960, -563.88931300000695046]
    [-0.01848009752700548, -0.39566585542181454, 0.80516026622401238, 684.12787000000002990]
  #16 data/objects/buildingsets/human/lowtech/bravo/int/prop/light/light_cold_wall_c.cgf
    [3.00000000000000000, 0.00000000000000000, 0.00000000000000000, -23.00000600000203121]
    [0.00000000000000000, 3.00000000000000000, 0.00000000000000000, -564.01129900000523776]
    [0.00000000000000000, 0.00000000000000000, 3.00000000000000000, 699.01455499999997301]
  #17 data/objects/buildingsets/human/lowtech/bravo/int/prop/light/light_cold_wall_c.cgf
    [3.00000000000000000, 0.00000000000000000, 0.00000000000000000, 8.49999399999796879]
    [0.00000000000000000, 3.00000000000000000, 0.00000000000000000, -564.01129900000523776]
    [0.00000000000000000, 0.00000000000000000, 3.00000000000000000, 699.01455499999997301]
  #18 data/objects/buildingsets/human/common/pipe/set_h/common_pipe_set_h_pipe_corner_2m_a.cgf
    [0.00000000000000222, 0.00000000000000000, 20.00000762939452414, -4.00002300000051036]
    [20.00000762939452414, 0.00000000000000000, 0.00000000000000000, -688.00000000000000000]
    [0.00000000000000222, 20.00000762939452414, 0.00000000000000222, 20.00000000000000000]
  #19 data/objects/buildingsets/human/lowtech/bravo/int/prop/light/light_cold_wall_c.cgf
    [-0.00000192036300078, -3.00000128024193158, 0.00000000000000000, -27.58108400000492111]
    [3.00000128024193158, -0.00000192036300078, 0.00000000000000000, -546.09239000000525266]
    [0.00000000000000000, 0.00000000000000000, 3.00000128024254620, 337.51455600000002732]
  #20 data/objects/buildingsets/human/common/pipe/set_h/common_pipe_set_h_pipe_straight_16m_a.cgf
    [0.00001016183882557, 9.65923745212336549, -2.58818673626641615, 24.00000000000000000]
    [9.99997893689222117, -0.00000981558102264, 0.00000263008317148, -664.00000000000000000]
    [0.00000000000412614, -2.58818673626775242, -9.65923745212835172, 40.00000000000000000]
  #21 data/objects/buildingsets/human/station/utilitarian/util_001/001_armlge_platform_003_a.cgf
    [-0.00000064012127299, -0.00000000000000000, -1.00000085349446199, -36.00004199999966659]
    [0.00000000000000000, -1.00000085349466716, 0.00000000000000000, -476.00000299999373965]
    [-1.00000085349446199, 0.00000000000000000, 0.00000064012127265, 600.00000299999999243]
  #22 objects/buildingsets/human/station/utilitarian/addon/pipes/addon_lge_pipes_tower_003.cgf
    [0.00000222586295115, -1.00000042674518408, 0.00000000000000000, -3.29674200000590645]
    [1.00000042674518408, 0.00000222586295115, 0.00000000000000000, -630.92192599999543745]
    [0.00000000000000000, 0.00000000000000000, 1.00000042674766121, 305.08675799999997480]
  #23 data/objects/buildingsets/human/common/pipe/set_h/common_pipe_set_h_pipe_straight_16m_a.cgf
    [-0.00001097790378221, 8.66026012649259336, -5.00000948284693170, -32.00000000000000000]
    [10.00001001434882220, 0.00000950714282542, -0.00000548895315600, -664.00000000000000000]
    [0.00000000000421275, -5.00000948284994529, -8.66026012649781229, 40.00000000000000000]
  #24 data/objects/buildingsets/human/lowtech/bravo/theme/mining/miningtower/mining_tower_addon_b.cgf
    [1.50000014781585200, 0.00000000000000000, 0.00000000000000000, 13.46499999999650754]
    [0.00000000000000000, 1.06066109181570556, -1.06065946078649276, -763.16758399999525864]
    [0.00000000000000000, 1.06065946078649276, 1.06066109181570556, 308.75290000000001100]
  #25 objects/buildingsets/human/station/utilitarian/addon/tanks/addon_tanks_med_002_a.cgf
    [0.03315555075884288, -0.94942110611166131, 0.00000000000000000, 71.76346400000329595]
    [0.94942110611166131, 0.03315555075884288, 0.00000000000000000, 260.93027399999846239]
    [0.00000000000000000, 0.00000000000000000, 0.94999985646125906, 149.11141900000001215]
  #26 data/objects/buildingsets/human/station/utilitarian/addon/tanks/addon_tanks_med_001_a.cgf
    [-0.00000405311995168, 0.00000000000000000, 0.99999999999589306, -0.72259499999927357]
    [0.99999999999589306, 0.00000000000000000, 0.00000405311995168, -547.67260799999348819]
    [0.00000000000000000, 1.00000000000410694, 0.00000000000000000, 85.09000000000000341]
  #27 data/objects/buildingsets/human/common/pipe/set_h/common_pipe_set_h_pipe_straight_16m_a.cgf
    [0.00002032368138942, 19.31848583496031679, 5.17637689506967291, -4.00000499999441672]
    [19.99996931786080623, -0.00001963116578836, -0.00000526016684431, -648.00000000000000000]
    [-0.00000000000728416, 5.17637689507234455, -19.31848583497029637, 20.00000000000000000]
  #28 data/objects/buildingsets/human/station/utilitarian/addon/antennas/addon_antenna_sml_001_a.cgf
    [-0.00000096018190948, 1.50000128024169266, 0.00000000000000000, 0.67144900000130292]
    [1.50000128024169266, 0.00000096018190948, 0.00000000000000000, -453.70809499999450054]
    [0.00000000000000000, 0.00000000000000000, -1.50000128024199997, 611.78316500000005362]
  #29 objects/buildingsets/human/station/utilitarian/addon/tanks/addon_tanks_med_002_a.cgf
    [1.00000000000000000, 0.00000000000000000, 0.00000000000000000, -35.99784599999838974]
    [0.00000000000000000, 1.00000000000000000, 0.00000000000000000, -165.99774599999364000]
    [0.00000000000000000, 0.00000000000000000, 1.00000000000000000, 156.00000000000000000]
  #30 data/objects/buildingsets/human/common/pipe/set_h/common_pipe_set_h_pipe_corner_2m_a.cgf
    [-0.00000640120999817, 0.00000000000000000, 10.00000426747310378, -32.00000000000000000]
    [0.00000000000000000, 10.00000426747515192, 0.00000000000000000, -684.00000000000000000]
    [-10.00000426747310378, 0.00000000000000000, -0.00000640120999817, 160.00000000000000000]
  #31 data/objects/buildingsets/human/lowtech/bravo/int/prop/light/light_cold_wall_c.cgf
    [-0.00000192036300078, 3.00000128024193158, 0.00000000000000000, 11.58108400000492111]
    [-3.00000128024193158, -0.00000192036300078, -0.00000000000000000, -546.09237699999357574]
    [-0.00000000000000000, 0.00000000000000000, 3.00000128024254620, 337.51455600000002732]
  #32 objects/buildingsets/human/station/utilitarian/addon/tanks/addon_tanks_med_002_a.cgf
    [1.00000000000000000, 0.00000000000000000, 0.00000000000000000, 28.00215400000161026]
    [0.00000000000000000, 1.00000000000000000, 0.00000000000000000, -165.99773899999854621]
    [0.00000000000000000, 0.00000000000000000, 1.00000000000000000, 156.00000000000000000]
  #33 data/objects/buildingsets/human/common/pipe/set_h/common_pipe_set_h_pipe_corner_2m_a.cgf
    [0.00000000000000000, 0.00000000000000000, 9.99999999999999822, 24.00000000000000000]
    [9.99999999999999822, 0.00000000000000000, 0.00000000000000000, -684.00000000000000000]
    [0.00000000000000000, 9.99999999999999822, 0.00000000000000000, 40.00000000000000000]
  #34 data/objects/buildingsets/human/station/utilitarian/addon/greebles/addon_greebles_tanks_003_a.cgf
    [0.00013491015411763, 1.23806545076145480, -0.17231865879436536, -78.17711800000688527]
    [-0.10890746756416084, -0.17165174193878627, -1.23335908872345223, -180.62453699999605305]
    [-1.24524653946381791, 0.01514654610196402, 0.10784913923239953, 44.42616399999999999]
  #35 objects/buildingsets/human/station/utilitarian/util_001/001_building_deck_001_a.cgf
    [0.82272414289006790, -0.47500001148610005, 0.00000000000000000, 0.00213300000177696]
    [0.47500001148610005, 0.82272414289006790, 0.00000000000000000, 119.27225799999723677]
    [0.00000000000000000, 0.00000000000000000, 0.95000001379262722, -52.00000000000000000]
  #36 objects/buildingsets/human/station/utilitarian/addon/tanks/addon_tanks_med_002_a.cgf
    [0.03315555075884288, -0.94942110611166131, 0.00000000000000000, -74.88921399999526329]
    [0.94942110611166131, 0.03315555075884288, 0.00000000000000000, 260.93027399999846239]
    [0.00000000000000000, 0.00000000000000000, 0.94999985646125906, 149.11141900000001215]
  #37 data/objects/buildingsets/human/lowtech/bravo/theme/mining/miningtower/mining_tower_addon_a.cgf
    [-1.50000000000000000, 0.00000000000000000, 0.00000000000000000, -8.00000000000000000]
    [0.00000000000000000, -1.50000000000000000, 0.00000000000000000, -608.87697300000581890]
    [0.00000000000000000, 0.00000000000000000, 1.50000000000000000, 329.41137400000002344]
  #38 data/objects/buildingsets/human/common/pipe/set_h/common_pipe_set_h_pipe_end_1m_a.cgf
    [0.00000000000000000, 0.00000000000000000, 19.99999999999999645, -4.00000499999441672]
    [19.99999999999999645, 0.00000000000000000, 0.00000000000000000, -668.00000000000000000]
    [0.00000000000000000, 19.99999999999999645, 0.00000000000000000, 180.00000000000000000]
  #39 data/objects/buildingsets/human/station/utilitarian/addon/greebles/addon_greebles_tanks_003_a.cgf
    [0.00013358055070867, 1.24473817254414820, 0.11457997940837933, 72.27605400000174996]
    [-0.10890683092914653, 0.11415586184935253, -1.24000381011347516, -181.73123999999370426]
    [-1.24524736179071693, -0.00985031625988165, 0.10846053169874072, 44.53888400000000303]
  #40 data/objects/buildingsets/human/common/pipe/set_h/common_pipe_set_h_pipe_straight_16m_a.cgf
    [-0.00001097790072838, 8.66025689169085311, -5.00000618471580083, -32.00000000000000000]
    [10.00000556386221184, 0.00000950713950133, -0.00000548895280731, -344.00000000000000000]
    [0.00000000000149270, -5.00000618471881442, -8.66025689169607205, 40.00000000000000000]
  #41 objects/buildingsets/human/station/utilitarian/addon/greebles/addon_greebles_electrical_003_a.cgf
    [-0.08715464848509222, -0.99619517280470760, 0.00000000000000000, -126.29786700000113342]
    [0.99619517280470760, -0.08715464848509222, 0.00000000000000000, -107.79774199999519624]
    [0.00000000000000000, 0.00000000000000000, 1.00000037753590942, 124.00000000000000000]
  #42 data/objects/buildingsets/human/station/utilitarian/addon/antennas/addon_antenna_med_002_a.cgf
    [0.00000000000000000, 1.50000000000000000, 0.00000000000000000, 5.17145399999571964]
    [0.00000000000000000, 0.00000000000000000, 1.50000000000000000, -563.20808700000634417]
    [1.50000000000000000, 0.00000000000000000, 0.00000000000000000, 610.28316099999995004]
  #43 objects/buildingsets/human/station/utilitarian/addon/addon_framework_railcap_001_a.cgf
    [-0.00000060811494262, 0.95000039348901100, 0.00000000000000000, 0.00000000000000000]
    [-0.95000039348901100, -0.00000060811494262, -0.00000000000000000, 449.55000000000291038]
    [-0.00000000000000000, 0.00000000000000000, 0.95000039348920562, 181.00000000000000000]
  #44 objects/buildingsets/human/station/utilitarian/addon/tanks/addon_tanks_med_002_a.cgf
    [0.03315555075884288, -0.94942110611166131, 0.00000000000000000, 71.76346400000329595]
    [0.94942110611166131, 0.03315555075884288, 0.00000000000000000, 152.03772399999434128]
    [0.00000000000000000, 0.00000000000000000, 0.94999985646125906, 149.11141900000001215]
  #45 objects/buildingsets/human/station/utilitarian/addon/greebles/addon_greebles_patch_lge_002_a.cgf
    [0.02534115282621264, 0.72571159581088929, 0.00000000000000000, -118.33988100000715349]
    [-0.72571159581088929, 0.02534115282621264, -0.00000000000000000, -20.15067800000542775]
    [-0.00000000000000000, 0.00000000000000000, 0.72615390539537072, 115.14421900000000676]
  #46 objects/buildingsets/human/station/utilitarian/addon/tanks/addon_tanks_med_002_a.cgf
    [-1.77025997638702393, 0.00000000000000000, 0.00000000000000000, -3.29661200000555255]
    [0.00000000000000000, -1.77025997638702393, 0.00000000000000000, -556.25719999999273568]
    [0.00000000000000000, 0.00000000000000000, 1.77025997638702393, 131.24878899999998794]
  #47 data/objects/buildingsets/human/station/utilitarian/util_001/001_armlge_platform_003_a.cgf
    [-0.00000064012100026, -0.00000000000000000, -1.00000042674731060, -35.99998999999661464]
    [0.00000000000000000, 1.00000042674751533, -0.00000000000000000, -584.00000099999306258]
    [1.00000042674731060, 0.00000000000000000, -0.00000064012100026, 80.00000000000000000]
  #48 data/objects/buildingsets/human/lowtech/bravo/theme/mining/miningtower/mining_tower_addon_b.cgf
    [0.87059057406032270, 0.18650986804909922, 0.11163333678994841, -31.07542599999578670]
    [-0.21657899756959378, 0.78347937584934779, 0.38003879517188632, -563.88931300000695046]
    [-0.01847892243341979, -0.39566402053289690, 0.80516109735050889, 684.12787000000002990]
  #49 data/objects/buildingsets/human/common/pipe/set_h/common_pipe_set_h_pipe_straight_8m_a.cgf
    [-0.00002178469800222, 9.65926510643084413, -2.58818955947224838, -32.00000000000000000]
    [0.00000543909569211, -2.58818955946656226, -9.65926510645540226, -684.00000000000000000]
    [-10.00000637960016547, -0.00002245014407256, 0.00000038452582447, 140.00000000000000000]
  #50 data/objects/buildingsets/human/common/pipe/set_h/common_pipe_set_h_pipe_straight_8m_a.cgf
    [0.00002032369146330, -19.31849356353335878, -5.17637896593598068, -4.00000499999441672]
    [19.99997731906874776, 0.00001963117828025, 0.00000526015912490, -328.00000000000000000]
    [0.00000000000340672, -5.17637896593865410, 19.31849356354333480, 20.00000000000000000]
  #51 data/objects/buildingsets/human/lowtech/bravo/theme/mining/miningtower/mining_tower_strut_b.cgf
    [1.50000000000000000, 0.00000000000000000, 0.00000000000000000, -8.00000000000000000]
    [0.00000000000000000, -1.50000000000000000, 0.00000000000000000, -584.87697300000581890]
    [0.00000000000000000, 0.00000000000000000, -1.50000000000000000, 281.41137400000002344]
  #52 data/objects/buildingsets/human/common/pipe/set_h/common_pipe_set_h_pipe_straight_4m_a.cgf
    [-0.00001280243343550, 0.00000000000000000, 20.00002951579012134, -4.00002300000051036]
    [0.00000000000000000, 20.00002951579421762, 0.00000000000000000, -688.00000000000000000]
    [-20.00002951579012134, 0.00000000000000000, -0.00001280243343550, 140.00000000000000000]
  #53 data/objects/buildingsets/human/lowtech/bravo/theme/mining/miningtower/mining_tower_addon_b.cgf
    [1.76999998416893711, 0.00000000000000000, 0.00000000000000000, -29.55499999999301508]
    [0.00000000000000000, 0.86108359499252762, -1.54642652149812232, -763.16758399999525864]
    [0.00000000000000000, 1.54642652149812232, 0.86108359499252762, 314.00290000000001100]
  #54 objects/buildingsets/human/station/utilitarian/util_001/001_tower_neck_001_a.cgf
    [0.00000222586295115, -1.00000042674518408, 0.00000000000000000, -3.29674200000590645]
    [1.00000042674518408, 0.00000222586295115, 0.00000000000000000, -630.92192599999543745]
    [0.00000000000000000, 0.00000000000000000, 1.00000042674766121, 305.08675799999997480]
  #55 data/objects/buildingsets/human/station/utilitarian/addon/tanks/addon_tanks_med_001_a.cgf
    [-0.00000405311995168, 0.00000000000000000, 0.99999999999589306, -0.72259499999927357]
    [0.99999999999589306, 0.00000000000000000, 0.00000405311995168, -395.67260799999348819]
    [0.00000000000000000, 1.00000000000410694, 0.00000000000000000, 85.09000000000000341]
  #56 data/objects/buildingsets/human/lowtech/bravo/theme/mining/miningtower/mining_tower_addon_b.cgf
    [1.76999998416893711, 0.00000000000000000, 0.00000000000000000, 13.57000000000698492]
    [0.00000000000000000, 0.86108359499252762, -1.54642652149812232, -763.16758399999525864]
    [0.00000000000000000, 1.54642652149812232, 0.86108359499252762, 314.00290000000001100]
  #57 data/objects/buildingsets/human/common/pipe/set_h/common_pipe_set_h_pipe_end_1m_a.cgf
    [0.00000000000000000, 0.00000000000000000, 9.99999999999999822, 24.00000000000000000]
    [-9.99999999999999822, 0.00000000000000000, 0.00000000000000000, -654.00000000000000000]
    [0.00000000000000000, -9.99999999999999822, 0.00000000000000000, 160.00000000000000000]
  #58 data/objects/buildingsets/human/station/utilitarian/util_001/001_core_sml_001_c.cgf
    [-0.00000064012100026, 1.00000042674731060, 0.00000000000000000, 0.00213300000177696]
    [-1.00000042674731060, -0.00000064012100026, -0.00000000000000000, 0.00225799999316223]
    [-0.00000000000000000, 0.00000000000000000, 1.00000042674751533, 0.00000000000000000]
  #59 data/objects/buildingsets/human/common/pipe/set_h/common_pipe_set_h_pipe_straight_8m_a.cgf
    [-0.00002178469711245, -9.65926471289546029, 2.58818945402486911, 24.00000000000000000]
    [0.00000087757223052, 2.58818945402915679, 9.65926471291883892, -684.00000000000000000]
    [-10.00000597218382659, 0.00002126953522750, -0.00000479061922244, 140.00000000000000000]
  #60 data/objects/buildingsets/human/common/pipe/set_h/common_pipe_set_h_pipe_end_1m_a.cgf
    [0.00000000000000000, 0.00000000000000000, 19.99999999999999645, -4.00000499999441672]
    [19.99999999999999645, 0.00000000000000000, 0.00000000000000000, -612.00000000000000000]
    [0.00000000000000000, 19.99999999999999645, 0.00000000000000000, 20.00000000000000000]
  #61 data/objects/buildingsets/human/station/utilitarian/addon/antennas/addon_antenna_sml_007_a.cgf
    [0.00000000000000000, 1.50000000000000000, 0.00000000000000000, -30.02937000000383705]
    [0.00000000000000000, 0.00000000000000000, 1.50000000000000000, -596.35653299999830779]
    [1.50000000000000000, 0.00000000000000000, 0.00000000000000000, 682.87575400000002901]
  #62 data/objects/buildingsets/human/lowtech/bravo/theme/mining/miningtower/mining_tower_addon_a.cgf
    [-1.50000000000000000, 0.00000000000000000, 0.00000000000000000, -8.00000000000000000]
    [0.00000000000000000, -1.50000000000000000, 0.00000000000000000, -608.87697300000581890]
    [0.00000000000000000, 0.00000000000000000, 1.50000000000000000, 401.41137400000002344]
  #63 data/objects/buildingsets/human/lowtech/bravo/theme/mining/miningtower/mining_tower_strut_b.cgf
    [-1.50000000000000000, 0.00000000000000000, 0.00000000000000000, -8.00000000000000000]
    [0.00000000000000000, -1.50000000000000000, 0.00000000000000000, -584.87697300000581890]
    [0.00000000000000000, 0.00000000000000000, 1.50000000000000000, 329.41137400000002344]
  #64 data/objects/buildingsets/human/common/pipe/set_h/common_pipe_set_h_pipe_straight_16m_a.cgf
    [0.00001669885348074, -4.99999391468266463, -8.66023707788578179, 24.00000000000000000]
    [9.99998226958684810, 0.00000834945229488, 0.00001446161657434, -504.00000000000000000]
    [0.00000000002414897, -8.66023707789785568, 4.99999391468963506, 40.00000000000000000]
  #65 objects/buildingsets/human/station/utilitarian/addon/pipes/addon_lge_pipes_tower_002.cgf
    [0.00000222586295115, -1.00000042674518408, 0.00000000000000000, -3.29674200000590645]
    [1.00000042674518408, 0.00000222586295115, 0.00000000000000000, -630.92192599999543745]
    [0.00000000000000000, 0.00000000000000000, 1.00000042674766121, 305.08675799999997480]
  #66 data/objects/buildingsets/human/station/utilitarian/util_001/001_armlge_platform_003_a.cgf
    [-0.00000064012100026, -0.00000000000000000, -1.00000042674731060, -35.99998999999661464]
    [0.00000000000000000, 1.00000042674751533, -0.00000000000000000, -584.00000099999306258]
    [1.00000042674731060, 0.00000000000000000, -0.00000064012100026, 508.00000000000000000]
  #67 objects/buildingsets/human/station/utilitarian/addon/greebles/addon_greebles_patch_lge_001_a.cgf
    [-0.03402064985351998, 0.64913018583940207, 0.00000000000000000, 117.09991699999955017]
    [-0.64913018583940207, -0.03402064985351998, -0.00000000000000000, -29.07375900000624824]
    [-0.00000000000000000, 0.00000000000000000, 0.65002107872310766, 115.14421900000000676]
  #68 data/objects/buildingsets/human/common/pipe/set_h/common_pipe_set_h_pipe_end_1m_a.cgf
    [0.00000000000000000, 0.00000000000000000, 9.99999999999999822, -32.00000000000000000]
    [-9.99999999999999822, 0.00000000000000000, 0.00000000000000000, -654.00000000000000000]
    [0.00000000000000000, -9.99999999999999822, 0.00000000000000000, 160.00000000000000000]
  #69 data/objects/buildingsets/human/common/pipe/set_h/common_pipe_set_h_pipe_corner_2m_a.cgf
    [-0.00001280243343550, 0.00000000000000000, 20.00002951579012134, -4.00001000000338536]
    [0.00000000000000000, 20.00002951579421762, 0.00000000000000000, -688.00000000000000000]
    [-20.00002951579012134, 0.00000000000000000, -0.00001280243343550, 180.00000000000000000]
