# IncludedObjects
# Cgfs: 7, Materials: 3, Palettes: 0, Placements: 24

[CGFs]
      0: objects/buildingsets/human/hightech/delta/ext/outpost/pipe_a/pipe_a_straight_03x02x03_a.cgf
      1: objects/buildingsets/human/hightech/delta/ext/outpost/pipe_a/pipe_a_straight_03x04x03_a.cgf
      2: objects/buildingsets/human/hightech/delta/ext/outpost/pipe_a/pipe_a_end_04x02x03_a.cgf
      3: objects/buildingsets/human/hightech/delta/ext/outpost/pipe_a/pipe_a_xjunction_06x04x03_a.cgf
      4: objects/buildingsets/human/hightech/delta/ext/outpost/pipe_a/pipe_a_end_07x03x03_a.cgf
      5: objects/buildingsets/human/hightech/delta/ext/outpost/pipe_a/pipe_a_end_base_07x04x03_a.cgf
      6: Objects/buildingsets/human/lowtech/prop/light/light_floor_01_b.cgf

[Materials]
      0: materials/decals/sand/sand_footprints_a
      1: materials/decals/sand/sand_square_a
      2: objects/buildingsets/human/hightech/delta/ext/hightech_delta_ext_op_a

[Placements]
  #0 objects/buildingsets/human/hightech/delta/ext/outpost/pipe_a/pipe_a_straight_03x02x03_a.cgf
    [0.00000002147518658, -0.99999997718107125, -0.00000000000000000, 0.00000393616710426]
    [0.99999997718107125, 0.00000002147518658, 0.00000000000000000, -4.99999999999818101]
    [0.00000000000000000, -0.00000000000000000, 0.99999997718107159, 0.50000000000000000]
  #1 objects/buildingsets/human/hightech/delta/ext/outpost/pipe_a/pipe_a_straight_03x04x03_a.cgf
    [1.00000000000020650, 0.00000000000000000, 0.00000000000000000, -5.99999999999818101]
    [0.00000000000000000, 1.00000000000020650, 0.00000000000000000, -0.00000472340070701]
    [0.00000000000000000, 0.00000000000000000, 1.00000000000020650, 0.50000000000000000]
  #2 objects/buildingsets/human/hightech/delta/ext/outpost/pipe_a/pipe_a_end_04x02x03_a.cgf
    [0.00000007865547743, 1.00000003337683863, 0.00000000000000000, -1.49999606383244100]
    [-1.00000003337683863, 0.00000007865547743, -0.00000000000000000, -5.00000118084835776]
    [-0.00000000000000000, 0.00000000000000000, 1.00000003337684151, 0.50000000000000000]
  #3 objects/buildingsets/human/hightech/delta/ext/outpost/pipe_a/pipe_a_xjunction_06x04x03_a.cgf
    [1.00000000000020650, 0.00000000000000000, 0.00000000000000000, -2.99999999999909051]
    [0.00000000000000000, 1.00000000000020650, 0.00000000000000000, -0.00000236170035350]
    [0.00000000000000000, 0.00000000000000000, 1.00000000000020650, 0.50000000000000000]
  #4 objects/buildingsets/human/hightech/delta/ext/outpost/pipe_a/pipe_a_end_04x02x03_a.cgf
    [0.00000007865547743, 1.00000003337683863, 0.00000000000000000, 1.50000393616664951]
    [-1.00000003337683863, 0.00000007865547743, -0.00000000000000000, -4.99999881914800426]
    [-0.00000000000000000, 0.00000000000000000, 1.00000003337684151, 0.50000000000000000]
  #5 objects/buildingsets/human/hightech/delta/ext/outpost/pipe_a/pipe_a_end_04x02x03_a.cgf
    [0.00000007865547743, 1.00000003337683863, 0.00000000000000000, 0.00000393616710426]
    [-1.00000003337683863, 0.00000007865547743, -0.00000000000000000, -4.99999999999818101]
    [-0.00000000000000000, 0.00000000000000000, 1.00000003337684151, 0.50000000000000000]
  #6 objects/buildingsets/human/hightech/delta/ext/outpost/pipe_a/pipe_a_straight_03x02x03_a.cgf
    [0.00000002147518658, -0.99999997718107125, -0.00000000000000000, -1.49999606383244100]
    [0.99999997718107125, 0.00000002147518658, 0.00000000000000000, -5.00000118084835776]
    [0.00000000000000000, -0.00000000000000000, 0.99999997718107159, 0.50000000000000000]
  #7 objects/buildingsets/human/hightech/delta/ext/outpost/pipe_a/pipe_a_end_07x03x03_a.cgf
    [1.00000000000020650, 0.00000000000000000, 0.00000000000000000, 5.99999999999818101]
    [0.00000000000000000, 1.00000000000020650, 0.00000000000000000, 0.00000472340070701]
    [0.00000000000000000, 0.00000000000000000, 1.00000000000020650, 0.50000000000000000]
  #8 objects/buildingsets/human/hightech/delta/ext/outpost/pipe_a/pipe_a_end_04x02x03_a.cgf
    [0.00000002147518658, -0.99999997718107125, -0.00000000000000000, -0.00000157446686444]
    [0.99999997718107125, 0.00000002147518658, 0.00000000000000000, 2.00000000000000000]
    [0.00000000000000000, -0.00000000000000000, 0.99999997718107159, 0.50000000000000000]
  #9 objects/buildingsets/human/hightech/delta/ext/outpost/pipe_a/pipe_a_end_07x03x03_a.cgf
    [-0.99999999999999822, 0.00000007065921181, 0.00000000000000000, -5.99999999999818101]
    [-0.00000007065921181, -0.99999999999999822, -0.00000000000000000, -0.00000472340070701]
    [-0.00000000000000000, 0.00000000000000000, 1.00000000000000000, 0.50000000000000000]
  #10 objects/buildingsets/human/hightech/delta/ext/outpost/pipe_a/pipe_a_end_04x02x03_a.cgf
    [0.00000002147518658, -0.99999997718107125, -0.00000000000000000, 1.49999842553268081]
    [0.99999997718107125, 0.00000002147518658, 0.00000000000000000, 2.00000118085017675]
    [0.00000000000000000, -0.00000000000000000, 0.99999997718107159, 0.50000000000000000]
  #11 objects/buildingsets/human/hightech/delta/ext/outpost/pipe_a/pipe_a_straight_03x02x03_a.cgf
    [0.00000002147518658, -0.99999997718107125, -0.00000000000000000, 1.50000393616664951]
    [0.99999997718107125, 0.00000002147518658, 0.00000000000000000, -4.99999881914800426]
    [0.00000000000000000, -0.00000000000000000, 0.99999997718107159, 0.50000000000000000]
  #12 objects/buildingsets/human/hightech/delta/ext/outpost/pipe_a/pipe_a_end_04x02x03_a.cgf
    [0.00000002147518658, -0.99999997718107125, -0.00000000000000000, -1.50000157446640969]
    [0.99999997718107125, 0.00000002147518658, 0.00000000000000000, 1.99999881914982325]
    [0.00000000000000000, -0.00000000000000000, 0.99999997718107159, 0.50000000000000000]
  #13 objects/buildingsets/human/hightech/delta/ext/outpost/pipe_a/pipe_a_end_base_07x04x03_a.cgf
    [-0.99999999999999822, 0.00000007065921181, 0.00000000000000000, -5.99999999999818101]
    [-0.00000007065921181, -0.99999999999999822, -0.00000000000000000, -0.00000472340070701]
    [-0.00000000000000000, 0.00000000000000000, 1.00000000000000000, 0.50000000000000000]
  #14 objects/buildingsets/human/hightech/delta/ext/outpost/pipe_a/pipe_a_straight_03x04x03_a.cgf
    [-0.99999999999999822, 0.00000007065921181, 0.00000000000000000, 5.99999999999818101]
    [-0.00000007065921181, -0.99999999999999822, -0.00000000000000000, 0.00000472340070701]
    [-0.00000000000000000, 0.00000000000000000, 1.00000000000000000, 0.50000000000000000]
  #15 objects/buildingsets/human/hightech/delta/ext/outpost/pipe_a/pipe_a_end_base_07x04x03_a.cgf
    [1.00000000000020650, 0.00000000000000000, 0.00000000000000000, 5.99999999999818101]
    [0.00000000000000000, 1.00000000000020650, 0.00000000000000000, 0.00000472340070701]
    [0.00000000000000000, 0.00000000000000000, 1.00000000000020650, 0.50000000000000000]
  #16 Objects/buildingsets/human/lowtech/prop/light/light_floor_01_b.cgf
    [1.00000010116797622, 0.00000049484092665, -0.00000049484089430, 4.54184785690699755]
    [0.00000069981072681, -0.70710687679167894, 0.70710682865453967, 1.41684667548042853]
    [-0.00000000000000094, -0.70710682865471286, -0.70710687679185213, 1.55561116349417716]
  #17 Objects/buildingsets/human/lowtech/prop/light/light_floor_01_b.cgf
    [-1.00000008635226889, -0.00000043358860396, 0.00000048925866055, -7.38811886023370334]
    [-0.00000065255155740, 0.70710686631541286, -0.70710681817823173, -1.43712986316654678]
    [-0.00000003936469674, -0.70710681817839982, -0.70710686631554520, 1.55561116349417716]
  #18 Objects/buildingsets/human/lowtech/prop/light/light_floor_01_b.cgf
    [1.00000010116797622, 0.00000049484092665, -0.00000049484089430, 7.66684785690608805]
    [0.00000069981072681, -0.70710687679167894, 0.70710682865453967, 1.41684913558492553]
    [-0.00000000000000094, -0.70710682865471286, -0.70710687679185213, 1.55561116349417716]
  #19 Objects/buildingsets/human/lowtech/prop/light/light_floor_01_b.cgf
    [1.00000010116797622, 0.00000049484092665, -0.00000049484089430, -7.37993012162883133]
    [0.00000069981072681, -0.70710687679167894, 0.70710682865453967, 1.41683729025862704]
    [-0.00000000000000094, -0.70710682865471286, -0.70710687679185213, 1.55561116349417716]
  #20 Objects/buildingsets/human/lowtech/prop/light/light_floor_01_b.cgf
    [-1.00000008635226889, -0.00000043358860396, 0.00000048925866055, -4.51311886023461284]
    [-0.00000065255155740, 0.70710686631541286, -0.70710681817823173, -1.43712759987033678]
    [-0.00000003936469674, -0.70710681817839982, -0.70710686631554520, 1.55561116349417716]
  #21 Objects/buildingsets/human/lowtech/prop/light/light_floor_01_b.cgf
    [1.00000010116797622, 0.00000049484092665, -0.00000049484089430, -4.50493012162974082]
    [0.00000069981072681, -0.70710687679167894, 0.70710682865453967, 1.41683955355438229]
    [-0.00000000000000094, -0.70710682865471286, -0.70710687679185213, 1.55561116349417716]
  #22 Objects/buildingsets/human/lowtech/prop/light/light_floor_01_b.cgf
    [-1.00000008635226889, -0.00000043358860396, 0.00000048925866055, 7.65865899508128223]
    [-0.00000065255155740, 0.70710686631541286, -0.70710681817823173, -1.41646920123957898]
    [-0.00000003936469674, -0.70710681817839982, -0.70710686631554520, 1.55561116349417716]
  #23 Objects/buildingsets/human/lowtech/prop/light/light_floor_01_b.cgf
    [-1.00000008635226889, -0.00000043358860396, 0.00000048925866055, 4.53365920901080699]
    [-0.00000065255155740, 0.70710686631541286, -0.70710681817823173, -1.41647166134362124]
    [-0.00000003936469674, -0.70710681817839982, -0.70710686631554520, 1.55561116349417716]
