# IncludedObjects
# Cgfs: 24, Materials: 7, Palettes: 1, Placements: 68

[CGFs]
      0: objects/buildingsets/human/colonialism/ruin/col_a_der_slabs_rebar_b.cgf
      1: objects/buildingsets/human/colonialism/ruin/col_a_der_pipe_crnr_a.cgf
      2: objects/buildingsets/human/colonialism/ruin/col_a_der_pipe_4m_a.cgf
      3: objects/buildingsets/organic/megascans/rubble/organic_concrete_rubble_pile_a.cgf
      4: objects/buildingsets/human/colonialism/ruin/col_a_der_floor_tile_scatter.cgf
      5: objects/buildingsets/human/colonialism/ruin/col_a_der_slabs_b.cgf
      6: objects/buildingsets/human/colonialism/ruin/col_a_der_conc_piece_h.cgf
      7: objects/buildingsets/organic/megascans/rubble/organic_concrete_rubble_pile_b.cgf
      8: objects/buildingsets/human/colonialism/ruin/col_a_der_slabs_rebar_a.cgf
      9: objects/buildingsets/human/colonialism/ruin/col_a_der_slabs_a.cgf
     10: objects/buildingsets/human/colonialism/ruin/col_a_der_conc_piece_g.cgf
     11: objects/buildingsets/human/hightech/prop/storage/crate/crate_dry_1_0125x0125x0125_c.cgf
     12: objects/buildingsets/human/colonialism/ruin/col_a_der_conc_piece_f.cgf
     13: objects/buildingsets/human/colonialism/ruin/structure/col_a_ruin_struct_sheet_4m_a.cgf
     14: objects/buildingsets/human/colonialism/ruin/structure/col_a_ruin_struct_sheet_4m_bare_a.cgf
     15: objects/buildingsets/human/colonialism/ruin/col_a_der_rebar_4m_a.cgf
     16: objects/buildingsets/human/colonialism/ruin/col_a_der_slabs_c.cgf
     17: objects/buildingsets/human/colonialism/ruin/structure/col_a_ruin_struct_addon_bar_4m_b.cgf
     18: objects/buildingsets/organic/megascans/rubble/organic_concrete_rubble_pile_c.cgf
     19: objects/buildingsets/human/colonialism/ruin/col_a_der_conc_piece_d.cgf
     20: objects/buildingsets/human/colonialism/ruin/structure/col_a_ruin_struct_addon_bar_4m_d.cgf
     21: objects/buildingsets/human/colonialism/ruin/structure/col_a_ruin_struct_sheet_2m_bare_a.cgf
     22: objects/buildingsets/human/colonialism/ruin/structure/col_a_ruin_struct_addon_bar_2m_c.cgf
     23: objects/buildingsets/human/colonialism/ruin/col_a_der_floor_4m_a.cgf

[Materials]
      0: materials/decals/debris/debris
      1: materials/pu/decal/stains/leaking/decal_leaking_b
      2: materials/pu/decal/concrete/decal_concrete_crack_d
      3: materials/pu/decal/concrete/decal_concrete_crack_e
      4: materials/decals/streaks/dirt_streak001c
      5: materials/pu/decal/concrete/decal_concrete_patch_a
      6: objects/buildingsets/human/colonialism/col_a/col_a_derelict_a

[Palettes]
      0: Libs/Foundry/Records/TintPalettes/default

[Placements]
  #0 objects/buildingsets/human/colonialism/ruin/col_a_der_slabs_rebar_b.cgf
    [-6.4012100026111661E-07, 1.0000004267473106, 0, 0.19427]
    [-1.0000004267473106, -6.4012100026111661E-07, -0, 5.917020999999977]
    [-0, 0, 1.0000004267475153, 5.0997029999999999]
  #1 objects/buildingsets/human/colonialism/ruin/col_a_der_pipe_crnr_a.cgf
    [1, 0, 0, -1.909775]
    [0, 1, 0, -2.7703530000000001]
    [0, 0, 1, 0.085156999999999997]
  #2 objects/buildingsets/human/colonialism/ruin/col_a_der_pipe_4m_a.cgf
    [0.99999945648655542, 0, 0, 1.3305169999999999]
    [0, -0.3420200831797367, -0.93969206428230112, 15.669151000000056]
    [0, 0.93969206428230112, -0.3420200831797367, -1.9322220000000001]
  #3 objects/buildingsets/organic/megascans/rubble/organic_concrete_rubble_pile_a.cgf
    [0.68668214924962623, -0.18399717995597537, 0, 3.9267759999999998]
    [0.18399717995597537, 0.68668214924962623, 0, -9.4160550000000285]
    [0, 0, 0.71090599683069033, -0.15037300000000001]
  #4 objects/buildingsets/human/colonialism/ruin/col_a_der_slabs_rebar_b.cgf
    [-1.0977907319586643E-06, 0.9999997962942424, -3.7088649001901418E-07, 0.120562]
    [-0.86602481382201546, -1.1361577186134638E-06, -0.50000061443274424, 6.3838879999999563]
    [-0.50000061443282995, -2.2769918342098761E-07, 0.86602481382268115, 3.7708849999999998]
  #5 objects/buildingsets/human/colonialism/ruin/col_a_der_floor_tile_scatter.cgf
    [-1.7607736587446852, 0, 0, -0.132218]
    [0, -1.7607736587446852, 0, -4.3405249999999569]
    [0, 0, 1.7607736587446852, -0.021930000000000002]
  #6 objects/buildingsets/human/colonialism/ruin/col_a_der_pipe_4m_a.cgf
    [0.99999999876368473, -0, 0, 0.062934000000000004]
    [0, 0.99619476639472293, 0.087154947852275219, 7.9386449999999513]
    [-0, -0.087154947852275219, 0.99619476639472293, 2.5144989999999998]
  #7 objects/buildingsets/human/colonialism/ruin/col_a_der_slabs_b.cgf
    [-6.4012100026111661E-07, 1.0000004267473106, 0, -0.042070999999999997]
    [-1.0000004267473106, -6.4012100026111661E-07, -0, -8.9901389999999992]
    [-0, 0, 1.0000004267475153, 2.0730240000000002]
  #8 objects/buildingsets/human/colonialism/ruin/col_a_der_conc_piece_h.cgf
    [0.75448799133300781, 0, 0, -4.8824639999999997]
    [0, 0.75448799133300781, 0, 11.002471000000014]
    [0, 0, 0.75448799133300781, 0]
  #9 objects/buildingsets/organic/megascans/rubble/organic_concrete_rubble_pile_b.cgf
    [-7.7727129132183726E-07, 1.214253546201461, -1.7171453394191512E-06, 0.51014400000000004]
    [-1.2142535462014608, -7.7726886286846762E-07, 1.7172834203084031E-06, 10.988051000000041]
    [1.717282321126011E-06, 1.7171464386892281E-06, 1.2142535462004953, -0.080393999999999993]
  #10 objects/buildingsets/human/colonialism/ruin/col_a_der_slabs_rebar_a.cgf
    [-1.0000008534946672, 0, 0, 0.021257000000000002]
    [0, 6.401212726536567E-07, 1.000000853494462, 11.399349000000029]
    [0, 1.000000853494462, -6.4012127298672393E-07, 1.7630889999999999]
  #11 objects/buildingsets/human/colonialism/ruin/col_a_der_slabs_a.cgf
    [-6.4012100026111661E-07, -1.0000004267473106, 0, 0.090606000000000006]
    [1.0000004267473106, -6.4012100026111661E-07, 0, -7.0111580000000231]
    [0, 0, 1.0000004267475153, 4.0456079999999996]
  #12 objects/buildingsets/organic/megascans/rubble/organic_concrete_rubble_pile_a.cgf
    [-0.50238533432854271, 0.59871859294307561, 0, -1.1392610000000001]
    [-0.59871859294307561, -0.50238533432854271, 0, -2.7426619999999957]
    [0, 0, 0.78157211931090398, -0.17478099999999999]
  #13 objects/buildingsets/human/colonialism/ruin/col_a_der_slabs_rebar_b.cgf
    [2.4218224349612318E-07, -0.99999983731875308, -1.387778555015904E-17, 0.19427]
    [0.98480780239617405, 2.3850300173944119E-07, -0.17364696074838973, 9.382930999999985]
    [0.17364696074838462, 4.2054217344917349E-08, 0.98480780239620291, 2.4750779999999999]
  #14 objects/buildingsets/human/colonialism/ruin/col_a_der_pipe_4m_a.cgf
    [0.99999999876368473, -0, 0, 0.084717000000000001]
    [0, 0.99619476639472293, 0.087154947852275219, -5.498010000000022]
    [-0, -0.087154947852275219, 0.99619476639472293, 4.915114]
  #15 objects/buildingsets/human/colonialism/ruin/col_a_der_slabs_rebar_a.cgf
    [-1.0000008534946672, 0, 0, 0.021257000000000002]
    [0, 6.401212726536567E-07, 1.000000853494462, 10.20771400000001]
    [0, 1.000000853494462, -6.4012127298672393E-07, 4.159751]
  #16 objects/buildingsets/human/colonialism/ruin/col_a_der_slabs_rebar_b.cgf
    [-4.1028208761927541E-07, 5.5511171409965005E-17, 1.0000003635071884, 2.4635419999999999]
    [-0.93969313138474009, 0.34201980329049703, -3.8553911955451814E-07, -9.8548620000000255]
    [-0.34201980329046816, -0.93969313138481914, -1.4032454780910115E-07, 0.039133000000000001]
  #17 objects/buildingsets/human/colonialism/ruin/col_a_der_conc_piece_g.cgf
    [-0.25303626868360163, -0.043979265439584407, 0.74183484961934376, -0.117661]
    [0.4874168436401688, -0.60137177477246206, 0.1306035306205548, 6.0148510000000215]
    [0.56096162117761239, 0.50269104416738275, 0.22114304612031316, 4.2303319999999998]
  #18 objects/buildingsets/organic/megascans/rubble/organic_concrete_rubble_pile_a.cgf
    [-0.071842535283605485, 0.82117463721767192, 0, -4.6597559999999998]
    [-0.82117463721767192, -0.071842535283605485, -0, 10.916942999999947]
    [-0, 0, 0.82431130932770236, -0.18381900000000001]
  #19 objects/buildingsets/human/hightech/prop/storage/crate/crate_dry_1_0125x0125x0125_c.cgf
    [-0.63827510945903287, -0.66680227171447648, -0.38468045272218748, -1.8383830000000001]
    [0.6891184183966963, -0.7176395613918749, 0.10054203586951613, -9.2641989999999623]
    [-0.34310366610773707, -0.20091696291444555, 0.9175574553899829, -0.050061000000000001]
  #20 objects/buildingsets/organic/megascans/rubble/organic_concrete_rubble_pile_a.cgf
    [-0.1241904348546214, 1.4195216647778996, 0, 0.78752100000000003]
    [-1.4195216647778996, -0.1241904348546214, -0, -8.4876179999999977]
    [-0, 0, 1.4249438658709328, -0.209754]
  #21 objects/buildingsets/organic/megascans/rubble/organic_concrete_rubble_pile_a.cgf
    [-0.049247228149838403, 0.56290572917946891, 0, 2.5498059999999998]
    [-0.56290572917946891, -0.049247228149838403, -0, -0.67811900000003789]
    [-0, 0, 0.56505588168207921, -0.045339999999999998]
  #22 objects/buildingsets/human/colonialism/ruin/col_a_der_slabs_rebar_a.cgf
    [1.0000004267475153, 0, 0, 0.021257000000000002]
    [0, -6.4012100026111661E-07, -1.0000004267473106, 7.3940049999999928]
    [0, 1.0000004267473106, -6.4012100026111661E-07, 3.7303280000000001]
  #23 objects/buildingsets/human/colonialism/ruin/col_a_der_slabs_rebar_b.cgf
    [-6.4012100026111661E-07, 1.0000004267473106, 0, 0.19427]
    [-1.0000004267473106, -6.4012100026111661E-07, -0, -4.3161169999999629]
    [-0, 0, 1.0000004267475153, 4.543285]
  #24 objects/buildingsets/human/colonialism/ruin/col_a_der_floor_tile_scatter.cgf
    [-0.15345960928970273, 1.7540742192431387, 0, 1.8907210000000001]
    [-1.7540742192431387, -0.15345960928970273, -0, 1.0391879999999674]
    [-0, 0, 1.7607743234999695, 0.037827]
  #25 objects/buildingsets/human/colonialism/ruin/col_a_der_slabs_rebar_a.cgf
    [1.0000004267475153, -0, 0, 0.095831]
    [0, -6.4012100026111661E-07, 1.0000004267473106, -3.8079739999999447]
    [-0, -1.0000004267473106, -6.4012100026111661E-07, 5.8809760000000004]
  #26 objects/buildingsets/human/colonialism/ruin/col_a_der_conc_piece_f.cgf
    [0.47274363435567912, -0.4442347014723631, -0.16168772735082479, -2.5524119999999999]
    [0.47274453055310178, 0.44423362154504453, 0.1616880741212281, 11.364397000000054]
    [-4.9159073702295496E-07, -0.22866122209212639, 0.62824197607532062, 0.363678]
  #27 objects/buildingsets/human/colonialism/ruin/structure/col_a_ruin_struct_sheet_4m_a.cgf
    [0.0033295769455877981, -0.12183995674194031, 0.99254455376986606, 0.58765000000000001]
    [0.99984806969878415, 0.017410026340312475, -0.0012169068090618804, -7.4357459999999946]
    [-0.017131952507397689, 0.99239743464183183, 0.12187936773438116, 1.187683]
  #28 objects/buildingsets/human/colonialism/ruin/structure/col_a_ruin_struct_sheet_4m_bare_a.cgf
    [0.11896427626624138, 0.026518218585134784, 0.99254425986289763, 0.48862299999999997]
    [-0.20786910410389395, 0.97815580161349092, -0.0012190406802006543, -4.6914729999999736]
    [-0.9708953389849807, -0.20617428206303157, 0.12187792615687057, 0.38155499999999998]
  #29 objects/buildingsets/human/colonialism/ruin/col_a_der_rebar_4m_a.cgf
    [-6.4012100026111661E-07, 0, 1.0000004267473106, 0.049277000000000001]
    [0, 1.0000004267475153, 0, 6.778583000000026]
    [-1.0000004267473106, 0, -6.4012100026111661E-07, 4.7447290000000004]
  #30 objects/buildingsets/organic/megascans/rubble/organic_concrete_rubble_pile_a.cgf
    [-0.1241904348546214, 1.4195216647778996, 0, -1.4106019999999999]
    [-1.4195216647778996, -0.1241904348546214, -0, -10.488129999999956]
    [-0, 0, 1.4249438658709328, -0.268594]
  #31 objects/buildingsets/human/colonialism/ruin/col_a_der_slabs_c.cgf
    [-6.4012100026111661E-07, 1.0000004267473106, 0, 0.069806000000000007]
    [-1.0000004267473106, -6.4012100026111661E-07, -0, -3.8840179999999691]
    [-0, 0, 1.0000004267475153, 5.2001689999999998]
  #32 objects/buildingsets/human/colonialism/ruin/col_a_der_pipe_4m_a.cgf
    [-0.99999935020268316, 0, 0, 0.062934000000000004]
    [0, -0.99619412030164667, 0.087154891326974904, 11.485273000000007]
    [0, 0.087154891326974904, 0.996194120301647, 2.5725530000000001]
  #33 objects/buildingsets/human/colonialism/ruin/col_a_der_slabs_a.cgf
    [-6.4012100026111661E-07, 1.0000004267473106, 0, 0.031059]
    [-1.0000004267473106, -6.4012100026111661E-07, -0, 7.7661849999999504]
    [-0, 0, 1.0000004267475153, 4.1571980000000002]
  #34 objects/buildingsets/human/colonialism/ruin/col_a_der_slabs_rebar_b.cgf
    [-6.4012100026111661E-07, -1.0000004267473106, 0, -0.027854]
    [1.0000004267473106, -6.4012100026111661E-07, 0, -9.736774999999966]
    [0, 0, 1.0000004267475153, 4.2089639999999999]
  #35 objects/buildingsets/organic/megascans/rubble/organic_concrete_rubble_pile_b.cgf
    [-0.85860831630403833, 0.85860577037198527, -9.2931096672956272E-07, -1.060087]
    [-0.85860577037198493, -0.85860831630160972, 2.2437385149347626E-06, 8.8528430000000071]
    [9.2943730624025672E-07, 2.2436861835056932E-06, 1.2142537254369419, -0.080393999999999993]
  #36 objects/buildingsets/organic/megascans/rubble/organic_concrete_rubble_pile_a.cgf
    [-0.084678760013939605, 0.96789526928565017, 0, 2.6001310000000002]
    [-0.96789526928565017, -0.084678760013939605, -0, 9.4312959999999748]
    [-0, 0, 0.97159237579503444, -0.107229]
  #37 objects/buildingsets/human/colonialism/ruin/col_a_der_slabs_c.cgf
    [-6.4012100026111661E-07, 1.0000004267473106, 0, 0.069806000000000007]
    [-1.0000004267473106, -6.4012100026111661E-07, -0, 6.6754869999999755]
    [-0, 0, 1.0000004267475153, 4.9955550000000004]
  #38 objects/buildingsets/human/colonialism/ruin/col_a_der_slabs_b.cgf
    [-6.4012100026111661E-07, -1.0000004267473106, 0, 0.007502]
    [1.0000004267473106, -6.4012100026111661E-07, 0, -11.666073999999981]
    [0, 0, 1.0000004267475153, 0.493066]
  #39 objects/buildingsets/human/colonialism/ruin/col_a_der_rebar_4m_a.cgf
    [0.86602550222076458, 5.1264061216204186E-07, -0.50000002195355342, 2.1178870000000001]
    [0.24999959725030668, 0.86602552088824758, 0.43301292243473322, -7.2868089999999484]
    [0.43301295976968313, -0.49999998962052095, 0.74999998633434795, 0.051834999999999999]
  #40 objects/buildingsets/organic/megascans/rubble/organic_concrete_rubble_pile_b.cgf
    [1.2686228031296284E-05, -1.2142532161458546, -5.6461164859576E-06, 0.25059399999999998]
    [1.1480445642118609, 1.3833426109654093E-05, -0.39548015311214429, 6.638543000000027]
    [0.39548015315060808, -1.2063727044833035E-06, 1.1480445642813204, -0.51375899999999997]
  #41 objects/buildingsets/human/colonialism/ruin/col_a_der_slabs_rebar_a.cgf
    [1.0000004267475153, -0, 0, -0.0074320000000000002]
    [0, -6.4012100026111661E-07, 1.0000004267473106, -7.1625599999999849]
    [-0, -1.0000004267473106, -6.4012100026111661E-07, 3.8834399999999998]
  #42 objects/buildingsets/organic/megascans/rubble/organic_concrete_rubble_pile_a.cgf
    [-0.049247228149838403, 0.56290572917946891, 0, -1.264537]
    [-0.56290572917946891, -0.049247228149838403, -0, 5.7317430000000513]
    [-0, 0, 0.56505588168207921, -0.082627999999999993]
  #43 objects/buildingsets/human/colonialism/ruin/structure/col_a_ruin_struct_addon_bar_4m_b.cgf
    [0.0033295769455877981, -0.12183995674194031, 0.99254455376986606, 0.64919899999999997]
    [0.99984806969878415, 0.017410026340312475, -0.0012169068090618804, -8.4840830000000551]
    [-0.017131952507397689, 0.99239743464183183, 0.12187936773438116, 1.3602959999999999]
  #44 objects/buildingsets/organic/megascans/rubble/organic_concrete_rubble_pile_c.cgf
    [-0.72258462708475646, -0.33694735675468201, 0, 2.7940049999999998]
    [0.33694735675468201, -0.72258462708475646, 0, -11.228488999999968]
    [0, 0, 0.79728418052986838, 0.17915800000000001]
  #45 objects/buildingsets/human/colonialism/ruin/col_a_der_rebar_4m_a.cgf
    [-6.4012100026111661E-07, 0, 1.0000004267473106, 0.092452000000000006]
    [0, 1.0000004267475153, 0, 9.9523739999999634]
    [-1.0000004267473106, 0, -6.4012100026111661E-07, 5.2693570000000003]
  #46 objects/buildingsets/human/colonialism/ruin/col_a_der_conc_piece_d.cgf
    [0.3775111136257886, -0.16197271947283801, -0.14584058106578379, -0.688693]
    [0.20481143426734807, 0.36338731774557337, 0.12657492462982031, -7.6080680000000029]
    [0.074544706937406932, -0.17813975776975297, 0.39080505526331805, 0.20414399999999999]
  #47 objects/buildingsets/human/colonialism/ruin/structure/col_a_ruin_struct_addon_bar_4m_d.cgf
    [-0.0043152994377771798, 0.15787302030691081, 1.286081679840245, -0.018071]
    [-1.2955451357553038, -0.022559062347803072, -0.0015778141618905306, -2.6300690000000486]
    [0.022198625685024766, -1.2858910520475411, 0.15792410472291574, 1.044872]
  #48 objects/buildingsets/human/colonialism/ruin/col_a_der_slabs_a.cgf
    [-6.4012100026111661E-07, -1.0000004267473106, 0, 0.020556000000000001]
    [1.0000004267473106, -6.4012100026111661E-07, 0, 8.6370220000000018]
    [0, 0, 1.0000004267475153, 3.2201460000000002]
  #49 objects/buildingsets/organic/megascans/rubble/organic_concrete_rubble_pile_a.cgf
    [-0.071842535283605485, 0.82117463721767192, 0, -2.1577000000000002]
    [-0.82117463721767192, -0.071842535283605485, -0, 12.132929999999988]
    [-0, 0, 0.82431130932770236, -0.055710000000000003]
  #50 objects/buildingsets/human/colonialism/ruin/col_a_der_slabs_rebar_b.cgf
    [-6.4012100026111661E-07, -1.0000004267473106, 0, 0.14967800000000001]
    [1.0000004267473106, -6.4012100026111661E-07, 0, -6.9818370000000414]
    [0, 0, 1.0000004267475153, 4.8986999999999998]
  #51 objects/buildingsets/human/colonialism/ruin/col_a_der_floor_tile_scatter.cgf
    [-1.7607736587446852, 0, 0, 0.90772900000000001]
    [0, -1.7607736587446852, 0, 3.546875]
    [0, 0, 1.7607736587446852, -0.021930000000000002]
  #52 objects/buildingsets/human/colonialism/ruin/col_a_der_slabs_rebar_b.cgf
    [-6.4012100026111661E-07, -1.0000004267473106, 0, 0.055251000000000001]
    [1.0000004267473106, -6.4012100026111661E-07, 0, -11.518012999999996]
    [0, 0, 1.0000004267475153, 2.943222]
  #53 objects/buildingsets/organic/megascans/rubble/organic_concrete_rubble_pile_b.cgf
    [-7.7727129132183726E-07, 1.214253546201461, -1.7171453394191512E-06, -0.30906400000000001]
    [-1.2142535462014608, -7.7726886286846762E-07, 1.7172834203084031E-06, -12.095673000000033]
    [1.717282321126011E-06, 1.7171464386892281E-06, 1.2142535462004953, -0.080393999999999993]
  #54 objects/buildingsets/organic/megascans/rubble/organic_concrete_rubble_pile_a.cgf
    [-0.069967344851171856, 0.79974083317681088, 0, 1.1831240000000001]
    [-0.79974083317681088, -0.069967344851171856, -0, 13.767955000000029]
    [-0, 0, 0.80279563376731333, -0.079543000000000003]
  #55 objects/buildingsets/organic/megascans/rubble/organic_concrete_rubble_pile_a.cgf
    [-0.50238533432854271, 0.59871859294307561, 0, 0.89263300000000001]
    [-0.59871859294307561, -0.50238533432854271, 0, -3.8683069999999589]
    [0, 0, 0.78157211931090398, -0.097932000000000005]
  #56 objects/buildingsets/organic/megascans/rubble/organic_concrete_rubble_pile_a.cgf
    [-0.071842535283605485, 0.82117463721767192, 0, -3.2059929999999999]
    [-0.82117463721767192, -0.071842535283605485, -0, 6.0137979999999516]
    [-0, 0, 0.82431130932770236, -0.084128999999999995]
  #57 objects/buildingsets/human/colonialism/ruin/structure/col_a_ruin_struct_sheet_2m_bare_a.cgf
    [0.19080953838655057, 0, 0.9816272623113117, 0.48764600000000002]
    [0, 1.0000001810260284, 0, -8.9915499999999611]
    [-0.9816272623113117, 0, 0.19080953838655057, 1.0202469999999999]
  #58 objects/buildingsets/human/colonialism/ruin/col_a_der_slabs_b.cgf
    [-6.4012127343081335E-07, 1.0000008534944618, 0, 0.007502]
    [1.0000008534944618, 6.4012127298672371E-07, 0, -11.10451599999999]
    [0, 0, -1.0000008534946669, 4.5665880000000003]
  #59 objects/buildingsets/human/colonialism/ruin/col_a_der_conc_piece_d.cgf
    [0.60901769726011978, -0.35161629892331736, 5.3575910088564451E-07, 2.8963679999999998]
    [0.33041150234080352, 0.5722895214460717, -0.24051927159534872, -9.4191620000000285]
    [0.12025914015039302, 0.20829608546329498, 0.66082301506212193, 0]
  #60 objects/buildingsets/human/colonialism/ruin/structure/col_a_ruin_struct_addon_bar_4m_b.cgf
    [-0.018154528453990647, 0.12052661957211409, 0.99254415591833811, 0.27567199999999997]
    [-0.99027334759905672, -0.13913075764568369, -0.0012180674899604327, 7.3655780000000277]
    [0.1379466002048812, -0.98291206149277222, 0.12188014292926393, 1.007865]
  #61 objects/buildingsets/human/colonialism/ruin/col_a_der_slabs_a.cgf
    [-6.4012100026111661E-07, 1.0000004267473106, 0, 0.020556000000000001]
    [-1.0000004267473106, -6.4012100026111661E-07, -0, 10.054320999999959]
    [-0, 0, 1.0000004267475153, 0]
  #62 objects/buildingsets/human/colonialism/ruin/structure/col_a_ruin_struct_addon_bar_2m_c.cgf
    [0.25419069433375785, 0.05666139111365244, 2.1207670276318789, -0.042037999999999999]
    [-0.44415324482389562, 2.0900232817755806, -0.0026047202926935543, -4.6582140000000436]
    [-2.0745098683414098, -0.44053192416947973, 0.26041627783418053, 1.341412]
  #63 objects/buildingsets/human/colonialism/ruin/col_a_der_floor_4m_a.cgf
    [1, 0, 0, 0]
    [0, 1, 0, -9]
    [0, 0, 1, -0.25376500000000002]
  #64 objects/buildingsets/human/colonialism/ruin/structure/col_a_ruin_struct_sheet_4m_bare_a.cgf
    [0.7003352023575995, 0.45897080911834498, 0.54669625515531661, 2.0660889999999998]
    [-0.33001066049136479, 0.88730060788471798, -0.32216609054076212, 9.4546510000000126]
    [-0.63294862586599265, 0.045208653038075065, 0.77287295811775547, 0.66015400000000002]
  #65 objects/buildingsets/human/colonialism/ruin/col_a_der_floor_4m_a.cgf
    [-1, 0, 0, 0]
    [0, -1, 0, 7.25]
    [0, 0, 1, -0.30969999999999998]
  #66 objects/buildingsets/human/colonialism/ruin/col_a_der_slabs_a.cgf
    [-6.4012100026111661E-07, -1.0000004267473106, 0, 0.090606000000000006]
    [1.0000004267473106, -6.4012100026111661E-07, 0, 9.7731680000000551]
    [0, 0, 1.0000004267475153, 1.0201800000000001]
  #67 objects/buildingsets/human/colonialism/ruin/structure/col_a_ruin_struct_addon_bar_4m_b.cgf
    [0.11896427626624138, 0.026518218585134784, 0.99254425986289763, 0.64919899999999997]
    [-0.20786910410389395, 0.97815580161349092, -0.0012190406802006543, -6.5667519999999513]
    [-0.9708953389849807, -0.20617428206303157, 0.12187792615687057, 0.52994600000000003]
