# IncludedObjects
# Cgfs: 19, Materials: 1, Palettes: 1, Placements: 49

[CGFs]
      0: objects/buildingsets/human/lowtech/bravo/int/gantry/gantry_straight_04x01x01_a.cgf
      1: objects/buildingsets/human/lowtech/bravo/int/stair/stair_straight_04x02x01_b.cgf
      2: objects/buildingsets/human/lowtech/bravo/int/railing/open/railing_open_straight_04x0025x01125_a.cgf
      3: objects/buildingsets/human/lowtech/prop/storage/canister/canister_liquid_2_a.cgf
      4: objects/buildingsets/human/lowtech/bravo/int/roomsm/floor/roomsm_floor_cornerin_04x04x0025_a.cgf
      5: objects/buildingsets/human/lowtech/prop/storage/tank/tank_water_3_025x0125x0125_a.cgf
      6: objects/buildingsets/human/lowtech/prop/storage/pallet/pallet_shipping_1_0125x0125x0025_a.cgf
      7: objects/buildingsets/human/lowtech/prop/storage/drum/drum_dry_1_a.cgf
      8: objects/buildingsets/human/lowtech/prop/storage/canister/canister_gas_3_a.cgf
      9: objects/buildingsets/human/lowtech/prop/storage/canister/canister_liquid_2_a_100.cgf
     10: objects/buildingsets/human/lowtech/prop/utilitarian/light/light_attachment_4_a.cgf
     11: objects/buildingsets/human/lowtech/prop/storage/tank/tank_water_1_05x025x025_a.cgf
     12: objects/buildingsets/human/lowtech/prop/storage/tank/tank_water_2_05x025x025_a.cgf
     13: objects/buildingsets/human/lowtech/prop/storage/tarp/tarp_bundle_1_b.cgf
     14: objects/buildingsets/human/lowtech/bravo/int/roomsm/floor/roomsm_floor_end_04x04x0025_a.cgf
     15: objects/buildingsets/human/lowtech/bravo/int/roomsm/floor/roomsm_floor_junctiont_04x04x0025_a.cgf
     16: objects/buildingsets/human/lowtech/prop/utilitarian/structure/structure_post_2_a.cgf
     17: objects/buildingsets/human/lowtech/prop/storage/tank/tank_gas_2_025x0125x0125_a.cgf
     18: objects/buildingsets/human/lowtech/prop/storage/canister/canister_gas_2_a.cgf

[Materials]
      0: objects/buildingsets/human/lowtech/bravo/int/lowtech_bravo_int_hurston

[Palettes]
      0: Libs/Foundry/Records/TintPalettes/default

[Placements]
  #0 objects/buildingsets/human/lowtech/bravo/int/gantry/gantry_straight_04x01x01_a.cgf
    [-1.4280434270815426E-06, -0.99999999770096559, 0.00015000010304482968, 4.6249748659706711]
    [1.0000000067729811, -1.4379434146666206E-06, -6.5999785270978508E-05, -1.9999853724434047]
    [6.6000000220071037E-05, 0.00015000000846741781, 0.99999999552399921, -0.12499399999999999]
  #1 objects/buildingsets/human/lowtech/bravo/int/gantry/gantry_straight_04x01x01_a.cgf
    [-1.4280434270815426E-06, -0.99999999770096559, 0.00015000010304482968, 4.6249748659677152]
    [1.0000000067729811, -1.4379434146666206E-06, -6.5999785270978508E-05, -1.9999833724433813]
    [6.6000000220071037E-05, 0.00015000000846741781, 0.99999999552399921, -1.124992]
  #2 objects/buildingsets/human/lowtech/bravo/int/gantry/gantry_straight_04x01x01_a.cgf
    [-1.4280434270815426E-06, -0.99999999770096559, 0.00015000010304482968, 4.6249691340154868]
    [1.0000000067729811, -1.4379434146666206E-06, -6.5999785270978508E-05, 2.0000016275524501]
    [6.6000000220071037E-05, 0.00015000000846741781, 0.99999999552399921, -0.12500600000000001]
  #3 objects/buildingsets/human/lowtech/bravo/int/gantry/gantry_straight_04x01x01_a.cgf
    [1.4329934173717973E-06, 0.99999999999897338, 0, -3.8749731340178641]
    [-0.99999999999897338, 1.4329934173717973E-06, -0, -1.9999995528129091]
    [-0, 0, 1, -0.12499199999999999]
  #4 objects/buildingsets/human/lowtech/bravo/int/gantry/gantry_straight_04x01x01_a.cgf
    [1.4329934173717973E-06, 0.99999999999897338, 0, -3.8749711340209387]
    [-0.99999999999897338, 1.4329934173717973E-06, -0, -1.9999975528101004]
    [-0, 0, 1, -1.1249899999999999]
  #5 objects/buildingsets/human/lowtech/bravo/int/gantry/gantry_straight_04x01x01_a.cgf
    [-1.0000004200245289, 7.810150393881116E-07, 0.00014990680032936203, 4.3749670438094199]
    [-7.9119102119909857E-07, -1.0000004289565561, -6.7882037951204569E-05, 6.2499902693053855]
    [0.00014990674696706261, -6.788215579332358E-05, 1.000000417720849, -1.1250180000000001]
  #6 objects/buildingsets/human/lowtech/bravo/int/gantry/gantry_straight_04x01x01_a.cgf
    [1.4329934173717973E-06, 0.99999999999897338, 0, -3.8749825979280104]
    [-0.99999999999897338, 1.4329934173717973E-06, -0, 5.999974447181728]
    [-0, 0, 1, -0.12501799999999999]
  #7 objects/buildingsets/human/lowtech/bravo/int/gantry/gantry_straight_04x01x01_a.cgf
    [1.000000420241989, 7.9118692910148075E-07, 0.00014707836908317088, -3.6249690438162361]
    [-7.8161892809762543E-07, 1.0000004289420152, -6.505383468501566E-05, -6.2499851945631804]
    [-0.00014707842024162977, 6.5053719022184473E-05, 1.000000418126302, -0.12497799999999999]
  #8 objects/buildingsets/human/lowtech/bravo/int/gantry/gantry_straight_04x01x01_a.cgf
    [-1.4280434270815426E-06, -0.99999999770096559, 0.00015000010304482968, 4.624969134011053]
    [1.0000000067729811, -1.4379434146666206E-06, -6.5999785270978508E-05, 2.0000046275524994]
    [6.6000000220071037E-05, 0.00015000000846741781, 0.99999999552399921, -1.1250039999999999]
  #9 objects/buildingsets/human/lowtech/bravo/int/gantry/gantry_straight_04x01x01_a.cgf
    [1.000000420241989, 7.9118692910148075E-07, 0.00014707836908317088, -3.6249690438190783]
    [-7.8161892809762543E-07, 1.0000004289420152, -6.505383468501566E-05, -6.2499831945631854]
    [-0.00014707842024162977, 6.5053719022184473E-05, 1.000000418126302, -1.124976]
  #10 objects/buildingsets/human/lowtech/bravo/int/gantry/gantry_straight_04x01x01_a.cgf
    [-1.0000004200245289, 7.810150393881116E-07, 0.00014990680032936203, 0.37499104381936377]
    [-7.9119102119909857E-07, -1.0000004289565561, -6.7882037951204569E-05, 6.2499805373662412]
    [0.00014990674696706261, -6.788215579332358E-05, 1.000000417720849, -0.12501999999999999]
  #11 objects/buildingsets/human/lowtech/bravo/int/gantry/gantry_straight_04x01x01_a.cgf
    [1.000000420241989, 7.9118692910148075E-07, 0.00014707836908317088, 0.37500695617984547]
    [-7.8161892809762543E-07, 1.0000004289420152, -6.505383468501566E-05, -6.2499794626239691]
    [-0.00014707842024162977, 6.5053719022184473E-05, 1.000000418126302, -0.12497999999999999]
  #12 objects/buildingsets/human/lowtech/bravo/int/gantry/gantry_straight_04x01x01_a.cgf
    [-1.0000004200245289, 7.810150393881116E-07, 0.00014990680032936203, 4.3749650438123808]
    [-7.9119102119909857E-07, -1.0000004289565561, -6.7882037951204569E-05, 6.2499882693026052]
    [0.00014990674696706261, -6.788215579332358E-05, 1.000000417720849, -0.12501999999999999]
  #13 objects/buildingsets/human/lowtech/bravo/int/gantry/gantry_straight_04x01x01_a.cgf
    [-1.0000004200245289, 7.810150393881116E-07, 0.00014990680032936203, 0.37499104381367943]
    [-7.9119102119909857E-07, -1.0000004289565561, -6.7882037951204569E-05, 6.2499845373662595]
    [0.00014990674696706261, -6.788215579332358E-05, 1.000000417720849, -1.125016]
  #14 objects/buildingsets/human/lowtech/bravo/int/stair/stair_straight_04x02x01_b.cgf
    [1.4329934173717973E-06, 0.99999999999897338, 0, -5.6249665077243662]
    [-0.99999999999897338, 1.4329934173717973E-06, -0, 1.7499859394619079]
    [-0, 0, 1, -0.375002]
  #15 objects/buildingsets/human/lowtech/bravo/int/gantry/gantry_straight_04x01x01_a.cgf
    [1.000000420241989, 7.9118692910148075E-07, 0.00014707836908317088, 0.37500695617393376]
    [-7.8161892809762543E-07, 1.0000004289420152, -6.505383468501566E-05, -6.2499754626238087]
    [-0.00014707842024162977, 6.5053719022184473E-05, 1.000000418126302, -1.124976]
  #16 objects/buildingsets/human/lowtech/bravo/int/gantry/gantry_straight_04x01x01_a.cgf
    [-1.4280434270815426E-06, -0.99999999770096559, 0.00015000010304482968, 4.6249785979213129]
    [1.0000000067729811, -1.4379434146666206E-06, -6.5999785270978508E-05, -5.9999693724422514]
    [6.6000000220071037E-05, 0.00015000000846741781, 0.99999999552399921, -1.124978]
  #17 objects/buildingsets/human/lowtech/bravo/int/gantry/gantry_straight_04x01x01_a.cgf
    [1.4329934173717973E-06, 0.99999999999897338, 0, -3.8749805979336998]
    [-0.99999999999897338, 1.4329934173717973E-06, -0, 5.9999784471846169]
    [-0, 0, 1, -1.125014]
  #18 objects/buildingsets/human/lowtech/bravo/int/gantry/gantry_straight_04x01x01_a.cgf
    [1.4329934173717973E-06, 0.99999999999897338, 0, -3.8749768659772599]
    [-0.99999999999897338, 1.4329934173717973E-06, -0, 1.9999904471858088]
    [-0, 0, 1, -1.1250020000000001]
  #19 objects/buildingsets/human/lowtech/bravo/int/gantry/gantry_straight_04x01x01_a.cgf
    [1.4329934173717973E-06, 0.99999999999897338, 0, -3.8749768659715755]
    [-0.99999999999897338, 1.4329934173717973E-06, -0, 1.9999864471857904]
    [-0, 0, 1, -0.125004]
  #20 objects/buildingsets/human/lowtech/bravo/int/gantry/gantry_straight_04x01x01_a.cgf
    [-1.4280434270815426E-06, -0.99999999770096559, 0.00015000010304482968, 4.624978597927111]
    [1.0000000067729811, -1.4379434146666206E-06, -6.5999785270978508E-05, -5.9999733724422413]
    [6.6000000220071037E-05, 0.00015000000846741781, 0.99999999552399921, -0.124982]
  #21 objects/buildingsets/human/lowtech/bravo/int/railing/open/railing_open_straight_04x0025x01125_a.cgf
    [-0.9999876879743349, -1.8942961923915985E-05, -0.00014707306404606387, 0.87498776031543457]
    [1.8933394060356587E-05, -0.99998769667375775, 6.5055492074721918E-05, 5.7499812538576975]
    [-0.00014707429606734067, 6.5052706732910217E-05, 0.99998768603762012, 0.62497999999999998]
  #22 objects/buildingsets/human/lowtech/prop/storage/canister/canister_liquid_2_a.cgf
    [-0.01745077254176829, -0.99984782568375696, -6.6705909534915867E-05, 0.62499155155478547]
    [0.99984781704374359, -0.017450762477779821, -0.00014858776616899226, 4.4999828956134991]
    [0.00014740107058223309, -6.9288722121157919E-05, 1.0000000909542541, 1.1249819999999999]
  #23 objects/buildingsets/human/lowtech/prop/storage/canister/canister_liquid_2_a.cgf
    [0.99984790736389506, -0.017452504438042298, -0.00014906692029977603, 0.12499355155523517]
    [0.017452514308035183, 0.99984791617991531, 6.5169590146219679E-05, 4.4999821791196837]
    [0.00014790684379338686, -6.7761255644835017E-05, 1.0000002117619999, 1.1249819999999999]
  #24 objects/buildingsets/human/lowtech/bravo/int/roomsm/floor/roomsm_floor_cornerin_04x04x0025_a.cgf
    [1.4329934173717973E-06, 0.99999999999897338, 0, 0.3750008659804962]
    [-0.99999999999897338, 1.4329934173717973E-06, -0, -1.9999954626281351]
    [-0, 0, 1, 0.625004]
  #25 objects/buildingsets/human/lowtech/prop/storage/tank/tank_water_3_025x0125x0125_a.cgf
    [-0.99984791122326522, 0.017451841094537533, 0.00014906687592150156, -2.6249870154542805]
    [-0.017451850964521676, -0.99984792003928546, -6.5169590397773949E-05, 3.4999822384145318]
    [0.00014790684436414604, -6.7761157013810201E-05, 1.000000204043999, 0.87498600000000004]
  #26 objects/buildingsets/human/lowtech/prop/storage/pallet/pallet_shipping_1_0125x0125x0025_a.cgf
    [1.0000004267450331, -2.0731150288027026E-06, -1.4142175467764269E-06, 0.3749935515550078]
    [2.0731170288048262E-06, 1.0000004267450331, 1.4142116831169563E-06, 4.4999825373679414]
    [1.4142146149497306E-06, -1.4142146149497304E-06, 1.0000004267461822, 0.87498399999999998]
  #27 objects/buildingsets/human/lowtech/prop/storage/drum/drum_dry_1_a.cgf
    [0.017450773450818718, 0.99984772144170098, 6.6705902178089524E-05, -2.8749748350472828]
    [-0.99984771280168494, 0.017450763386829743, 0.00014858777391116567, -4.9999921198250945]
    [0.00014740107826258911, -6.9288715302671185E-05, 0.99999998674393287, 0.87501400000000007]
  #28 objects/buildingsets/human/lowtech/prop/storage/canister/canister_gas_3_a.cgf
    [-0.99984791122326522, 0.017451841094537533, 0.00014906687592150156, -2.6249771932957628]
    [-0.017451850964521676, -0.99984792003928546, -6.5169590397773949E-05, -4.7499917615798779]
    [0.00014790684436414604, -6.7761157013810201E-05, 1.000000204043999, 0.87501200000000001]
  #29 objects/buildingsets/human/lowtech/prop/storage/canister/canister_liquid_2_a.cgf
    [-0.01745077254176829, -0.99984782568375696, -6.6705909534915867E-05, 0.62499226804857244]
    [0.99984781704374359, -0.017450762477779821, -0.00014858776616899226, 3.9999848956139772]
    [0.00014740107058223309, -6.9288722121157919E-05, 1.0000000909542541, 1.124984]
  #30 objects/buildingsets/human/lowtech/bravo/int/roomsm/floor/roomsm_floor_cornerin_04x04x0025_a.cgf
    [1.000000420241989, 7.9118692910148075E-07, 0.00014707836908317088, 0.37499513402417506]
    [-7.8161892809762543E-07, 1.0000004289420152, -6.505383468501566E-05, 1.9999925373676604]
    [-0.00014707842024162977, 6.5053719022184473E-05, 1.000000418126302, 0.62499199999999999]
  #31 objects/buildingsets/human/lowtech/prop/storage/canister/canister_liquid_2_a_100.cgf
    [-0.70710641411195296, 0.012385641865142938, -0.70699998110129925, 0.12499498454280911]
    [0.70689318220892172, -0.012288473812490094, -0.70721487586010068, 3.4999861791206683]
    [-0.017447244716374544, -0.99984871233945294, -6.6067077906375134E-05, 1.124986]
  #32 objects/buildingsets/human/lowtech/bravo/int/railing/open/railing_open_straight_04x0025x01125_a.cgf
    [1.4329752528027065E-06, 0.99998732403768109, 0, -3.3749751340155854]
    [-0.99998732403768109, 1.4329752528027065E-06, -0, -2.0000008363190886]
    [-0, 0, 0.99998732403870771, 0.62500600000000006]
  #33 objects/buildingsets/human/lowtech/prop/utilitarian/light/light_attachment_4_a.cgf
    [-1.0000002414539733, 2.4188007651992744E-06, 3.143056338996626E-06, -0.87500044842659008]
    [5.117938253368261E-07, -0.70716667773822206, 0.70704722106812468, 4.4999687461347264]
    [3.9328701189058563E-06, 0.7070472210641725, 0.70716667773142172, 4.6249720000000005]
  #34 objects/buildingsets/human/lowtech/prop/storage/tank/tank_water_1_05x025x025_a.cgf
    [-0.99984792003928058, 0.017451850964529097, -6.5169661076485016E-05, 2.8749800592793235]
    [-0.017451841094536322, -0.99984791122326899, -0.00014906684895210742, 2.7499941198303759]
    [-6.7761227211092094E-05, -0.00014790681616538533, 1.0000002040439984, 0.87498799999999999]
  #35 objects/buildingsets/human/lowtech/bravo/int/roomsm/floor/roomsm_floor_cornerin_04x04x0025_a.cgf
    [-1.4280434270815426E-06, -0.99999999770096559, 0.00015000010304482968, 0.37499513402417506]
    [1.0000000067729811, -1.4379434146666206E-06, -6.5999785270978508E-05, 1.9999925373676604]
    [6.6000000220071037E-05, 0.00015000000846741781, 0.99999999552399921, 0.62499199999999999]
  #36 objects/buildingsets/human/lowtech/prop/storage/drum/drum_dry_1_a.cgf
    [0.017450773450818718, 0.99984772144170098, 6.6705902178089524E-05, -1.6249955231851345]
    [-0.99984771280168494, 0.017450763386829743, 0.00014858777391116567, 5.249977671397545]
    [0.00014740107826258911, -6.9288715302671185E-05, 0.99999998674393287, 0.87498200000000004]
  #37 objects/buildingsets/human/lowtech/prop/storage/tank/tank_water_2_05x025x025_a.cgf
    [-0.99619390163594657, 0.08716038149632277, -6.2876184654326496E-05, 2.8749855824719361]
    [-0.087160371402347572, -0.99619389342792786, -0.00014854817495397741, -2.4999898801670213]
    [-7.558441605629231E-05, -0.00014250252955043199, 0.99999959984625675, 0.875004]
  #38 objects/buildingsets/human/lowtech/prop/storage/tarp/tarp_bundle_1_b.cgf
    [0.98162736042388932, -0.19080868794836467, -0.00015205306941067467, -2.6249866572002247]
    [0.19080868106634946, 0.98162737178388271, -5.8684509874045412E-05, 3.2499782384149114]
    [0.00016045694891141378, 2.8593271278472585E-05, 1.0000001133427321, 2.124984]
  #39 objects/buildingsets/human/lowtech/bravo/int/railing/open/railing_open_straight_04x0025x01125_a.cgf
    [1.4329752528027065E-06, 0.99998732403768109, 0, -3.3749842396772465]
    [-0.99998732403768109, 1.4329752528027065E-06, -0, 5.7499731636757474]
    [-0, 0, 0.99998732403870771, 0.62497999999999998]
  #40 objects/buildingsets/human/lowtech/bravo/int/roomsm/floor/roomsm_floor_end_04x04x0025_a.cgf
    [1.000000420241989, 7.9118692910148075E-07, 0.00014707836908317088, 0.3750008659804962]
    [-7.8161892809762543E-07, 1.0000004289420152, -6.505383468501566E-05, -1.9999954626281351]
    [-0.00014707842024162977, 6.5053719022184473E-05, 1.000000418126302, 0.625004]
  #41 objects/buildingsets/human/lowtech/prop/storage/drum/drum_dry_1_a.cgf
    [0.017450773450818718, 0.99984772144170098, 6.6705902178089524E-05, -2.6249757603052331]
    [-0.99984771280168494, 0.017450763386829743, 0.00014858777391116567, -5.7499897615787745]
    [0.00014740107826258911, -6.9288715302671185E-05, 0.99999998674393287, 0.87501600000000002]
  #42 objects/buildingsets/human/lowtech/bravo/int/roomsm/floor/roomsm_floor_junctiont_04x04x0025_a.cgf
    [-1.4280434270815426E-06, -0.99999999770096559, 0.00015000010304482968, 0.3750008659804962]
    [1.0000000067729811, -1.4379434146666206E-06, -6.5999785270978508E-05, -1.9999954626281351]
    [6.6000000220071037E-05, 0.00015000000846741781, 0.99999999552399921, 0.625004]
  #43 objects/buildingsets/human/lowtech/prop/utilitarian/structure/structure_post_2_a.cgf
    [-1.0000004279006385, 3.6570569780385659E-06, 1.4143981041691972E-06, -0.87499952318603391]
    [-3.6571749806661454E-06, -1.0000004244206395, -8.343860493020163E-05, 5.2499787461369465]
    [1.4140929596343963E-06, -8.3438610102259359E-05, 1.0000004244263268, 0.87498200000000004]
  #44 objects/buildingsets/human/lowtech/prop/storage/tank/tank_gas_2_025x0125x0125_a.cgf
    [-0.96592595668109416, 0.25881894898475849, 0.00014848282635546698, -0.87498719329767027]
    [-0.25881896074474903, -0.96592596268511444, -6.6036767268133877E-05, -4.7499892538556878]
    [0.00012633183612969134, -0.00010221678694732217, 1.0000000988914988, 0.87501200000000001]
  #45 objects/buildingsets/human/lowtech/bravo/int/railing/open/railing_open_straight_04x0025x01125_a.cgf
    [0.99998775271518947, 2.0505658631823859E-05, -6.7881500869959328E-05, -3.1249724020593703]
    [-2.0515642487808187E-05, 0.99998774420278924, -0.00014707848432378841, -5.9999884780709181]
    [6.7878484143324988E-05, 0.00014707987660365215, 0.99998774210926022, 0.62501800000000007]
  #46 objects/buildingsets/human/lowtech/bravo/int/roomsm/floor/roomsm_floor_cornerin_04x04x0025_a.cgf
    [-1.0000004288215463, 7.9130503671378133E-07, 6.9296395041272625E-05, 0.3750008659804962]
    [-7.8101503692852062E-07, -1.0000004201975368, 0.00014849253510926976, -1.9999954626281351]
    [6.929651178009852E-05, 0.00014849248063119051, 1.0000004177968471, 0.625004]
  #47 objects/buildingsets/human/lowtech/prop/storage/canister/canister_gas_2_a.cgf
    [-0.69465933562836579, 0.71933870403957978, 0.00015471635331930781, -2.3749802680383709]
    [-0.71933870451156101, -0.69465934954835373, 6.2600492442075754E-05, -3.9999934033351394]
    [0.00015250613465974541, -6.780745187336625E-05, 0.99999987989307393, 0.87501000000000007]
  #48 objects/buildingsets/human/lowtech/prop/storage/canister/canister_gas_3_a.cgf
    [-0.71933906888388754, -0.69465809496591868, 6.0119861758990649E-05, -2.8749755515411834]
    [0.69465808087190617, -0.71933906787590152, -0.00015698918670290738, -4.4999941198255726]
    [0.00015230048368998538, -7.1165758531452128E-05, 0.99999927013913992, 0.87501200000000001]
