# IncludedObjects
# Cgfs: 17, Materials: 3, Palettes: 2, Placements: 37

[CGFs]
      0: Data/ObjectContainers/PU/loc/mod/drlct/ship/crus/StarRunner/sfce/bsd/int/nose/drlct_starun_sfce_nose_int_bsd_ovgr_b//Brush/designer_9.cgf
      1: objects/spaceships/ships/crus/star_runner/interior/set/floor_grate_a_1m.cgf
      2: objects/spaceships/ships/crus/star_runner/interior/set/door_frame_3m.cgf
      3: Data/ObjectContainers/PU/loc/mod/drlct/ship/crus/StarRunner/sfce/bsd/int/nose/drlct_starun_sfce_nose_int_bsd_ovgr_b//Brush/designer_22.cgf
      4: Data/ObjectContainers/PU/loc/mod/drlct/ship/crus/StarRunner/sfce/bsd/int/nose/drlct_starun_sfce_nose_int_bsd_ovgr_b//Brush/designer_29.cgf
      5: objects/spaceships/ships/crus/star_runner/interior/set/floor_a_025m.cgf
      6: objects/spaceships/ships/crus/star_runner/interior/set/floor_a_05m.cgf
      7: objects/spaceships/ships/crus/star_runner/interior/set/floor_grate_a_2m.cgf
      8: objects/spaceships/ships/crus/star_runner/interior/set/2m_modular_pipe.cgf
      9: objects/buildingsets/human/lowtech/bravo/int/prop/light/light_warm_generic_b.cgf
     10: objects/spaceships/ships/crus/star_runner/interior/engineering/engineering.cgf
     11: objects/spaceships/ships/crus/star_runner/interior/set/decal_cargo.cgf
     12: objects/buildingsets/human/lowtech/bravo/int/prop/light/light_cold_floor_c.cgf
     13: objects/spaceships/ships/crus/star_runner/interior/set/decal_server.cgf
     14: objects/spaceships/ships/crus/star_runner/interior/set/floor_ljunction_a.cgf
     15: objects/spaceships/ships/crus/star_runner/interior/cargo_hold/cargo_hold.cgf
     16: objects/spaceships/ships/crus/star_runner/interior/set/decal_engineering.cgf

[Materials]
      0: materials/bhvr/special/proxy_nodraw
      1: materials/decals/streaks/dirt_leaking_streak_big_dark_a
      2: objects/spaceships/derelicts/crus/star_runner/crus_star_runner_derelicts_ovgr_01

[Palettes]
      0: Libs/Foundry/Records/TintPalettes/default
      1: Libs/Foundry/Records/TintPalettes/Brand/delta/hospital_prop

[Placements]
  #0 Data/ObjectContainers/PU/loc/mod/drlct/ship/crus/StarRunner/sfce/bsd/int/nose/drlct_starun_sfce_nose_int_bsd_ovgr_b//Brush/designer_9.cgf
    [1.00000000000000000, 0.00000000000000000, 0.00000000000000000, -4.97576900000001388]
    [0.00000000000000000, 1.00000000000000000, 0.00000000000000000, 11.85993300000001227]
    [0.00000000000000000, 0.00000000000000000, 1.00000000000000000, 2.37500000000000000]
  #1 objects/spaceships/ships/crus/star_runner/interior/set/floor_grate_a_1m.cgf
    [2.25933004474473664, 0.00000000000000000, 0.00000000000000000, -10.25000000000000000]
    [0.00000000000000000, -0.00000144624398998, -2.25933004474427390, 11.16262699999998631]
    [0.00000000000000000, 2.25933004474427390, -0.00000144624398998, 2.24568700000000021]
  #2 objects/spaceships/ships/crus/star_runner/interior/set/door_frame_3m.cgf
    [-0.00000064012100026, -1.00000042674731060, 0.00000000000000000, -8.25000000000000000]
    [1.00000042674731060, -0.00000064012100026, 0.00000000000000000, 4.75000000000000000]
    [0.00000000000000000, 0.00000000000000000, 1.00000042674751533, -0.00000199999999984]
  #3 Data/ObjectContainers/PU/loc/mod/drlct/ship/crus/StarRunner/sfce/bsd/int/nose/drlct_starun_sfce_nose_int_bsd_ovgr_b//Brush/designer_22.cgf
    [1.00000000000000000, 0.00000000000000000, 0.00000000000000000, -12.10076900000001388]
    [0.00000000000000000, 1.00000000000000000, 0.00000000000000000, 5.85993300000001227]
    [0.00000000000000000, 0.00000000000000000, 1.00000000000000000, 0.00000000000000000]
  #4 Data/ObjectContainers/PU/loc/mod/drlct/ship/crus/StarRunner/sfce/bsd/int/nose/drlct_starun_sfce_nose_int_bsd_ovgr_b//Brush/designer_29.cgf
    [0.69465854986100450, -0.00000000000000000, -0.71933966989494158, -11.23196100000006936]
    [0.00000000000000000, 1.00000003078977806, -0.00000000000000000, 5.84071299999999383]
    [0.71933966989494158, 0.00000000000000000, 0.69465854986100450, -0.10726799999999992]
  #5 objects/spaceships/ships/crus/star_runner/interior/set/floor_a_025m.cgf
    [-1.00000000000000000, 0.00000000000000000, 0.00000000000000000, -10.25000000000000000]
    [0.00000000000000000, -1.00000000000000000, 0.00000000000000000, 9.24999900000000252]
    [0.00000000000000000, 0.00000000000000000, 1.00000000000000000, -0.00000399999999967]
  #6 objects/spaceships/ships/crus/star_runner/interior/set/floor_a_05m.cgf
    [-0.00000064012100026, 1.00000042674731060, 0.00000000000000000, -8.50000000000000000]
    [-1.00000042674731060, -0.00000064012100026, -0.00000000000000000, 4.75000000000000000]
    [-0.00000000000000000, 0.00000000000000000, 1.00000042674751533, -0.00000199999999984]
  #7 objects/spaceships/ships/crus/star_runner/interior/set/floor_grate_a_1m.cgf
    [1.00000000000000000, 0.00000000000000000, 0.00000000000000000, -10.25000000000000000]
    [0.00000000000000000, 1.00000000000000000, 0.00000000000000000, 10.49999900000000252]
    [0.00000000000000000, 0.00000000000000000, 1.00000000000000000, -0.00000499999999981]
  #8 objects/spaceships/ships/crus/star_runner/interior/set/floor_grate_a_2m.cgf
    [1.00000000000000000, 0.00000000000000000, 0.00000000000000000, -10.25000000000000000]
    [0.00000000000000000, 1.00000000000000000, 0.00000000000000000, 3.49999900000000252]
    [0.00000000000000000, 0.00000000000000000, 1.00000000000000000, -0.00000099999999970]
  #9 objects/spaceships/ships/crus/star_runner/interior/set/floor_a_025m.cgf
    [-1.00000000000000000, 0.00000000000000000, 0.00000000000000000, -10.25000000000000000]
    [0.00000000000000000, -1.00000000000000000, 0.00000000000000000, 1.24999900000000252]
    [0.00000000000000000, 0.00000000000000000, 1.00000000000000000, 0.00000000000000000]
  #10 objects/spaceships/ships/crus/star_runner/interior/set/2m_modular_pipe.cgf
    [-1.00000000000000000, 0.00000000000000000, 0.00000000000000000, -13.12500000000000000]
    [0.00000000000000000, -1.00000000000000000, 0.00000000000000000, 8.49999900000000252]
    [0.00000000000000000, 0.00000000000000000, 1.00000000000000000, 0.24999600000000033]
  #11 objects/spaceships/ships/crus/star_runner/interior/set/floor_a_025m.cgf
    [-1.00000000000000000, 0.00000000000000000, 0.00000000000000000, -10.25000000000000000]
    [0.00000000000000000, -1.00000000000000000, 0.00000000000000000, 6.99999900000000252]
    [0.00000000000000000, 0.00000000000000000, 1.00000000000000000, -0.00000299999999998]
  #12 objects/spaceships/ships/crus/star_runner/interior/set/floor_grate_a_1m.cgf
    [1.00000000000000000, 0.00000000000000000, 0.00000000000000000, -10.29066299999999501]
    [0.00000000000000000, 1.00000000000000000, 0.00000000000000000, 7.74918800000000374]
    [0.00000000000000000, 0.00000000000000000, 1.00000000000000000, -0.20571499999999965]
  #13 objects/spaceships/ships/crus/star_runner/interior/set/2m_modular_pipe.cgf
    [-1.00000000000000000, 0.00000000000000000, 0.00000000000000000, -13.12500000000000000]
    [0.00000000000000000, -1.00000000000000000, 0.00000000000000000, 6.49999900000000252]
    [0.00000000000000000, 0.00000000000000000, 1.00000000000000000, 0.24999700000000002]
  #14 objects/spaceships/ships/crus/star_runner/interior/set/2m_modular_pipe.cgf
    [-1.00000000000000000, 0.00000000000000000, 0.00000000000000000, -13.12500000000000000]
    [0.00000000000000000, -1.00000000000000000, 0.00000000000000000, 2.49999900000000252]
    [0.00000000000000000, 0.00000000000000000, 1.00000000000000000, 0.24999900000000030]
  #15 objects/spaceships/ships/crus/star_runner/interior/set/floor_grate_a_1m.cgf
    [1.00000000000000000, 0.00000000000000000, 0.00000000000000000, -10.25000000000000000]
    [0.00000000000000000, 1.00000000000000000, 0.00000000000000000, 10.24133299999999736]
    [0.00000000000000000, 0.00000000000000000, 1.00000000000000000, -0.18616900000000003]
  #16 objects/buildingsets/human/lowtech/bravo/int/prop/light/light_warm_generic_b.cgf
    [0.32374598834913282, -0.69426997073362640, -0.64278822624484611, -10.94865100000004077]
    [0.27165437349951083, -0.58256382067468537, 0.76604324762582732, 2.12648899999999230]
    [-0.90630645888686800, -0.42261988075818885, -0.00000122596224321, 0.03315800000000024]
  #17 objects/spaceships/ships/crus/star_runner/interior/engineering/engineering.cgf
    [1.00000000000000000, 0.00000000000000000, 0.00000000000000000, -8.24999500000001262]
    [0.00000000000000000, 1.00000000000000000, 0.00000000000000000, 4.50000000000000000]
    [0.00000000000000000, 0.00000000000000000, 1.00000000000000000, -0.00000199999999984]
  #18 objects/spaceships/ships/crus/star_runner/interior/set/floor_grate_a_1m.cgf
    [1.00000000000000000, 0.00000000000000000, 0.00000000000000000, -10.25000000000000000]
    [0.00000000000000000, 1.00000000000000000, 0.00000000000000000, 6.99999900000000252]
    [0.00000000000000000, 0.00000000000000000, 1.00000000000000000, -0.00000299999999998]
  #19 objects/spaceships/ships/crus/star_runner/interior/set/decal_cargo.cgf
    [-0.00000160030372159, 2.50000297421772322, 0.00000000000000000, -9.14914599999997336]
    [-2.50000297421772322, -0.00000160030372159, -0.00000000000000000, 4.75000000000000000]
    [-0.00000000000000000, 0.00000000000000000, 2.50000297421823525, -0.00000199999999984]
  #20 objects/spaceships/ships/crus/star_runner/interior/set/floor_grate_a_2m.cgf
    [1.00000000000000000, 0.00000000000000000, 0.00000000000000000, -10.25000000000000000]
    [0.00000000000000000, 1.00000000000000000, 0.00000000000000000, 9.24999900000000252]
    [0.00000000000000000, 0.00000000000000000, 1.00000000000000000, -0.00000399999999967]
  #21 objects/spaceships/ships/crus/star_runner/interior/set/floor_grate_a_1m.cgf
    [1.00000000000000000, 0.00000000000000000, 0.00000000000000000, -4.95145000000002256]
    [0.00000000000000000, 1.00000000000000000, 0.00000000000000000, 9.03656899999998586]
    [0.00000000000000000, 0.00000000000000000, 1.00000000000000000, -0.18759399999999982]
  #22 objects/buildingsets/human/lowtech/bravo/int/prop/light/light_warm_generic_b.cgf
    [0.32374598834913282, -0.69426997073362640, -0.64278822624484611, -5.85994800000003124]
    [0.27165437349951083, -0.58256382067468537, 0.76604324762582732, 10.83253400000000966]
    [-0.90630645888686800, -0.42261988075818885, -0.00000122596224321, 0.03315800000000024]
  #23 objects/buildingsets/human/lowtech/bravo/int/prop/light/light_cold_floor_c.cgf
    [-0.93969510546829815, -0.34202236521027973, 0.00000000000000000, 2.94366100000002007]
    [0.34202236521027973, -0.93969510546829815, 0.00000000000000000, 9.45864499999998998]
    [0.00000000000000000, 0.00000000000000000, 1.00000309476776605, -0.00735500000000000]
  #24 objects/spaceships/ships/crus/star_runner/interior/set/decal_server.cgf
    [2.50000000000000000, 0.00000000000000000, 0.00000000000000000, -5.00000000000000000]
    [0.00000000000000000, 2.50000000000000000, 0.00000000000000000, 5.69103300000000445]
    [0.00000000000000000, 0.00000000000000000, 2.50000000000000000, -0.00000299999999998]
  #25 objects/spaceships/ships/crus/star_runner/interior/set/floor_a_05m.cgf
    [1.00000000000000000, 0.00000000000000000, 0.00000000000000000, -5.00000000000000000]
    [0.00000000000000000, 1.00000000000000000, 0.00000000000000000, 9.00000000000000000]
    [0.00000000000000000, 0.00000000000000000, 1.00000000000000000, -0.00000399999999967]
  #26 objects/spaceships/ships/crus/star_runner/interior/set/floor_grate_a_2m.cgf
    [1.00000000000000000, 0.00000000000000000, 0.00000000000000000, -5.00000000000000000]
    [0.00000000000000000, 1.00000000000000000, 0.00000000000000000, 8.50000000000000000]
    [0.00000000000000000, 0.00000000000000000, 1.00000000000000000, -0.00000399999999967]
  #27 objects/spaceships/ships/crus/star_runner/interior/set/floor_ljunction_a.cgf
    [-1.00000000000000000, 0.00000000000000000, 0.00000000000000000, -5.00000000000000000]
    [0.00000000000000000, -1.00000000000000000, 0.00000000000000000, 6.00000000000000000]
    [0.00000000000000000, 0.00000000000000000, 1.00000000000000000, -0.00000299999999998]
  #28 objects/spaceships/ships/crus/star_runner/interior/set/2m_modular_pipe.cgf
    [1.18395602703094482, 0.00000000000000000, 0.00000000000000000, 6.54216799999994691]
    [0.00000000000000000, 1.18395602703094482, 0.00000000000000000, 7.64122099999997317]
    [0.00000000000000000, 0.00000000000000000, 1.18395602703094482, 1.40485000000000060]
  #29 objects/spaceships/ships/crus/star_runner/interior/cargo_hold/cargo_hold.cgf
    [1.00000000000000000, 0.00000000000000000, 0.00000000000000000, 0.00000000000000000]
    [0.00000000000000000, 1.00000000000000000, 0.00000000000000000, 0.00000000000000000]
    [0.00000000000000000, 0.00000000000000000, 1.00000000000000000, 0.00000000000000000]
  #30 objects/spaceships/ships/crus/star_runner/interior/set/2m_modular_pipe.cgf
    [1.14913594722747803, 0.00000000000000000, 0.00000000000000000, 6.55805399999997007]
    [0.00000000000000000, 1.14913594722747803, 0.00000000000000000, 10.06507499999997890]
    [0.00000000000000000, 0.00000000000000000, 1.14913594722747803, 1.44081900000000029]
  #31 objects/spaceships/ships/crus/star_runner/interior/set/decal_engineering.cgf
    [-0.00000160030372159, -2.50000297421772322, 0.00000000000000000, -6.87500000000000000]
    [2.50000297421772322, -0.00000160030372159, 0.00000000000000000, 4.75000000000000000]
    [0.00000000000000000, 0.00000000000000000, 2.50000297421823525, -0.00000199999999984]
  #32 objects/spaceships/ships/crus/star_runner/interior/set/floor_a_025m.cgf
    [-0.00000064012100026, -1.00000042674731060, 0.00000000000000000, -6.75000000000000000]
    [1.00000042674731060, -0.00000064012100026, 0.00000000000000000, 4.75000000000000000]
    [0.00000000000000000, 0.00000000000000000, 1.00000042674751533, -0.00000199999999984]
  #33 objects/spaceships/ships/crus/star_runner/interior/set/floor_grate_a_1m.cgf
    [-0.00000102158898139, -0.00000000000000000, -1.59593173422090584, -7.98034000000006927]
    [0.00000000000000000, 1.59593173422123269, -0.00000000000000000, 8.74056600000000117]
    [1.59593173422090584, 0.00000000000000000, -0.00000102158898139, 1.87571300000000019]
  #34 objects/spaceships/ships/crus/star_runner/interior/set/floor_a_025m.cgf
    [1.00000000000000000, 0.00000000000000000, 0.00000000000000000, -5.00000000000000000]
    [0.00000000000000000, 1.00000000000000000, 0.00000000000000000, 6.50000000000000000]
    [0.00000000000000000, 0.00000000000000000, 1.00000000000000000, -0.00000299999999998]
  #35 objects/spaceships/ships/crus/star_runner/interior/set/floor_a_025m.cgf
    [-0.00000064012100026, -1.00000042674731060, 0.00000000000000000, -6.50000000000000000]
    [1.00000042674731060, -0.00000064012100026, 0.00000000000000000, 4.75000000000000000]
    [0.00000000000000000, 0.00000000000000000, 1.00000042674751533, -0.00000199999999984]
  #36 objects/spaceships/ships/crus/star_runner/interior/set/floor_grate_a_1m.cgf
    [1.00000000000000000, 0.00000000000000000, 0.00000000000000000, 1.68107199999997192]
    [0.00000000000000000, 1.00000000000000000, 0.00000000000000000, 1.43832199999997101]
    [0.00000000000000000, 0.00000000000000000, 1.00000000000000000, -0.02278399999999969]
