# IncludedObjects
# Cgfs: 12, Materials: 6, Palettes: 1, Placements: 58

[CGFs]
      0: data/objects/planets/geology/scree/angular_01/angular_01_plt_e.cgf
      1: objects/buildingsets/human/lowtech/bravo/int/tunnel/angle/tunnel_angle_01x08x08_a.cgf
      2: data/objects/planets/geology/scree/angular_01/angular_01_pil_a.cgf
      3: data/objects/planets/geology/scree/angular_01/angular_01_plt_d.cgf
      4: data/objects/planets/geology/scree/angular_01/angular_01_bld_g.cgf
      5: objects/buildingsets/human/lowtech/bravo/int/tunnel/straight/tunnel_straight_stair_08x08x10_a.cgf
      6: Data/ObjectContainers/PU/loc/mod/station/nyx/int/module/corridor_tunnel/corr_tun_stair/corr_tun_stair_08x20x08_001_base//Brush/designer_1900.cgf
      7: Data/ObjectContainers/PU/loc/mod/station/nyx/int/module/corridor_tunnel/corr_tun_stair/corr_tun_stair_08x20x08_001_base//Brush/designer_1904.cgf
      8: data/objects/planets/geology/scree/sandstone_01/sandstone_01_bld_c.cgf
      9: Data/ObjectContainers/PU/loc/mod/station/nyx/int/module/corridor_tunnel/corr_tun_stair/corr_tun_stair_08x20x08_001_base//Brush/designer_1902.cgf
     10: data/objects/planets/geology/scree/angular_01/angular_01_plt_f.cgf
     11: Data/ObjectContainers/PU/loc/mod/station/nyx/int/module/corridor_tunnel/corr_tun_stair/corr_tun_stair_08x20x08_001_base//Brush/designer_1907.cgf

[Materials]
      0: objects/planets/geology/scree/angular_01/plt_e/angular_01_plt_e_nba
      1: objects/planets/geology/scree/angular_01/pil_a/angular_01_pil_a_nba
      2: objects/planets/geology/scree/angular_01/plt_d/angular_01_plt_d_nba
      3: objects/planets/geology/scree/angular_01/bld_g/angular_01_bld_g_nba
      4: materials/bhvr/special/proxy_nodraw
      5: objects/planets/geology/scree/angular_01/plt_f/angular_01_plt_f_nba

[Palettes]
      0: Libs/Foundry/Records/TintPalettes/default

[Placements]
  #0 data/objects/planets/geology/scree/angular_01/angular_01_plt_e.cgf
    [1.2334020308495901, 0.22759454757694447, 0.15684687826586041, 1.387346]
    [-0.23504892829102145, 1.2410369414253803, 0.047540533644170269, 1.618695]
    [-0.14543803703894631, -0.075556753127541162, 1.2533234799729378, 5.3435719999999947]
  #1 objects/buildingsets/human/lowtech/bravo/int/tunnel/angle/tunnel_angle_01x08x08_a.cgf
    [-6.4012100026111661E-07, -1.0000004267473106, 0, 4.0351929999999996]
    [1.0000004267473106, -6.4012100026111661E-07, 0, 0.78304700000000005]
    [0, 0, 1.0000004267475153, -1.9656320000000278]
  #2 data/objects/planets/geology/scree/angular_01/angular_01_pil_a.cgf
    [-0.51507303038725649, 0.25407136178240586, 0.17363237398512768, -2.6354950000000001]
    [-0.30744637945632913, -0.43949940642174407, -0.26891946809429496, 13.133006]
    [0.013310970395590297, -0.31982604597336584, 0.50747886969819656, 2.1774279999999635]
  #3 data/objects/planets/geology/scree/angular_01/angular_01_plt_d.cgf
    [-0.44377268593355079, 0.14584188196607617, -0.52134052894882577, -1.1254710000000001]
    [0.32519550005342074, 0.61075458259700099, -0.10595624107382803, 12.848738000000001]
    [0.43279751432402425, -0.30936868578135485, -0.45494760829527353, 7.4347660000000815]
  #4 data/objects/planets/geology/scree/angular_01/angular_01_bld_g.cgf
    [0.31107371569464859, -0.12519277036747639, -0.94994146268886637, -0.67962800000000001]
    [0.090690627544981792, 0.99811422808503014, -0.10184334368795742, 11.882254]
    [0.95385387893704343, -0.05407057264133934, 0.31948085966895623, 6.6859850000000733]
  #5 data/objects/planets/geology/scree/angular_01/angular_01_plt_e.cgf
    [1.1319140499758973, 0.22759358914812958, -0.51444371271111566, -1.8877159999999999]
    [-0.17503307381118324, 1.2410370391306265, 0.16392401434890402, 2.1014249999999999]
    [0.53461630955436945, -0.075556717680979338, 1.1428723357724195, 5.3773639999999432]
  #6 data/objects/planets/geology/scree/angular_01/angular_01_plt_d.cgf
    [-0.2165738331987267, -0.21492398637965179, -0.83250331182707427, 1.274249]
    [0.56041681833846613, 0.61579789116420414, -0.30476918530564634, 13.216512]
    [0.65206370382636558, -0.60063212257350662, -0.014570135066063274, 8.5343450000000303]
  #7 data/objects/planets/geology/scree/angular_01/angular_01_plt_d.cgf
    [-0.65752087728881459, -0.18245355062499219, 0.15612782866917618, -1.4527369999999999]
    [-0.20988302447257662, 0.65777916956592386, -0.11521536883019581, 19.512588999999998]
    [-0.11668038849293398, -0.15503601852720447, -0.67256852512709875, 9.5670159999999669]
  #8 objects/buildingsets/human/lowtech/bravo/int/tunnel/straight/tunnel_straight_stair_08x08x10_a.cgf
    [-0.20423088176963544, -0.97892283747420983, 0, 5.1449340000000001]
    [0.97892283747420983, -0.20423088176963544, 0, 9.4689490000000003]
    [0, 0, 1.0000000873984765, 0.034366000000090935]
  #9 data/objects/planets/geology/scree/angular_01/angular_01_plt_d.cgf
    [-0.21657293211306289, -0.21492359553130114, -0.83250387720917129, 1.274249]
    [0.81033976778749761, 0.23595553121581297, -0.27172254311930483, 11.109479]
    [0.2874096696816405, -0.82721915341765129, 0.13879065674939761, 7.9056700000001001]
  #10 data/objects/planets/geology/scree/angular_01/angular_01_plt_d.cgf
    [0.29416472368472291, -0.051736874503287233, -0.76093161864335945, -0.75165099999999996]
    [-0.68386883694513467, -0.37896796587191312, -0.23860681422225649, 10.849263000000001]
    [-0.33766410275580194, 0.72244937106666285, -0.17965627473201057, 1.4972000000000207]
  #11 data/objects/planets/geology/scree/angular_01/angular_01_plt_d.cgf
    [-0.66548566774816531, -0.21605415922918603, -0.02119546996871588, 0.63517599999999996]
    [-0.20988288972686828, 0.6577799508669453, -0.11521514866988833, 19.512588999999998]
    [0.055478106198071094, -0.10317925257964779, -0.69012755575721463, 9.6168259999999464]
  #12 data/objects/planets/geology/scree/angular_01/angular_01_plt_e.cgf
    [1.1319140499758973, 0.22759358914812958, -0.51444371271111566, 0.235096]
    [-0.17503307381118324, 1.2410370391306265, 0.16392401434890402, 1.9674]
    [0.53461630955436945, -0.075556717680979338, 1.1428723357724195, 6.0233220000000074]
  #13 data/objects/planets/geology/scree/angular_01/angular_01_plt_d.cgf
    [-0.2165738331987267, -0.21492398637965179, -0.83250331182707427, -0.38643]
    [0.56041681833846613, 0.61579789116420414, -0.30476918530564634, 13.432069]
    [0.65206370382636558, -0.60063212257350662, -0.014570135066063274, 8.4291029999999409]
  #14 data/objects/planets/geology/scree/angular_01/angular_01_plt_d.cgf
    [0.39556224548925972, -0.64594364537220539, 0.46091872483702662, 2.1935790000000002]
    [0.72000669140792994, 0.50866085148827012, 0.094938171720670123, 13.216512]
    [-0.33358601324085824, 0.33193327510980886, 0.75146485387114104, 8.5782999999998992]
  #15 objects/buildingsets/human/lowtech/bravo/int/tunnel/angle/tunnel_angle_01x08x08_a.cgf
    [-0.012031946219084416, 0.99992761173475375, 0, -3.7104750000000002]
    [-0.99992761173475375, -0.012031946219084416, -0, 19.271280000000001]
    [-0, 0, 0.99999999821969376, 2.0343680000000859]
  #16 data/objects/planets/geology/scree/angular_01/angular_01_pil_a.cgf
    [-0.51507303038725649, 0.25407136178240586, 0.17363237398512768, -2.6354950000000001]
    [-0.30744637945632913, -0.43949940642174407, -0.26891946809429496, 16.506444999999999]
    [0.013310970395590297, -0.31982604597336584, 0.50747886969819656, 2.537070999999969]
  #17 objects/buildingsets/human/lowtech/bravo/int/tunnel/straight/tunnel_straight_stair_08x08x10_a.cgf
    [0.25882002723089614, -0.96592581878434502, 0, 4.0351929999999996]
    [0.96592581878434502, 0.25882002723089614, 0, 2.0187469999999998]
    [0, 0, 1.0000002469449742, -1.9656320000000278]
  #18 data/objects/planets/geology/scree/angular_01/angular_01_plt_d.cgf
    [0.17719362742601205, 0.71410694462964119, -0.49478479409732701, -1.5875140000000001]
    [-0.410907757297587, -0.37602912803894906, -0.6898660828722768, 12.257949]
    [-0.7654511975501006, 0.36716708585682101, 0.25579503058333819, 2.471618000000035]
  #19 objects/buildingsets/human/lowtech/bravo/int/tunnel/angle/tunnel_angle_01x08x08_a.cgf
    [-6.4012100026111661E-07, -1.0000004267473106, 0, 3.9916659999999999]
    [1.0000004267473106, -6.4012100026111661E-07, 0, 16.505987999999999]
    [0, 0, 1.0000004267475153, 2.0343680000000859]
  #20 data/objects/planets/geology/scree/angular_01/angular_01_plt_e.cgf
    [-0.061796553412009368, 0.5364481559291675, -1.1428412434338235, -3.202995]
    [-0.22230915309996216, 1.1217066218950302, 0.53854845701347365, 4.2058369999999998]
    [1.242755556069314, 0.22733054371071929, 0.039509460409053065, 0.13523099999997612]
  #21 data/objects/planets/geology/scree/angular_01/angular_01_bld_g.cgf
    [0.63337007099444287, -0.13626119576813595, -0.77143003688674883, -1.235722]
    [0.090690576696805761, 0.99811451910699045, -0.10184148546137997, 11.912091]
    [0.77810451391934099, -0.0054180614999658041, 0.63980705852834041, 5.259469000000081]
  #22 Data/ObjectContainers/PU/loc/mod/station/nyx/int/module/corridor_tunnel/corr_tun_stair/corr_tun_stair_08x20x08_001_base//Brush/designer_1900.cgf
    [-0.23005844102949771, -0.97317663802672083, 0, -0.243315]
    [0.97317663802672083, -0.23005844102949771, 0, 12.319379]
    [0, 0, 0.99999982754494232, 3.3074950000000172]
  #23 data/objects/planets/geology/scree/angular_01/angular_01_plt_d.cgf
    [-0.4034507940242853, -0.51677322546276983, -0.59693458314780001, -3.3426680000000002]
    [-0.24221207008734008, -0.55702167503043409, 0.64592427804050967, 12.269771]
    [-0.75147772835729332, 0.45697953269588959, 0.11228952218202365, 4.9063289999999142]
  #24 data/objects/planets/geology/scree/angular_01/angular_01_plt_d.cgf
    [0.1225659012285519, 0.39435066690807108, -0.78461784308036642, -2.2033809999999998]
    [-0.45433137581416122, -0.64947451696243264, -0.39739886899954896, 11.99896]
    [-0.75147894788991831, 0.45697966217378733, 0.11228974820831561, 3.1099890000000414]
  #25 data/objects/planets/geology/scree/angular_01/angular_01_plt_d.cgf
    [-0.1709813986464252, -0.16967887233236725, -0.65724736239655401, -1.8689929999999999]
    [0.44243965214655484, 0.48616207766042291, -0.24061014573295805, 13.432069]
    [0.51479332678429945, -0.47418895843873887, -0.011502876572244445, 7.9548890000000938]
  #26 Data/ObjectContainers/PU/loc/mod/station/nyx/int/module/corridor_tunnel/corr_tun_stair/corr_tun_stair_08x20x08_001_base//Brush/designer_1904.cgf
    [-6.4012100026111661E-07, -1.0000004267473106, 0, -1.2356320000000001]
    [1.0000004267473106, -6.4012100026111661E-07, 0, 15.804650000000001]
    [0, 0, 1.0000004267475153, 3.3074950000000172]
  #27 data/objects/planets/geology/scree/angular_01/angular_01_plt_d.cgf
    [-0.27417870806208938, -0.61697949937268148, -0.76895451865390774, -2.7309939999999999]
    [-0.32339446905706787, -0.69769036581617749, 0.67510953865991985, 11.647772]
    [-0.93132742458693063, 0.42390231086908203, -0.0080484415355611579, 4.9769069999999829]
  #28 data/objects/planets/geology/scree/angular_01/angular_01_plt_e.cgf
    [1.0109311084073955, 0.53644810857684488, -0.53658374444803658, -3.0621749999999999]
    [-0.5821020741436711, 1.1217066273268597, 0.024734822335986176, 2.2625850000000001]
    [0.48667839820479614, 0.22732809540987756, 1.1441793861565093, 4.4207910000000084]
  #29 data/objects/planets/geology/scree/angular_01/angular_01_plt_d.cgf
    [-0.4034507940242853, -0.51677322546276983, -0.59693458314780001, -2.9403229999999998]
    [-0.24221207008734008, -0.55702167503043409, 0.64592427804050967, 11.660527999999999]
    [-0.75147772835729332, 0.45697953269588959, 0.11228952218202365, 3.8625119999999242]
  #30 data/objects/planets/geology/scree/angular_01/angular_01_plt_e.cgf
    [-0.061796553412009368, 0.5364481559291675, -1.1428412434338235, -3.476111]
    [-0.22230915309996216, 1.1217066218950302, 0.53854845701347365, 4.1149050000000003]
    [1.242755556069314, 0.22733054371071929, 0.039509460409053065, 1.8726149999999961]
  #31 data/objects/planets/geology/scree/angular_01/angular_01_plt_e.cgf
    [0.041564365702555624, 0.10689122459424169, -1.2587800093844788, -3.5596580000000002]
    [0.40929229923987198, 1.1903896261598748, 0.11459840370351464, 2.5076100000000001]
    [1.1951705567425028, -0.41137239388806585, 0.0045316950602049067, -0.21129199999995762]
  #32 data/objects/planets/geology/scree/sandstone_01/sandstone_01_bld_c.cgf
    [1.4084329076160473, -0.077237042638414549, 0.78601299425765181, -3.2432020000000001]
    [0.78740400774711305, 0.26236517532611514, -1.3851442836445169, 3.6729919999999998]
    [-0.061456622761032448, 1.5914346349045472, 0.26650352623978457, 0.32313300000009804]
  #33 data/objects/planets/geology/scree/angular_01/angular_01_plt_d.cgf
    [-0.28873298322377589, 0.39119840859522648, -0.74145562906528772, -2.406657]
    [-0.24291166563261421, 0.71151749040068868, 0.46999591904061844, 12.649084999999999]
    [0.80236311446852304, 0.35618260250580563, -0.12452616822942662, 4.4322830000000977]
  #34 data/objects/planets/geology/scree/angular_01/angular_01_plt_d.cgf
    [-0.37804836528505242, -0.46029423515386442, -0.65678558338401838, -2.6658460000000002]
    [0.35193375355098366, 0.55724626051747983, -0.59310866643682369, 13.268249000000001]
    [0.72068073275791267, -0.51358005624738867, -0.054894983451260558, 7.1560280000001057]
  #35 data/objects/planets/geology/scree/angular_01/angular_01_plt_d.cgf
    [-0.3469353358202546, -0.18315999146029494, -0.7951398088449646, -3.6690119999999999]
    [0.63976923739789282, 0.47522178418346467, -0.38861112186768176, 13.903358000000001]
    [0.50644863605410251, -0.72579315144757628, -0.053787597763703884, 5.8885040000000117]
  #36 data/objects/planets/geology/scree/angular_01/angular_01_plt_e.cgf
    [-0.12506431424364681, 0.22759490943401353, -1.2370282562340817, 3.9625219999999999]
    [0.099271677476763548, 1.2410364432855625, 0.21829592920417557, 1.417502]
    [1.2538674106829475, -0.075554853291421128, -0.14066773898231261, 0.69524999999998727]
  #37 data/objects/planets/geology/scree/angular_01/angular_01_plt_d.cgf
    [0.083465202203816299, -0.093986371062899574, -0.68862172167816893, 4.1895810000000004]
    [-0.209883417528306, 0.65777957223585526, -0.11521605308010108, 19.424416000000001]
    [0.66255736699490209, 0.22020978610212771, 0.05025076155781439, 4.3835899999999128]
  #38 data/objects/planets/geology/scree/angular_01/angular_01_plt_d.cgf
    [0.088071866531115608, -0.35115920020144958, -0.64405475720282579, 5.4565489999999999]
    [0.58081230786813676, 0.42961107275359484, -0.15481394327508574, 11.590244999999999]
    [0.44808077083334125, -0.48784988481844604, 0.32726454211847483, 2.5945859999999357]
  #39 Data/ObjectContainers/PU/loc/mod/station/nyx/int/module/corridor_tunnel/corr_tun_stair/corr_tun_stair_08x20x08_001_base//Brush/designer_1902.cgf
    [-0.26274326686341037, -0.96486607414868564, 0, 5.6147660000000004]
    [0.96486607414868564, -0.26274326686341037, 0, 12.934944]
    [0, 0, 1.0000002826625374, 3.3074950000000172]
  #40 data/objects/planets/geology/scree/angular_01/angular_01_plt_e.cgf
    [-0.38546376322230608, 0.22759433061629453, -1.1820749540840918, 3.7263570000000001]
    [0.14345591890245762, 1.2410378040521954, 0.19216726413269439, 1.1730290000000001]
    [1.1952074195441722, -0.075555798875493713, -0.40429350066744391, 3.2248990000000504]
  #41 data/objects/planets/geology/scree/angular_01/angular_01_bld_g.cgf
    [-0.1690405210310531, -0.72869089511280805, -0.67473275121863796, 5.0171539999999997]
    [0.65167877990930034, 0.43507366246827461, -0.63313117122772866, 10.94496]
    [0.7493793925664779, -0.54272450796326166, 0.39838428481876664, 3.7626319999999396]
  #42 data/objects/planets/geology/scree/angular_01/angular_01_plt_e.cgf
    [-0.40928476689507637, -0.16797693827553575, -1.4680853364136539, 4.0122070000000001]
    [1.0786506043249668, 1.0072212932922036, -0.41596029537172868, 12.942576000000001]
    [1.0099523159905115, -1.1438067326886694, -0.15068943187577674, 4.1435670000000755]
  #43 data/objects/planets/geology/scree/angular_01/angular_01_plt_d.cgf
    [-0.49339625969871809, -0.2341306663880402, -0.43788415526573699, 2.9745650000000001]
    [-0.20988232662903938, 0.65777978938480375, -0.11521601063413456, 19.512588999999998]
    [0.4500101236026553, 0.050081445609686609, -0.53383734313135833, 8.8100950000000466]
  #44 data/objects/planets/geology/scree/angular_01/angular_01_plt_d.cgf
    [-0.3484476653483668, -0.16113761445021701, -0.58533690092711532, 4.5821249999999996]
    [0.26195181610627566, 0.56893530341855236, -0.31256081076657294, 12.021554]
    [0.5476913952366701, -0.37463006232512452, -0.22290546393118488, 2.8848559999998997]
  #45 data/objects/planets/geology/scree/angular_01/angular_01_plt_d.cgf
    [-0.17098219986239407, -0.16967875598801566, -0.65724784402678038, 4.1708239999999996]
    [-0.2098821740250677, 0.6577806119671028, -0.11521571476135606, 19.424416000000001]
    [0.64553472543156254, 0.16892101014325722, -0.2115446335302649, 6.8397820000000138]
  #46 data/objects/planets/geology/scree/angular_01/angular_01_plt_e.cgf
    [-0.71526426124953479, 0.22759425442309916, -1.0169944100920068, 2.8947340000000001]
    [0.034353563794243744, 1.2379618319824159, 0.25288351752341132, 1.3475649999999999]
    [1.0415837016099234, 0.1154603660741307, -0.70671920494085583, 4.3962930000000142]
  #47 data/objects/planets/geology/scree/angular_01/angular_01_plt_e.cgf
    [0.047409251965211292, -1.6105888271159441, 0.028110972412956379, 2.3600029999999999]
    [1.5816829047146144, 0.041218113995388765, -0.30596485089764458, 15.680052999999999]
    [0.30506685453233667, 0.036591406375896855, 1.5819701379033027, 3.0855400000000373]
  #48 data/objects/planets/geology/scree/angular_01/angular_01_plt_f.cgf
    [-0.49863051196734276, 0.076742229679619481, -0.49753936443759561, 2.9158439999999999]
    [-0.016724831489724395, 0.69737384121323298, 0.1243269160283533, 17.509218000000001]
    [0.50314517685535498, 0.099234732938026399, -0.48894230255920029, 8.4440770000001066]
  #49 data/objects/planets/geology/scree/angular_01/angular_01_plt_d.cgf
    [0.46454032409997925, 0.057048854792957501, -0.52052617807769241, 3.03803]
    [-0.20988222604640866, 0.65777991201568586, -0.11521642743425115, 19.424416000000001]
    [0.4797411021448566, 0.23253129279243231, 0.45362700470473499, 2.7364350000000286]
  #50 data/objects/planets/geology/scree/angular_01/angular_01_plt_f.cgf
    [0.43285801152404896, 0.24799510114267012, -1.332818026493767, 4.6069019999999998]
    [-0.033590916286158685, 1.4006393125750203, 0.24970519916591258, 18.060030999999999]
    [1.3552775037904816, -0.044491189652206414, 0.43187375683274482, 5.2241770000000542]
  #51 Data/ObjectContainers/PU/loc/mod/station/nyx/int/module/corridor_tunnel/corr_tun_stair/corr_tun_stair_08x20x08_001_base//Brush/designer_1907.cgf
    [-6.4012100026111661E-07, -1.0000004267473106, 0, 4.4110339999999999]
    [1.0000004267473106, -6.4012100026111661E-07, 0, 15.804650000000001]
    [0, 0, 1.0000004267475153, 3.3074950000000172]
  #52 data/objects/planets/geology/scree/angular_01/angular_01_plt_d.cgf
    [0.051150909031396241, -0.16113726813160878, -0.67927749145939753, 4.3468030000000004]
    [-0.2232620695288299, 0.64155462287002796, -0.16900076704804684, 12.290288]
    [0.66146593101534257, 0.22900216543126031, -0.0045139132499368287, 5.1092389999998886]
  #53 data/objects/planets/geology/scree/angular_01/angular_01_plt_d.cgf
    [0.051150909031396241, -0.16113726813160878, -0.67927749145939753, 3.994364]
    [-0.2232620695288299, 0.64155462287002796, -0.16900076704804684, 12.599550000000001]
    [0.66146593101534257, 0.22900216543126031, -0.0045139132499368287, 6.8498429999999644]
  #54 data/objects/planets/geology/scree/angular_01/angular_01_plt_f.cgf
    [-0.14721391235657291, 0.24501046297856835, -1.3941187467804723, 4.2514469999999998]
    [-0.033590303786132751, 1.400638808196828, 0.24970335109802105, 17.877537]
    [1.4150861806212662, 0.058736233187478309, -0.13910535363787976, 7.4909589999999753]
  #55 data/objects/planets/geology/scree/angular_01/angular_01_plt_d.cgf
    [-0.62084998914129053, -0.26171523584802409, 0.18987219905612188, 4.4891269999999999]
    [0.2399720976759587, -0.64845974429906106, -0.10915300282965908, 12.614138000000001]
    [0.21670188966964399, -0.031719410693525865, 0.66485727465749833, 3.4496979999998985]
  #56 data/objects/planets/geology/scree/angular_01/angular_01_bld_g.cgf
    [-0.20075109372377081, 0.2145873509746738, -0.96357654247445534, 3.8574899999999999]
    [-0.6684891757080661, 0.69398759882874606, 0.29382294102010803, 13.95758]
    [0.72639500711837512, 0.69796989011720822, 0.0041002633954639227, 3.590052999999898]
  #57 data/objects/planets/geology/scree/angular_01/angular_01_plt_e.cgf
    [0.047409251965211292, -1.6105888271159441, 0.028110972412956379, 2.192529]
    [1.5816829047146144, 0.041218113995388765, -0.30596485089764458, 16.864705000000001]
    [0.30506685453233667, 0.036591406375896855, 1.5819701379033027, 3.1304959999999937]
