# IncludedObjects
# Cgfs: 52, Materials: 4, Palettes: 1, Placements: 107

[CGFs]
      0: objects/spaceships/derelicts/drak/caterpillar/drak_caterpillar_der_bulk_door_single_flip.cgf
      1: objects/spaceships/derelicts/drak/caterpillar/drak_caterpillar_der_bulk_door_double.cgf
      2: objects/spaceships/derelicts/drak/caterpillar/drak_caterpillar_der_bulk_door_single.cgf
      3: objects/spaceships/ships/drak/caterpillar/interiors/command_module/drak_caterpillar_interior_command_module_innerdoorframe.cgf
      4: Data/ObjectContainers/PU/derelict/DRAK/caterpillar/surface/component/ctplr_sfce_rear_sml_vb_int//Brush/designer_136.cgf
      5: Data/ObjectContainers/PU/derelict/DRAK/caterpillar/surface/component/ctplr_sfce_rear_sml_vb_int//Brush/designer_137.cgf
      6: objects/spaceships/ships/drak/caterpillar/interiors/center_hallway/drak_caterpillar_interior_center_hallway_cmd_mod_threshold.cgf
      7: objects/spaceships/derelicts/drak/caterpillar/drak_caterpillar_door_single_grey.cgf
      8: Data/ObjectContainers/PU/derelict/DRAK/caterpillar/surface/component/ctplr_sfce_rear_sml_vb_int//Brush/designer_135.cgf
      9: objects/spaceships/derelicts/wreckage/debris_glass_b.cgf
     10: objects/spaceships/derelicts/drak/caterpillar/drak_caterpillar_der_interior_command_module_cockpit.cgf
     11: objects/spaceships/derelicts/wreckage/debris_glass_c.cgf
     12: objects/spaceships/seats/drak/caterpillar/drak_caterpillar_support_seat.cga
     13: objects/spaceships/derelicts/drak/caterpillar/drak_caterpillar_der_interior_command_module_bottom.cgf
     14: objects/spaceships/derelicts/drak/caterpillar/drak_caterpillar_der_interior_command_module_bottom_front.cgf
     15: objects/spaceships/derelicts/drak/caterpillar/drak_caterpillar_door_double_grey_left.cgf
     16: objects/spaceships/derelicts/drak/caterpillar/drak_caterpillar_door_double_grey_right.cgf
     17: objects/spaceships/derelicts/wreckage/debris_small_a.cgf
     18: objects/spaceships/derelicts/wreckage/debris_large_b.cgf
     19: Data/ObjectContainers/PU/derelict/DRAK/caterpillar/surface/component/ctplr_sfce_rear_sml_vb_int//Brush/designer_132.cgf
     20: Data/ObjectContainers/PU/derelict/DRAK/caterpillar/surface/component/ctplr_sfce_rear_sml_vb_int//Brush/designer_133.cgf
     21: Data/ObjectContainers/PU/derelict/DRAK/caterpillar/surface/component/ctplr_sfce_rear_sml_vb_int//Brush/designer_134.cgf
     22: objects/buildingsets/human/shop/alpha/shippart/dumpersdepot/prop/pallet_dumper_1_025x0125x0125_a.cgf
     23: objects/buildingsets/human/shop/alpha/shippart/dumpersdepot/prop/prop_crate_dumper_tarp_e.cgf
     24: objects/spaceships/derelicts/wreckage/wreckage_pipes_medium_01.cgf
     25: objects/spaceships/derelicts/wreckage/debris_small_g.cgf
     26: objects/buildingsets/human/shop/alpha/shippart/dumpersdepot/prop/prop_crate_dumper_tarp_a.cgf
     27: objects/spaceships/derelicts/drak/caterpillar/interior/drak_caterpillar_interior_habitation.cgf
     28: objects/buildingsets/human/shop/alpha/shippart/dumpersdepot/prop/prop_crate_dumper_c.cgf
     29: objects/spaceships/derelicts/wreckage/debris_small_e.cgf
     30: objects/spaceships/ships/drak/caterpillar/interiors/lower_turret_room/drak_caterpillar_interior_lower_turret_room.cgf
     31: objects/buildingsets/human/lowtech/prop/light/light_wall_02_a.cgf
     32: objects/spaceships/derelicts/drak/caterpillar/drak_caterpillar_der_hull_main_lift.cgf
     33: objects/spaceships/ships/drak/caterpillar/interiors/foyer/drak_caterpillar_interior_foyer.cgf
     34: objects/spaceships/derelicts/wreckage/wires_hanging_d.cgf
     35: objects/spaceships/derelicts/wreckage/wires_hanging_a.cgf
     36: objects/buildingsets/human/universal/prop/storage/ammo-box/ammo-box_1_pallet_125x125x025_a.cgf
     37: objects/spaceships/derelicts/wreckage/debris_small_h.cgf
     38: objects/buildingsets/human/lowtech/prop/light/light_hung_3_floresent_a.cgf
     39: objects/spaceships/ships/drak/caterpillar/interiors/eva_room/drak_caterpillar_interior_eva_room.cgf
     40: objects/spaceships/ships/drak/caterpillar/interiors/center_hallway/drak_caterpillar_interior_center_hallway_connector.cgf
     41: objects/spaceships/ships/drak/caterpillar/interiors/lower_hallway/drak_caterpillar_interior_lower_hallway.cgf
     42: objects/spaceships/ships/drak/caterpillar/interiors/center_hallway/drak_caterpillar_interior_center_hallway.cgf
     43: objects/spaceships/ships/drak/caterpillar/interiors/staircase/drak_caterpillar_interior_staircase.cgf
     44: objects/spaceships/derelicts/wreckage/wreckage_pipes_large_02.cgf
     45: objects/spaceships/derelicts/wreckage/debris_large_c.cgf
     46: objects/spaceships/ships/drak/caterpillar/interiors/power_plant_room/drak_caterpillar_interior_power_plant_room.cgf
     47: objects/spaceships/derelicts/wreckage/debris_small_f.cgf
     48: objects/spaceships/ships/drak/caterpillar/interiors/upper_hallway/drak_caterpillar_interior_upper_hallway.cgf
     49: objects/spaceships/derelicts/wreckage/wires_floor_bundle_a.cgf
     50: objects/spaceships/ships/drak/caterpillar/interiors/server_room/drak_caterpillar_interior_server_room.cgf
     51: objects/spaceships/derelicts/drak/caterpillar/drak_caterpillar_der_interior_command_module_top.cgf

[Materials]
      0: objects/spaceships/derelicts/drak/caterpillar/drak_caterpillar_int_delerict
      1: materials/bhvr/special/proxy_nodraw
      2: objects/spaceships/derelicts/drak/caterpillar/drak_caterpillar_ext_delerict
      3: materials/ui/ui_general_transparent

[Palettes]
      0: Libs/Foundry/Records/TintPalettes/default

[Placements]
  #0 objects/spaceships/derelicts/drak/caterpillar/drak_caterpillar_der_bulk_door_single_flip.cgf
    [1.00000000000000000, 0.00000000000000000, 0.00000000000000000, 3.63712899999995898]
    [0.00000000000000000, 1.00000000000000000, 0.00000000000000000, 2.62214900000003581]
    [0.00000000000000000, 0.00000000000000000, 1.00000000000000000, 0.78008599999999984]
  #1 objects/spaceships/derelicts/drak/caterpillar/drak_caterpillar_der_bulk_door_double.cgf
    [1.00000000000000000, 0.00000000000000000, 0.00000000000000000, 1.76212899999995898]
    [0.00000000000000000, 1.00000000000000000, 0.00000000000000000, 26.61915700000008655]
    [0.00000000000000000, 0.00000000000000000, 1.00000000000000000, 0.72856699999999996]
  #2 objects/spaceships/derelicts/drak/caterpillar/drak_caterpillar_der_bulk_door_single.cgf
    [1.00000000000000000, 0.00000000000000000, 0.00000000000000000, -0.58458000000007360]
    [0.00000000000000000, 1.00000000000000000, 0.00000000000000000, 26.62716599999998834]
    [0.00000000000000000, 0.00000000000000000, 1.00000000000000000, 3.73751499999999925]
  #3 objects/spaceships/derelicts/drak/caterpillar/drak_caterpillar_der_bulk_door_single_flip.cgf
    [1.00000000000000000, 0.00000000000000000, 0.00000000000000000, 0.13712899999995898]
    [0.00000000000000000, 1.00000000000000000, 0.00000000000000000, 2.65973499999995511]
    [0.00000000000000000, 0.00000000000000000, 1.00000000000000000, 4.78008599999999984]
  #4 objects/spaceships/ships/drak/caterpillar/interiors/command_module/drak_caterpillar_interior_command_module_innerdoorframe.cgf
    [0.93969273530166131, -0.00000000000000000, -0.34201988504203734, -11.17651899999998477]
    [0.00000000000000000, 1.00000001927144311, -0.00000000000000000, 20.67613699999992605]
    [0.34201988504203734, 0.00000000000000000, 0.93969273530166131, 3.68733500000000003]
  #5 Data/ObjectContainers/PU/derelict/DRAK/caterpillar/surface/component/ctplr_sfce_rear_sml_vb_int//Brush/designer_136.cgf
    [0.00000000000000000, 0.00000000000000000, -1.00000000000000000, -2.52251899999998841]
    [1.00000000000000000, 0.00000000000000000, 0.00000000000000000, 2.67619800000011310]
    [0.00000000000000000, -1.00000000000000000, 0.00000000000000000, 1.56960299999999986]
  #6 Data/ObjectContainers/PU/derelict/DRAK/caterpillar/surface/component/ctplr_sfce_rear_sml_vb_int//Brush/designer_137.cgf
    [0.00000000000000000, 0.00000000000000000, -1.00000000000000000, -0.81198200000005727]
    [1.00000000000000000, 0.00000000000000000, 0.00000000000000000, 2.67619800000011310]
    [0.00000000000000000, -1.00000000000000000, 0.00000000000000000, 1.56960299999999986]
  #7 objects/spaceships/ships/drak/caterpillar/interiors/center_hallway/drak_caterpillar_interior_center_hallway_cmd_mod_threshold.cgf
    [1.00000000000000000, 0.00000000000000000, 0.00000000000000000, -6.59131500000000869]
    [0.00000000000000000, 1.00000000000000000, 0.00000000000000000, 18.12214900000003581]
    [0.00000000000000000, 0.00000000000000000, 1.00000000000000000, 7.53008599999999984]
  #8 objects/spaceships/derelicts/drak/caterpillar/drak_caterpillar_door_single_grey.cgf
    [0.00598353511365192, 0.87240796926392827, -0.48874257615642730, -13.98784399999999550]
    [-0.99903791739001502, -0.01602310335529581, -0.04083225503907244, 26.88751500000012129]
    [-0.04345354071021189, 0.48851649777601469, 0.87147242898217481, -1.78661199999999987]
  #9 objects/spaceships/derelicts/drak/caterpillar/drak_caterpillar_der_bulk_door_single_flip.cgf
    [1.00000000000000000, 0.00000000000000000, 0.00000000000000000, 0.13712899999995898]
    [0.00000000000000000, 1.00000000000000000, 0.00000000000000000, 2.62214900000003581]
    [0.00000000000000000, 0.00000000000000000, 1.00000000000000000, 0.74824199999999941]
  #10 objects/spaceships/derelicts/drak/caterpillar/drak_caterpillar_der_bulk_door_single.cgf
    [-1.00000000000000000, 0.00000000000000000, 0.00000000000000000, 3.36250899999993180]
    [0.00000000000000000, -1.00000000000000000, 0.00000000000000000, 2.62214900000003581]
    [0.00000000000000000, 0.00000000000000000, 1.00000000000000000, 0.72922699999999985]
  #11 Data/ObjectContainers/PU/derelict/DRAK/caterpillar/surface/component/ctplr_sfce_rear_sml_vb_int//Brush/designer_135.cgf
    [-0.00000064012100026, -1.00000042674731060, 0.00000000000000000, -1.61005700000009710]
    [1.00000042674731060, -0.00000064012100026, 0.00000000000000000, 2.67619800000011310]
    [0.00000000000000000, 0.00000000000000000, 1.00000042674751533, 0.59150499999999973]
  #12 objects/spaceships/derelicts/drak/caterpillar/drak_caterpillar_door_single_grey.cgf
    [-0.00000064012100026, 1.00000042674731060, 0.00000000000000000, 7.68478799999996909]
    [-1.00000042674731060, -0.00000064012100026, -0.00000000000000000, 18.12171800000010080]
    [-0.00000000000000000, 0.00000000000000000, 1.00000042674751533, 4.71825099999999953]
  #13 objects/spaceships/derelicts/drak/caterpillar/drak_caterpillar_door_single_grey.cgf
    [1.00000000000000000, 0.00000000000000000, 0.00000000000000000, 1.77540299999998297]
    [0.00000000000000000, 1.00000000000000000, 0.00000000000000000, 8.62214900000003581]
    [0.00000000000000000, 0.00000000000000000, 1.00000000000000000, 4.78008599999999984]
  #14 objects/spaceships/derelicts/drak/caterpillar/drak_caterpillar_door_single_grey.cgf
    [1.00000000000000000, 0.00000000000000000, 0.00000000000000000, -2.46768800000006649]
    [0.00000000000000000, 1.00000000000000000, 0.00000000000000000, 26.62171800000010080]
    [0.00000000000000000, 0.00000000000000000, 1.00000000000000000, 3.77114099999999919]
  #15 objects/spaceships/derelicts/wreckage/debris_glass_b.cgf
    [-0.55233727000978916, -0.76022653279883923, -0.34202105720549131, -12.23523800000009487]
    [0.80901658018820777, -0.58778517977712508, -0.00000035097635578, 25.94175199999995129]
    [-0.20103471770787157, -0.27670100442210455, 0.93969188621222444, 2.69177100000000014]
  #16 objects/spaceships/derelicts/wreckage/debris_glass_b.cgf
    [0.44394563086228778, 0.17041360041285228, -0.17307817996704192, -14.19661300000007031]
    [-0.18135044638306916, 0.47243686387133377, -0.00000041245302319, 27.20185700000001816]
    [0.16158238512609163, 0.06202571400505823, 0.47552972395762583, 1.82418100000000027]
  #17 objects/spaceships/derelicts/drak/caterpillar/drak_caterpillar_der_interior_command_module_cockpit.cgf
    [0.93969273530166131, -0.00000000000000000, -0.34201988504203734, -13.09822600000006787]
    [0.00000000000000000, 1.00000001927144311, -0.00000000000000000, 28.62214900000003581]
    [0.34201988504203734, 0.00000000000000000, 0.93969273530166131, 1.65766899999999939]
  #18 objects/spaceships/derelicts/wreckage/debris_glass_c.cgf
    [-0.37661446864492509, -0.51836500494477622, -0.23320910197231245, -12.35224500000003900]
    [0.55163279035491530, -0.40078483777710738, -0.00000023931532581, 26.98283300000002782]
    [-0.13707672376950172, -0.18867023359133636, 0.64073452875901726, 2.64918399999999910]
  #19 objects/spaceships/derelicts/wreckage/debris_glass_c.cgf
    [-1.05792450176110364, 0.26377302909543593, -0.39684142850857657, -14.11320299999999861]
    [-0.28070092890404247, -1.12581995460903106, -0.00000138415140845, 28.03118100000006052]
    [-0.38505365700291311, 0.09600416976010202, 1.09031209399086482, 1.85454000000000008]
  #20 objects/spaceships/derelicts/wreckage/debris_glass_c.cgf
    [-0.64086917389189724, -0.88208016460098460, -0.39684222717947631, -14.17059900000003836]
    [0.93869057107240916, -0.68199888554141963, -0.00000040723293439, 26.22646299999996700]
    [-0.23325775835976265, -0.32105228770079103, 1.09031129262574233, 1.83364899999999942]
  #21 objects/spaceships/seats/drak/caterpillar/drak_caterpillar_support_seat.cga
    [0.93969273530166131, -0.00000000000000000, -0.34201988504203734, -13.35474099999998998]
    [0.00000000000000000, 1.00000001927144311, -0.00000000000000000, 28.12214900000003581]
    [0.34201988504203734, 0.00000000000000000, 0.93969273530166131, 2.36243800000000004]
  #22 objects/spaceships/seats/drak/caterpillar/drak_caterpillar_support_seat.cga
    [0.93969273530166131, -0.00000000000000000, -0.34201988504203734, -13.35474099999998998]
    [0.00000000000000000, 1.00000001927144311, -0.00000000000000000, 26.12214900000003581]
    [0.34201988504203734, 0.00000000000000000, 0.93969273530166131, 2.36243800000000004]
  #23 objects/spaceships/derelicts/drak/caterpillar/drak_caterpillar_door_single_grey.cgf
    [0.00598353511365192, 0.87240796926392827, -0.48874257615642730, -13.72842000000002827]
    [-0.99903791739001502, -0.01602310335529581, -0.04083225503907244, 26.88275100000009843]
    [-0.04345354071021189, 0.48851649777601469, 0.87147242898217481, -1.64134300000000000]
  #24 objects/spaceships/derelicts/drak/caterpillar/drak_caterpillar_der_interior_command_module_bottom.cgf
    [0.93969273530166131, -0.00000000000000000, -0.34201988504203734, -12.07216500000004089]
    [0.00000000000000000, 1.00000001927144311, -0.00000000000000000, 21.12214900000003581]
    [0.34201988504203734, 0.00000000000000000, 0.93969273530166131, -1.16140899999999991]
  #25 objects/spaceships/derelicts/drak/caterpillar/drak_caterpillar_der_interior_command_module_bottom_front.cgf
    [0.93969273530166131, -0.00000000000000000, -0.34201988504203734, -12.07216500000004089]
    [0.00000000000000000, 1.00000001927144311, -0.00000000000000000, 21.12214900000003581]
    [0.34201988504203734, 0.00000000000000000, 0.93969273530166131, -1.16140899999999991]
  #26 objects/spaceships/derelicts/drak/caterpillar/drak_caterpillar_door_double_grey_left.cgf
    [0.99452209377040068, -0.00000000000000000, -0.10452660366331752, 3.66761199999996279]
    [0.00000000000000000, 1.00000000293542501, -0.00000000000000000, 17.58512199999995573]
    [0.10452660366331752, 0.00000000000000000, 0.99452209377040068, 0.86652299999999993]
  #27 objects/spaceships/derelicts/drak/caterpillar/drak_caterpillar_door_double_grey_right.cgf
    [0.99619459143933553, -0.00000000000000000, -0.08715695014077934, 2.59462099999996099]
    [0.00000000000000000, 0.99999999898541347, -0.00000000000000000, 26.61637199999995573]
    [0.08715695014077934, 0.00000000000000000, 0.99619459143933553, 0.71691699999999958]
  #28 objects/spaceships/derelicts/drak/caterpillar/drak_caterpillar_door_double_grey_left.cgf
    [0.99756411930375677, -0.00000000000000000, -0.06975549450516991, 0.92568199999993794]
    [0.00000000000000000, 1.00000000056797034, -0.00000000000000000, 26.61637199999995573]
    [0.06975549450516991, 0.00000000000000000, 0.99756411930375677, 0.71691699999999958]
  #29 objects/spaceships/derelicts/drak/caterpillar/drak_caterpillar_door_double_grey_right.cgf
    [0.29236877263093086, -0.00000000000000000, -0.95630570334949017, 6.18837099999996099]
    [0.00000000000000000, 1.00000004873423887, -0.00000000000000000, 17.58512199999995573]
    [0.95630570334949017, 0.00000000000000000, 0.29236877263093086, 1.24816699999999958]
  #30 objects/spaceships/derelicts/wreckage/debris_small_a.cgf
    [-0.25881774614437059, 0.96592531668151094, 0.00000000000000000, 2.07462899999995898]
    [-0.96592531668151094, -0.25881774614437059, -0.00000000000000000, 21.05964900000003581]
    [-0.00000000000000000, 0.00000000000000000, 0.99999917156242124, 1.59258599999999984]
  #31 objects/spaceships/derelicts/wreckage/debris_large_b.cgf
    [0.76066210061883288, 0.27685632405620131, 0.00000000000000000, 5.54337899999995898]
    [-0.27685632405620131, 0.76066210061883288, -0.00000000000000000, 21.93464900000003581]
    [-0.00000000000000000, 0.00000000000000000, 0.80947900249961258, 0.81355899999999970]
  #32 Data/ObjectContainers/PU/derelict/DRAK/caterpillar/surface/component/ctplr_sfce_rear_sml_vb_int//Brush/designer_132.cgf
    [1.00000000000000000, 0.00000000000000000, 0.00000000000000000, -2.61287100000004102]
    [0.00000000000000000, 1.00000000000000000, 0.00000000000000000, 25.12214900000003581]
    [0.00000000000000000, 0.00000000000000000, 1.00000000000000000, 1.13764099999999946]
  #33 Data/ObjectContainers/PU/derelict/DRAK/caterpillar/surface/component/ctplr_sfce_rear_sml_vb_int//Brush/designer_133.cgf
    [1.00000000000000000, 0.00000000000000000, 0.00000000000000000, 1.19962899999995898]
    [0.00000000000000000, 1.00000000000000000, 0.00000000000000000, 22.87214900000003581]
    [0.00000000000000000, 0.00000000000000000, 1.00000000000000000, 3.03008599999999984]
  #34 Data/ObjectContainers/PU/derelict/DRAK/caterpillar/surface/component/ctplr_sfce_rear_sml_vb_int//Brush/designer_134.cgf
    [0.91014921324571929, -0.37460551301679523, 0.17691553436920399, 1.31306799999993018]
    [0.36772300867176161, 0.92718428409500131, 0.07147782366683166, 22.91966100000013284]
    [-0.19080929111839612, 0.00000042760413583, 0.98162711936775238, 0.98757300000000026]
  #35 objects/buildingsets/human/shop/alpha/shippart/dumpersdepot/prop/pallet_dumper_1_025x0125x0125_a.cgf
    [-0.94340068320129611, 0.14122554752835054, -0.30008274968032644, 2.21373899999991863]
    [-0.15489758087260061, -0.98768193932877912, 0.02214242892318143, 23.22013900000001740]
    [-0.29325935853814461, 0.06737130282338009, 0.95365571207891220, 1.94132000000000016]
  #36 objects/spaceships/derelicts/wreckage/debris_small_a.cgf
    [-0.25881774614437059, 0.96592531668151094, 0.00000000000000000, 1.63712899999995898]
    [-0.96592531668151094, -0.25881774614437059, -0.00000000000000000, 22.80964900000003581]
    [-0.00000000000000000, 0.00000000000000000, 0.99999917156242124, 1.59258599999999984]
  #37 objects/buildingsets/human/shop/alpha/shippart/dumpersdepot/prop/prop_crate_dumper_tarp_e.cgf
    [-0.08715911884849391, -0.96224974637155569, -0.25783379387013150, 3.54337899999995898]
    [0.99619417768503182, -0.08418929578069949, -0.02255824626223746, 23.68464900000003581]
    [-0.00000017879000741, -0.25881873915128567, 0.96592567618639347, 1.03008599999999984]
  #38 objects/buildingsets/human/shop/alpha/shippart/dumpersdepot/prop/prop_crate_dumper_tarp_e.cgf
    [-0.07925920672456180, -0.99682751035739270, 0.00723747945750073, 1.27404500000000098]
    [0.99306547166606240, -0.07958828015732544, -0.08652261560472317, 21.13058500000011009]
    [0.08682416425671355, 0.00032957715888348, 0.99622334054409822, 1.60066299999999995]
  #39 objects/spaceships/derelicts/drak/caterpillar/drak_caterpillar_door_double_grey_right.cgf
    [1.00000000000000000, 0.00000000000000000, 0.00000000000000000, -1.41981800000007752]
    [0.00000000000000000, 1.00000000000000000, 0.00000000000000000, 17.59494100000006256]
    [0.00000000000000000, 0.00000000000000000, 1.00000000000000000, 0.90441699999999958]
  #40 objects/spaceships/derelicts/wreckage/wreckage_pipes_medium_01.cgf
    [0.47303199311004357, 0.87128511572255285, 0.13077822547333712, 1.05977899999993497]
    [-0.86218816083007632, 0.42723365460358231, 0.27221855804076850, 23.05078600000001643]
    [0.18130712192869877, -0.24152352915954631, 0.95330691597382611, 2.31102799999999942]
  #41 objects/spaceships/derelicts/wreckage/debris_small_g.cgf
    [-0.25881774614437059, 0.96592531668151094, 0.00000000000000000, -1.05037100000004102]
    [-0.96592531668151094, -0.25881774614437059, -0.00000000000000000, 24.43464900000003581]
    [-0.00000000000000000, 0.00000000000000000, 0.99999917156242124, 0.78008599999999984]
  #42 objects/buildingsets/human/shop/alpha/shippart/dumpersdepot/prop/prop_crate_dumper_tarp_a.cgf
    [-0.00032968823638029, -0.87478078287276062, -0.48451810512505322, 0.40831700000001092]
    [0.99997075357437271, 0.00339216574080829, -0.00680486438314884, 22.46643900000003669]
    [0.00759633288850298, -0.48450634268283027, 0.87475437729601579, 1.13180100000000028]
  #43 objects/spaceships/derelicts/wreckage/debris_small_g.cgf
    [-0.50000201287575563, -0.86602423262039530, 0.00000000000000000, 4.29337899999995898]
    [0.86602423262039530, -0.50000201287575563, 0.00000000000000000, 21.68464900000003581]
    [0.00000000000000000, 0.00000000000000000, 0.99999999218277591, 0.78008599999999984]
  #44 objects/spaceships/derelicts/drak/caterpillar/drak_caterpillar_door_double_grey_left.cgf
    [0.96592592080910500, -0.00000000000000000, -0.25881871307257659, -1.54835200000002260]
    [0.00000000000000000, 1.00000000536373101, -0.00000000000000000, 17.61625500000013744]
    [0.25881871307257659, 0.00000000000000000, 0.96592592080910500, 1.09191699999999958]
  #45 objects/spaceships/derelicts/wreckage/debris_large_b.cgf
    [-0.76066225210511518, -0.27685630105808146, 0.00000000000000000, 4.17353900000000522]
    [0.27685630105808146, -0.76066225210511518, 0.00000000000000000, 22.97826699999995981]
    [0.00000000000000000, 0.00000000000000000, 0.80947913698451135, 0.81805899999999987]
  #46 objects/buildingsets/human/shop/alpha/shippart/dumpersdepot/prop/prop_crate_dumper_tarp_e.cgf
    [-0.07925935574532147, -0.99240400874317614, 0.09408999654412388, 2.45881599999995615]
    [0.99306600599093953, -0.08682663322910823, -0.07925738451187882, 21.13058500000011009]
    [0.08682483380002781, 0.08715565779072865, 0.99240416617577010, 1.62697499999999984]
  #47 objects/buildingsets/human/shop/alpha/shippart/dumpersdepot/prop/prop_crate_dumper_tarp_e.cgf
    [0.09604395624379010, -0.93788387743446699, 0.33339105775705263, 3.99658199999998942]
    [0.98679092077233810, 0.04581712585239141, -0.15538557247937496, 22.25663000000008651]
    [0.13045858969480664, 0.34391107848098112, 0.92989565702165022, 1.50718800000000019]
  #48 objects/spaceships/derelicts/drak/caterpillar/interior/drak_caterpillar_interior_habitation.cgf
    [1.00000000000000000, 0.00000000000000000, 0.00000000000000000, 1.76212899999995898]
    [0.00000000000000000, 1.00000000000000000, 0.00000000000000000, 27.12214900000003581]
    [0.00000000000000000, 0.00000000000000000, 1.00000000000000000, 0.53008599999999984]
  #49 objects/buildingsets/human/shop/alpha/shippart/dumpersdepot/prop/prop_crate_dumper_c.cgf
    [0.26160564843510803, -0.96491140027982836, -0.02255795381700544, 5.54337899999995898]
    [0.93402945239119817, 0.24720523364633179, 0.25783510522658443, 25.39613099999996848]
    [-0.24321154112456925, -0.08852089601572033, 0.96592576536498320, 2.02174099999999957]
  #50 objects/buildingsets/human/shop/alpha/shippart/dumpersdepot/prop/pallet_dumper_1_025x0125x0125_a.cgf
    [-0.67841017724731212, -0.71552610813327111, 0.16667958380893486, 3.04337899999995898]
    [0.68492107024546156, -0.69804362813834875, -0.20884990883660184, 21.68464900000003581]
    [0.26578717541084795, -0.02752354386520360, 0.96363877858459934, 1.37049000000000021]
  #51 objects/spaceships/derelicts/wreckage/debris_small_e.cgf
    [-0.25881774614437059, 0.96592531668151094, 0.00000000000000000, -2.05037100000004102]
    [-0.96592531668151094, -0.25881774614437059, -0.00000000000000000, 18.68464900000003581]
    [-0.00000000000000000, 0.00000000000000000, 0.99999917156242124, 0.78008599999999984]
  #52 objects/buildingsets/human/shop/alpha/shippart/dumpersdepot/prop/prop_crate_dumper_tarp_e.cgf
    [0.26160564843510803, -0.96491140027982836, -0.02255795381700544, 5.54337899999995898]
    [0.93402945239119817, 0.24720523364633179, 0.25783510522658443, 24.68464900000003581]
    [-0.24321154112456925, -0.08852089601572033, 0.96592576536498320, 1.03008599999999984]
  #53 objects/buildingsets/human/shop/alpha/shippart/dumpersdepot/prop/prop_crate_dumper_tarp_e.cgf
    [0.08125838136288167, -0.98157427313269119, -0.17294193905545008, 4.79337899999995898]
    [0.99567919741496469, 0.08776863150334492, -0.03032318685540021, 23.68464900000003581]
    [0.04494333983274884, -0.16973068711934378, 0.98446507432037367, 1.53008599999999984]
  #54 objects/buildingsets/human/shop/alpha/shippart/dumpersdepot/prop/prop_crate_dumper_c.cgf
    [0.26257819486241191, -0.96491096494754469, 0.00032745821740857, 5.54337899999995898]
    [0.90800328227358007, 0.24720687944865383, 0.33825934437314953, 24.68464900000003581]
    [-0.32647100466242246, -0.08852216897108685, 0.94105318374545210, 2.21797799999999956]
  #55 objects/spaceships/derelicts/drak/caterpillar/drak_caterpillar_door_double_grey_right.cgf
    [0.99939092511806371, 0.00000000000000000, 0.03489669411385950, 6.13217799999995350]
    [0.00000000000000000, 1.00000000023420776, 0.00000000000000000, 17.58512199999995573]
    [-0.03489669411385950, 0.00000000000000000, 0.99939092511806371, 0.82599700000000009]
  #56 objects/spaceships/ships/drak/caterpillar/interiors/lower_turret_room/drak_caterpillar_interior_lower_turret_room.cgf
    [1.00000000000000000, 0.00000000000000000, 0.00000000000000000, 1.76212899999995898]
    [0.00000000000000000, 1.00000000000000000, 0.00000000000000000, 2.62214900000003581]
    [0.00000000000000000, 0.00000000000000000, 1.00000000000000000, 0.53008599999999984]
  #57 objects/buildingsets/human/lowtech/prop/light/light_wall_02_a.cgf
    [-0.00000032006050013, 0.50000021337365530, 0.00000000000000000, -2.57636800000000221]
    [-0.50000021337365530, -0.00000032006050013, -0.00000000000000000, 11.34586200000012468]
    [-0.00000000000000000, 0.00000000000000000, 0.50000021337375766, 0.89195899999999995]
  #58 objects/spaceships/derelicts/drak/caterpillar/drak_caterpillar_der_hull_main_lift.cgf
    [1.00000000000000000, 0.00000000000000000, 0.00000000000000000, 1.76212899999995898]
    [0.00000000000000000, 1.00000000000000000, 0.00000000000000000, 14.49714900000003581]
    [0.00000000000000000, 0.00000000000000000, 1.00000000000000000, 0.28008599999999984]
  #59 objects/spaceships/ships/drak/caterpillar/interiors/foyer/drak_caterpillar_interior_foyer.cgf
    [1.00000000000000000, 0.00000000000000000, 0.00000000000000000, 1.76212899999995898]
    [0.00000000000000000, 1.00000000000000000, 0.00000000000000000, 17.62214900000003581]
    [0.00000000000000000, 0.00000000000000000, 1.00000000000000000, 0.53008599999999984]
  #60 objects/spaceships/derelicts/wreckage/wires_hanging_d.cgf
    [-0.76604551435048629, 0.64278737592400603, 0.00000000000000000, -0.36287100000004102]
    [-0.64278737592400603, -0.76604551435048629, 0.00000000000000000, 16.37214900000003581]
    [0.00000000000000000, 0.00000000000000000, 1.00000067035166063, 3.40508599999999984]
  #61 objects/spaceships/derelicts/wreckage/wires_hanging_a.cgf
    [0.93755629132621443, 0.34580234986402453, -0.03750927067298355, -2.61287100000004102]
    [-0.34150454311433454, 0.93560987530572415, 0.08948082602403180, 11.74714900000003581]
    [0.06603678967189426, -0.07108379577788590, 0.99528098864135028, 3.15508599999999984]
  #62 objects/buildingsets/human/shop/alpha/shippart/dumpersdepot/prop/prop_crate_dumper_tarp_a.cgf
    [-0.07054985754280890, 0.80639907047789461, 0.00000000000000000, 2.72719199999994544]
    [-0.80639907047789461, -0.07054985754280890, -0.00000000000000000, 16.39588000000003376]
    [-0.00000000000000000, 0.00000000000000000, 0.80947930379159372, 0.73313399999999973]
  #63 objects/buildingsets/human/shop/alpha/shippart/dumpersdepot/prop/prop_crate_dumper_tarp_a.cgf
    [-0.07054985754280890, 0.80639907047789461, 0.00000000000000000, 3.10219199999994544]
    [-0.80639907047789461, -0.07054985754280890, -0.00000000000000000, 14.89588000000003376]
    [-0.00000000000000000, 0.00000000000000000, 0.80947930379159372, 0.73313399999999973]
  #64 objects/buildingsets/human/shop/alpha/shippart/dumpersdepot/prop/prop_crate_dumper_tarp_a.cgf
    [-0.07054985754280890, 0.80639907047789461, 0.00000000000000000, 1.32201099999997496]
    [-0.80639907047789461, -0.07054985754280890, -0.00000000000000000, 13.78103200000009565]
    [-0.00000000000000000, 0.00000000000000000, 0.80947930379159372, 0.73313399999999973]
  #65 objects/spaceships/derelicts/drak/caterpillar/drak_caterpillar_der_hull_main_lift.cgf
    [1.00000000000000000, 0.00000000000000000, 0.00000000000000000, 1.76212899999995898]
    [0.00000000000000000, 1.00000000000000000, 0.00000000000000000, 14.49714900000003581]
    [0.00000000000000000, 0.00000000000000000, 1.00000000000000000, 0.37939599999999984]
  #66 objects/buildingsets/human/universal/prop/storage/ammo-box/ammo-box_1_pallet_125x125x025_a.cgf
    [-0.05666412229335004, -0.98899461972731662, -0.13666781106240627, 0.51808799999992061]
    [-0.41253158784778959, -0.10146280632279564, 0.90527468712337744, 16.41541299999994408]
    [-0.90917882589617682, 0.10767642392356906, -0.40224236656340179, 1.51360299999999981]
  #67 objects/buildingsets/human/universal/prop/storage/ammo-box/ammo-box_1_pallet_125x125x025_a.cgf
    [-0.11084208016883083, 0.02326268888075624, 0.99356556596915291, 3.37000799999998435]
    [0.02606491101588084, 0.99945001097069930, -0.02049266439784832, 16.11459600000011960]
    [-0.99349600250192249, 0.02362575261077976, -0.11138747746489976, 1.51360299999999981]
  #68 objects/buildingsets/human/shop/alpha/shippart/dumpersdepot/prop/prop_crate_dumper_tarp_a.cgf
    [0.07055123022424918, 0.80639896301546388, 0.00000000000000000, 3.10219199999994544]
    [-0.80639896301546388, 0.07055123022424918, -0.00000000000000000, 12.39588000000003376]
    [-0.00000000000000000, 0.00000000000000000, 0.80947931637477333, 1.73313399999999973]
  #69 objects/buildingsets/human/shop/alpha/shippart/dumpersdepot/prop/prop_crate_dumper_tarp_a.cgf
    [0.40474114007383888, 0.70102842639809815, 0.00000000000000000, 2.10219199999994544]
    [-0.70102842639809815, 0.40474114007383888, -0.00000000000000000, 15.39588000000003376]
    [-0.00000000000000000, 0.00000000000000000, 0.80947899607492257, 0.73313399999999973]
  #70 objects/spaceships/derelicts/wreckage/debris_small_h.cgf
    [-0.25881774614437059, 0.96592531668151094, 0.00000000000000000, 1.82462899999995898]
    [-0.96592531668151094, -0.25881774614437059, -0.00000000000000000, 13.99714900000003581]
    [-0.00000000000000000, 0.00000000000000000, 0.99999917156242124, 0.71758599999999984]
  #71 objects/spaceships/derelicts/wreckage/debris_small_g.cgf
    [-0.25881774614437059, 0.96592531668151094, 0.00000000000000000, -1.42537100000004102]
    [-0.96592531668151094, -0.25881774614437059, -0.00000000000000000, 14.74714900000003581]
    [-0.00000000000000000, 0.00000000000000000, 0.99999917156242124, 0.78008599999999984]
  #72 objects/buildingsets/human/shop/alpha/shippart/dumpersdepot/prop/prop_crate_dumper_tarp_a.cgf
    [-0.07054985754280890, 0.80639907047789461, 0.00000000000000000, 3.10219199999994544]
    [-0.80639907047789461, -0.07054985754280890, -0.00000000000000000, 12.39588000000003376]
    [-0.00000000000000000, 0.00000000000000000, 0.80947930379159372, 0.73313399999999973]
  #73 objects/buildingsets/human/shop/alpha/shippart/dumpersdepot/prop/prop_crate_dumper_tarp_a.cgf
    [0.06109904382130579, 0.80639826480407317, -0.03527549287361881, 1.19701099999997496]
    [-0.69836206746905827, 0.07055107053298057, 0.40319794667057463, 14.53103200000009565]
    [0.40473811853696123, 0.00000007056631759, 0.70102972150653520, 0.98313399999999973]
  #74 objects/buildingsets/human/shop/alpha/shippart/dumpersdepot/prop/prop_crate_dumper_tarp_a.cgf
    [0.07055123022424918, 0.80639896301546388, 0.00000000000000000, 2.47719199999994544]
    [-0.80639896301546388, 0.07055123022424918, -0.00000000000000000, 16.02088000000003376]
    [-0.00000000000000000, 0.00000000000000000, 0.80947931637477333, 1.73313399999999973]
  #75 objects/buildingsets/human/shop/alpha/shippart/dumpersdepot/prop/prop_crate_dumper_tarp_a.cgf
    [0.07055123022424918, 0.80639896301546388, 0.00000000000000000, 1.32201099999997496]
    [-0.80639896301546388, 0.07055123022424918, -0.00000000000000000, 13.78103200000009565]
    [-0.00000000000000000, 0.00000000000000000, 0.80947931637477333, 1.73313399999999973]
  #76 objects/buildingsets/human/shop/alpha/shippart/dumpersdepot/prop/prop_crate_dumper_tarp_a.cgf
    [0.07055123022424918, 0.80639896301546388, 0.00000000000000000, 3.10219199999994544]
    [-0.80639896301546388, 0.07055123022424918, -0.00000000000000000, 14.89588000000003376]
    [-0.00000000000000000, 0.00000000000000000, 0.80947931637477333, 1.73313399999999973]
  #77 objects/buildingsets/human/lowtech/prop/light/light_hung_3_floresent_a.cgf
    [-0.00000030588600918, -0.00000000000000011, -0.50000030232758108, -2.50528900000006161]
    [0.49969572997088518, 0.01744934888575434, -0.00000030569968062, 23.38895300000012867]
    [0.01744934888575093, -0.49969572997097872, -0.00000001067501666, 5.86525700000000061]
  #78 objects/spaceships/ships/drak/caterpillar/interiors/eva_room/drak_caterpillar_interior_eva_room.cgf
    [1.00000000000000000, 0.00000000000000000, 0.00000000000000000, -2.48787100000004102]
    [0.00000000000000000, 1.00000000000000000, 0.00000000000000000, 27.12214900000003581]
    [0.00000000000000000, 0.00000000000000000, 1.00000000000000000, 3.53008599999999984]
  #79 objects/spaceships/ships/drak/caterpillar/interiors/center_hallway/drak_caterpillar_interior_center_hallway_connector.cgf
    [1.00000000000000000, 0.00000000000000000, 0.00000000000000000, 1.76212899999995898]
    [0.00000000000000000, 1.00000000000000000, 0.00000000000000000, 22.62214900000003581]
    [0.00000000000000000, 0.00000000000000000, 1.00000000000000000, 3.53008599999999984]
  #80 objects/spaceships/ships/drak/caterpillar/interiors/lower_hallway/drak_caterpillar_interior_lower_hallway.cgf
    [1.00000000000000000, 0.00000000000000000, 0.00000000000000000, -1.73787100000004102]
    [0.00000000000000000, 1.00000000000000000, 0.00000000000000000, 10.62214900000003581]
    [0.00000000000000000, 0.00000000000000000, 1.00000000000000000, 0.53008599999999984]
  #81 objects/spaceships/derelicts/drak/caterpillar/drak_caterpillar_door_single_grey.cgf
    [0.98480766070799386, -0.00000000000000000, -0.17364874095171032, -0.16384900000002744]
    [0.00000000000000000, 1.00000000691163260, -0.00000000000000000, 10.60196500000006381]
    [0.17364874095171032, 0.00000000000000000, 0.98480766070799386, 0.84060099999999949]
  #82 objects/spaceships/ships/drak/caterpillar/interiors/center_hallway/drak_caterpillar_interior_center_hallway.cgf
    [1.00000000000000000, 0.00000000000000000, 0.00000000000000000, 1.76212899999995898]
    [0.00000000000000000, 1.00000000000000000, 0.00000000000000000, 22.62214900000003581]
    [0.00000000000000000, 0.00000000000000000, 1.00000000000000000, 3.53008599999999984]
  #83 objects/spaceships/derelicts/drak/caterpillar/drak_caterpillar_door_single_grey.cgf
    [1.00000000000000000, 0.00000000000000000, 0.00000000000000000, 3.09505899999999201]
    [0.00000000000000000, 1.00000000000000000, 0.00000000000000000, 16.64785200000005716]
    [0.00000000000000000, 0.00000000000000000, 1.00000000000000000, 4.77399799999999974]
  #84 objects/spaceships/derelicts/drak/caterpillar/drak_caterpillar_door_single_grey.cgf
    [1.00000000000000000, 0.00000000000000000, 0.00000000000000000, 6.75117099999999937]
    [0.00000000000000000, 1.00000000000000000, 0.00000000000000000, 16.64785200000005716]
    [0.00000000000000000, 0.00000000000000000, 1.00000000000000000, 4.77399799999999974]
  #85 objects/spaceships/derelicts/wreckage/debris_small_e.cgf
    [1.00000000000000000, 0.00000000000000000, 0.00000000000000000, -0.36287100000004102]
    [0.00000000000000000, 1.00000000000000000, 0.00000000000000000, 18.24714900000003581]
    [0.00000000000000000, 0.00000000000000000, 1.00000000000000000, 4.75092799999999915]
  #86 objects/spaceships/derelicts/drak/caterpillar/drak_caterpillar_door_single_grey.cgf
    [0.98480766070799386, 0.00000000000000000, 0.17364874095171032, 3.75117099999999937]
    [0.00000000000000000, 1.00000000691163260, 0.00000000000000000, 16.64785200000005716]
    [-0.17364874095171032, 0.00000000000000000, 0.98480766070799386, 4.77399799999999974]
  #87 objects/spaceships/derelicts/drak/caterpillar/drak_caterpillar_door_single_grey.cgf
    [1.00000000000000000, 0.00000000000000000, 0.00000000000000000, 3.96992099999999937]
    [0.00000000000000000, 1.00000000000000000, 0.00000000000000000, 2.57200100000000020]
    [0.00000000000000000, 0.00000000000000000, 1.00000000000000000, 0.78471299999999999]
  #88 objects/buildingsets/human/lowtech/prop/light/light_wall_02_a.cgf
    [-0.50000000000000000, 0.00000000000000000, 0.00000000000000000, 4.04979299999990872]
    [0.00000000000000000, -0.50000000000000000, 0.00000000000000000, 14.12111299999992298]
    [0.00000000000000000, 0.00000000000000000, 0.50000000000000000, 4.90236000000000072]
  #89 objects/spaceships/ships/drak/caterpillar/interiors/staircase/drak_caterpillar_interior_staircase.cgf
    [1.00000000000000000, 0.00000000000000000, 0.00000000000000000, 5.26212899999995898]
    [0.00000000000000000, 1.00000000000000000, 0.00000000000000000, 16.62214900000003581]
    [0.00000000000000000, 0.00000000000000000, 1.00000000000000000, 4.53008599999999984]
  #90 objects/spaceships/derelicts/wreckage/wreckage_pipes_large_02.cgf
    [0.64278704251860030, -0.73994244854954716, 0.19826747199752617, 0.76212899999995898]
    [0.76604491879896708, 0.62088459367574877, -0.16636557145630368, 5.37214900000003581]
    [-0.00000027049258001, 0.25881942318573992, 0.96592572479944117, 5.28008599999999984]
  #91 objects/spaceships/derelicts/drak/caterpillar/drak_caterpillar_door_single_grey.cgf
    [-1.00000000000000000, 0.00000000000000000, 0.00000000000000000, -0.52735500000005686]
    [0.00000000000000000, -1.00000000000000000, 0.00000000000000000, 2.63987799999995332]
    [0.00000000000000000, 0.00000000000000000, 1.00000000000000000, 4.77399799999999974]
  #92 objects/spaceships/derelicts/wreckage/debris_large_c.cgf
    [0.04504854973828513, -0.51490319520487915, 0.00000000000000000, 1.63712899999995898]
    [0.51490319520487915, 0.04504854973828513, 0.00000000000000000, 4.99714900000003581]
    [0.00000000000000000, 0.00000000000000000, 0.51687007290586739, 4.65508599999999984]
  #93 objects/spaceships/ships/drak/caterpillar/interiors/power_plant_room/drak_caterpillar_interior_power_plant_room.cgf
    [1.00000000000000000, 0.00000000000000000, 0.00000000000000000, -1.73787100000004102]
    [0.00000000000000000, 1.00000000000000000, 0.00000000000000000, 8.62214900000003581]
    [0.00000000000000000, 0.00000000000000000, 1.00000000000000000, 4.53008599999999984]
  #94 objects/spaceships/derelicts/wreckage/debris_small_f.cgf
    [1.00000000000000000, 0.00000000000000000, 0.00000000000000000, -1.32597100000009505]
    [0.00000000000000000, 1.00000000000000000, 0.00000000000000000, 6.13284300000009353]
    [0.00000000000000000, 0.00000000000000000, 1.00000000000000000, 4.75092799999999915]
  #95 objects/buildingsets/human/lowtech/prop/light/light_wall_02_a.cgf
    [0.50000000000000000, 0.00000000000000000, 0.00000000000000000, 0.69673199999999724]
    [0.00000000000000000, 0.50000000000000000, 0.00000000000000000, 12.13155800000004092]
    [0.00000000000000000, 0.00000000000000000, 0.50000000000000000, 4.90338899999999978]
  #96 objects/spaceships/ships/drak/caterpillar/interiors/upper_hallway/drak_caterpillar_interior_upper_hallway.cgf
    [1.00000000000000000, 0.00000000000000000, 0.00000000000000000, 1.76212899999995898]
    [0.00000000000000000, 1.00000000000000000, 0.00000000000000000, 16.62214900000003581]
    [0.00000000000000000, 0.00000000000000000, 1.00000000000000000, 4.53008599999999984]
  #97 objects/spaceships/derelicts/wreckage/wires_floor_bundle_a.cgf
    [1.00000000000000000, 0.00000000000000000, 0.00000000000000000, 1.13712899999995898]
    [0.00000000000000000, 1.00000000000000000, 0.00000000000000000, 13.49714900000003581]
    [0.00000000000000000, 0.00000000000000000, 1.00000000000000000, 4.78008599999999984]
  #98 objects/spaceships/derelicts/drak/caterpillar/drak_caterpillar_door_single_grey.cgf
    [-0.00000064012100026, 1.00000042674731060, 0.00000000000000000, 0.02941599999996924]
    [-1.00000042674731060, -0.00000064012100026, -0.00000000000000000, 14.36964699999998629]
    [-0.00000000000000000, 0.00000000000000000, 1.00000042674751533, 4.77399799999999974]
  #99 objects/spaceships/derelicts/drak/caterpillar/drak_caterpillar_door_single_grey.cgf
    [-1.00000000000000000, 0.00000000000000000, 0.00000000000000000, -0.58985500000005686]
    [0.00000000000000000, -1.00000000000000000, 0.00000000000000000, 8.62730600000008963]
    [0.00000000000000000, 0.00000000000000000, 1.00000000000000000, 4.77399799999999974]
  #100 objects/spaceships/ships/drak/caterpillar/interiors/server_room/drak_caterpillar_interior_server_room.cgf
    [1.00000000000000000, 0.00000000000000000, 0.00000000000000000, -1.73787100000004102]
    [0.00000000000000000, 1.00000000000000000, 0.00000000000000000, 8.62214900000003581]
    [0.00000000000000000, 0.00000000000000000, 1.00000000000000000, 4.53008599999999984]
  #101 objects/spaceships/derelicts/drak/caterpillar/drak_caterpillar_door_single_grey.cgf
    [-0.00000064012100026, 1.00000042674731060, 0.00000000000000000, -5.69021200000008776]
    [-1.00000042674731060, -0.00000064012100026, -0.00000000000000000, 16.87171600000010585]
    [-0.00000000000000000, 0.00000000000000000, 1.00000042674751533, 6.21825200000000056]
  #102 objects/spaceships/derelicts/wreckage/debris_glass_b.cgf
    [-0.55233727000978916, -0.76022653279883923, -0.34202105720549131, -12.90516100000002098]
    [0.80901658018820777, -0.58778517977712508, -0.00000035097635578, 22.66452800000001844]
    [-0.20103471770787157, -0.27670100442210455, 0.93969188621222444, 1.71348099999999981]
  #103 objects/spaceships/derelicts/wreckage/debris_glass_b.cgf
    [0.93969273530166131, -0.00000000000000000, -0.34201988504203734, -13.13563099999998940]
    [0.00000000000000000, 1.00000001927144311, -0.00000000000000000, 21.17613699999992605]
    [0.34201988504203734, 0.00000000000000000, 0.93969273530166131, 1.62959600000000027]
  #104 objects/spaceships/derelicts/wreckage/debris_glass_b.cgf
    [-0.55233727000978916, -0.76022653279883923, -0.34202105720549131, -12.31495100000006460]
    [0.80901658018820777, -0.58778517977712508, -0.00000035097635578, 23.61694400000010319]
    [-0.20103471770787157, -0.27670100442210455, 0.93969188621222444, 1.97586800000000018]
  #105 objects/spaceships/derelicts/drak/caterpillar/drak_caterpillar_der_interior_command_module_top.cgf
    [0.93969273530166131, -0.00000000000000000, -0.34201988504203734, -13.09822600000006787]
    [0.00000000000000000, 1.00000001927144311, -0.00000000000000000, 21.17613699999992605]
    [0.34201988504203734, 0.00000000000000000, 0.93969273530166131, 1.65766899999999939]
  #106 objects/spaceships/derelicts/wreckage/debris_glass_c.cgf
    [0.93912000758554526, 0.03279413592272852, -0.34202076180555485, -11.85721599999999398]
    [-0.03489912901382749, 0.99939086262467758, -0.00000090788449911, 20.77212200000008124]
    [0.34181238662612373, 0.01193707903256223, 0.93969241988938534, 2.14093899999999948]
