# IncludedObjects
# Cgfs: 5, Materials: 0, Palettes: 1, Placements: 10

[CGFs]
      0: objects/planets/flora/bush/retama_01/retama_01_g.cgf
      1: objects/planets/flora/bush/retama_01/retama_01_d.cgf
      2: objects/planets/flora/bush/retama_01/retama_01_c.cgf
      3: objects/planets/flora/bush/retama_01/retama_01_f.cgf
      4: objects/planets/flora/grass/reed_grass_01/reed_grass_01_c.cgf

[Palettes]
      0: Libs/Foundry/Records/TintPalettes/default

[Placements]
  #0 objects/planets/flora/bush/retama_01/retama_01_g.cgf
    [0.77512772354953752, 0.63180453794771885, 0.00000000000000000, -0.43750000000000000]
    [-0.63180453794771885, 0.77512772354953752, -0.00000000000000000, -0.12500000000000000]
    [-0.00000000000000000, 0.00000000000000000, 0.99999998099320919, -0.03125000000000000]
  #1 objects/planets/flora/bush/retama_01/retama_01_d.cgf
    [0.99989844022615681, -0.01425164362224654, 0.00000000000000000, -0.18750000000000000]
    [0.01425164362224654, 0.99989844022615681, 0.00000000000000000, 1.18750000000000000]
    [0.00000000000000000, 0.00000000000000000, 1.00000000005631851, 0.03125000000000000]
  #2 objects/planets/flora/bush/retama_01/retama_01_c.cgf
    [-0.56184414207245503, 0.82724362875740443, 0.00000000000000000, -0.25000000000000000]
    [-0.82724362875740443, -0.56184414207245503, 0.00000000000000000, -0.12500000000000000]
    [0.00000000000000000, 0.00000000000000000, 1.00000043065033295, -0.03125000000000000]
  #3 objects/planets/flora/bush/retama_01/retama_01_g.cgf
    [-0.48760555086601148, 0.87306367854594968, 0.00000000000000000, 0.68750000000000000]
    [-0.87306367854594968, -0.48760555086601148, -0.00000000000000000, -0.56250000000000000]
    [-0.00000000000000000, 0.00000000000000000, 0.99999968001571471, -0.03125000000000000]
  #4 objects/planets/flora/bush/retama_01/retama_01_f.cgf
    [0.27256000665197411, 0.96213906582625175, 0.00000000000000000, 0.68750000000000000]
    [-0.96213906582625175, 0.27256000665197411, -0.00000000000000000, 0.68750000000000000]
    [-0.00000000000000000, 0.00000000000000000, 1.00000026960753208, 0.03125000000000000]
  #5 objects/planets/flora/bush/retama_01/retama_01_g.cgf
    [-0.82724448384937788, -0.56184395191370151, 0.00000000000000000, 0.18750000000000000]
    [0.56184395191370151, -0.82724448384937788, 0.00000000000000000, -1.12500000000000000]
    [0.00000000000000000, 0.00000000000000000, 1.00000103118008332, 0.03125000000000000]
  #6 objects/planets/flora/bush/retama_01/retama_01_c.cgf
    [0.32859131649603751, -0.94447192602188290, 0.00000000000000000, 0.43750000000000000]
    [0.94447192602188290, 0.32859131649603751, 0.00000000000000000, 0.18750000000000000]
    [0.00000000000000000, 0.00000000000000000, 0.99999973616000726, 0.03125000000000000]
  #7 objects/planets/flora/grass/reed_grass_01/reed_grass_01_c.cgf
    [0.35550174024009562, 0.93389831842255189, -0.03810407801700309, -0.12500000000000000]
    [-0.93063401481538865, 0.35745729905553542, 0.07838422703736279, 0.62500000000000000]
    [0.08682350132646625, 0.00759522397193163, 0.99619449377014813, 0.09375000000000000]
  #8 objects/planets/flora/bush/retama_01/retama_01_g.cgf
    [0.56184340191626425, -0.82724375691253105, 0.00000000000000000, -0.18750000000000000]
    [0.82724375691253105, 0.56184340191626425, 0.00000000000000000, 0.87500000000000000]
    [0.00000000000000000, 0.00000000000000000, 1.00000012081379253, -0.03125000000000000]
  #9 objects/planets/flora/bush/retama_01/retama_01_d.cgf
    [0.24502517440717902, -0.96951700186023160, 0.00000000000000000, 0.06250000000000000]
    [0.96951700186023160, 0.24502517440717902, 0.00000000000000000, -1.06250000000000000]
    [0.00000000000000000, 0.00000000000000000, 1.00000027649462209, -0.03125000000000000]
