# IncludedObjects
# Cgfs: 13, Materials: 0, Palettes: 4, Placements: 17

[CGFs]
      0: objects/buildingsets/citysets/lorville/skyline/rooftop/lorv_skyl_rooftop_sml_container_02a.cgf
      1: objects/buildingsets/citysets/lorville/skyline/rooftop/lorvl_skyl_rooftop_med_addon_04_a.cgf
      2: objects/buildingsets/citysets/lorville/skyline/rooftop/lorv_skyl_rooftop_sml_container_03a.cgf
      3: objects/buildingsets/citysets/lorville/skyline/addon/lorv_skyl_addon_antenna_05_a.cgf
      4: objects/buildingsets/citysets/lorville/skyline/building/lorv_skyl_bldg_bloc_med_02a.cgf
      5: objects/buildingsets/citysets/lorville/skyline/rooftop/lorv_skyl_rooftop_sml_antenna_03_a.cgf
      6: objects/buildingsets/citysets/lorville/skyline/rooftop/lorv_skyl_rooftop_med_vent_02a.cgf
      7: objects/buildingsets/citysets/lorville/skyline/building/lorv_skyl_bldg_bloc_med_02a_addon_branding_01a.cgf
      8: objects/buildingsets/citysets/lorville/skyline/rooftop/lorv_skyl_rooftop_lge_addon_bldg_01a.cgf
      9: objects/buildingsets/citysets/lorville/skyline/rooftop/lorv_skyl_rooftop_med_antenna_02_a.cgf
     10: objects/buildingsets/citysets/lorville/skyline/rooftop/lorv_skyl_rooftop_med_vent_01a.cgf
     11: objects/buildingsets/citysets/lorville/skyline/rooftop/lorv_skyl_rooftop_med_addon_bldg_01a.cgf
     12: objects/buildingsets/citysets/lorville/skyline/rooftop/lorv_skyl_rooftop_med_chimney_02a.cgf

[Palettes]
      0: Libs/Foundry/Records/TintPalettes/Brand/Lorville/Lorville_Skyl_Root|Building
      1: Libs/Foundry/Records/TintPalettes/Brand/Lorville/Lorville_Skyl_Root
      2: Libs/Foundry/Records/TintPalettes/brand/lorville/Lorville_Skyl_Root|Building_Alt
      3: Libs/Foundry/Records/TintPalettes/Brand/Lorville/Lorville_Skyl_Red|Building

[Placements]
  #0 objects/buildingsets/citysets/lorville/skyline/rooftop/lorv_skyl_rooftop_sml_container_02a.cgf
    [1.00000000000000000, 0.00000000000000000, 0.00000000000000000, 166.06237300000066170]
    [0.00000000000000000, 1.00000000000000000, 0.00000000000000000, 46.56737299999986135]
    [0.00000000000000000, 0.00000000000000000, 1.00000000000000000, 391.33109200000762939]
  #1 objects/buildingsets/citysets/lorville/skyline/rooftop/lorvl_skyl_rooftop_med_addon_04_a.cgf
    [1.00000000000000000, 0.00000000000000000, 0.00000000000000000, -38.00000000000000000]
    [0.00000000000000000, 1.00000000000000000, 0.00000000000000000, -64.00000000000000000]
    [0.00000000000000000, 0.00000000000000000, 1.00000000000000000, 393.15564400004222989]
  #2 objects/buildingsets/citysets/lorville/skyline/rooftop/lorv_skyl_rooftop_sml_container_03a.cgf
    [1.00000000000000000, 0.00000000000000000, 0.00000000000000000, -123.32624899999973422]
    [0.00000000000000000, 1.00000000000000000, 0.00000000000000000, -95.31046599999990576]
    [0.00000000000000000, 0.00000000000000000, 1.00000000000000000, 391.33109200000762939]
  #3 objects/buildingsets/citysets/lorville/skyline/rooftop/lorv_skyl_rooftop_sml_container_03a.cgf
    [1.00000000000000000, 0.00000000000000000, 0.00000000000000000, 57.51585300000078860]
    [0.00000000000000000, 1.00000000000000000, 0.00000000000000000, 99.57823600000028819]
    [0.00000000000000000, 0.00000000000000000, 1.00000000000000000, 391.33109200000762939]
  #4 objects/buildingsets/citysets/lorville/skyline/addon/lorv_skyl_addon_antenna_05_a.cgf
    [1.00000000000000000, 0.00000000000000000, 0.00000000000000000, -30.15789799999947718]
    [0.00000000000000000, 1.00000000000000000, 0.00000000000000000, 41.68434400000023743]
    [0.00000000000000000, 0.00000000000000000, 1.00000000000000000, 390.90335699997376651]
  #5 objects/buildingsets/citysets/lorville/skyline/building/lorv_skyl_bldg_bloc_med_02a.cgf
    [-1.00000000000000000, 0.00000000000000000, 0.00000000000000000, 0.00000000000000000]
    [0.00000000000000000, -1.00000000000000000, 0.00000000000000000, 0.00000000000000000]
    [0.00000000000000000, 0.00000000000000000, 1.00000000000000000, 0.00000000000000000]
  #6 objects/buildingsets/citysets/lorville/skyline/rooftop/lorv_skyl_rooftop_sml_antenna_03_a.cgf
    [-1.00000000000000000, 0.00000000000000000, 0.00000000000000000, -84.00000000000000000]
    [0.00000000000000000, -1.00000000000000000, 0.00000000000000000, -112.29506200000014360]
    [0.00000000000000000, 0.00000000000000000, 1.00000000000000000, 377.93682900001294911]
  #7 objects/buildingsets/citysets/lorville/skyline/rooftop/lorv_skyl_rooftop_med_vent_02a.cgf
    [-0.00000064012100026, -1.00000042674731060, 0.00000000000000000, -59.85669500000039989]
    [1.00000042674731060, -0.00000064012100026, 0.00000000000000000, -86.17030900000008842]
    [0.00000000000000000, 0.00000000000000000, 1.00000042674751533, 403.99778099998366088]
  #8 objects/buildingsets/citysets/lorville/skyline/building/lorv_skyl_bldg_bloc_med_02a_addon_branding_01a.cgf
    [-1.00000000000000000, 0.00000000000000000, 0.00000000000000000, 0.00000000000000000]
    [0.00000000000000000, -1.00000000000000000, 0.00000000000000000, 0.00000000000000000]
    [0.00000000000000000, 0.00000000000000000, 1.00000000000000000, 0.00000000000000000]
  #9 objects/buildingsets/citysets/lorville/skyline/rooftop/lorv_skyl_rooftop_lge_addon_bldg_01a.cgf
    [-0.00000064012100026, 1.00000042674731060, 0.00000000000000000, 67.99239900000065973]
    [-1.00000042674731060, -0.00000064012100026, -0.00000000000000000, -11.70025299999997515]
    [-0.00000000000000000, 0.00000000000000000, 1.00000042674751533, 393.07816799997817725]
  #10 objects/buildingsets/citysets/lorville/skyline/rooftop/lorv_skyl_rooftop_med_antenna_02_a.cgf
    [1.00000000000000000, 0.00000000000000000, 0.00000000000000000, -20.00000000000000000]
    [0.00000000000000000, 1.00000000000000000, 0.00000000000000000, 29.00000000000000000]
    [0.00000000000000000, 0.00000000000000000, 1.00000000000000000, 391.44857500004582107]
  #11 objects/buildingsets/citysets/lorville/skyline/rooftop/lorv_skyl_rooftop_med_vent_01a.cgf
    [-0.00000049672109105, -0.77598032687491525, 0.00000000000000000, -19.83458099999916158]
    [0.77598032687491525, -0.00000049672109105, 0.00000000000000000, -32.22469699999965087]
    [0.00000000000000000, 0.00000000000000000, 0.77598032687507423, 414.00744099996518344]
  #12 objects/buildingsets/citysets/lorville/skyline/rooftop/lorv_skyl_rooftop_med_addon_bldg_01a.cgf
    [1.00000000000000000, 0.00000000000000000, 0.00000000000000000, 152.56912799999918207]
    [0.00000000000000000, 1.00000000000000000, 0.00000000000000000, 83.26255000000037398]
    [0.00000000000000000, 0.00000000000000000, 1.00000000000000000, 391.44857500004582107]
  #13 objects/buildingsets/citysets/lorville/skyline/rooftop/lorv_skyl_rooftop_med_vent_02a.cgf
    [-0.00000064012100026, 1.00000042674731060, 0.00000000000000000, -42.79124600000068313]
    [-1.00000042674731060, -0.00000064012100026, -0.00000000000000000, -5.22265400000014779]
    [-0.00000000000000000, 0.00000000000000000, 1.00000042674751533, 414.00744099996518344]
  #14 objects/buildingsets/citysets/lorville/skyline/rooftop/lorv_skyl_rooftop_med_vent_02a.cgf
    [-0.00000064012100026, 1.00000042674731060, 0.00000000000000000, -18.43820699999923818]
    [-1.00000042674731060, -0.00000064012100026, -0.00000000000000000, -87.27273200000036013]
    [-0.00000000000000000, 0.00000000000000000, 1.00000042674751533, 403.99778099998366088]
  #15 objects/buildingsets/citysets/lorville/skyline/rooftop/lorv_skyl_rooftop_sml_antenna_03_a.cgf
    [1.00000000000000000, 0.00000000000000000, 0.00000000000000000, 140.00000000000000000]
    [0.00000000000000000, 1.00000000000000000, 0.00000000000000000, 116.47087800000008428]
    [0.00000000000000000, 0.00000000000000000, 1.00000000000000000, 376.00000000000000000]
  #16 objects/buildingsets/citysets/lorville/skyline/rooftop/lorv_skyl_rooftop_med_chimney_02a.cgf
    [0.60000002384185791, 0.00000000000000000, 0.00000000000000000, 162.69227300000056857]
    [0.00000000000000000, 0.60000002384185791, 0.00000000000000000, 64.86368899999979476]
    [0.00000000000000000, 0.00000000000000000, 0.60000002384185791, 389.27004199998918921]
